face 82 275 101 300
face 74 269 93 298
face 17 292 37 319
face 10 284 23 299
face 5 265 9 274
face 48 273 52 280
face 55 283 60 289
face 139 248 170 284
face 113 250 119 258
face 180 213 220 258
face 127 252 148 281
face 260 177 277 201
face 278 165 295 190
face 313 171 360 227
face 388 170 396 190
face 436 171 444 190
face 464 183 471 196
face 482 181 490 194
face 504 167 514 180
face 473 178 479 187
face 515 223 529 237
face 516 245 539 270
face 554 147 564 158
face 524 175 531 183
face 568 148 578 163
face 572 93 627 158
face 661 151 668 158
face 643 156 649 163
face 684 158 689 165
face 691 153 696 162
face 698 153 702 160
face 705 153 712 163
face 744 151 753 160
face 753 141 758 149
face 762 140 769 150
face 769 136 773 142
face 752 270 776 295
face 786 132 791 138
face 843 195 886 239
face 790 131 794 138
face 799 128 807 138
face 835 133 841 140
face 826 146 834 156
face 842 127 846 134
face 849 125 854 133
face 879 113 884 121
face 893 107 900 118
face 907 109 915 123
face 928 99 933 109
face 937 92 951 108
face 968 88 976 99
face 960 97 966 103
face 993 71 1003 86
face 1014 67 1023 78
face 1000 81 1006 88
face 1010 133 1018 143
face 1001 140 1009 149
face 525 189 532 198
face 402 190 411 203
face 1009 98 1016 111
face 770 148 776 156
face 719 146 726 153
face 823 126 831 135
face 975 270 997 290
