face 0 283 5 292
face 14 288 22 296
face 39 288 48 297
face 60 280 64 288
face 68 287 76 296
face 86 274 93 282
face 90 289 99 300
face 127 280 138 294
face 16 338 51 372
face 26 301 38 316
face 33 307 53 327
face 60 313 76 330
face 107 304 122 320
face 123 325 144 349
face 135 304 145 318
face 137 320 152 340
face 158 306 170 321
face 171 351 192 372
face 178 290 188 302
face 196 295 209 309
face 209 299 222 313
face 203 319 214 335
face 212 316 233 341
face 257 356 293 372
face 246 309 267 336
face 289 302 302 315
face 340 356 375 372
face 361 324 374 340
face 303 285 309 294
face 271 279 280 293
face 343 305 354 317
face 357 296 367 306
face 369 303 377 314
face 355 306 368 319
face 370 326 380 338
face 408 292 417 302
face 412 334 431 360
face 423 310 434 326
face 438 305 448 319
face 463 301 477 318
face 466 342 489 369
face 488 304 498 317
face 488 326 506 351
face 502 297 512 308
face 516 314 528 333
face 529 301 538 312
face 577 309 589 324
face 580 328 599 349
face 542 354 567 372
face 555 294 562 303
face 619 342 638 368
face 659 317 673 342
face 633 311 642 322
face 670 312 684 332
face 700 308 710 321
face 687 302 693 308
face 723 354 762 372
face 764 340 781 364
face 784 329 799 345
face 762 326 771 337
face 804 350 825 372
face 845 325 862 349
face 796 293 801 299
face 843 300 848 306
face 861 307 867 313
face 889 323 896 332
face 899 323 904 331
face 895 313 902 322
face 920 310 929 321
face 956 315 964 326
face 938 337 966 367
face 976 346 994 365
face 977 321 988 332
face 980 310 991 318
face 748 303 754 311
face 999 305 1006 313
face 1011 311 1021 322
face 1011 323 1022 335
