face 38 97 51 113
face 175 110 198 139
face 151 109 168 128
face 253 99 268 119
face 289 143 311 172
face 292 105 311 129
face 417 120 437 141
face 463 140 489 175
face 493 101 505 119
face 349 108 363 126
face 379 100 391 114
face 517 115 534 138
face 562 89 577 110
face 597 135 620 161
face 920 143 952 193
face 844 129 871 160
face 789 94 805 116
face 720 104 749 142
face 167 80 179 95
face 70 97 85 116
face 213 77 224 91
face 932 92 967 143
face 0 84 13 109
face 532 98 541 118
face 152 92 163 107
face 95 96 112 114
face 41 121 60 141
