face 31 510 50 535
face 153 507 173 532
face 266 514 285 536
face 77 454 96 477
face 135 426 154 449
face 201 452 220 475
face 18 482 31 504
face 188 384 206 411
face 255 377 274 403
face 309 451 330 480
face 306 355 326 380
face 386 343 405 366
face 398 514 419 539
face 499 514 519 538
face 604 514 623 537
face 546 447 568 473
face 444 448 464 473
face 501 394 519 416
face 677 450 695 474
face 824 517 842 540
face 715 517 733 541
face 943 521 964 547
face 884 464 904 489
face 920 501 937 524
face 810 436 829 459
face 771 461 788 484
face 755 404 773 425
face 703 379 721 402
face 655 349 673 374
face 597 343 618 367
face 544 292 562 315
face 491 223 508 246
face 440 289 458 311
face 978 323 989 338
face 1015 323 1022 332
face 998 310 1008 319
face 938 333 949 344
face 983 295 990 305
face 907 330 916 341
face 903 372 912 383
face 888 374 897 388
face 863 372 874 384
face 873 369 881 381
face 839 375 850 387
face 1016 267 1023 276
face 1001 265 1009 274
face 987 273 998 283
face 995 258 1006 268
face 1003 238 1010 247
face 1011 233 1016 241
face 968 257 974 266
face 956 263 964 270
face 929 275 938 284
face 1006 344 1013 351
face 927 318 933 327
face 895 299 905 310
face 908 277 917 286
face 920 278 927 287
face 850 327 858 339
face 854 308 861 316
face 893 324 902 335
face 849 297 857 305
face 887 273 895 284
face 937 249 947 259
face 956 233 963 243
face 945 228 952 237
face 936 215 944 225
face 928 226 935 233
face 985 212 994 222
face 972 215 977 222
face 908 257 917 269
face 923 263 931 272
face 889 255 896 262
face 863 354 869 364
face 966 202 974 211
face 792 389 807 403
face 772 383 783 398
face 823 366 834 380
face 819 332 829 345
face 821 314 832 325
face 789 327 799 339
face 777 318 786 330
face 750 323 762 337
face 726 313 734 322
face 709 317 718 328
face 701 317 710 326
face 686 323 693 332
face 704 337 714 351
face 674 313 684 326
face 665 323 674 334
face 655 317 663 329
face 766 301 774 310
face 754 293 764 304
face 760 274 768 285
face 809 262 818 274
face 794 278 801 285
face 778 276 786 284
face 773 266 780 274
face 792 266 800 275
face 829 273 836 281
face 840 258 848 270
face 849 263 856 273
face 872 264 880 274
face 873 254 880 262
face 733 282 742 291
face 759 263 766 271
face 787 247 794 258
face 639 309 650 319
face 625 304 634 313
face 615 304 624 312
face 588 291 597 301
face 564 300 573 309
face 643 290 652 299
face 670 300 679 309
face 658 301 666 311
face 685 276 693 284
face 703 261 712 272
face 682 261 688 269
face 675 255 683 264
face 669 246 676 253
face 680 239 688 247
face 716 254 726 262
face 746 264 758 276
face 830 293 836 302
face 600 284 609 293
face 626 268 632 276
face 642 254 649 263
face 657 242 663 250
face 671 237 676 245
face 569 266 576 273
face 579 260 587 268
face 609 263 617 270
face 604 259 609 265
face 610 245 617 254
face 636 231 644 239
face 585 241 592 250
face 585 230 592 239
face 576 235 583 243
face 766 242 773 252
face 761 230 768 239
face 750 221 756 229
face 731 230 737 238
face 729 242 736 250
face 742 252 750 260
face 865 252 872 263
face 862 219 871 228
face 888 207 894 216
face 874 195 881 202
face 864 194 869 201
face 904 187 910 196
face 886 172 891 181
face 848 159 854 165
face 672 276 680 284
face 557 239 564 247
face 783 214 789 221
face 815 238 822 246
face 832 233 839 243
face 807 231 814 240
face 810 214 816 223
face 757 183 764 191
face 778 178 783 185
face 788 186 794 194
face 632 208 639 217
face 572 206 578 214
face 553 255 560 265
face 614 283 620 293
face 622 292 628 299
face 634 271 643 280
face 693 254 702 263
face 697 307 704 317
face 705 299 711 308
face 768 313 774 321
face 624 179 630 186
face 835 188 842 196
face 814 198 822 207
face 704 233 710 240
face 709 244 714 252
face 716 239 722 247
face 883 264 891 272
face 799 300 807 308
face 769 324 778 334
face 725 283 733 291
face 734 262 742 271
face 773 196 780 203
face 743 179 750 188
face 735 159 740 166
face 893 187 899 195
face 970 381 981 391
face 981 381 991 390
face 930 171 936 178
face 942 174 949 181
face 993 176 999 182
face 1006 178 1011 184
face 974 179 979 185
face 952 197 957 204
face 961 189 967 197
face 912 158 918 164
face 890 178 895 185
face 882 190 888 198
face 704 203 710 209
face 716 200 720 207
face 698 203 703 210
face 832 164 837 173
face 142 278 152 288
face 193 283 202 294
face 237 277 246 286
face 310 304 321 317
face 369 287 377 295
face 328 281 336 290
face 343 274 350 283
face 354 271 361 278
face 365 276 372 286
face 114 272 123 284
face 154 256 162 267
face 221 277 228 285
face 298 290 306 300
face 40 257 48 267
face 103 275 110 283
face 69 317 78 328
face 181 276 188 284
face 173 300 182 310
face 171 288 179 296
face 159 273 165 281
face 161 265 167 273
face 239 263 248 272
face 252 280 260 290
face 262 287 269 294
face 271 280 280 291
face 217 276 223 285
face 317 272 324 283
face 324 265 331 273
face 335 266 343 277
face 323 306 329 314
face 369 248 374 258
face 331 239 340 248
face 353 240 358 248
face 314 240 320 248
face 217 256 224 263
face 136 215 143 223
face 75 257 82 266
face 78 274 85 284
face 182 237 189 247
face 151 236 159 245
face 309 222 316 230
face 318 223 325 231
face 278 213 284 219
face 285 211 291 218
face 210 230 217 238
face 191 232 197 239
face 67 228 73 236
face 74 227 80 234
face 37 241 46 250
face 20 226 28 236
face 39 218 47 225
face 125 221 131 228
face 190 254 196 263
face 330 304 339 315
face 287 265 294 276
face 194 193 200 202
face 183 219 190 227
face 227 233 234 239
face 136 242 143 251
face 115 254 122 263
face 367 146 374 156
face 149 191 155 199
face 648 188 653 195
face 697 166 703 174
face 685 196 691 203
face 634 195 641 202
face 131 266 138 273
face 105 225 113 234
face 256 256 265 268
face 279 236 287 246
face 325 223 332 233
face 122 252 130 260
face 65 257 72 267
face 43 192 49 198
face 298 190 305 199
face 189 199 194 205
face 248 165 254 171
face 353 174 359 183
face 188 208 194 218
face 238 214 243 224
face 251 229 257 238
face 275 221 281 229
face 550 180 556 187
face 545 181 550 187
face 818 166 825 173
face 722 209 729 218
face 592 214 599 221
face 588 205 595 215
face 608 180 613 186
face 599 177 604 183
face 656 178 662 185
face 658 169 665 176
face 712 161 719 169
face 703 165 707 172
face 825 189 831 198
face 813 187 819 194
face 798 189 803 196
face 792 208 797 215
face 8 280 16 289
face 23 280 31 288
face 8 263 16 273
face 373 208 380 217
face 315 174 320 180
face 303 149 309 158
face 240 241 247 250
face 582 194 588 202
face 555 207 561 214
face 25 202 32 210
face 40 230 47 237
face 137 233 141 240
face 119 226 124 233
face 64 278 71 285
face 176 196 180 203
face 930 294 937 303
