face 74 417 82 426
face 54 394 58 400
face 96 423 105 433
face 102 395 110 405
face 112 408 119 419
face 125 404 133 415
face 133 417 142 425
face 151 407 158 416
face 165 421 173 432
face 166 401 174 412
face 258 407 263 416
face 290 394 296 402
face 288 429 295 438
face 321 407 329 417
face 310 399 319 409
face 306 419 312 427
face 337 402 347 415
face 407 455 423 469
face 472 373 484 388
face 495 378 507 395
face 244 367 255 385
face 407 394 410 398
face 407 403 412 408
face 526 411 532 420
face 604 534 621 557
face 647 404 656 415
face 684 395 693 409
face 705 437 713 448
face 723 385 735 400
face 753 378 766 393
face 776 386 788 400
face 764 514 786 538
face 893 556 911 574
face 924 527 943 548
face 975 425 984 436
face 947 409 953 417
