face 30 432 59 476
face 24 298 37 315
face 2 328 11 342
face 34 337 48 354
face 59 336 74 355
face 12 362 40 397
face 0 394 19 424
face 21 399 59 438
face 0 460 13 524
face 62 367 72 384
face 74 371 88 392
face 78 370 104 397
face 127 342 139 355
face 155 328 163 336
face 174 333 190 355
face 163 346 177 365
face 159 366 175 385
face 128 381 159 419
face 149 409 183 448
face 82 458 139 510
face 67 481 92 509
face 147 481 200 540
face 0 554 64 606
face 16 520 74 579
face 95 588 170 687
face 250 579 302 636
face 225 415 249 448
face 276 374 300 401
face 186 360 204 381
face 211 312 227 330
face 219 356 231 371
face 248 325 260 339
face 234 331 246 345
face 246 344 257 360
face 259 332 268 343
face 213 375 230 391
face 240 367 260 391
face 217 416 239 447
face 258 353 271 374
face 249 308 259 315
face 278 319 291 334
face 319 323 332 340
face 289 336 300 348
face 291 357 305 375
face 299 353 322 379
face 317 380 337 406
face 313 403 350 451
face 293 432 316 463
face 318 355 332 375
face 336 369 361 396
face 351 352 364 369
face 371 323 388 346
face 400 324 428 359
face 428 307 440 323
face 320 459 368 524
face 368 448 413 518
face 445 369 478 404
face 451 396 482 440
face 451 523 516 608
face 534 435 554 465
face 551 424 587 471
face 563 428 601 479
face 608 488 656 556
face 663 605 730 687
face 443 349 458 363
face 467 349 484 372
face 462 333 472 345
face 460 318 471 330
face 475 301 486 316
face 479 311 498 335
face 502 322 515 342
face 502 345 518 365
face 501 360 517 380
face 510 372 533 401
face 522 338 539 358
face 523 351 537 369
face 531 362 556 391
face 532 304 544 315
face 535 321 547 333
face 574 309 585 324
face 583 317 596 333
face 567 330 582 350
face 575 338 592 359
face 584 345 607 375
face 628 363 651 394
face 658 392 690 429
face 671 361 697 394
face 714 409 748 451
face 745 355 768 385
face 624 334 648 363
face 631 311 647 329
face 661 314 676 330
face 703 290 715 308
face 709 305 722 326
face 743 315 764 342
face 725 479 781 550
face 819 506 878 588
face 869 581 982 685
face 779 417 814 464
face 982 465 1024 536
face 977 422 1019 478
face 904 377 931 414
face 933 408 976 457
face 918 400 951 446
face 735 300 751 318
face 743 273 756 291
face 808 265 821 281
face 786 305 798 320
face 793 316 808 338
face 805 319 818 339
face 818 324 840 347
face 771 359 796 386
face 785 345 807 369
face 807 356 827 380
face 860 378 886 419
face 854 327 876 356
face 867 341 888 368
face 895 350 919 375
face 959 348 987 378
face 1000 364 1024 401
face 908 310 922 327
face 913 329 929 349
face 911 271 919 282
face 920 277 931 291
face 933 271 949 288
face 930 291 943 308
face 932 298 955 327
face 966 296 979 316
face 1011 320 1024 347
face 993 312 1013 335
face 977 295 993 314
face 984 284 999 299
face 873 271 881 280
face 855 283 863 292
face 1016 272 1024 285
face 991 277 1004 288
face 201 326 214 343
face 559 309 571 327
face 664 305 678 326
face 708 272 718 285
face 863 284 879 302
face 377 310 391 326
