face 213 233 234 265
face 278 228 305 261
face 351 235 377 269
face 405 221 427 254
face 473 231 497 263
face 463 304 488 336
face 389 305 414 341
face 309 312 334 346
face 224 312 249 347
face 442 371 470 414
face 372 376 398 419
face 280 383 307 423
face 808 236 833 273
face 783 313 809 347
face 712 385 740 427
face 729 235 754 269
face 671 316 697 350
face 630 376 658 414
face 527 382 553 420
face 602 319 625 354
face 536 300 561 335
face 662 233 688 269
face 598 237 622 271
face 534 219 557 254
