face 835 266 857 289
face 852 250 870 269
face 883 250 900 266
face 937 252 944 261
face 924 248 929 255
face 992 259 995 264
face 812 261 817 270
face 797 256 807 267
face 718 251 733 269
face 692 250 707 267
face 664 248 674 260
face 673 264 687 282
face 595 238 645 291
face 493 243 519 275
face 454 285 465 298
face 443 285 449 296
face 430 283 438 292
face 388 263 408 288
face 378 289 387 306
face 322 295 350 331
face 301 307 312 324
face 290 289 302 305
face 30 341 47 363
face 77 309 95 332
face 172 296 185 312
face 187 298 197 310
face 196 302 214 325
face 159 370 168 382
face 252 288 269 307
