face 742 174 795 243
face 610 198 650 254
face 418 279 460 329
face 337 269 366 313
face 281 254 304 293
face 240 259 264 291
face 204 249 226 282
face 71 255 90 279
face 60 232 74 251
face 54 238 67 257
face 453 220 483 255
face 385 222 406 253
face 352 224 373 252
face 313 218 330 244
face 218 186 233 207
face 673 161 708 200
face 590 168 615 203
face 518 174 543 205
face 798 130 841 182
face 856 103 893 143
face 575 163 592 186
face 430 192 449 216
face 399 201 415 223
face 174 186 184 203
face 198 178 213 197
face 155 202 164 217
face 326 145 339 161
face 248 181 255 191
face 262 180 271 193
face 303 167 311 179
face 311 167 323 182
face 353 154 360 164
face 405 141 417 155
face 474 116 488 136
face 639 56 655 75
face 706 54 723 75
face 784 36 803 56
face 583 92 596 110
face 812 41 828 57
face 871 39 893 59
face 497 191 514 213
face 193 193 205 209
face 740 37 754 57
