face 318 324 325 332
face 345 318 354 326
face 311 356 319 366
face 352 361 360 369
face 360 384 369 394
face 393 375 400 387
face 430 376 438 387
face 360 346 367 353
face 372 324 380 335
face 360 300 367 309
face 397 294 406 303
face 403 323 411 331
face 436 290 445 298
face 456 306 462 314
face 471 314 478 325
face 437 323 444 331
face 447 348 455 358
face 476 344 484 352
face 469 380 477 392
face 507 377 514 389
face 542 374 550 386
face 503 346 511 354
face 487 310 495 319
face 504 291 511 300
face 533 294 540 303
face 562 293 569 302
face 520 309 528 318
face 541 324 548 333
face 531 345 539 352
face 565 345 573 355
face 501 321 509 329
face 593 289 601 300
face 580 307 588 317
face 570 327 576 334
face 613 304 622 315
face 630 312 637 322
face 647 304 656 317
face 653 340 661 350
face 624 342 632 351
face 599 321 608 330
face 599 348 608 357
face 584 379 594 389
face 623 378 632 389
face 659 378 667 387
face 722 294 728 303
face 680 319 686 327
face 695 313 703 322
face 676 333 684 346
face 700 328 708 338
face 711 326 717 332
face 734 323 742 331
face 725 333 732 344
face 698 347 706 359
face 725 353 735 365
face 752 328 760 341
face 762 315 769 326
face 772 304 779 313
face 801 301 808 311
face 791 320 799 329
face 779 325 787 336
face 800 327 809 338
face 799 340 808 352
face 760 344 769 358
face 692 398 701 407
face 862 335 872 348
face 909 348 918 361
face 137 307 146 318
face 108 309 118 319
face 122 319 129 328
face 105 331 115 342
face 78 344 87 356
face 154 336 163 347
face 155 352 164 363
face 183 332 192 344
face 176 305 184 314
face 208 309 215 318
face 211 333 218 344
face 225 324 231 333
face 188 355 194 366
face 237 309 248 318
face 254 323 263 333
face 227 358 237 369
face 272 305 280 315
face 289 322 296 330
face 306 306 315 315
face 270 358 278 371
