face 6 628 17 641
face 280 210 316 244
face 297 648 311 666
face 377 619 387 633
face 403 626 413 638
face 462 613 482 639
face 500 636 511 651
face 532 614 553 640
face 188 579 195 586
face 609 631 620 644
face 641 637 653 652
face 675 639 709 678
face 713 622 724 639
face 784 621 798 638
face 819 616 856 664
face 905 652 947 681
face 981 639 1020 683
face 200 579 206 587
face 175 576 183 586
face 130 543 136 551
face 404 540 411 548
face 451 558 456 565
face 389 555 393 560
face 391 571 394 576
face 371 570 376 578
face 311 556 317 566
face 537 574 541 581
face 454 575 459 583
face 499 586 502 593
face 462 588 467 593
face 447 589 452 596
face 517 554 522 561
face 584 578 591 586
face 587 608 595 616
face 624 570 630 578
face 734 669 749 682
face 707 565 713 573
face 696 535 703 546
face 895 554 904 564
face 876 557 884 568
face 855 552 863 561
face 843 565 850 572
face 818 557 825 564
face 799 557 804 564
face 790 560 795 568
face 45 570 53 582
face 7 572 14 580
face 102 629 110 639
face 19 627 25 635
face 696 567 702 575
face 648 571 655 578
face 667 572 674 579
