face 539 162 602 238
face 799 164 842 215
face 486 232 503 254
face 239 232 262 264
face 193 238 214 263
face 162 246 177 269
face 139 248 153 264
face 315 231 349 270
face 421 247 442 270
face 294 242 308 258
face 119 244 131 258
face 101 252 109 262
face 219 250 229 264
face 356 238 371 259
face 409 240 422 256
face 860 233 879 257
face 976 184 1014 229
face 744 238 768 268
face 704 245 721 266
face 692 246 706 263
face 669 241 676 250
face 679 240 687 250
face 648 241 655 251
face 584 239 611 269
face 618 253 629 265
face 510 244 524 260
face 459 249 467 257
face 477 251 482 257
face 391 256 396 261
