face 92 641 116 671
face 118 617 138 642
face 135 662 157 683
face 176 649 198 679
face 215 659 234 683
face 208 605 227 632
face 162 557 183 583
face 97 563 117 591
face 115 598 135 615
face 48 591 70 620
face 3 611 27 639
face 15 569 31 601
face 52 562 69 579
face 231 551 249 571
face 222 519 239 538
face 160 512 178 537
face 84 510 106 534
face 169 486 186 513
face 224 484 242 506
face 128 478 145 495
face 181 445 198 468
face 194 426 210 443
face 268 414 283 435
face 298 423 312 442
face 294 456 313 480
face 301 479 317 499
face 307 500 326 521
face 102 466 119 482
face 62 501 81 519
face 21 511 36 528
face 56 451 74 471
face 84 444 97 457
face 154 414 171 434
face 52 382 67 398
face 251 404 264 426
face 288 404 299 418
face 236 354 252 375
face 134 389 146 407
face 47 347 60 362
face 115 330 129 348
face 104 319 118 333
face 65 312 78 326
face 107 251 119 268
face 92 244 105 259
face 75 270 88 284
face 54 264 66 278
face 58 248 69 260
face 74 230 84 242
face 144 230 156 244
face 161 229 172 241
face 185 232 197 245
face 207 231 218 245
face 228 226 241 239
face 109 220 122 237
face 167 210 175 223
face 196 216 207 230
face 213 221 224 229
face 272 215 279 226
face 271 196 283 209
face 218 196 228 210
face 199 190 209 203
face 228 190 238 203
face 163 176 176 194
face 137 195 150 209
face 119 203 128 216
face 97 196 108 211
face 111 190 123 205
face 132 181 142 194
face 73 191 82 204
face 62 197 72 210
face 105 177 114 183
face 82 177 88 188
face 130 155 140 168
face 162 154 171 167
face 181 163 191 176
face 207 177 215 184
face 225 177 233 185
face 242 156 251 167
face 267 183 275 191
face 200 139 209 150
face 190 131 199 144
face 204 134 213 147
face 176 137 185 149
face 173 136 178 147
face 476 98 484 107
face 455 103 462 112
face 461 117 471 127
face 472 135 480 143
face 474 144 482 152
face 473 160 482 173
face 497 158 506 170
face 517 166 527 179
face 530 158 538 171
face 512 144 521 156
face 523 146 530 154
face 492 142 502 156
face 500 137 506 148
face 549 157 558 164
face 594 155 603 168
face 612 141 622 150
face 645 134 653 142
face 638 144 647 155
face 672 157 681 167
face 690 152 699 164
face 704 145 711 153
face 737 139 746 149
face 669 146 676 156
face 704 164 714 176
face 594 170 602 182
face 522 56 526 60
face 767 82 771 91
face 759 119 768 128
face 780 106 787 117
face 876 106 884 115
face 760 105 767 114
face 770 152 779 162
face 786 143 795 153
face 821 162 829 173
face 817 144 823 151
face 828 150 834 157
face 854 148 862 160
face 884 132 893 142
face 894 131 902 141
face 867 137 873 147
face 915 171 926 186
face 934 161 944 172
face 954 204 967 213
face 1001 204 1012 216
face 1010 184 1021 198
face 966 202 974 211
face 951 144 959 150
face 660 141 668 151
face 690 179 698 191
face 712 182 722 193
face 660 185 663 195
face 682 191 691 202
face 648 184 655 194
face 637 194 646 206
face 644 189 649 198
face 625 176 633 189
face 616 165 623 173
face 613 154 618 163
face 602 195 611 203
face 606 189 614 198
face 610 212 622 224
face 582 185 591 195
face 572 180 580 190
face 592 208 602 219
face 624 228 634 237
face 714 214 723 227
face 681 220 690 227
face 684 230 694 242
face 713 234 725 246
face 692 244 704 254
face 679 249 690 266
face 657 233 667 242
face 536 195 545 209
face 527 194 535 203
face 540 184 549 190
face 587 233 595 245
face 596 230 603 238
face 603 242 613 257
face 632 246 641 259
face 662 264 672 276
face 690 271 703 290
face 700 267 709 280
face 709 272 719 282
face 437 97 446 108
face 444 117 451 126
face 398 115 407 126
face 416 123 423 130
face 422 121 430 131
face 436 128 445 140
face 378 117 386 125
face 395 107 402 116
face 364 106 369 114
face 357 114 363 121
face 367 123 377 134
face 348 126 355 138
face 345 117 354 125
face 335 129 345 139
face 318 129 328 139
face 300 124 308 133
face 311 125 318 134
face 293 135 301 146
face 312 148 320 158
face 295 159 305 169
face 294 175 305 188
face 306 169 317 183
face 325 166 332 177
face 329 159 336 166
face 346 173 353 180
face 330 145 337 152
face 380 149 388 159
face 365 170 372 179
face 396 127 403 138
face 414 148 422 155
face 406 162 417 174
face 421 144 431 153
face 462 160 467 169
face 427 170 435 181
face 457 181 467 195
face 466 190 476 204
face 490 189 500 200
face 502 188 509 202
face 507 189 513 201
face 408 192 417 205
face 384 195 394 208
face 149 147 159 159
face 183 73 190 82
face 199 77 207 85
face 171 84 177 96
face 145 96 154 107
face 128 83 137 94
face 89 91 98 99
face 95 80 102 88
face 95 68 101 78
face 140 67 149 77
face 151 58 158 68
face 143 52 150 60
face 199 47 205 57
face 177 38 185 46
face 210 43 216 51
face 227 46 233 54
face 239 53 246 64
face 192 33 198 43
face 178 50 184 56
face 163 42 169 49
face 153 40 159 49
face 127 37 132 47
face 154 27 161 37
face 167 31 173 39
face 183 28 189 36
face 199 32 204 37
face 234 28 241 37
face 214 29 220 36
face 261 55 267 64
face 245 70 250 77
face 242 81 248 87
face 271 81 275 87
face 275 91 284 101
face 275 61 281 70
face 252 35 258 42
face 261 40 267 48
face 282 28 288 37
face 285 46 291 53
face 292 62 300 73
face 311 60 318 68
face 252 22 259 30
face 214 18 220 26
face 207 18 213 28
face 182 10 188 20
face 190 7 196 14
face 197 2 203 10
face 165 11 171 17
face 170 21 175 27
face 171 2 176 10
face 218 6 223 14
face 240 10 247 20
face 246 5 251 11
face 267 15 274 23
face 292 23 298 29
face 299 3 305 11
face 305 7 311 16
face 315 19 321 25
face 316 34 323 43
face 269 33 274 39
face 315 0 321 5
face 324 1 331 6
face 319 5 323 12
face 353 2 359 8
face 362 8 367 16
face 377 6 382 12
face 394 7 399 13
face 414 4 419 12
face 419 0 425 6
face 440 14 444 20
face 429 19 432 23
face 428 25 433 33
face 441 23 447 31
face 404 17 411 27
face 393 17 400 26
face 375 19 381 26
face 383 14 387 19
face 385 24 391 32
face 354 26 360 34
face 329 22 335 30
face 304 21 308 26
face 330 35 335 43
face 340 35 346 43
face 325 51 331 59
face 319 62 327 72
face 318 55 323 60
face 347 54 354 63
face 367 41 374 50
face 387 50 395 58
face 396 48 402 57
face 380 45 385 52
face 400 40 406 46
face 405 32 411 42
face 423 29 428 37
face 434 31 439 38
face 133 131 142 144
face 119 143 131 155
face 100 129 109 140
face 96 153 104 167
face 98 118 107 127
face 111 107 123 119
face 136 114 144 125
face 147 131 155 142
face 161 128 170 138
face 160 115 169 126
face 150 115 158 126
face 118 95 126 103
face 81 127 90 144
face 185 101 194 110
face 219 114 229 127
face 202 114 207 124
face 226 106 233 119
face 217 110 223 120
face 241 120 249 131
face 247 115 254 123
face 268 113 273 120
face 268 132 276 140
face 237 140 244 151
face 283 155 291 164
face 273 171 281 182
face 283 183 293 198
face 290 207 296 213
face 204 91 213 102
face 232 88 241 98
face 264 88 271 97
face 221 66 227 73
face 581 254 591 268
face 566 301 578 313
face 580 290 592 299
face 482 310 495 328
face 466 298 480 314
face 435 294 448 310
face 428 318 442 330
face 448 323 460 340
face 560 320 572 336
face 578 331 592 343
face 580 348 592 362
face 550 349 563 366
face 616 267 626 278
face 654 278 665 286
face 659 292 670 303
face 700 283 710 296
face 708 304 722 320
face 734 310 747 325
face 695 302 706 315
face 660 306 671 323
face 640 313 650 324
face 622 280 634 296
face 592 301 604 314
face 600 309 612 325
face 629 328 641 344
face 645 330 659 348
face 687 328 702 343
face 706 338 719 355
face 738 328 750 344
face 595 331 607 346
face 609 361 624 374
face 950 478 967 497
face 995 526 1015 549
face 909 470 922 488
face 885 483 903 503
face 839 477 858 499
face 918 544 940 569
face 326 360 340 375
face 382 352 395 368
face 322 339 332 349
face 448 372 463 390
face 500 388 513 402
face 385 383 400 402
face 379 382 390 398
face 339 375 352 389
face 381 408 398 426
face 407 414 421 434
face 370 418 382 434
face 358 456 375 478
face 363 440 375 455
face 425 451 440 470
face 464 412 480 428
face 502 434 519 456
face 535 463 554 488
face 537 449 547 459
face 520 432 534 442
face 456 466 470 488
face 441 474 456 497
face 421 490 441 512
face 396 502 414 524
face 367 495 383 518
face 587 447 601 467
face 563 461 579 478
face 653 457 670 481
face 723 446 733 463
face 724 479 741 496
face 695 480 713 507
face 726 502 746 523
face 630 493 647 516
face 597 508 616 529
face 576 495 592 514
face 563 531 580 557
face 541 539 559 562
face 503 498 519 518
face 470 503 488 523
face 299 535 315 550
face 359 534 376 557
face 401 525 418 547
face 319 547 336 571
face 401 573 421 600
face 389 595 410 619
face 328 613 350 639
face 358 628 379 654
face 302 603 321 629
face 321 598 341 626
face 243 614 263 631
face 271 569 290 589
face 258 638 277 659
face 285 659 305 683
face 429 663 449 683
face 437 617 457 638
face 504 636 521 652
face 547 631 565 653
face 435 44 442 54
face 408 58 416 68
face 437 63 442 70
face 425 66 431 74
face 428 79 437 90
face 403 72 410 82
face 367 55 374 67
face 360 61 366 67
face 382 75 390 84
face 406 98 414 109
face 392 94 400 104
face 383 88 390 98
face 378 103 385 112
face 370 96 378 106
face 354 93 360 100
face 348 68 354 75
face 315 82 321 90
face 289 81 295 89
face 312 93 320 102
face 324 97 331 102
face 336 84 345 98
face 332 102 340 112
face 346 104 354 113
face 291 108 301 120
face 287 115 295 126
face 447 6 453 13
face 500 53 506 61
face 448 55 455 62
face 458 33 463 39
face 500 77 508 87
face 491 63 497 72
face 461 79 468 86
face 467 69 473 76
face 455 94 463 101
face 479 88 486 96
face 513 83 520 93
face 554 81 563 91
face 602 83 610 94
face 571 23 575 29
face 469 49 476 56
face 639 56 647 63
face 689 51 696 59
face 660 54 668 63
face 653 67 659 76
face 627 65 633 73
face 646 38 654 48
face 632 45 639 52
face 668 33 673 41
face 642 15 648 24
face 647 106 656 118
face 708 64 714 73
face 714 51 722 61
face 721 71 729 80
face 623 11 629 16
face 656 14 661 21
face 734 58 740 65
face 725 50 731 58
face 508 11 514 18
face 645 30 649 35
face 680 30 684 36
face 674 67 679 73
face 375 180 385 192
face 320 193 330 206
face 328 185 336 198
face 366 143 374 153
face 451 194 460 206
face 446 189 454 197
face 457 202 468 210
face 461 214 472 227
face 436 224 447 236
face 392 217 403 230
face 351 207 356 219
face 299 200 309 213
face 324 219 329 228
face 498 219 509 233
face 503 207 512 218
face 528 205 539 219
face 544 216 553 230
face 511 224 520 232
face 510 238 522 253
face 524 254 534 264
face 493 247 502 256
face 455 249 465 260
face 441 251 450 264
face 470 266 482 280
face 505 268 515 278
face 485 267 497 284
face 446 267 459 284
face 462 275 474 291
face 506 282 519 297
face 519 285 530 298
face 566 268 578 281
face 684 62 691 69
face 678 51 684 56
face 708 82 715 92
face 741 75 750 85
face 750 94 759 107
face 703 109 711 119
face 699 122 706 134
face 665 21 670 29
face 481 0 485 6
face 651 86 656 94
face 587 96 595 106
face 547 112 554 123
face 581 112 588 123
face 572 118 577 122
face 544 104 548 113
face 618 126 626 136
face 610 120 619 130
face 595 134 602 144
face 583 138 592 151
face 564 137 570 146
face 567 126 573 134
face 551 134 558 141
face 540 138 549 146
face 524 114 532 125
face 514 111 521 118
face 513 127 521 137
face 500 123 507 133
face 487 129 494 137
face 475 117 482 127
face 472 103 479 113
face 572 257 583 271
face 627 371 642 389
face 560 372 575 390
face 538 377 552 395
face 595 376 607 393
face 550 424 565 440
face 773 360 787 373
face 820 346 831 357
face 885 327 896 338
face 878 396 890 411
face 821 369 836 386
face 788 377 804 394
face 808 398 821 415
face 763 388 774 399
face 784 405 801 424
face 745 390 757 409
face 717 357 730 376
face 721 386 735 402
face 684 390 699 405
face 652 344 665 361
face 631 419 642 439
face 683 418 696 437
face 732 415 747 436
face 767 442 784 464
face 849 424 864 439
face 882 443 900 467
face 979 337 992 353
face 1018 324 1024 345
face 950 305 960 319
face 1009 305 1017 318
face 800 320 807 331
face 886 631 907 656
face 876 646 896 677
face 931 576 951 604
face 958 629 980 658
face 978 604 999 627
face 996 593 1013 619
face 951 664 974 684
face 999 569 1016 583
face 58 351 71 361
face 932 446 949 468
face 534 609 552 635
face 476 561 492 583
face 491 545 509 568
face 511 563 529 588
face 550 577 567 600
face 570 595 590 616
face 584 625 601 649
face 601 659 621 683
face 606 553 626 577
face 645 583 664 604
face 716 538 736 567
face 729 535 742 559
face 744 574 765 599
face 795 542 814 562
face 820 527 833 547
face 809 534 819 553
face 821 571 842 601
face 806 570 823 593
face 764 573 777 594
face 839 612 860 640
face 757 613 776 640
face 758 648 781 672
face 689 660 711 683
face 694 639 712 654
face 760 508 776 526
face 779 502 795 519
face 868 542 887 564
face 879 532 898 559
face 897 524 908 540
face 880 575 900 603
face 603 404 614 417
face 313 673 334 684
face 660 84 667 94
face 498 109 505 116
face 0 659 19 685
