face 330 403 398 489
face 190 350 245 419
face 92 513 153 589
face 104 390 136 428
face 63 317 93 355
face 100 281 131 321
face 46 289 70 317
face 350 333 384 371
face 308 329 331 358
face 283 294 307 324
face 208 301 233 332
face 189 266 213 296
face 254 271 275 301
face 314 268 333 291
face 327 291 345 313
face 239 290 253 310
face 352 275 374 300
face 383 313 408 346
face 423 239 445 268
face 385 249 403 273
face 357 253 368 266
face 34 268 51 294
face 416 257 428 272
face 485 239 499 254
face 462 238 475 253
face 508 245 526 261
face 531 244 539 251
face 542 239 566 273
face 567 262 595 301
face 496 266 524 308
face 479 262 502 298
face 545 308 576 337
face 615 238 629 259
face 626 246 655 285
face 662 264 695 309
face 703 241 714 257
face 748 230 761 245
face 740 252 759 278
face 757 261 780 296
face 728 300 765 347
face 780 258 815 308
face 817 246 842 277
face 796 278 844 329
face 642 527 715 629
face 853 499 938 630
face 848 244 885 298
face 922 265 948 295
face 984 234 995 256
face 975 250 982 260
face 990 231 1005 260
face 996 272 1016 308
face 777 349 839 433
face 671 418 711 469
face 724 381 762 429
face 552 505 607 560
face 495 351 513 398
face 424 363 454 396
face 23 414 78 472
face 0 353 22 409
face 162 268 179 292
