face 68 481 74 488
face 115 490 121 496
face 123 486 128 491
face 162 489 169 497
face 172 493 178 501
face 181 486 186 492
face 187 490 195 501
face 193 486 200 494
face 210 484 217 494
face 238 489 244 497
face 249 494 258 505
face 260 491 267 503
face 250 486 258 494
face 269 497 274 503
face 276 496 281 505
face 283 499 291 510
face 312 494 319 503
face 319 488 328 502
face 344 482 351 491
face 366 496 377 513
face 353 495 359 503
face 377 495 386 509
face 420 499 428 509
face 426 483 431 490
face 446 497 453 506
face 455 495 464 510
face 463 505 468 513
face 468 506 472 514
face 480 503 490 513
face 494 503 505 518
face 507 503 516 514
face 519 499 531 517
face 536 497 546 509
face 566 508 580 524
face 581 504 591 518
face 643 499 652 510
face 612 506 623 518
face 669 502 685 521
face 688 500 697 509
face 699 514 712 533
face 761 498 770 512
face 793 511 819 545
face 810 497 821 512
face 856 514 873 534
face 952 512 966 528
face 341 497 349 508
face 376 486 383 494
