face 91 468 107 483
face 209 207 217 216
face 166 231 177 241
face 172 251 180 262
face 123 285 134 299
face 116 323 127 336
face 282 205 291 215
face 329 214 338 224
face 365 206 374 220
face 401 175 411 186
face 328 248 339 267
face 268 278 282 298
face 282 318 293 334
face 322 284 334 300
face 364 285 376 299
face 343 313 356 326
face 428 199 438 210
face 55 368 65 382
face 149 408 164 425
face 178 372 190 386
face 208 410 221 428
face 169 464 186 479
face 226 465 241 479
face 282 475 298 489
face 262 409 275 421
face 233 371 246 384
face 297 363 311 378
face 314 410 329 426
face 347 365 360 379
face 370 410 386 425
face 397 371 411 386
face 395 469 410 487
face 420 413 435 429
face 450 476 466 492
face 474 411 489 426
face 505 468 519 483
face 533 416 546 432
face 562 464 578 482
face 589 425 602 442
face 338 477 353 493
face 432 267 442 279
face 409 292 419 303
face 414 319 427 334
face 450 293 462 308
face 470 332 482 346
face 445 361 459 378
face 496 369 511 384
face 529 326 540 339
face 555 356 570 369
face 500 291 512 304
face 533 258 543 269
face 558 286 571 300
face 591 326 603 340
face 445 176 455 186
face 486 156 496 168
face 522 175 533 188
face 470 193 480 207
face 510 201 520 212
face 553 203 563 216
face 567 176 577 187
face 590 201 600 214
face 624 205 634 218
face 627 260 640 277
face 607 289 620 303
face 640 324 654 339
face 666 288 678 303
face 707 324 721 341
face 711 283 724 297
face 666 208 676 219
face 707 220 715 230
face 613 370 627 384
face 683 361 696 375
face 639 426 654 441
face 620 469 636 484
face 679 465 694 485
face 689 416 703 430
face 734 465 750 481
face 746 416 763 436
face 786 467 803 483
face 802 407 816 424
face 744 360 756 371
face 805 365 818 376
face 763 197 771 207
face 797 223 806 233
face 845 283 857 294
face 859 319 870 330
face 920 363 932 376
face 943 414 955 430
face 854 408 869 423
face 884 466 899 479
face 835 470 852 485
face 791 248 803 265
