face 492 776 538 831
face 682 758 732 817
face 953 771 1018 832
face 848 787 906 850
face 930 736 955 768
face 960 701 984 733
face 898 730 922 759
face 994 700 1011 732
face 851 652 873 683
face 872 624 893 656
face 927 616 950 647
face 790 702 814 732
face 767 743 791 776
face 569 755 593 785
face 609 689 632 718
face 638 673 662 702
face 759 651 783 679
face 807 634 829 665
face 557 632 580 662
face 695 644 717 671
face 993 524 1013 552
face 970 478 991 507
face 832 526 853 558
face 1007 452 1023 482
face 906 437 928 466
face 861 470 882 499
face 775 497 797 528
face 670 508 692 539
face 719 453 740 482
face 742 427 763 453
face 836 445 856 470
face 655 477 683 507
face 662 439 686 470
face 965 392 988 421
face 884 409 907 432
face 634 387 657 413
face 681 365 702 393
face 993 369 1014 397
face 873 383 893 407
face 767 354 787 381
face 737 335 756 360
face 613 365 637 394
face 565 333 583 359
face 680 310 696 335
face 810 309 831 336
face 872 323 886 346
face 889 352 903 377
face 934 328 948 353
face 976 353 992 375
face 991 345 1010 370
face 825 355 843 382
face 625 335 646 359
face 646 271 663 296
face 566 276 586 298
face 606 267 623 294
face 687 269 706 294
face 720 295 740 323
face 854 292 874 317
face 793 277 811 305
face 830 240 851 269
face 894 238 913 263
face 981 270 1000 294
face 1011 235 1024 259
face 522 431 542 461
face 520 349 538 377
face 487 326 508 355
face 897 199 914 221
face 961 199 980 220
face 905 159 925 184
face 958 234 975 254
face 971 160 990 186
face 993 105 1014 133
face 952 24 970 48
face 908 63 925 89
face 872 108 888 132
face 838 197 857 223
face 823 166 841 192
face 777 200 795 227
face 710 229 731 253
face 749 166 769 192
face 781 126 801 147
face 739 135 761 161
face 663 153 681 177
face 637 238 658 262
face 599 159 618 186
face 615 131 634 158
face 757 105 776 131
face 807 122 826 147
face 675 134 696 160
face 695 85 716 111
face 630 94 648 117
face 666 47 681 71
face 834 47 854 72
face 702 21 720 47
face 721 44 739 71
face 787 20 806 46
face 848 15 864 37
face 879 5 897 28
face 909 0 925 12
face 212 884 234 915
face 80 892 106 924
face 175 830 198 860
face 133 796 154 822
face 252 811 275 836
face 66 835 91 865
face 44 894 67 923
face 38 779 61 816
face 61 747 81 776
face 140 875 163 906
face 408 798 431 829
face 330 836 350 868
face 383 645 404 670
face 310 644 333 671
face 230 635 254 667
face 35 689 60 719
face 169 715 193 740
face 176 600 201 630
face 73 647 91 675
face 84 618 104 642
face 55 581 76 608
face 257 572 274 599
face 275 548 295 573
face 123 594 139 619
face 187 578 204 604
face 107 536 127 563
face 169 538 187 563
face 148 667 167 699
face 463 478 491 513
face 411 455 433 484
face 364 541 385 569
face 358 514 381 541
face 250 485 268 512
face 169 469 191 498
face 110 510 129 533
face 30 503 49 531
face 68 446 90 475
face 13 455 35 478
face 123 452 143 473
face 190 427 213 458
face 258 438 279 468
face 331 471 354 502
face 328 426 347 453
face 405 426 431 451
face 300 397 321 426
face 411 389 429 413
face 227 392 249 419
face 148 416 170 445
face 282 366 303 395
face 346 392 363 415
face 353 407 368 432
face 413 350 437 377
face 296 334 317 362
face 221 337 243 364
face 144 346 164 372
face 12 293 35 318
face 270 280 290 306
face 421 284 440 309
face 338 250 359 275
face 500 286 518 312
face 358 329 376 360
face 527 177 549 202
face 493 154 513 179
face 463 183 482 208
face 411 166 429 188
face 333 157 352 182
face 295 229 312 253
face 546 129 565 155
face 530 263 552 290
face 481 111 498 133
face 463 103 480 127
face 405 86 423 113
face 562 107 582 131
face 601 55 618 80
face 622 5 640 26
face 542 36 563 62
face 504 35 523 60
face 463 38 479 61
face 425 25 444 49
face 254 71 274 97
face 193 119 211 146
face 213 97 232 123
face 192 91 212 118
face 206 54 223 77
face 320 3 339 28
face 511 78 530 103
face 574 225 594 252
face 458 249 475 268
face 533 0 555 19
face 150 172 169 199
face 84 190 105 219
face 1 246 21 268
face 8 180 24 206
face 110 126 128 150
face 110 58 126 80
face 48 74 67 99
face 56 8 73 31
face 141 43 161 66
face 192 1 210 23
face 226 294 243 314
face 494 411 517 438
face 348 709 370 735
face 784 411 802 435
face 929 385 943 406
face 929 263 944 284
face 319 84 336 104
face 193 39 214 61
face 97 178 116 202
face 250 754 271 778
face 568 460 591 486
face 0 734 11 759
face 20 155 43 182
