face 696 299 712 320
face 685 284 699 304
face 660 282 675 299
face 649 277 660 293
face 658 257 668 270
face 630 262 640 275
face 750 236 764 254
face 730 275 744 291
face 775 232 787 248
face 763 224 773 235
face 811 247 827 267
face 821 358 848 393
face 846 301 862 322
face 877 289 890 304
face 867 357 888 390
face 584 251 592 263
face 520 239 528 248
face 552 231 562 241
face 893 323 911 343
face 888 305 910 330
face 978 351 999 379
face 1011 248 1024 268
face 1005 228 1016 239
face 961 248 974 263
face 962 223 972 236
face 918 228 927 239
face 899 230 911 242
face 879 250 888 259
face 765 164 783 187
face 454 242 464 253
face 301 231 309 244
face 328 272 341 286
face 309 283 322 300
face 348 262 356 274
face 352 259 361 273
face 381 251 390 261
face 734 318 745 342
face 707 313 723 337
face 241 236 253 252
face 282 289 294 305
face 216 273 228 286
face 254 304 269 321
face 205 356 217 383
face 127 364 162 402
face 78 406 111 449
face 55 251 83 286
face 193 242 210 261
face 380 226 386 234
face 623 219 631 228
face 644 251 653 260
face 903 411 945 455
face 151 296 165 316
face 401 248 408 257
face 355 220 360 227
