face 84 225 93 236
face 100 227 108 237
face 117 227 126 239
face 139 225 146 234
face 155 225 163 236
face 175 223 184 235
face 193 222 202 233
face 78 243 88 255
face 101 244 110 255
face 117 245 126 257
face 135 246 145 256
face 155 243 165 256
face 173 252 182 264
face 185 250 194 260
face 86 284 98 298
face 103 283 113 294
face 121 280 131 291
face 134 275 144 289
face 152 280 162 294
face 174 276 183 287
face 190 274 200 288
face 61 271 70 283
face 51 299 59 312
face 75 303 86 317
face 101 304 111 316
face 130 303 140 315
face 41 329 51 341
face 54 330 65 343
face 69 329 81 343
face 93 328 105 344
face 122 331 132 341
face 27 367 38 378
face 46 364 56 375
face 66 366 75 376
face 95 363 105 375
face 30 391 39 404
face 43 400 54 415
face 80 392 92 406
face 56 423 68 437
face 86 426 98 441
face 78 456 89 467
face 121 453 132 465
face 147 463 159 474
face 111 421 124 435
face 122 399 132 410
face 108 397 117 408
face 147 392 156 405
face 157 396 169 409
face 140 423 151 435
face 169 425 181 436
face 210 226 219 236
face 231 222 240 234
face 249 221 258 233
face 266 219 276 232
face 282 222 292 232
face 201 248 209 258
face 220 246 230 259
face 239 247 248 259
face 249 250 258 261
face 211 276 221 285
face 231 271 240 283
face 248 270 259 282
face 276 250 285 262
face 293 252 301 263
face 271 272 282 286
face 292 271 303 286
face 155 303 163 314
face 171 303 180 314
face 201 303 210 314
face 218 300 227 313
face 235 300 244 312
face 152 330 161 342
face 181 331 190 343
face 210 328 220 340
face 242 325 253 340
face 112 357 122 371
face 142 361 152 373
face 166 358 175 371
face 183 363 191 371
face 203 356 214 371
face 188 390 197 402
face 198 396 209 411
face 194 423 204 433
face 222 422 233 436
face 253 301 263 312
face 273 297 282 310
face 291 298 299 310
face 306 299 315 309
face 324 294 334 307
face 269 324 280 338
face 295 326 305 338
face 335 323 346 337
face 222 358 232 371
face 239 358 249 370
face 254 356 264 369
face 267 357 278 369
face 281 358 291 370
face 304 357 317 367
face 328 353 340 368
face 226 387 238 400
face 240 396 251 409
face 259 387 268 397
face 277 395 289 410
face 249 421 260 433
face 278 420 292 436
face 313 399 323 413
face 303 389 312 402
face 338 386 348 397
face 309 423 319 436
face 337 428 347 440
face 347 393 359 408
face 368 389 380 400
face 387 393 399 407
face 395 419 407 433
face 364 425 375 437
face 337 456 347 467
face 364 450 377 465
face 406 449 418 465
face 424 417 435 432
face 412 387 421 399
face 426 389 438 405
face 450 384 460 397
face 470 392 482 406
face 451 424 461 436
face 477 423 486 438
face 442 452 453 464
face 477 457 487 470
face 187 461 197 473
face 226 460 237 472
face 259 456 268 467
face 293 449 302 463
face 301 225 311 236
face 316 223 325 233
face 336 223 345 233
face 360 221 370 234
face 377 221 386 233
face 395 222 402 232
face 308 250 318 261
face 331 248 341 259
face 356 247 366 258
face 383 247 394 258
face 308 272 319 286
face 324 272 335 284
face 345 271 356 283
face 370 273 379 286
face 390 272 399 285
face 347 294 357 308
face 362 293 373 308
face 384 295 393 307
face 355 326 366 339
face 378 324 387 336
face 395 324 405 335
face 413 325 423 336
face 433 324 442 337
face 453 321 462 334
face 351 354 361 367
face 372 354 382 368
face 392 354 401 365
face 407 349 418 364
face 428 360 438 373
face 448 361 458 372
face 467 356 478 368
face 412 219 421 230
face 429 218 436 229
face 448 219 457 230
face 466 218 475 230
face 489 218 498 229
face 507 216 515 228
face 523 220 531 231
face 540 219 549 230
face 557 220 564 230
face 571 221 580 232
face 584 220 592 232
face 410 248 421 259
face 434 248 444 261
face 456 240 466 254
face 473 247 483 258
face 493 240 502 250
face 510 238 520 248
face 532 240 540 250
face 553 243 562 253
face 574 244 582 254
face 411 275 419 286
face 427 272 437 283
face 444 270 455 282
face 465 271 473 280
face 484 270 494 281
face 501 267 510 277
face 521 267 530 279
face 538 267 547 280
face 565 267 574 278
face 410 294 419 305
face 429 297 440 310
face 450 293 461 306
face 474 291 485 303
face 496 302 508 315
face 516 298 525 309
face 532 297 541 308
face 550 294 561 308
face 573 299 582 311
face 470 323 479 336
face 488 319 499 332
face 512 326 522 336
face 528 324 538 336
face 495 358 505 369
face 530 349 539 358
face 487 382 500 395
face 507 394 519 406
face 525 379 538 393
face 549 328 558 338
face 566 329 576 340
face 553 349 563 360
face 582 352 592 362
face 563 384 575 396
face 547 392 559 406
face 509 414 521 426
face 545 423 557 434
face 512 454 523 468
face 546 455 556 467
face 580 451 591 465
face 574 425 583 437
face 584 393 597 408
face 588 328 597 340
face 609 325 619 338
face 627 326 636 338
face 632 347 643 362
face 606 350 616 362
face 608 377 619 389
face 624 386 636 401
face 640 379 650 391
face 596 424 606 438
face 621 420 630 433
face 612 453 622 466
face 649 422 658 434
face 670 423 680 436
face 693 420 704 436
face 665 392 676 406
face 678 387 687 400
face 702 388 713 404
face 652 350 662 363
face 671 348 681 362
face 692 350 704 362
face 655 331 662 340
face 670 328 681 339
face 695 328 704 339
face 597 297 606 309
face 623 301 632 312
face 638 299 647 312
face 658 301 667 311
face 686 303 696 316
face 702 305 711 315
face 654 456 666 469
face 691 456 702 469
face 721 453 732 464
face 739 422 750 434
face 764 426 776 440
face 763 456 772 467
face 784 421 794 432
face 805 421 815 433
face 795 452 805 463
face 829 449 841 465
face 855 455 866 470
face 886 453 897 466
face 825 417 835 430
face 850 421 860 433
face 876 418 888 432
face 927 424 939 438
face 958 447 970 463
face 959 425 973 441
face 918 453 927 465
face 588 269 598 280
face 593 241 603 253
face 599 221 607 233
face 619 220 627 230
face 642 219 652 231
face 619 243 628 256
face 642 241 653 252
face 664 244 673 255
face 660 220 670 232
face 679 222 689 234
face 697 227 705 237
face 679 246 688 257
face 700 248 710 259
face 695 269 704 280
face 675 271 686 283
face 608 271 617 282
face 628 270 638 282
face 647 271 658 284
face 722 223 731 234
face 745 224 753 235
face 769 223 777 233
face 786 225 794 235
face 718 249 728 261
face 734 245 743 256
face 757 245 766 256
face 774 245 783 256
face 799 246 808 255
face 804 230 811 240
face 827 224 836 235
face 852 227 861 237
face 821 247 829 257
face 839 252 847 263
face 856 254 864 265
face 874 255 883 265
face 716 271 725 281
face 736 275 746 285
face 762 271 774 282
face 790 275 797 284
face 810 277 819 287
face 827 276 837 289
face 848 279 857 290
face 868 280 877 290
face 888 282 897 292
face 886 300 896 312
face 864 301 873 311
face 843 300 852 309
face 825 299 836 310
face 803 300 813 310
face 789 298 798 307
face 766 297 776 308
face 738 296 747 307
face 719 306 728 317
face 716 328 725 338
face 730 328 739 338
face 755 330 764 341
face 771 329 780 341
face 798 327 808 338
face 822 328 831 339
face 852 335 861 345
face 880 334 889 344
face 717 350 726 361
face 743 353 754 366
face 763 350 772 361
face 779 354 789 366
face 799 353 810 364
face 822 356 833 368
face 842 355 853 369
face 865 360 875 371
face 880 359 891 373
face 716 388 726 400
face 736 392 747 405
face 749 382 758 394
face 776 391 787 403
face 791 387 802 399
face 813 392 823 405
face 825 390 834 402
face 851 390 862 402
face 864 389 874 401
face 716 418 727 431
face 879 230 886 239
face 902 254 910 264
face 917 274 926 284
face 913 298 921 310
face 904 331 913 342
face 901 350 912 363
face 944 352 953 363
face 886 397 896 410
face 901 395 912 407
face 927 388 940 404
face 82 363 92 376
