face 730 369 901 614
face 811 219 871 295
face 996 194 1016 216
face 960 196 974 213
face 916 206 930 219
face 906 247 926 270
face 958 248 971 263
face 732 228 746 243
face 759 213 772 224
face 932 212 941 224
face 562 276 597 304
face 400 251 436 287
face 302 245 335 289
face 143 289 174 322
face 209 272 229 294
face 91 284 120 315
face 107 240 132 270
face 35 256 63 283
face 7 262 30 287
face 30 326 49 348
face 11 298 34 317
face 123 252 142 273
face 144 264 159 281
face 197 252 211 267
face 200 296 211 317
face 0 344 16 377
face 895 215 908 232
