face 732 598 788 664
face 902 191 952 242
face 982 160 994 177
face 967 179 981 197
face 848 135 863 158
face 806 164 821 187
face 756 171 774 190
face 975 162 990 180
face 743 157 752 179
face 715 155 729 175
face 694 178 702 188
face 654 160 670 178
face 636 167 644 179
face 511 192 516 199
face 500 200 506 206
face 492 204 497 209
face 440 204 450 214
face 383 161 391 180
face 348 180 360 194
face 357 229 374 255
face 276 179 291 196
face 293 166 308 186
face 271 229 290 257
face 256 224 280 246
face 194 185 245 253
face 67 205 92 233
face 136 205 159 236
face 47 185 53 197
face 563 164 603 211
face 772 176 783 188
