face 62 285 85 312
face 107 283 133 312
face 170 287 195 314
face 226 284 251 310
face 287 296 311 320
face 177 215 198 238
face 235 223 255 248
face 277 231 297 254
face 330 230 349 253
face 344 293 367 318
face 405 312 428 337
face 465 296 490 325
face 518 297 542 325
face 384 231 404 253
face 440 228 462 254
face 494 225 514 250
face 555 231 577 254
face 611 233 632 256
face 653 230 675 257
face 586 302 609 330
face 646 301 670 330
face 709 304 735 334
face 781 306 807 334
face 163 96 184 118
face 211 54 229 76
face 230 100 252 123
face 252 80 271 101
face 285 66 303 87
face 295 104 315 127
face 318 76 337 99
face 346 57 364 80
face 370 82 391 111
face 389 70 407 94
face 413 58 431 81
face 435 87 455 111
face 466 66 485 92
face 499 93 521 116
face 512 61 533 87
face 539 69 560 93
face 580 63 599 85
face 581 100 602 127
face 596 79 613 102
face 622 94 643 116
face 642 81 660 103
face 659 75 676 96
face 663 92 684 117
face 689 79 708 101
face 705 57 725 80
face 716 92 737 113
face 694 123 715 151
face 718 122 742 150
face 747 93 770 121
face 742 71 763 95
face 766 119 788 146
face 789 95 809 119
face 807 79 825 102
face 805 117 828 142
face 818 144 842 169
face 831 101 852 125
face 848 133 871 161
face 877 137 900 160
face 904 141 928 167
face 931 153 962 186
face 892 168 917 195
face 849 193 876 220
