face 171 218 230 284
face 253 222 299 280
face 396 212 444 280
face 515 216 558 281
face 571 186 610 236
face 674 242 717 297
face 751 239 790 288
face 815 253 857 310
face 919 250 964 303
face 686 127 699 148
face 696 98 701 108
face 686 82 692 93
face 672 78 678 88
face 653 86 660 96
face 639 79 645 90
face 619 76 627 88
face 598 113 605 125
face 591 115 597 127
face 605 81 613 89
face 592 87 598 97
face 572 82 580 94
face 459 69 466 82
face 447 69 452 81
face 431 67 438 77
face 413 65 422 74
face 308 75 315 88
face 517 69 523 78
face 534 87 542 95
face 397 65 406 75
face 356 80 365 95
face 313 104 322 117
face 374 73 384 87
face 618 99 625 109
