face 960 264 985 294
face 924 270 957 305
face 864 265 888 291
face 807 285 836 315
face 773 268 799 297
face 751 259 772 285
face 703 277 733 312
face 710 237 732 266
face 742 223 761 244
face 793 214 810 234
face 886 238 906 260
face 840 257 862 284
face 1014 222 1024 244
face 979 212 993 233
face 977 187 986 199
face 936 167 951 184
face 890 172 907 193
face 708 214 722 230
face 670 268 695 296
face 1012 242 1023 261
face 864 197 875 211
face 662 244 687 270
face 663 185 678 202
face 608 287 637 320
face 579 264 607 292
face 629 244 651 268
face 610 238 628 259
face 598 221 617 242
face 625 211 640 227
face 492 276 523 311
face 469 241 495 270
face 532 223 550 244
face 574 204 589 222
face 518 208 535 227
face 496 186 507 200
face 608 157 615 165
face 598 154 605 164
face 612 180 620 189
face 633 191 644 206
face 383 298 409 328
face 408 230 427 259
face 495 227 512 250
face 276 276 309 310
face 315 254 340 282
face 409 188 418 200
face 145 278 177 317
face 19 287 53 322
face 51 252 81 287
face 92 256 119 286
face 134 240 157 268
face 189 266 214 296
face 210 252 234 283
face 260 240 287 269
face 287 214 304 234
face 322 199 335 216
face 52 201 68 218
face 27 210 41 227
face 0 198 12 215
face 102 167 118 187
face 471 156 477 164
face 266 196 281 216
face 195 230 217 255
face 815 186 823 198
face 754 149 765 162
face 835 200 847 210
face 538 153 546 163
face 526 152 534 161
face 428 150 434 156
face 505 148 512 158
face 135 198 149 214
face 193 183 202 195
face 30 191 38 201
face 339 245 359 265
face 227 203 244 220
face 357 209 372 224
face 376 192 388 202
face 618 200 628 216
