face 207 467 222 481
face 171 418 184 433
face 240 401 252 413
face 303 283 315 297
face 571 352 582 365
face 628 286 637 295
face 550 217 560 229
face 486 227 496 236
face 163 172 173 182
face 106 192 114 198
face 441 171 449 182
face 378 185 385 193
face 411 165 420 176
face 359 122 368 131
face 296 134 305 142
face 946 346 959 361
face 889 223 900 236
face 843 227 854 240
face 826 134 838 149
face 681 92 689 103
face 629 100 641 114
face 860 31 868 39
face 168 227 177 238
face 173 29 182 36
face 87 70 93 77
face 367 29 374 36
face 572 25 578 33
face 624 16 632 24
face 584 74 593 85
face 524 81 533 90
