face 54 313 89 356
face 183 311 214 352
face 292 318 321 359
face 369 364 400 398
face 642 476 685 530
face 763 463 803 520
face 891 507 936 555
face 1008 546 1024 588
face 905 663 990 745
face 513 324 540 363
face 562 330 589 365
face 640 325 670 358
face 724 300 748 336
face 822 319 852 363
face 925 351 955 388
face 997 360 1024 405
face 10 365 46 410
face 155 365 189 407
face 253 384 286 425
face 364 410 401 453
face 492 401 523 441
face 549 436 580 472
face 763 364 789 396
face 870 375 899 412
face 704 427 737 464
face 632 442 661 477
face 855 421 889 462
face 962 422 997 461
face 938 487 976 527
face 804 464 829 502
face 38 419 73 460
face 66 456 110 509
face 198 429 239 485
face 45 516 87 567
face 134 549 176 602
face 248 501 290 556
face 325 480 362 528
face 389 527 431 580
face 462 459 496 497
face 512 521 560 582
