face 11 116 35 148
face 21 144 51 186
face 87 133 114 169
face 61 93 75 115
face 145 163 172 199
face 130 125 150 153
face 169 108 190 139
face 202 116 227 152
face 250 103 271 132
face 274 134 297 160
face 299 143 318 169
face 117 87 130 104
face 72 76 86 93
face 81 64 91 82
face 86 118 111 145
face 53 118 62 133
face 124 66 140 86
face 183 80 198 99
face 154 93 168 109
face 298 81 311 99
face 353 142 379 175
face 363 124 381 147
face 316 112 335 138
face 379 114 396 138
face 404 99 418 119
face 468 121 486 146
face 508 115 531 144
face 521 123 537 148
face 563 124 576 143
face 533 81 545 99
face 581 103 594 118
face 586 128 602 153
face 556 174 583 213
face 501 105 516 124
face 626 131 643 155
face 659 123 678 149
face 685 135 702 157
face 701 125 720 153
face 701 150 726 182
face 714 167 739 202
face 765 129 783 155
face 785 142 805 167
face 784 192 809 230
face 858 107 870 124
face 867 139 884 162
face 891 125 904 143
face 904 130 918 144
face 939 127 951 142
face 965 122 978 142
face 933 155 946 171
face 984 148 1001 171
face 1003 148 1018 167
face 1000 170 1016 192
face 1015 165 1024 187
face 947 196 965 219
face 953 210 973 235
face 967 221 987 244
face 991 206 1006 226
face 927 246 949 284
face 969 151 979 167
face 785 289 813 328
