face 890 350 937 409
face 925 296 963 342
face 971 484 1024 547
face 743 329 798 399
face 809 270 847 320
face 627 246 661 303
face 640 182 656 204
face 663 170 677 194
face 664 154 675 169
face 761 172 780 204
face 827 218 845 249
face 869 193 891 225
face 639 424 702 495
face 580 311 625 372
face 508 179 527 210
face 509 162 523 180
face 595 164 607 183
face 658 115 676 134
face 480 200 503 232
face 401 200 425 227
face 435 256 473 309
face 387 221 413 254
face 443 108 460 128
face 465 251 486 287
face 303 296 332 336
face 196 248 229 293
face 225 307 274 373
face 190 324 223 368
face 228 203 250 228
face 211 169 232 193
face 289 158 304 179
face 376 149 392 169
face 360 186 379 212
face 492 327 550 411
face 441 362 502 458
face 455 169 470 187
face 170 201 192 230
face 287 463 357 527
face 75 319 126 380
face 2 539 114 586
face 102 257 131 288
face 32 267 58 304
face 21 216 47 240
face 542 196 561 225
