face 998 331 1016 356
face 981 271 995 297
face 1010 205 1024 224
face 871 257 891 282
face 897 204 917 228
face 954 151 971 168
face 986 63 1002 81
face 851 65 868 84
face 872 149 890 172
face 783 147 801 170
face 784 202 803 224
face 852 330 869 354
face 889 439 902 460
face 867 415 883 437
face 742 415 759 439
face 718 441 728 461
face 755 263 773 285
face 727 321 747 346
face 670 258 687 280
face 671 209 688 233
face 694 145 711 169
face 720 59 736 82
face 592 70 609 89
face 588 145 605 168
face 560 204 578 224
face 504 139 523 161
face 465 68 482 91
face 399 149 416 172
face 474 202 492 231
face 336 207 352 224
face 346 82 361 100
face 591 328 609 349
face 581 269 599 288
face 471 264 489 283
face 504 343 517 362
face 472 321 490 344
face 331 264 350 286
face 362 337 381 359
face 305 398 324 422
face 226 328 247 353
face 208 268 227 290
face 122 333 140 356
face 88 287 103 304
face 153 403 170 423
face 94 427 110 452
face 265 431 278 455
face 204 92 218 110
face 216 159 229 169
face 131 86 149 108
face 105 56 120 72
face 103 109 117 124
face 70 100 85 115
face 64 75 79 93
face 34 80 48 99
face 14 80 28 96
face 19 98 32 114
face 12 112 20 128
face 55 8 69 25
face 79 118 91 132
face 9 351 28 375
face 163 623 171 641
