face 937 372 975 427
face 896 477 938 539
face 870 371 892 397
face 837 340 854 359
face 992 345 1007 360
face 928 339 938 358
face 739 377 758 398
face 772 334 788 355
face 710 341 727 360
face 682 354 693 372
face 605 339 618 351
face 566 335 577 348
face 554 385 587 428
face 511 393 532 426
face 480 399 508 434
face 471 361 491 387
face 520 339 536 358
face 519 323 532 341
face 668 341 682 356
face 653 348 667 362
face 596 358 611 376
face 407 393 425 418
face 368 390 396 434
face 346 380 363 405
face 437 330 451 347
face 452 347 468 367
face 614 268 624 280
face 483 262 494 274
face 408 290 421 304
face 399 327 410 342
face 393 298 405 310
face 543 279 552 292
face 308 385 334 423
face 249 304 270 330
face 233 298 247 322
face 262 260 274 278
face 300 257 313 271
face 335 270 345 284
face 370 273 380 288
face 332 331 346 350
face 211 274 222 290
face 189 263 200 280
face 170 269 181 283
face 142 256 155 277
face 108 258 121 273
face 192 367 208 384
face 50 264 61 281
face 39 345 55 368
face 458 497 485 528
face 327 505 363 560
face 297 531 335 586
face 259 537 285 579
face 166 402 192 437
face 142 407 162 434
face 131 395 148 419
face 78 419 100 450
face 51 380 70 410
face 22 340 36 358
face 579 259 592 276
