face 248 342 278 373
face 290 286 308 304
face 119 308 139 323
face 405 333 431 349
face 374 240 387 258
face 469 267 486 277
face 438 233 446 243
face 476 218 485 229
face 510 224 518 235
face 609 305 628 315
face 674 316 694 327
face 719 268 739 278
face 753 246 762 256
face 680 232 688 243
face 687 228 696 239
face 717 235 723 247
face 644 222 655 234
face 610 229 619 241
face 840 237 851 251
face 914 269 926 283
face 922 252 955 275
face 575 220 584 231
face 545 225 554 237
face 191 190 198 198
face 138 198 144 208
