face 104 1332 120 1352
face 79 1327 91 1342
face 44 1323 56 1337
face 42 1338 55 1353
face 35 1353 51 1366
face 31 1337 39 1352
face 141 1279 155 1295
face 78 1276 90 1291
face 39 1282 53 1300
face 39 1269 52 1280
face 62 1269 74 1285
face 79 1255 89 1266
face 160 1268 172 1283
face 114 1256 124 1271
face 113 1234 124 1247
face 101 1244 113 1257
face 81 1228 92 1243
face 64 1228 77 1245
face 50 1238 60 1248
face 50 1212 62 1227
face 206 1281 214 1296
face 127 1228 137 1242
face 175 1226 187 1238
face 160 1243 171 1255
face 18 1167 32 1181
face 10 1190 17 1206
face 97 1169 112 1184
face 124 1186 133 1198
face 142 1175 153 1189
face 20 1106 30 1119
face 145 1151 158 1165
face 108 1115 121 1129
face 43 1095 53 1108
face 41 1072 49 1082
face 54 1061 62 1070
face 16 1053 23 1061
face 12 1051 17 1063
face 24 1044 33 1053
face 92 1093 102 1104
face 95 1071 104 1083
face 82 1053 90 1063
face 94 1047 102 1058
face 112 1057 122 1067
face 118 1052 126 1061
face 121 1050 130 1059
face 129 1076 138 1087
face 138 1065 147 1076
face 127 1099 137 1111
face 160 1088 170 1101
face 151 1119 160 1131
face 181 1138 190 1151
face 195 1137 204 1149
face 200 1130 212 1142
face 168 1203 180 1219
face 193 1155 202 1167
face 220 1123 229 1134
face 175 1113 185 1125
face 179 1111 187 1120
face 197 1086 206 1098
face 164 1070 172 1080
face 179 1069 188 1080
face 193 1069 204 1081
face 166 1051 176 1063
face 173 1040 183 1054
face 204 1066 214 1079
face 209 1057 219 1070
face 200 1047 210 1058
face 229 1055 240 1067
face 226 1041 234 1053
face 211 1038 221 1048
face 237 1032 246 1042
face 240 1050 250 1062
face 247 1044 258 1057
face 260 1036 270 1047
face 160 1189 176 1205
face 43 972 51 981
face 59 967 69 978
face 65 968 74 976
face 74 962 81 970
face 75 1029 82 1037
face 103 1018 112 1031
face 118 1014 126 1023
face 132 1011 140 1020
face 153 1020 161 1030
face 104 995 113 1006
face 192 1032 200 1042
face 208 1017 216 1028
face 182 1024 190 1034
face 219 1018 225 1028
face 238 1017 247 1025
face 256 1010 264 1020
face 258 992 266 1000
face 208 984 217 993
face 220 979 227 988
face 183 997 188 1007
face 104 953 114 962
face 200 970 207 977
face 32 828 38 835
face 35 797 40 804
face 259 962 265 972
face 264 964 272 971
face 233 953 242 963
face 254 946 262 954
face 259 950 264 956
face 272 954 281 962
face 230 935 238 943
face 241 937 248 944
face 230 941 234 946
face 204 938 212 946
face 193 958 201 968
face 193 911 198 922
face 201 914 209 921
face 257 920 265 929
face 311 931 321 944
face 268 903 274 910
face 259 903 265 910
face 286 897 294 907
face 279 884 286 894
face 260 870 268 878
face 290 875 296 881
face 210 870 216 878
face 144 872 152 879
face 304 864 311 871
face 279 854 285 860
face 228 842 235 848
face 264 836 271 844
face 277 832 286 841
face 301 850 309 858
face 310 847 318 853
face 328 830 335 838
face 343 832 349 837
face 308 821 315 829
face 297 819 305 825
face 267 826 272 832
face 255 821 261 828
face 246 820 252 826
face 224 821 232 827
face 179 821 184 829
face 215 848 223 856
face 200 858 208 864
face 289 826 295 833
face 281 818 287 826
face 288 815 294 822
face 298 809 305 815
face 305 808 311 815
face 312 801 319 809
face 286 807 293 814
face 280 811 287 817
face 260 808 265 815
face 264 801 270 806
face 258 796 264 802
face 216 788 222 796
face 277 794 284 802
face 296 793 303 800
face 290 794 296 801
face 324 790 330 796
face 330 781 336 791
face 290 784 295 789
face 233 761 240 769
face 218 771 227 778
face 228 757 234 767
face 258 758 265 764
face 328 820 335 826
face 538 1287 551 1302
face 308 1321 317 1335
face 386 1299 396 1313
face 552 1326 562 1342
face 900 1325 917 1345
face 875 1331 889 1348
face 797 1348 809 1363
face 772 1319 785 1334
face 800 1288 813 1306
face 753 1317 767 1330
face 725 1343 736 1357
face 698 1347 714 1364
face 668 1349 679 1362
face 626 1338 637 1353
face 661 1333 674 1346
face 697 1320 711 1338
face 703 1292 716 1309
face 670 1289 680 1308
face 656 1308 667 1320
face 769 1281 782 1297
face 726 1277 738 1292
face 683 1273 695 1286
face 638 1260 651 1277
face 664 1264 676 1277
face 602 1269 614 1282
face 630 1235 643 1253
face 627 1234 636 1247
face 660 1255 669 1267
face 715 1256 727 1268
face 750 1265 761 1278
face 774 1222 786 1241
face 710 1219 720 1233
face 672 1226 680 1241
face 614 1228 625 1241
face 592 1208 605 1222
face 573 1203 586 1216
face 626 1196 638 1210
face 653 1195 665 1212
face 677 1208 686 1221
face 699 1195 709 1206
face 742 1194 754 1207
face 764 1196 776 1214
face 728 1178 740 1194
face 642 1175 653 1190
face 594 1164 607 1179
face 645 1154 655 1166
face 666 1159 674 1174
face 722 1168 733 1182
face 668 1140 677 1152
face 720 1121 730 1134
face 733 1107 740 1116
face 752 1096 760 1107
face 686 1102 698 1118
face 705 1103 712 1111
face 696 1075 705 1090
face 680 1073 691 1086
face 657 1063 666 1072
face 636 1071 646 1081
face 608 1080 618 1089
face 638 1110 647 1120
face 594 1080 603 1092
face 687 1050 698 1062
face 646 1044 657 1058
face 607 1043 617 1056
face 590 1055 597 1063
face 628 1026 638 1034
face 574 1024 583 1032
face 571 1004 580 1012
face 586 1006 594 1016
face 604 1006 613 1016
face 624 1012 634 1023
face 690 1022 698 1034
face 701 1011 708 1019
face 689 1000 697 1012
face 645 998 656 1011
face 606 994 613 1002
face 620 979 629 989
face 633 982 640 991
face 597 987 606 998
face 576 985 582 992
face 557 980 566 988
face 571 972 579 982
face 580 955 587 963
face 601 951 610 960
face 614 962 622 970
face 642 943 649 950
face 665 945 673 953
face 617 939 624 949
face 630 928 638 937
face 607 936 616 944
face 591 922 599 930
face 598 906 606 915
face 610 911 617 918
face 627 915 634 923
face 633 916 639 923
face 653 921 660 928
face 640 922 647 931
face 655 931 661 937
face 594 886 601 893
face 623 895 630 904
face 631 900 639 909
face 648 890 654 897
face 639 887 646 894
face 535 914 542 922
face 543 865 551 874
face 574 868 580 878
face 589 867 594 874
face 608 874 614 883
face 600 877 607 883
face 597 872 603 878
face 635 870 641 878
face 609 864 615 870
face 584 832 591 841
face 345 752 349 757
face 352 747 356 752
face 858 1225 870 1238
face 898 1203 912 1224
face 945 1155 956 1169
face 986 1162 996 1175
face 917 1137 928 1150
face 872 1174 881 1187
face 835 1091 847 1107
face 827 1090 839 1102
face 822 1063 831 1074
face 838 1055 848 1068
face 973 1047 983 1062
face 888 1027 896 1038
face 923 991 932 1002
face 792 1013 803 1026
face 811 1010 822 1022
face 828 1003 837 1015
face 845 975 853 986
face 844 961 852 969
face 829 950 837 960
face 820 944 828 952
face 872 906 880 915
face 797 971 805 980
face 789 964 796 973
face 768 955 775 964
face 789 950 796 959
face 770 941 777 951
face 747 951 755 960
face 755 925 763 934
face 748 914 755 924
face 775 903 781 911
face 801 874 807 881
face 826 869 831 877
face 741 903 747 910
face 728 898 736 908
face 712 897 718 905
face 712 884 719 892
face 733 878 739 886
face 704 886 710 893
face 721 869 727 877
face 715 860 721 865
face 698 844 705 852
face 671 858 677 866
face 726 833 732 841
face 690 841 695 849
face 683 859 689 866
face 678 853 684 858
face 671 848 676 854
face 677 826 682 833
face 637 843 643 849
face 628 812 634 819
face 647 816 652 821
face 661 824 666 829
face 694 826 700 833
face 690 821 695 828
face 693 808 699 815
face 678 805 684 814
face 663 793 669 800
face 692 798 698 805
face 704 788 709 793
face 639 832 644 838
face 644 831 649 837
face 651 831 657 836
face 654 822 659 829
face 699 829 704 835
face 704 814 709 821
face 664 810 670 815
face 620 789 625 795
face 637 776 643 783
face 587 771 591 776
face 648 779 653 785
face 675 775 679 780
face 686 789 692 794
face 646 760 651 765
face 642 769 648 774
face 365 995 374 1006
face 453 1009 460 1019
face 526 1003 535 1011
face 441 970 449 977
face 510 812 515 818
face 508 803 513 809
face 497 807 501 813
face 619 1161 629 1177
face 0 1329 10 1343
face 0 1266 6 1283
face 120 926 128 936
face 111 917 118 927
face 106 915 112 924
face 102 905 110 915
face 126 883 134 892
face 100 875 106 883
