face 62 286 72 299
face 89 271 102 286
face 30 210 40 224
face 47 215 57 226
face 61 210 68 219
face 80 215 90 224
face 98 210 105 218
face 122 209 129 219
face 127 231 136 242
face 137 211 146 223
face 149 211 155 220
face 172 214 182 228
face 192 214 202 225
face 210 204 218 215
face 225 210 233 218
face 233 224 242 235
face 255 207 263 215
face 259 218 267 227
face 283 204 292 215
face 288 211 299 225
face 300 208 310 219
face 336 209 343 217
face 351 217 360 225
face 364 209 372 218
face 367 217 376 230
face 376 207 384 217
face 383 220 392 232
face 310 264 319 273
face 396 223 403 230
face 404 219 411 230
face 446 213 455 226
face 426 277 437 286
face 478 215 488 227
face 486 222 492 230
face 493 217 500 227
face 519 219 528 230
face 546 228 555 239
face 581 216 589 226
face 597 226 604 236
face 630 224 639 234
face 636 244 657 269
face 681 228 690 239
face 682 276 690 285
face 691 216 700 226
face 708 223 717 233
face 718 220 728 231
face 763 295 773 307
face 743 214 754 228
face 780 215 788 228
face 821 219 830 232
face 838 227 848 238
face 859 222 869 234
face 872 226 882 239
face 896 226 905 236
face 913 230 923 246
face 947 226 955 237
face 968 219 979 231
face 996 238 1007 249
face 837 275 851 286
face 896 276 918 301
face 3 193 15 205
face 899 241 908 251
face 409 207 415 215
