face 51 144 60 156
face 97 146 105 158
face 113 136 120 147
face 127 132 137 144
face 174 123 183 138
face 213 119 226 137
face 243 121 255 138
face 272 112 286 130
face 304 94 319 112
face 346 104 361 122
face 391 114 402 126
face 436 103 448 120
face 478 99 492 115
face 538 100 549 114
face 551 95 565 112
face 584 85 598 101
face 608 92 618 107
face 630 85 642 101
face 673 78 685 94
face 701 76 714 94
face 729 83 740 96
face 784 65 797 81
face 835 61 848 78
face 945 50 957 67
face 194 118 201 132
face 370 113 379 126
face 408 118 416 128
face 506 89 515 103
face 664 81 671 95
face 869 95 876 103
