face 939 422 963 447
face 886 402 906 421
face 844 411 865 434
face 801 407 819 431
face 771 392 791 412
face 712 371 732 395
face 672 391 691 412
face 625 379 643 401
face 575 393 591 413
face 544 381 562 401
face 534 420 550 439
face 497 424 515 444
face 490 384 506 403
face 473 435 490 453
face 456 431 470 444
face 433 404 450 418
face 430 431 441 445
face 400 426 414 439
face 389 423 403 439
face 361 425 379 443
face 339 445 357 463
face 310 440 325 458
face 283 439 300 457
face 248 435 265 453
face 268 366 285 385
