face 581 83 657 172
face 586 369 650 442
face 514 361 570 436
face 280 208 296 230
face 355 217 366 232
face 333 192 347 207
face 269 196 279 211
face 833 193 846 208
face 966 124 1007 176
face 782 1355 851 1445
face 722 1378 754 1429
face 848 2255 906 2334
face 753 2320 784 2359
face 591 2297 618 2334
face 646 2284 672 2320
face 356 2330 445 2425
face 168 2374 259 2480
face 202 2255 239 2309
face 131 2304 169 2352
face 57 2335 97 2393
face 306 2280 332 2311
face 255 2170 287 2212
face 323 2166 353 2208
face 488 1349 500 1360
face 178 1331 187 1347
face 179 1311 189 1324
face 829 212 844 234
