face 929 237 945 256
face 889 193 906 213
face 814 264 829 281
face 861 315 877 334
face 747 234 765 255
face 773 227 790 246
face 710 241 727 260
face 643 223 660 243
face 733 369 747 388
face 767 390 784 407
face 641 380 660 400
face 991 460 1006 480
face 952 536 970 555
face 941 504 961 525
face 911 476 923 494
face 938 487 953 502
face 864 496 883 520
face 898 519 915 537
face 849 534 867 553
face 767 529 784 545
face 738 516 757 537
face 803 494 819 513
face 790 458 810 479
face 838 453 852 470
face 826 430 838 447
face 849 413 862 431
face 835 397 850 416
face 782 413 798 432
face 754 444 769 463
face 726 412 738 429
face 718 467 738 488
face 664 499 681 518
face 646 472 662 493
face 680 430 696 449
face 697 422 711 437
face 649 425 662 442
face 624 442 640 461
face 584 460 602 480
face 577 416 594 436
face 580 388 596 407
face 598 502 617 517
face 543 493 561 514
face 528 446 543 464
face 497 482 515 504
face 443 461 463 484
face 434 441 450 455
face 464 380 481 400
face 427 371 443 390
face 380 405 395 425
face 546 306 564 327
face 500 325 517 344
face 480 304 496 325
face 440 288 459 312
face 408 302 424 320
face 393 256 407 274
face 339 448 356 467
face 289 441 306 461
face 306 410 323 427
face 254 389 271 409
face 229 465 245 479
face 211 447 225 463
face 299 338 317 359
face 226 345 243 362
face 286 320 302 342
face 235 291 253 313
face 262 235 278 252
face 217 266 232 282
face 316 315 333 328
face 295 259 307 274
face 161 426 177 444
face 177 394 196 416
face 187 360 204 380
face 104 387 122 406
face 102 431 120 450
face 139 312 158 333
face 119 358 134 377
face 180 309 196 328
face 175 301 189 317
face 91 318 111 339
face 19 326 36 346
face 26 380 42 398
face 40 365 57 384
face 16 261 31 277
face 72 264 86 284
face 94 225 109 243
face 132 213 148 232
face 115 200 126 215
face 39 412 57 432
face 101 297 112 313
face 0 336 8 354
face 25 304 39 323
face 553 140 570 160
face 534 133 551 154
face 489 138 508 159
face 445 143 462 160
face 401 132 419 151
face 992 542 1009 553
face 953 656 971 678
face 898 663 912 682
face 870 641 886 661
face 866 608 881 630
face 201 84 217 104
face 285 94 302 113
face 318 95 332 112
face 338 120 352 134
face 852 359 870 382
