face 883 480 918 525
face 866 363 898 406
face 816 291 842 326
face 813 274 840 304
face 963 650 1024 684
face 764 560 821 633
face 612 569 644 632
face 683 471 726 520
face 583 369 615 408
face 497 375 531 415
face 438 347 471 385
face 420 462 459 519
face 563 332 590 366
face 693 333 723 365
face 314 534 352 580
face 297 422 336 466
face 359 423 396 469
face 327 472 369 522
face 185 441 226 486
face 171 435 211 482
face 127 397 168 433
face 223 349 255 392
face 283 415 322 447
face 99 357 138 399
face 70 462 116 513
face 9 437 49 478
face 0 379 36 423
face 407 377 440 414
face 404 298 431 333
face 189 226 212 254
face 161 256 185 282
face 101 235 124 259
face 168 216 188 240
face 257 283 288 318
face 255 210 268 226
face 807 174 827 195
face 687 185 706 205
face 704 201 724 223
face 684 149 701 168
face 635 173 652 192
face 608 203 625 223
face 792 201 811 222
face 662 211 683 234
face 806 229 830 258
face 853 163 874 191
face 672 286 699 305
face 1010 107 1021 120
face 958 129 972 146
face 964 94 978 111
face 216 133 231 149
face 186 138 203 158
face 141 130 155 146
face 200 115 210 124
face 134 110 145 121
face 123 121 133 130
face 43 242 71 269
face 59 221 82 246
face 15 269 45 297
face 14 226 34 251
face 57 136 73 152
face 22 125 38 141
face 522 457 562 501
face 472 96 483 109
face 471 47 480 58
face 463 86 471 96
face 561 8 568 15
face 589 189 605 207
face 583 174 601 195
face 611 131 623 146
face 718 282 733 305
face 267 160 285 180
face 255 89 265 106
face 241 99 250 110
face 188 50 200 60
face 217 52 228 64
face 230 37 238 48
face 57 60 72 75
face 384 3 391 9
face 439 4 445 14
face 479 590 500 650
face 203 269 230 300
face 480 329 507 371
face 855 261 885 296
face 836 386 872 433
face 392 523 436 567
face 0 18 16 35
face 328 262 355 293
