face 880 592 928 654
face 940 541 973 588
face 850 503 871 532
face 783 501 800 524
face 719 516 739 544
face 762 563 788 596
face 664 527 699 572
face 632 508 640 521
face 545 515 557 531
face 530 563 552 596
face 411 533 436 565
face 465 533 478 550
face 482 505 490 514
face 471 514 479 524
face 80 536 131 608
face 55 557 69 578
face 231 544 249 570
face 260 533 270 547
face 187 556 204 579
face 279 527 297 552
face 339 536 350 551
face 377 536 389 554
face 411 520 418 529
face 378 520 390 535
face 369 514 376 523
face 230 529 239 542
face 312 516 326 534
face 421 515 431 529
