face 4 525 62 603
face 10 416 44 451
face 115 421 137 448
face 149 413 163 430
face 30 384 44 398
face 49 385 61 398
face 149 395 158 406
face 175 412 187 425
face 73 401 84 416
face 97 400 110 414
face 119 404 131 419
face 133 502 155 524
face 179 498 230 553
face 249 500 323 588
face 286 416 296 428
face 258 420 273 437
face 198 416 215 435
face 328 420 337 430
face 351 433 393 478
face 216 411 231 429
face 408 420 420 435
face 404 451 417 468
face 466 456 504 497
face 509 427 528 452
face 532 418 542 431
face 543 418 552 430
face 504 488 542 544
face 563 417 579 443
face 600 436 624 458
face 633 447 728 566
face 729 469 774 534
face 809 447 829 474
face 560 512 602 590
face 830 430 848 449
face 855 415 894 467
face 915 413 923 424
face 930 448 961 485
face 954 426 977 454
face 1008 414 1018 426
face 740 417 761 443
