face 109 0 142 25
face 160 0 194 26
face 93 64 132 112
face 15 174 54 220
face 306 149 342 197
face 319 211 359 262
face 193 156 222 206
face 276 159 305 196
face 181 201 228 259
face 139 283 190 347
face 218 257 264 323
face 350 273 394 333
face 358 396 404 458
face 307 1 345 39
face 360 5 387 36
face 389 1 411 18
face 448 65 481 115
face 497 156 536 207
face 460 217 508 276
face 439 197 468 251
face 719 1 760 55
face 642 11 675 52
face 882 1 914 38
face 688 62 717 111
face 814 76 852 129
face 864 169 903 226
face 794 230 832 280
face 679 200 721 254
face 642 144 683 188
face 631 171 666 220
face 780 279 828 342
face 574 122 616 173
face 616 232 649 291
face 1006 81 1024 135
face 972 87 1005 140
face 972 149 1011 203
face 0 36 19 93
