face 963 617 981 645
face 805 544 831 573
face 766 567 790 597
face 932 572 952 600
face 888 596 910 623
face 886 542 909 571
face 852 559 871 589
face 844 520 866 544
face 921 493 939 515
face 981 490 1000 513
face 846 487 865 509
face 884 660 915 680
face 931 646 956 674
face 769 497 787 513
face 885 461 904 479
face 961 451 977 469
face 988 468 1004 484
face 1014 477 1024 500
face 829 476 847 494
face 901 476 917 490
face 936 469 952 484
face 778 466 799 486
face 753 453 771 470
face 714 463 732 483
face 737 478 756 498
face 737 405 752 421
face 787 440 804 457
face 689 413 705 431
face 633 393 651 412
face 675 404 690 420
face 710 407 722 421
face 770 412 784 427
face 749 373 763 389
face 719 429 733 444
face 671 458 692 480
face 614 434 631 453
face 641 436 658 454
face 736 619 766 652
face 768 599 789 628
face 742 540 763 565
face 725 518 748 539
face 535 343 546 354
face 508 341 522 354
face 491 390 504 405
face 460 366 473 381
face 418 395 432 409
face 447 345 457 356
face 440 405 454 420
face 408 420 421 434
face 384 403 396 417
face 436 436 451 451
face 587 386 602 401
face 554 364 567 378
face 607 326 620 340
face 531 404 549 423
face 962 413 982 432
face 905 433 924 454
face 939 377 957 396
face 997 352 1012 369
face 997 379 1014 397
face 966 350 982 366
face 813 332 825 346
face 759 326 772 340
face 806 361 820 376
face 800 299 812 314
face 804 281 815 293
face 769 300 781 314
face 717 301 728 314
face 820 313 831 324
face 391 366 402 378
face 413 360 425 371
face 319 374 333 388
face 342 362 351 374
face 391 335 402 347
face 302 363 314 376
face 279 386 292 401
face 641 351 654 365
face 663 324 675 338
face 263 370 274 382
face 256 353 267 365
face 360 388 371 403
face 325 336 337 349
face 111 250 204 361
face 158 152 184 182
face 350 327 360 337
face 330 294 340 304
face 351 287 359 296
face 405 296 416 311
face 361 279 369 287
face 712 333 721 343
face 735 309 746 321
face 796 284 807 297
face 816 407 831 421
face 878 362 891 374
face 786 389 802 399
face 851 397 864 410
face 867 419 880 434
face 955 477 971 495
face 496 306 507 319
face 474 324 484 337
face 487 343 501 359
face 288 358 300 371
face 471 346 482 359
face 301 421 314 438
face 542 321 554 338
face 676 367 688 383
face 570 346 580 359
face 582 362 594 377
face 553 350 564 362
face 556 322 568 337
face 762 530 781 552
face 911 336 924 352
face 998 283 1010 297
face 959 290 968 303
face 976 310 987 325
face 303 480 321 499
face 287 329 298 343
face 413 382 428 399
face 453 387 466 404
face 479 391 493 406
face 598 321 609 336
face 411 441 428 462
face 454 444 469 460
face 456 284 466 298
face 473 276 482 286
face 846 609 864 637
face 978 572 1000 593
face 957 542 979 565
face 827 434 840 449
face 884 388 900 407
face 706 385 721 403
face 865 477 882 495
face 331 408 341 422
face 615 391 628 408
face 516 397 527 413
face 363 311 372 322
face 613 368 624 381
face 558 440 576 461
face 755 415 765 427
