face 82 278 90 287
face 96 273 106 290
face 85 311 95 322
face 116 349 127 365
face 157 321 168 337
face 173 347 189 366
face 207 309 221 330
face 266 349 281 369
face 213 353 227 369
face 132 304 144 317
face 98 351 118 372
face 157 284 169 300
face 177 309 191 324
face 47 345 59 361
face 355 295 365 306
face 390 304 400 318
face 339 324 351 335
face 311 294 320 307
face 386 369 404 392
face 399 352 411 367
face 350 364 363 382
face 295 322 309 342
face 292 360 314 388
face 256 404 279 435
face 402 401 420 426
face 388 288 395 298
face 300 266 313 279
face 277 264 288 275
face 420 294 433 310
face 437 355 449 373
face 439 310 450 325
face 472 284 481 294
face 454 278 464 293
face 711 298 721 310
face 760 352 778 377
face 786 348 800 369
face 825 286 836 300
face 847 298 861 315
face 772 301 786 315
face 796 290 807 304
face 855 331 872 350
face 687 303 701 314
face 743 289 752 302
face 741 329 755 344
face 920 292 933 307
face 899 300 910 313
face 921 348 941 370
face 795 409 814 440
face 886 439 908 487
face 934 423 953 444
face 842 374 862 400
face 67 423 95 469
face 149 418 179 451
face 101 391 128 421
face 63 491 96 543
face 257 493 292 548
face 290 431 321 470
face 726 396 739 416
face 361 418 385 449
face 415 449 440 488
face 212 380 228 407
face 192 410 217 448
