face 16 375 26 385
face 55 391 69 401
face 48 400 58 409
face 33 424 45 440
face 47 432 63 451
face 15 473 54 523
face 155 424 170 443
face 140 376 152 393
face 109 381 125 402
face 94 382 107 395
face 167 369 177 382
face 191 358 200 366
face 173 345 179 353
face 191 345 195 352
face 178 335 184 339
face 162 336 166 341
face 149 339 154 343
face 197 331 200 338
face 213 349 220 356
face 201 403 222 433
face 201 392 219 411
face 225 424 261 478
face 275 419 295 446
face 250 368 269 392
face 289 349 303 366
face 272 346 282 360
face 254 344 264 358
face 270 330 277 340
face 289 331 294 339
face 305 333 312 342
face 326 326 333 334
face 340 334 347 345
face 360 342 369 354
face 362 322 372 332
face 390 336 404 353
face 379 325 389 337
face 400 368 420 391
face 356 430 397 495
face 344 393 374 433
face 446 349 464 373
face 463 346 475 362
face 429 329 443 343
face 411 331 418 344
face 415 315 422 322
face 453 320 463 335
face 445 314 450 323
face 483 315 493 326
face 510 352 520 365
face 527 330 544 355
face 485 371 504 394
face 462 411 484 439
face 563 464 601 524
face 430 560 501 676
face 577 385 603 420
face 622 391 639 410
face 633 395 667 439
face 617 330 633 354
face 656 304 675 327
face 698 314 717 339
face 641 305 655 324
face 613 302 626 322
face 593 310 605 321
face 575 330 590 351
face 542 312 553 329
face 516 316 530 331
face 581 296 591 308
face 692 281 702 289
face 710 300 717 313
face 702 374 729 408
face 537 301 543 308
face 524 308 531 315
face 631 299 639 309
face 711 279 719 293
face 616 295 626 305
face 511 305 520 314
face 490 295 497 305
face 505 328 519 348
face 790 426 859 505
face 992 339 1024 422
face 863 298 896 341
face 783 305 827 353
face 730 335 752 359
face 774 312 793 338
face 741 303 758 322
face 796 273 813 292
face 842 283 860 302
face 860 273 891 303
face 938 260 964 286
face 733 282 743 297
face 775 269 783 280
face 738 269 746 278
face 129 348 138 360
face 156 352 165 361
face 332 357 350 382
face 230 349 241 371
