face 615 456 652 505
face 875 386 889 404
face 867 368 872 375
face 992 375 999 383
face 1000 371 1004 376
face 1007 371 1012 377
face 1013 388 1019 396
face 1018 367 1024 373
face 854 429 875 455
face 954 401 964 414
face 669 445 699 480
face 712 523 754 579
face 830 563 881 636
face 1001 487 1013 512
face 391 464 418 504
face 535 449 556 477
face 514 469 534 501
face 273 453 303 498
face 118 447 139 475
face 158 486 185 521
face 62 458 79 490
face 48 457 67 487
face 25 458 41 493
face 110 370 119 380
face 248 371 258 383
face 49 561 70 608
face 370 408 384 427
face 54 372 66 384
face 90 356 96 365
face 77 386 89 404
face 230 357 239 369
face 316 360 324 369
face 432 411 453 435
face 37 392 47 408
face 223 376 232 386
face 381 363 387 373
face 139 686 169 728
