face 103 344 160 413
face 150 293 190 345
face 224 290 255 329
face 402 239 428 269
face 932 277 966 312
face 968 374 1024 466
face 92 296 125 341
face 265 242 289 279
face 946 309 987 363
face 916 195 930 210
face 947 202 959 216
face 594 237 608 253
face 536 241 550 258
face 675 282 698 324
face 837 277 856 296
face 882 346 910 389
face 922 257 935 274
face 511 222 522 233
face 443 219 451 228
face 498 240 505 249
face 248 196 260 207
face 89 240 109 266
face 154 188 174 215
face 203 246 219 267
face 214 229 228 246
face 305 224 319 241
face 993 207 1004 220
face 901 231 909 241
face 548 226 562 243
face 636 308 663 345
