face 1009 194 1023 216
face 983 233 1014 270
face 862 136 903 182
face 852 137 872 169
face 775 141 810 176
face 730 166 763 203
face 667 140 696 169
face 635 157 660 183
face 612 167 632 188
face 624 117 637 155
face 575 203 607 248
face 566 156 588 183
face 530 153 551 178
face 504 145 527 169
face 446 138 480 178
face 580 105 596 142
face 533 126 545 147
face 512 119 522 136
face 495 116 507 136
face 475 111 486 134
face 614 134 623 153
face 602 139 615 159
face 522 84 540 126
face 490 63 505 95
face 402 120 412 130
face 367 116 376 128
face 374 94 386 111
face 394 67 404 82
face 310 42 317 50
face 335 40 344 51
face 315 16 325 32
face 334 9 342 21
face 366 63 377 78
face 379 64 391 83
face 400 172 418 193
face 381 167 395 182
face 360 181 378 201
face 320 210 364 255
face 320 157 339 178
face 272 197 291 221
face 242 153 271 193
face 268 149 289 170
face 244 119 256 132
face 235 118 244 130
face 434 149 442 161
face 426 147 435 159
face 195 60 214 81
face 170 113 191 135
face 184 178 205 205
face 171 150 192 174
face 130 157 156 184
face 107 163 130 191
face 106 92 128 117
face 123 97 140 118
face 717 164 744 195
