face 135 463 159 512
face 148 490 177 517
face 313 227 343 275
face 438 117 469 169
face 22 483 58 517
face 866 449 893 487
face 823 385 852 422
face 749 411 775 445
face 692 395 722 434
face 586 411 617 446
face 564 406 593 443
face 555 357 578 381
face 477 370 504 403
face 873 364 897 391
face 648 310 668 337
face 678 290 693 313
face 361 341 390 370
face 363 301 384 325
face 55 298 77 318
face 0 298 8 320
face 716 383 738 411
face 671 335 691 357
face 883 330 904 350
face 713 421 730 447
face 907 406 930 436
face 723 265 734 281
face 929 248 938 261
face 948 173 958 186
face 928 174 937 185
face 979 174 988 187
face 951 232 959 243
face 928 234 937 246
face 851 224 862 237
face 906 174 914 188
face 882 177 891 188
face 862 183 872 194
face 582 279 601 307
face 756 160 766 174
face 746 266 758 283
face 496 229 504 241
face 592 349 615 377
face 450 361 473 399
face 343 302 361 323
face 26 231 35 243
face 990 165 999 177
face 864 246 875 260
face 904 237 911 245
face 839 248 848 258
face 936 430 960 463
face 747 380 770 409
face 719 334 734 351
face 185 228 214 268
face 36 275 55 295
face 33 259 51 281
face 132 186 139 196
face 741 158 749 168
face 778 169 785 180
face 795 161 802 173
face 812 160 820 171
face 887 168 895 178
face 784 242 796 255
face 883 237 889 244
face 813 266 824 278
face 802 481 829 517
