face 71 309 91 338
face 148 327 170 352
face 214 358 233 380
face 255 334 277 363
face 324 321 347 354
face 231 274 247 294
face 294 222 304 234
face 384 252 399 273
face 423 307 447 337
face 502 305 526 335
face 569 309 597 340
face 580 279 598 302
face 586 251 600 268
face 492 256 511 281
face 613 222 624 236
face 704 214 715 227
face 668 296 697 328
face 779 347 806 379
face 853 336 883 369
face 748 253 764 272
face 809 232 824 252
face 882 249 897 269
face 906 225 918 237
face 813 211 822 222
face 697 244 712 261
face 959 224 976 245
face 982 231 998 252
face 940 319 968 357
face 314 222 324 232
face 282 224 289 233
face 400 239 409 249
face 437 228 442 234
face 549 224 556 230
face 574 217 584 229
face 667 191 674 199
face 656 212 661 218
face 673 206 677 211
face 662 212 666 219
face 521 192 526 197
face 491 192 495 198
face 886 208 893 221
face 750 188 757 196
face 735 188 740 195
face 804 203 810 211
face 0 310 23 336
face 96 271 111 287
face 306 245 318 262
face 527 199 531 205
face 513 206 519 214
face 549 198 555 206
face 560 192 564 198
