face 331 519 345 538
face 381 477 395 490
face 376 514 388 530
face 302 610 317 628
face 331 606 352 632
face 325 645 341 663
face 375 631 395 656
face 364 602 378 617
face 378 572 393 588
face 412 562 430 584
face 429 624 449 644
face 445 613 462 622
face 434 593 448 610
face 412 658 433 672
face 453 643 470 662
face 481 642 497 655
face 491 634 508 647
face 521 634 529 645
face 530 617 548 644
face 507 576 521 595
face 521 573 541 598
face 524 529 537 544
face 547 527 563 544
face 572 539 585 554
face 560 499 573 520
face 549 479 563 494
face 415 481 427 495
face 443 481 452 495
face 453 487 464 503
face 494 475 508 493
face 512 502 525 519
face 762 625 782 647
face 802 646 821 668
face 723 631 743 647
face 697 592 713 605
face 623 628 644 647
face 657 642 683 663
face 698 652 711 667
face 745 636 766 670
face 732 647 754 672
face 625 612 643 626
face 603 664 631 672
face 302 664 325 672
face 897 284 905 294
face 933 284 943 294
face 929 312 938 322
face 861 327 871 337
face 929 327 939 336
face 906 323 913 338
face 554 420 564 432
face 567 430 579 446
face 986 262 995 277
face 969 264 977 276
face 681 164 686 172
face 699 168 704 173
face 702 154 707 159
face 732 169 736 173
face 518 283 525 292
face 968 217 972 221
face 974 216 981 225
face 973 197 979 206
face 784 265 794 274
face 826 280 834 290
face 821 275 829 284
face 824 270 835 276
face 807 278 815 288
face 753 272 761 283
face 871 240 879 249
face 835 250 842 259
face 685 253 692 264
face 667 252 676 262
face 654 197 660 206
face 703 220 708 226
face 674 211 680 222
face 710 198 713 203
face 702 203 708 209
face 728 252 736 262
face 720 258 728 267
face 716 250 722 256
face 721 244 724 248
face 685 242 692 252
face 695 246 704 254
face 742 244 751 250
face 727 234 735 244
face 896 203 902 209
face 756 172 759 175
face 793 172 798 179
face 791 175 796 184
face 818 191 824 198
face 865 182 871 186
face 882 183 891 190
face 806 169 812 175
face 867 225 872 232
face 880 225 885 230
face 828 190 836 200
face 844 201 851 207
face 843 164 849 170
face 805 298 816 304
face 801 291 805 298
face 233 463 247 481
face 232 485 248 503
face 157 545 171 565
face 202 541 220 560
face 137 583 159 608
face 160 593 174 610
face 181 617 200 633
face 183 655 206 672
face 218 625 237 643
face 243 604 259 626
face 205 587 218 607
face 249 566 263 582
face 280 526 296 543
face 300 520 314 537
face 302 561 320 579
face 532 493 547 512
face 595 545 606 552
face 597 556 616 565
face 616 526 632 548
face 649 530 663 545
face 686 505 703 523
face 628 473 642 488
face 638 486 651 506
face 683 478 697 494
face 724 475 738 491
face 661 566 674 580
face 674 546 683 560
face 618 569 633 591
face 654 603 670 621
face 710 573 726 589
face 741 547 758 569
face 768 544 786 562
face 778 523 795 540
face 954 639 981 670
face 930 643 947 667
face 901 644 931 671
face 956 592 972 612
face 915 608 932 619
face 911 578 925 595
face 858 599 875 615
face 843 631 867 659
face 833 541 850 563
face 807 567 821 591
face 786 563 802 581
face 756 576 773 599
face 761 597 780 615
face 739 228 747 237
face 679 223 688 233
face 684 215 694 225
face 761 264 767 271
face 769 265 775 271
face 759 251 764 257
face 769 237 777 245
face 764 228 772 235
face 791 232 798 239
face 799 245 805 252
face 796 239 802 246
face 808 245 812 251
face 738 192 743 197
face 762 210 766 221
face 779 205 787 214
face 794 220 799 226
face 825 241 831 247
face 843 225 848 232
face 847 245 852 250
face 862 243 867 247
face 889 233 895 239
face 894 246 901 255
face 932 248 939 255
face 914 230 920 240
face 935 209 941 216
face 946 210 952 216
face 947 192 952 196
face 939 200 943 206
face 925 187 929 193
face 928 204 931 210
face 890 191 895 197
face 534 300 542 309
face 455 398 468 411
face 493 433 500 446
face 502 442 515 451
face 512 388 522 399
face 549 398 560 413
face 515 366 522 377
face 559 357 571 370
face 569 288 577 296
face 578 330 588 343
face 583 315 593 327
face 542 259 548 268
face 565 249 572 256
face 859 292 868 302
face 877 289 885 298
face 592 458 605 474
face 608 435 620 449
face 644 464 656 476
face 702 462 716 480
face 555 384 568 399
face 564 469 577 483
face 601 382 612 395
face 590 385 599 396
face 657 334 665 341
face 594 346 604 358
face 623 378 634 391
face 638 386 650 401
face 673 370 685 384
face 680 395 691 403
face 687 419 699 437
face 713 391 724 402
face 740 397 749 410
face 596 289 603 297
face 601 278 607 286
face 606 316 614 327
face 613 288 620 297
face 787 321 796 331
face 804 303 812 315
face 821 325 831 334
face 682 352 692 364
face 672 318 680 329
face 583 231 590 239
face 597 245 604 253
face 654 275 663 286
face 686 310 695 320
face 679 300 688 311
face 721 314 730 327
face 686 283 693 292
face 693 271 700 281
face 751 287 759 297
face 761 300 769 309
face 771 297 781 305
face 852 268 862 279
face 610 250 617 259
face 629 249 637 255
face 964 234 970 240
face 940 231 947 238
face 953 218 960 225
face 962 218 966 223
face 851 218 862 231
face 936 219 942 225
face 792 282 798 287
face 641 239 649 245
face 570 302 577 308
face 723 353 730 360
face 747 324 754 331
face 486 531 502 549
face 413 529 428 550
face 390 618 403 640
face 281 594 299 620
face 219 596 226 604
face 831 577 845 595
face 332 227 339 236
face 680 205 685 213
face 689 206 697 211
face 975 254 981 260
face 992 256 1000 266
face 1002 259 1011 270
face 888 273 894 280
face 840 331 848 340
face 918 332 924 339
face 780 253 785 260
face 735 271 743 280
face 817 204 824 212
face 774 188 784 199
face 740 200 748 208
face 766 192 773 203
face 789 200 794 209
face 871 192 879 204
face 885 204 891 211
face 889 218 894 224
face 897 217 901 223
face 921 200 927 207
face 912 197 918 203
face 903 208 908 216
face 956 209 960 214
face 956 244 962 251
face 953 249 959 255
face 865 213 870 219
face 836 203 842 210
face 855 191 860 198
face 841 191 847 197
face 807 219 813 226
face 795 205 800 213
face 828 208 836 220
face 776 219 784 228
face 765 251 773 260
face 776 249 783 258
face 735 208 747 224
face 755 205 763 216
face 750 156 757 167
face 800 149 805 154
face 812 158 818 164
face 820 232 824 237
face 804 235 808 240
face 929 228 933 234
face 931 221 935 226
face 1016 225 1021 233
face 655 222 661 228
face 689 167 695 174
face 668 175 672 181
face 768 174 774 180
face 746 177 750 183
face 777 157 780 162
face 974 154 977 159
face 694 145 701 152
face 207 638 218 654
face 844 614 859 627
face 464 552 474 566
face 840 306 847 311
face 1000 220 1006 227
face 692 300 699 307
face 968 489 982 503
face 30 660 53 672
