face 108 499 126 519
face 0 483 22 504
face 231 423 248 441
face 360 436 372 450
face 304 493 322 516
face 238 548 267 563
face 49 601 88 633
face 77 404 91 417
face 376 539 406 560
face 427 460 442 474
face 307 391 321 406
face 366 373 376 385
face 447 377 462 393
face 536 375 547 390
face 521 427 536 446
face 564 457 576 472
face 477 444 491 455
face 114 359 123 367
face 164 352 176 364
face 205 375 219 390
face 41 365 51 374
face 8 374 18 384
face 6 338 16 346
face 17 335 24 343
face 36 326 44 334
face 45 329 52 336
face 162 337 170 345
face 200 348 210 358
face 212 308 220 315
face 100 299 106 305
face 95 326 103 336
face 187 343 194 352
face 178 329 185 336
face 178 304 184 312
face 309 325 318 334
face 293 321 302 330
face 306 346 315 356
face 397 362 406 372
face 373 356 383 365
face 340 356 349 367
face 335 336 344 348
face 397 329 407 340
face 384 318 391 328
face 417 339 428 351
face 425 348 432 359
face 442 325 450 334
face 464 337 475 351
face 413 377 422 388
face 383 285 389 293
face 289 301 297 312
face 379 338 387 347
face 499 357 512 370
face 454 307 462 319
face 603 482 621 497
face 649 476 669 494
face 663 443 681 462
face 735 433 753 456
face 773 414 788 433
face 739 378 751 394
face 693 365 705 380
face 575 362 585 374
face 680 544 705 576
face 747 480 769 505
face 617 421 629 437
face 839 569 906 631
face 869 428 892 456
face 908 417 928 438
face 948 474 974 503
face 856 386 873 410
face 853 367 866 380
face 813 340 825 356
face 829 326 839 338
face 808 307 816 318
face 887 338 898 348
face 1004 337 1016 352
face 1002 310 1015 328
face 957 275 965 283
face 648 349 657 360
face 689 330 698 341
face 754 326 764 338
face 731 295 739 306
face 715 407 727 424
face 646 331 656 341
face 592 317 600 326
face 505 325 513 334
face 535 326 543 335
face 572 345 580 354
face 603 333 612 345
face 867 306 874 315
face 601 319 612 331
face 658 314 664 322
face 393 298 402 309
face 412 321 422 335
face 252 336 261 348
face 52 338 62 347
