face 461 110 543 228
face 980 522 1001 549
face 956 506 976 531
face 929 521 948 545
face 923 491 939 514
face 929 452 948 474
face 964 449 979 471
face 1010 506 1024 533
face 1008 477 1024 505
face 886 515 910 543
face 856 487 876 512
face 896 460 917 487
face 865 449 883 474
face 849 424 866 446
face 882 404 902 427
face 932 415 947 435
face 954 399 969 423
face 990 433 1009 455
face 1001 416 1017 438
face 996 380 1010 401
face 826 476 842 499
face 837 460 852 481
face 821 449 837 471
face 800 506 825 535
face 771 501 793 530
face 730 525 755 555
face 709 503 732 532
face 656 502 680 533
face 791 493 805 514
face 772 470 791 494
face 622 405 641 430
face 206 528 228 556
face 262 531 285 559
face 340 490 361 511
face 284 494 302 516
face 209 488 229 513
face 267 476 284 493
face 158 483 176 507
face 134 465 153 488
face 102 477 120 499
face 89 468 107 490
face 955 316 972 336
face 967 345 983 366
face 943 342 958 361
face 886 319 906 344
face 907 266 923 286
face 865 265 878 283
face 843 314 860 333
face 811 289 826 306
face 816 259 832 277
face 755 334 771 353
face 779 321 792 339
face 729 318 744 338
face 701 280 715 300
face 773 281 787 300
face 750 270 762 285
face 770 262 782 279
face 770 249 784 264
face 715 252 729 272
face 664 256 677 276
face 682 227 698 249
face 724 229 739 247
face 778 205 792 224
face 769 182 782 198
face 724 181 739 198
face 677 182 693 200
face 634 181 647 199
face 585 176 599 196
face 628 248 640 263
face 946 222 960 242
face 957 199 970 217
face 982 220 994 237
face 998 177 1011 195
face 966 182 981 198
face 955 150 968 164
face 1006 363 1019 379
face 150 155 162 171
face 190 158 202 175
face 231 180 244 195
face 256 203 268 218
face 235 227 250 245
face 209 243 223 257
face 259 266 270 280
face 299 232 310 249
face 285 175 299 195
face 280 139 293 156
face 328 151 343 168
face 393 162 407 178
face 431 156 445 170
face 336 72 348 86
face 288 81 301 96
face 243 80 256 96
face 192 67 205 83
face 299 195 313 214
face 65 115 139 211
face 596 74 608 90
face 546 66 558 82
face 422 14 437 30
face 296 571 320 604
face 360 552 372 569
