face 708 406 717 415
face 640 420 647 429
face 481 207 500 226
face 370 170 391 192
face 1012 434 1019 445
face 963 467 967 474
face 933 465 938 473
face 294 394 304 406
face 196 428 203 438
face 124 457 130 467
face 47 450 55 460
face 158 432 163 440
face 89 435 94 442
face 105 420 109 428
face 66 417 74 428
face 46 409 51 415
face 26 396 32 404
face 95 410 100 418
face 140 403 145 410
face 4 373 8 380
face 6 359 11 367
face 94 375 99 382
face 41 392 47 400
face 12 390 18 396
face 69 354 74 362
face 118 431 124 439
face 77 436 81 441
face 72 464 77 472
face 212 441 217 450
face 232 421 236 428
face 250 446 256 453
face 242 441 247 447
face 26 428 32 436
face 6 408 10 414
face 158 390 162 396
face 177 420 181 428
