face 83 567 90 583
face 871 518 880 536
face 994 535 1005 554
face 1017 636 1024 654
face 960 493 966 505
face 102 562 111 579
face 987 481 998 499
face 994 471 1004 482
face 19 77 24 85
face 42 77 47 84
face 66 78 71 84
face 84 79 90 86
face 104 84 107 89
face 123 83 128 89
face 122 96 126 101
face 125 112 129 117
face 106 112 111 119
face 106 91 111 98
face 86 98 91 103
face 82 108 88 115
face 69 98 73 103
face 56 95 60 100
face 31 94 35 100
face 9 94 14 99
face 30 107 35 113
face 7 159 12 165
face 22 162 28 169
face 53 140 59 146
face 69 142 74 148
face 34 161 40 168
face 37 174 43 179
face 75 169 82 175
face 93 157 100 165
face 111 158 117 166
face 119 172 126 180
face 101 168 106 174
face 86 167 92 174
face 58 165 64 172
face 97 130 102 137
face 81 131 86 137
face 63 124 68 130
face 1 116 5 125
face 0 133 6 142
face 155 129 160 134
face 156 141 163 148
face 163 152 169 159
face 163 163 168 171
face 147 161 154 170
face 134 159 139 168
face 142 176 147 183
face 155 178 162 185
face 132 144 138 152
face 137 99 141 104
face 143 81 148 88
face 160 83 165 90
face 27 64 32 70
face 55 63 59 68
face 54 49 60 55
face 36 49 40 54
face 89 51 94 58
face 79 63 85 71
face 96 65 101 71
face 110 64 116 72
face 112 51 117 58
face 131 54 136 60
face 134 67 139 73
face 145 53 149 59
face 148 66 153 72
face 161 56 166 62
face 182 69 188 76
face 179 58 184 63
face 165 68 169 74
face 174 132 180 139
face 180 149 186 157
face 179 164 185 171
face 123 3 127 10
face 102 4 106 10
face 127 16 131 22
face 108 16 113 23
face 119 33 123 39
face 104 33 109 39
face 86 31 91 37
face 68 33 72 39
face 52 32 56 38
face 55 18 59 23
face 65 6 69 11
face 93 18 97 24
face 77 8 82 18
face 150 5 155 10
face 161 8 166 13
face 156 18 160 25
face 158 31 163 38
face 174 35 179 42
face 137 35 142 42
face 141 18 145 25
face 259 8 263 13
face 246 6 250 12
face 230 7 233 13
face 215 5 220 12
face 196 5 200 11
face 182 5 186 11
face 191 18 195 25
face 210 20 214 25
face 229 24 235 31
face 245 18 250 24
face 177 21 181 27
face 188 35 193 42
face 207 38 211 43
face 221 39 227 45
face 206 56 211 62
face 254 60 259 66
face 256 73 261 80
face 256 89 261 96
face 224 82 231 90
face 204 96 209 104
face 235 70 241 77
face 235 81 240 90
face 350 10 354 15
face 358 13 362 18
face 373 15 377 21
face 392 13 397 20
face 378 27 382 32
face 360 29 365 34
face 350 30 354 35
face 335 26 339 33
face 322 24 326 29
face 301 23 305 28
face 280 37 285 44
face 300 36 305 43
face 314 40 319 46
face 352 43 357 49
face 341 43 344 48
face 329 44 333 49
face 382 45 386 50
face 391 45 397 52
face 406 47 411 54
face 395 65 400 72
face 380 60 385 67
face 363 61 368 69
face 351 64 355 71
face 331 59 335 66
face 293 58 299 65
face 313 81 317 88
face 331 78 337 86
face 354 77 359 84
face 372 82 378 90
face 404 96 410 105
face 385 80 389 86
face 382 115 386 123
face 369 90 374 102
face 362 115 368 122
face 348 109 354 117
face 335 108 341 118
face 350 128 357 136
face 339 131 344 139
face 320 126 326 136
face 308 126 315 134
face 291 124 295 131
face 315 108 320 115
face 297 106 303 113
face 280 73 288 83
face 289 91 296 100
face 269 75 274 82
face 272 92 278 98
face 270 105 275 112
face 239 119 245 128
face 244 138 250 145
face 263 143 269 150
face 283 140 289 147
face 299 142 304 149
face 221 118 226 125
face 199 119 205 125
face 197 134 203 141
face 214 133 219 141
face 224 138 229 144
face 194 148 199 155
face 214 154 221 161
face 230 153 237 162
face 250 158 258 166
face 273 159 278 166
face 289 162 295 170
face 291 177 296 184
face 272 177 280 186
face 256 175 262 183
face 238 173 245 181
face 219 173 225 180
face 202 168 209 176
face 187 168 193 175
face 173 175 179 182
face 196 185 203 194
face 221 185 226 192
face 238 187 244 195
face 251 186 255 193
face 256 198 261 205
face 279 192 286 201
face 303 193 308 202
face 328 6 336 14
face 409 0 415 5
face 409 15 413 20
face 440 6 444 12
face 446 4 450 10
face 454 4 459 10
face 470 4 473 10
face 463 15 468 21
face 445 17 449 22
face 422 0 427 4
face 463 29 468 35
face 442 31 446 35
face 422 32 426 37
face 412 42 417 49
face 427 48 430 51
face 451 44 455 50
face 473 48 480 54
face 448 67 455 74
face 416 65 422 73
face 337 145 343 152
face 363 145 369 155
face 396 151 403 162
face 412 155 418 162
face 428 159 433 166
face 451 157 456 165
face 468 160 476 171
face 473 140 479 146
face 478 105 484 114
face 448 142 454 150
face 427 136 433 144
face 414 135 420 144
face 430 128 436 138
face 429 119 437 130
face 458 120 465 128
face 456 100 463 109
face 435 69 440 76
face 477 89 483 95
face 534 6 539 12
face 523 6 529 13
face 522 18 527 24
face 505 4 509 8
face 493 4 497 9
face 500 18 505 25
face 301 75 307 83
face 272 60 277 66
face 321 95 326 101
face 275 123 280 129
face 259 122 265 129
face 324 145 329 151
face 428 16 432 21
face 487 3 491 8
face 485 14 490 20
face 496 29 501 35
face 475 35 479 41
face 495 50 499 55
face 415 82 419 88
face 428 81 433 87
face 498 88 501 93
face 510 73 515 80
face 496 105 502 113
face 27 124 33 132
face 26 143 30 152
face 32 142 36 149
face 633 9 637 15
face 615 8 619 13
face 592 7 598 14
face 577 18 582 24
face 593 19 599 26
face 615 26 620 34
face 622 26 625 31
face 626 43 630 48
face 612 39 615 45
face 561 39 566 45
face 578 41 582 46
face 593 56 599 63
face 604 61 610 68
face 627 60 632 66
face 622 78 627 85
face 597 78 603 85
face 581 77 587 84
face 561 75 566 81
face 567 55 572 62
face 554 53 559 60
face 534 50 540 57
face 526 72 532 80
face 542 72 548 80
face 518 89 522 95
face 541 88 546 97
face 556 91 561 99
face 576 91 582 100
face 574 113 579 120
face 559 107 564 116
face 543 107 548 114
face 518 104 524 113
face 570 129 576 136
face 557 127 563 134
face 531 126 537 134
face 506 128 512 136
face 490 128 495 134
face 318 156 322 161
face 312 165 317 171
face 318 196 325 204
face 360 166 368 175
face 379 178 386 186
face 397 175 404 182
face 414 176 421 184
face 410 195 417 205
face 378 195 386 202
face 345 185 352 194
face 320 182 327 191
face 312 179 318 187
face 330 234 337 239
face 639 76 645 84
face 661 79 666 87
face 598 96 603 103
face 613 96 618 103
face 635 101 641 107
face 651 100 656 106
face 638 118 643 127
face 612 118 617 125
face 594 112 600 121
face 592 134 599 142
face 610 136 617 144
face 635 133 644 141
face 659 136 667 145
face 651 161 658 169
face 625 155 631 164
face 612 152 619 161
face 594 152 600 160
face 574 150 580 159
face 568 168 574 178
face 584 180 589 187
face 609 176 615 184
face 625 178 632 187
face 650 180 655 189
face 606 193 613 201
face 559 187 565 195
face 390 96 394 101
face 441 179 446 187
face 459 180 464 188
face 493 141 498 148
face 507 150 512 158
face 527 151 533 158
face 541 149 547 157
face 549 167 556 175
face 518 164 525 173
face 501 168 507 176
face 483 160 489 169
face 575 193 581 202
face 535 184 541 193
face 521 185 526 193
face 494 186 500 194
face 480 181 487 190
face 526 205 531 214
face 543 207 549 215
face 568 213 575 222
face 587 215 593 224
face 558 223 565 231
face 558 235 566 244
face 523 227 529 236
face 501 219 509 229
face 434 200 442 209
face 451 212 459 224
face 420 196 426 203
face 478 124 483 131
face 469 201 478 209
face 623 203 628 210
face 614 216 621 225
face 629 216 636 226
face 611 232 619 240
face 636 233 643 243
face 646 242 652 249
face 657 221 663 229
face 682 203 687 213
face 696 205 702 212
face 674 221 681 233
face 685 236 692 247
face 705 243 712 254
face 540 261 545 271
face 587 266 593 278
face 550 257 558 266
face 525 259 532 270
face 592 229 600 238
face 645 6 649 11
face 671 9 676 16
face 679 9 683 15
face 699 16 703 20
face 682 27 687 32
face 679 33 684 40
face 679 42 684 49
face 672 41 677 48
face 660 30 665 37
face 643 25 648 33
face 647 57 653 65
face 661 62 666 67
face 682 66 687 73
face 702 60 707 68
face 703 43 708 50
face 724 45 729 51
face 746 41 752 50
face 741 25 746 31
face 729 30 733 36
face 703 24 708 31
face 720 9 725 16
face 740 11 745 18
face 731 63 736 71
face 749 65 756 72
face 738 85 743 92
face 717 84 722 91
face 701 83 706 90
face 679 84 685 91
face 738 100 744 110
face 720 99 728 108
face 696 105 701 111
face 715 127 720 135
face 695 120 701 128
face 677 117 684 125
face 680 101 687 109
face 757 18 762 23
face 755 30 762 37
face 783 12 787 19
face 801 13 806 21
face 818 13 823 21
face 840 13 845 19
face 803 33 809 44
face 781 26 787 34
face 778 41 786 50
face 766 44 773 54
face 763 70 769 79
face 763 85 769 93
face 831 98 837 105
face 853 95 859 104
face 851 116 856 124
face 831 119 836 126
face 928 4 935 12
face 948 5 954 13
face 979 3 984 11
face 1007 17 1012 24
face 998 39 1004 45
face 976 24 981 31
face 960 21 964 27
face 939 18 944 24
face 912 18 916 24
face 1000 58 1005 65
face 975 58 981 66
face 966 41 970 48
face 955 35 961 43
face 942 37 947 47
face 915 38 920 45
face 890 41 895 48
face 878 53 884 60
face 899 59 904 65
face 921 58 927 66
face 926 73 932 81
face 947 58 952 66
face 948 79 954 87
face 968 82 974 89
face 999 83 1004 89
face 1017 80 1023 91
face 1001 103 1007 113
face 978 104 984 112
face 959 100 965 108
face 934 101 940 111
face 903 100 908 107
face 906 79 911 85
face 882 74 887 82
face 869 69 875 81
face 885 100 890 106
face 878 118 884 127
face 937 122 943 128
face 973 122 979 130
face 1020 129 1022 139
face 964 146 970 155
face 947 139 953 147
face 915 137 922 148
face 892 138 897 146
face 988 128 993 137
face 918 118 924 127
face 1018 169 1023 178
face 995 170 1002 178
face 972 185 979 194
face 964 167 970 177
face 940 165 946 174
face 952 187 958 196
face 935 208 940 218
face 917 189 923 196
face 908 206 914 214
face 917 228 923 237
face 948 239 954 249
face 896 181 904 192
face 892 158 898 166
face 861 136 868 144
face 863 157 869 165
face 845 151 853 160
face 822 153 830 160
face 817 175 824 183
face 840 176 846 184
face 864 183 870 190
face 861 199 868 208
face 882 211 888 219
face 865 224 872 233
face 886 236 892 243
face 832 216 839 225
face 823 203 828 212
face 800 226 805 233
face 775 215 782 224
face 775 144 782 156
face 806 189 814 199
face 1011 47 1018 59
face 987 84 996 90
face 916 161 922 168
face 1018 196 1023 206
face 1007 195 1012 204
face 1015 260 1022 272
face 1006 277 1014 289
face 845 267 853 274
face 875 271 882 278
face 725 185 732 195
face 752 164 760 172
face 754 211 760 219
face 749 226 757 236
face 809 266 817 275
face 750 260 756 267
face 177 113 183 119
face 243 104 249 110
face 260 107 265 114
face 208 129 212 136
face 184 180 191 187
