face 86 395 111 427
face 195 470 216 495
face 266 506 281 524
face 303 484 320 510
face 567 264 599 286
face 455 383 484 410
face 13 658 20 667
face 24 676 31 684
face 31 656 39 665
face 47 667 54 675
face 42 660 46 667
face 30 640 35 646
face 20 646 25 651
face 39 646 43 652
face 50 647 54 653
face 48 655 53 660
face 55 644 58 650
face 60 646 64 651
face 66 647 69 652
face 72 645 76 650
face 58 659 64 668
face 68 662 74 671
face 75 666 79 673
face 86 668 90 676
face 120 675 125 683
face 126 676 130 683
face 151 674 158 681
face 146 681 152 687
face 228 688 231 694
face 241 690 245 697
face 235 691 240 696
face 294 686 297 690
face 313 701 317 705
face 290 699 293 705
face 328 694 331 700
face 341 695 344 700
face 355 694 359 699
face 370 694 373 698
face 372 704 376 709
face 382 695 386 700
face 390 703 395 708
face 397 697 400 701
face 409 697 412 702
face 420 693 423 698
face 435 683 438 688
face 434 695 437 699
face 426 683 429 687
face 478 691 481 697
face 463 694 466 698
face 406 690 410 696
face 396 690 399 695
face 483 685 486 689
face 490 683 494 688
face 501 681 505 687
face 505 680 508 684
face 491 678 494 682
face 535 697 539 703
face 542 698 546 702
face 569 694 572 700
face 583 694 587 699
face 592 696 595 703
face 605 696 608 701
face 603 683 606 687
face 551 687 555 692
face 601 704 605 709
face 618 693 622 699
face 653 697 656 702
face 662 696 665 700
face 633 695 637 700
face 621 670 624 675
face 719 689 723 694
face 743 691 748 697
face 750 681 754 687
face 759 703 764 709
face 761 692 765 698
face 787 689 791 694
face 794 686 798 691
face 798 685 803 690
face 809 685 812 689
face 811 681 814 687
face 818 686 821 691
face 825 682 828 687
face 833 680 837 685
face 832 687 837 693
face 843 670 848 677
face 759 666 761 670
face 748 667 751 671
face 768 664 771 668
face 784 665 786 668
face 762 677 767 685
face 791 673 795 679
face 861 656 864 661
face 855 678 860 684
face 867 680 872 685
face 881 675 887 683
face 863 676 867 681
face 887 677 893 683
face 886 671 890 676
face 916 673 922 680
face 905 675 910 682
face 900 674 904 681
face 897 675 901 681
face 894 676 898 681
face 932 668 938 676
face 924 664 927 669
face 917 658 921 663
face 899 666 904 671
face 928 657 931 662
face 934 659 937 663
face 945 668 951 674
face 952 663 957 670
face 961 667 967 674
face 962 653 968 660
face 970 663 977 671
face 1015 666 1021 671
face 1013 677 1020 684
face 986 661 991 668
face 976 666 982 673
face 981 663 986 670
face 977 655 981 661
face 1009 646 1014 652
face 995 645 1000 651
face 988 652 991 658
face 985 644 989 648
face 975 646 978 651
face 970 650 974 655
face 983 635 986 639
face 690 387 715 415
face 839 190 866 226
