face 418 299 430 317
face 664 291 674 310
face 677 286 688 302
face 683 296 692 310
face 713 289 725 308
face 702 300 715 318
face 780 290 793 306
face 856 282 871 302
face 118 227 127 236
face 110 237 117 245
face 96 230 103 239
face 70 226 78 235
face 71 240 79 249
face 78 251 87 262
face 65 268 73 277
face 80 281 87 292
face 126 313 135 324
face 95 314 103 323
face 49 252 57 261
face 20 240 28 249
face 36 256 43 264
face 47 282 55 293
face 15 271 23 281
face 11 287 19 296
face 15 299 23 311
face 3 327 12 340
face 24 328 33 339
face 52 333 62 344
face 83 333 92 344
face 110 333 118 344
face 132 330 140 341
face 166 292 178 309
