face 230 174 248 196
face 95 240 118 268
face 409 55 431 77
face 240 152 256 170
face 427 266 447 291
face 50 131 67 156
face 121 113 136 130
face 144 98 161 120
face 180 96 198 124
face 248 117 265 140
face 152 152 172 174
face 157 177 177 202
face 186 185 207 210
face 78 148 94 170
face 1 55 9 86
face 566 133 582 150
face 610 143 628 168
face 584 162 601 182
face 544 194 561 216
face 362 116 377 138
face 152 28 167 43
face 102 174 120 191
face 44 188 64 210
face 820 18 833 37
face 900 26 918 50
face 409 125 428 144
face 765 147 785 173
face 812 107 830 126
face 869 84 892 112
face 905 106 922 129
face 897 86 921 110
face 983 246 1005 273
face 642 0 660 18
face 669 35 687 55
face 701 17 715 34
face 583 192 602 214
face 504 253 523 276
face 1 188 16 208
face 75 200 94 221
face 90 138 108 159
face 433 219 448 245
face 484 207 501 232
face 115 203 134 224
face 357 177 373 197
face 338 105 356 126
face 91 108 109 129
face 199 5 219 22
face 273 44 293 66
face 579 86 600 110
face 615 74 635 98
face 963 140 981 162
face 906 215 930 246
face 839 190 855 213
face 384 367 416 412
face 410 141 429 164
face 441 165 458 185
face 479 122 501 149
face 425 96 445 121
face 454 104 471 123
face 382 129 400 151
face 392 81 411 105
face 96 10 114 30
face 608 244 636 276
face 504 347 538 386
face 483 357 508 388
face 11 170 27 193
face 345 134 365 158
face 845 45 866 72
face 337 41 357 65
face 144 269 163 296
face 237 250 263 283
face 905 170 925 195
face 614 333 653 380
face 570 332 603 379
face 335 179 353 203
face 337 164 353 185
face 703 144 722 165
face 15 119 33 142
face 856 4 873 23
face 970 23 990 47
face 935 165 952 184
face 975 159 992 184
face 981 200 997 224
face 667 173 686 197
face 635 173 659 192
face 274 185 293 206
face 246 188 266 213
face 229 174 247 196
face 567 104 584 129
face 459 33 485 63
face 516 54 530 78
face 493 8 509 29
face 112 138 132 163
face 615 42 635 64
face 947 97 964 120
face 535 76 553 103
face 490 88 507 111
face 348 5 368 27
face 417 1 439 20
face 96 243 119 271
face 42 258 64 283
face 851 168 868 188
face 510 176 527 200
face 522 113 542 136
face 832 108 848 130
face 285 136 303 160
face 218 163 234 185
face 787 174 809 197
face 232 77 253 106
face 877 174 897 199
face 752 189 773 210
face 739 217 765 249
face 661 257 683 279
face 631 196 655 220
face 434 348 455 380
face 163 204 184 229
face 301 159 321 185
face 783 112 801 137
face 789 58 803 78
face 319 82 342 106
face 542 30 560 53
face 581 8 598 32
face 546 109 564 133
face 392 197 429 239
face 788 232 817 272
face 516 141 534 168
face 303 115 321 139
face 732 55 750 75
face 755 118 776 142
face 37 17 62 41
face 294 89 313 112
face 890 124 907 146
face 298 211 321 237
face 302 254 326 283
face 227 128 246 151
face 271 166 289 187
face 250 172 269 190
face 253 154 269 173
face 32 154 51 178
face 0 146 16 167
face 957 101 975 122
face 589 139 608 163
