face 145 305 166 334
face 171 276 193 303
face 241 283 260 312
face 193 340 213 365
face 232 318 253 347
face 292 292 311 314
face 359 312 378 340
face 397 322 416 346
face 467 264 488 292
face 418 316 438 347
face 479 320 500 343
face 509 316 532 343
face 139 415 160 442
face 134 456 155 484
face 206 432 228 460
face 247 420 267 448
face 323 382 343 410
face 289 460 309 489
face 330 449 352 476
face 370 405 392 433
face 377 450 399 481
face 436 414 456 439
face 462 422 485 453
face 514 421 537 452
face 431 447 456 477
face 504 470 528 502
face 364 514 387 544
face 579 301 600 336
face 642 314 660 340
face 713 319 733 345
face 777 306 799 335
face 863 326 882 351
face 550 467 571 494
face 596 422 615 453
face 646 422 668 450
face 656 460 675 490
face 708 416 731 448
face 761 427 783 455
face 818 474 839 500
face 893 487 915 516
face 46 449 67 478
face 209 301 226 327
face 601 296 621 321
