face 784 148 811 181
face 696 202 706 215
face 304 88 324 117
face 352 183 372 208
face 445 134 477 180
face 460 224 505 257
face 395 97 411 122
face 1026 474 1024 497
face 384 97 395 112
face 521 114 548 154
face 499 137 520 159
face 325 86 343 111
face 303 173 320 195
face 274 74 287 87
face 329 72 342 85
face 652 198 662 209
face 661 210 671 219
face 676 206 685 219
face 668 201 676 211
face 599 177 608 189
face 627 173 636 184
face 626 137 631 144
face 619 164 624 170
face 639 212 646 221
face 418 108 437 133
face 359 94 375 111
face 612 188 622 199
face 653 178 663 189
face 634 220 654 237
face 550 127 559 139
face 593 112 605 125
face 665 182 671 193
