face 393 245 402 256
face 368 255 379 271
face 356 235 362 244
face 382 241 387 249
face 298 254 309 268
face 256 264 271 283
face 577 265 584 279
face 595 259 604 272
face 542 256 549 266
face 576 374 587 385
face 144 184 151 195
face 128 192 135 199
face 103 190 110 200
face 76 185 85 197
face 20 189 27 199
face 54 285 66 308
face 72 267 86 290
face 104 259 119 276
face 143 258 155 276
face 124 257 138 276
face 48 259 59 273
face 5 266 13 287
face 14 253 27 268
face 864 158 870 165
face 964 140 971 151
face 900 272 908 282
face 945 276 954 288
face 838 273 850 289
face 830 264 838 276
face 805 275 816 292
face 794 261 802 271
face 786 264 794 275
face 769 265 778 276
face 760 262 768 271
face 745 273 754 283
face 698 278 706 290
face 723 258 732 272
face 708 257 718 268
face 689 260 698 271
face 658 274 667 282
face 671 259 680 270
face 638 232 647 243
face 626 229 630 236
face 632 267 638 278
face 614 259 622 271
face 928 323 939 349
face 1012 270 1020 280
face 953 265 964 283
face 891 264 898 274
face 331 212 336 217
face 317 212 321 217
face 304 209 307 213
face 182 190 189 198
face 203 189 211 198
face 176 259 191 283
face 229 257 247 277
face 209 244 224 268
face 357 266 372 284
face 197 341 221 370
face 424 394 442 416
face 456 398 474 433
face 318 274 328 293
face 543 279 552 290
face 493 270 500 283
face 478 273 488 289
face 459 260 470 277
face 477 250 486 260
face 509 252 517 261
face 550 230 555 237
face 595 226 602 232
face 495 238 500 243
face 419 268 430 283
face 401 276 409 286
face 420 249 429 265
face 441 246 450 261
face 392 232 401 241
