face 856 255 870 282
face 428 316 457 353
face 192 230 218 264
face 84 157 102 181
face 115 118 130 140
face 93 92 102 106
face 51 65 57 73
face 25 57 30 62
face 136 65 140 74
face 166 65 172 73
face 252 74 259 81
face 276 76 281 83
face 111 264 144 316
face 68 281 104 349
face 478 274 500 308
face 425 269 445 299
face 331 181 348 200
face 394 194 413 219
face 344 221 358 242
face 372 107 380 120
face 389 103 399 116
face 463 98 470 107
face 527 185 541 207
face 608 170 618 187
face 637 164 643 176
face 663 171 673 190
face 476 146 490 163
face 495 106 503 119
face 537 140 551 156
face 585 143 594 153
face 554 138 566 151
face 647 144 657 156
face 608 135 616 146
face 614 150 625 163
face 547 165 557 181
face 716 185 729 203
face 713 166 726 183
face 771 181 784 201
face 819 188 832 209
face 897 190 910 211
face 924 193 938 213
face 872 191 883 209
face 857 205 869 223
face 955 183 970 201
face 847 176 859 193
face 882 165 893 181
face 972 196 984 217
face 824 168 834 180
face 812 169 822 184
face 791 173 807 195
face 844 156 853 172
face 897 222 914 238
face 786 227 796 245
face 1011 187 1023 210
face 979 330 1005 372
face 757 173 768 191
