face 70 308 102 343
face 121 301 152 337
face 185 312 215 347
face 260 282 290 317
face 323 296 351 331
face 380 288 409 324
face 450 306 479 338
face 523 306 552 339
face 581 323 606 354
face 669 283 699 317
face 760 334 791 367
face 696 337 724 371
face 678 398 708 431
face 762 414 793 448
face 607 394 636 431
face 546 381 576 416
face 477 388 507 419
face 922 363 955 399
face 874 354 906 391
face 842 348 870 380
face 824 336 847 369
face 387 486 415 517
face 458 480 485 513
face 521 483 551 519
face 607 488 638 523
face 678 492 709 527
face 735 503 769 538
