face 902 342 917 361
face 981 287 990 299
face 944 256 953 267
face 1002 281 1012 295
face 1016 293 1024 307
face 832 323 849 346
face 777 287 797 315
face 724 320 742 337
face 704 193 712 206
face 854 197 861 206
face 665 235 684 257
face 624 264 643 293
face 549 291 568 319
face 477 318 495 345
face 394 289 415 313
face 333 289 357 314
face 407 190 416 203
face 448 199 457 211
face 112 416 137 440
face 2 394 22 422
face 82 190 92 205
face 2 191 13 204
face 973 340 988 360
face 911 324 923 340
