face 980 310 1022 348
face 962 318 985 348
face 966 197 987 217
face 860 320 918 376
face 849 329 872 368
face 849 211 870 231
face 781 213 798 233
face 760 217 779 236
face 705 227 725 244
face 841 345 856 366
face 218 404 250 440
face 328 390 364 427
face 426 366 449 393
face 452 354 471 382
face 465 363 500 401
face 552 356 592 397
face 630 352 665 390
face 632 210 654 235
face 600 248 614 264
face 568 227 586 248
face 546 240 566 263
face 508 245 529 264
face 455 224 480 249
face 440 241 458 261
face 344 212 369 241
face 278 263 297 287
face 238 274 258 297
face 221 249 244 271
face 676 345 720 396
face 179 386 207 419
face 94 134 136 186
face 793 340 825 379
face 922 321 947 358
