face 214 355 281 426
face 313 330 348 392
face 288 251 332 301
face 413 240 437 268
face 143 262 186 306
face 128 242 156 277
face 93 225 110 261
face 212 221 244 258
face 333 210 348 232
face 539 283 581 331
face 600 261 629 298
face 724 246 749 276
face 801 218 821 240
face 467 184 494 214
face 890 178 910 200
face 844 195 865 221
face 773 190 790 216
face 809 192 830 209
face 714 194 726 210
face 740 160 751 173
face 835 176 846 187
face 787 160 799 174
face 873 175 882 189
face 834 137 841 149
face 821 170 831 182
face 881 159 888 166
face 895 134 902 149
face 535 128 542 139
face 543 134 549 144
face 480 132 486 140
face 490 166 497 177
face 194 183 207 197
face 175 171 186 184
face 217 168 223 176
face 85 357 107 400
face 637 172 648 184
face 678 198 695 221
face 998 261 1024 299
face 873 286 911 324
face 772 134 782 144
face 851 129 861 143
face 931 128 943 143
face 996 124 1009 139
face 587 168 600 184
face 613 169 621 182
face 551 171 563 184
face 542 207 575 238
face 140 203 155 221
face 190 219 204 241
face 150 187 166 203
face 226 192 249 225
