face 157 99 166 110
face 481 601 503 635
face 737 607 746 618
face 625 601 632 611
face 673 608 679 616
face 652 608 660 617
face 12 828 26 842
face 142 857 153 868
face 351 873 354 880
face 395 864 403 873
face 478 871 484 879
face 410 865 417 873
face 511 843 546 884
face 565 831 597 865
face 629 830 659 866
face 720 844 758 886
face 183 101 192 110
face 131 104 138 112
face 106 101 113 109
face 316 66 338 97
face 355 78 372 102
face 375 60 393 84
face 417 69 441 98
face 446 78 464 105
face 494 66 508 84
face 494 71 536 136
face 568 91 589 121
face 628 77 666 124
face 716 41 774 117
face 249 322 268 348
face 335 289 365 328
face 392 321 410 341
face 468 322 496 355
face 543 293 561 320
face 618 282 638 308
face 693 275 715 304
face 836 326 845 343
face 888 352 898 364
face 985 322 998 337
face 148 566 161 581
face 129 574 136 587
face 177 564 186 579
face 250 613 277 652
face 314 614 336 644
face 402 604 426 634
face 776 109 785 117
face 477 588 495 612
face 698 610 704 617
face 475 861 482 869
face 269 864 282 891
