face 664 213 689 255
face 809 215 830 249
face 868 223 887 259
face 942 208 958 231
face 746 227 770 259
face 572 213 592 250
face 596 208 608 225
face 632 193 648 211
face 391 251 421 292
face 248 282 278 314
face 338 228 356 257
face 356 220 370 245
face 302 213 315 230
face 223 197 239 221
face 267 228 281 247
face 280 189 290 211
face 371 176 382 194
face 396 185 406 200
face 410 195 424 213
face 360 201 374 221
face 512 212 530 233
face 474 217 497 246
face 445 218 461 240
face 240 183 252 204
face 138 218 156 238
face 109 185 120 199
face 128 191 138 205
face 77 186 87 199
face 26 181 38 199
face 198 181 209 197
face 99 173 107 183
face 303 175 312 185
face 457 178 466 193
face 679 191 694 212
face 839 221 853 242
face 445 202 457 216
face 91 168 96 175
face 419 217 439 252
face 617 244 634 270
face 559 178 568 188
