face 241 340 256 357
face 199 319 213 336
face 180 339 193 357
face 295 339 300 351
face 474 342 487 356
face 432 307 440 321
face 514 299 525 315
face 410 346 423 362
face 331 374 339 389
face 395 369 402 383
face 426 378 433 392
face 475 382 483 395
face 570 392 580 406
face 553 315 564 331
face 626 299 639 313
face 678 295 687 309
face 716 282 727 294
face 693 276 702 288
face 662 261 672 275
face 653 286 663 297
face 558 304 571 317
face 678 388 686 401
face 703 303 711 313
face 759 357 764 370
face 816 297 827 312
face 808 315 819 328
face 782 255 792 267
face 851 349 861 363
face 822 334 830 349
face 878 316 885 325
face 965 326 975 341
face 890 235 898 246
face 676 322 682 336
face 546 388 556 398
face 861 276 871 292
face 966 241 972 247
face 770 291 782 306
face 620 322 629 336
