face 950 232 978 265
face 837 208 873 250
face 891 368 930 412
face 774 348 811 386
face 753 220 784 258
face 694 245 726 275
face 623 257 657 292
face 671 357 706 395
face 563 330 597 373
face 563 250 596 285
face 549 198 582 231
face 688 194 701 207
face 640 194 655 208
face 734 193 747 213
face 937 169 951 183
face 471 328 507 365
face 437 235 468 268
face 371 323 405 365
face 333 243 366 284
face 352 230 378 263
face 257 177 287 218
face 224 201 263 243
face 253 347 286 390
face 287 330 317 375
face 97 174 127 216
face 927 80 939 95
face 949 63 961 75
face 1001 44 1014 62
face 981 25 994 42
face 920 24 931 37
face 924 8 935 22
face 895 61 908 75
face 888 135 902 152
face 834 132 848 143
face 804 150 817 169
face 788 125 805 142
face 790 52 801 65
face 832 42 845 55
face 836 28 849 41
face 770 22 784 37
face 729 65 742 79
face 739 119 754 137
face 704 120 718 137
face 702 152 716 171
face 735 137 750 156
face 868 153 884 173
face 973 143 987 157
face 984 177 997 191
face 954 128 966 143
face 703 27 713 40
face 672 60 687 77
face 579 94 593 111
face 625 59 639 73
face 559 27 570 40
face 503 26 514 37
face 451 17 463 31
face 418 38 430 52
face 466 112 479 129
face 512 115 527 130
face 540 115 554 129
face 543 148 557 164
face 579 132 593 147
face 625 138 638 153
face 643 142 657 160
face 469 64 483 80
face 445 99 457 112
face 423 113 438 129
face 434 133 448 149
face 483 156 499 170
face 670 6 683 18
face 376 133 392 150
face 525 47 536 60
face 517 2 529 13
face 580 5 593 18
face 599 2 610 10
face 624 1 636 11
face 362 27 373 38
face 341 31 352 43
face 306 21 318 33
face 299 82 314 96
face 370 106 383 120
face 324 106 335 117
face 335 142 348 160
face 300 140 315 155
face 271 135 282 147
face 174 54 187 69
face 229 80 242 97
face 115 80 128 94
face 21 104 34 118
face 50 43 63 54
face 246 133 261 151
face 215 132 228 142
face 106 43 119 56
face 93 41 105 54
