face 853 405 887 454
face 700 410 737 448
face 558 399 596 455
face 439 411 477 462
face 308 414 345 457
face 163 400 201 447
face 873 297 908 348
face 769 256 800 299
face 763 213 791 252
face 677 249 707 291
face 598 248 632 285
face 513 238 545 280
face 442 240 478 279
face 355 235 389 284
face 245 241 278 285
face 693 200 720 235
face 626 197 653 230
face 551 185 582 218
face 449 182 479 214
face 354 180 387 216
face 289 175 318 216
face 214 181 245 218
face 147 245 180 287
face 50 304 89 354
