face 229 233 252 275
face 266 178 292 238
face 357 190 368 202
face 410 176 422 190
face 416 251 451 307
face 400 195 412 214
face 501 188 515 207
face 514 191 528 208
face 549 206 582 271
face 492 255 524 297
face 540 251 565 295
face 446 257 473 300
face 624 187 653 226
face 689 169 716 215
face 686 180 701 207
face 727 168 740 190
face 740 184 750 195
face 781 154 818 200
face 827 161 847 183
face 846 185 861 206
face 875 152 908 193
face 897 187 931 228
face 912 154 939 195
face 961 160 986 191
face 1013 161 1024 197
face 387 238 406 265
face 378 267 391 284
