face 856 362 866 378
face 918 358 927 370
face 943 378 950 390
face 953 381 959 393
face 980 394 985 403
face 904 403 910 410
face 894 406 900 412
face 826 373 835 383
face 815 374 824 384
face 798 377 809 390
face 765 357 777 370
face 793 376 801 387
face 837 376 843 384
face 849 359 858 372
face 985 433 991 444
face 992 432 997 445
face 909 439 918 453
face 892 444 900 455
face 902 432 910 444
face 937 445 946 457
face 914 464 922 483
face 926 499 940 522
face 902 516 923 530
face 925 537 938 557
face 944 506 959 536
face 973 547 989 566
face 1005 568 1022 599
face 993 580 1014 602
face 740 380 750 390
face 669 366 679 379
face 604 354 624 376
face 584 363 605 386
face 550 361 567 381
face 444 355 458 374
face 427 365 442 387
face 390 364 404 378
face 404 354 416 366
face 362 351 379 373
face 334 342 357 363
face 493 355 510 378
face 299 373 316 394
face 280 376 298 397
face 219 368 234 387
face 248 379 269 405
face 198 370 214 390
face 179 369 197 390
face 111 369 129 391
face 85 355 103 377
face 34 375 54 403
face 9 375 27 394
face 976 520 990 551
