face 44 339 65 362
face 80 333 102 356
face 134 324 152 347
face 162 320 179 338
face 228 328 241 342
face 198 317 209 331
face 247 307 259 324
face 261 291 273 308
face 272 285 281 299
face 324 278 334 292
face 339 280 347 293
face 353 279 361 292
face 177 321 188 338
face 383 269 393 281
face 412 266 421 279
face 435 252 443 263
face 447 249 455 259
face 524 236 533 246
face 479 242 487 253
face 538 234 547 245
face 404 263 412 272
face 420 261 429 272
face 898 212 909 225
face 1002 181 1016 198
face 488 250 496 260
