face 719 54 729 68
face 749 47 762 60
face 839 5 851 22
face 1014 145 1023 164
face 886 163 895 176
face 803 143 847 202
face 679 170 725 227
face 167 135 213 195
face 298 196 344 259
face 388 163 409 195
face 463 121 505 181
face 569 177 612 233
face 613 257 656 317
face 498 241 541 305
face 378 238 424 303
face 191 277 242 343
face 293 302 335 363
face 398 350 444 410
face 509 339 556 400
face 644 371 687 437
face 708 284 749 349
face 780 281 821 344
face 674 74 684 87
face 360 18 368 27
face 437 15 449 26
face 392 11 403 24
