face 600 192 625 227
face 2 309 21 343
face 31 372 44 409
face 47 393 70 424
face 159 411 184 442
face 88 374 114 402
face 202 388 224 413
face 238 432 255 458
face 247 421 265 450
face 228 374 254 411
face 251 368 279 402
face 265 392 287 423
face 340 377 353 408
face 353 401 377 431
face 466 389 487 424
face 452 158 478 197
face 414 199 447 225
face 680 235 693 262
face 610 326 630 354
face 553 351 578 382
face 578 389 607 420
face 679 424 700 452
face 756 374 781 402
face 794 389 818 426
face 812 429 830 460
face 860 403 883 433
face 858 354 881 385
face 872 371 898 404
face 900 356 928 388
face 940 310 961 339
face 208 408 222 430
face 215 408 229 426
