face 661 126 686 155
face 124 39 134 51
face 185 41 194 52
face 859 456 901 508
face 606 237 626 262
face 980 324 1015 362
face 1008 289 1024 328
face 977 260 1017 299
face 863 350 908 388
face 927 322 972 364
face 863 265 904 301
face 840 324 883 363
face 799 361 841 399
face 763 432 805 480
face 727 501 776 549
face 693 457 751 510
face 681 481 724 527
face 708 422 764 463
face 780 318 822 364
face 774 355 813 396
face 765 298 804 340
face 781 264 820 303
face 727 273 767 315
face 562 555 621 617
face 522 583 576 633
face 476 582 538 632
face 445 627 467 658
face 453 647 477 673
face 487 478 540 534
face 638 428 679 471
face 619 393 663 433
face 517 420 573 476
face 710 334 748 384
face 684 327 726 373
face 646 300 686 349
face 655 273 690 312
face 620 255 655 288
face 615 285 663 328
face 554 376 593 425
face 563 451 608 514
face 529 259 556 283
face 486 261 530 297
face 471 313 514 362
face 477 393 517 443
face 424 421 473 470
face 363 496 420 547
face 301 570 359 627
face 270 547 323 603
face 270 485 310 534
face 328 402 385 450
face 405 363 446 409
face 371 319 407 359
face 456 254 492 292
face 388 266 431 300
face 238 548 285 598
face 147 552 201 606
face 102 557 139 605
face 79 540 126 584
face 221 427 260 481
face 176 386 210 426
face 281 310 326 349
face 353 238 392 273
face 271 259 303 297
face 80 464 123 508
face 8 510 59 561
face 24 462 56 497
face 101 356 154 393
face 147 323 180 358
face 137 310 172 342
face 90 328 129 367
face 162 246 203 285
face 209 267 242 308
face 37 337 63 366
face 6 263 36 303
face 103 264 132 299
face 961 211 1006 246
face 1007 182 1024 216
face 942 187 970 218
face 883 219 911 251
face 911 182 938 209
face 904 177 925 200
face 947 113 965 139
face 936 83 955 107
face 959 95 979 117
face 872 70 885 92
face 849 75 867 99
face 924 63 942 84
face 893 88 909 107
face 859 45 875 61
face 807 142 837 173
face 801 234 833 265
face 755 215 787 249
face 667 241 696 276
face 661 272 693 305
face 699 207 733 239
face 657 211 683 233
face 668 181 691 209
face 712 171 731 198
face 778 156 801 177
face 779 128 797 151
face 802 97 821 122
face 876 101 897 129
face 852 93 876 115
face 972 0 998 13
face 841 35 859 56
face 747 25 763 44
face 760 101 776 122
face 738 112 756 142
face 699 118 720 135
face 686 143 706 163
face 714 107 736 125
face 687 82 709 106
face 691 25 706 42
face 721 21 739 37
face 820 48 831 59
face 852 13 865 33
face 569 220 599 249
face 591 199 623 231
face 560 188 591 216
face 599 164 625 193
face 624 144 650 174
face 550 154 579 182
face 579 140 601 167
face 542 139 568 169
face 554 113 577 140
face 635 116 656 139
face 607 125 626 155
face 609 99 630 123
face 642 83 661 100
face 580 84 596 103
face 609 77 627 97
face 623 62 638 80
face 638 67 655 86
face 584 59 600 80
face 538 116 558 140
face 486 137 518 168
face 491 219 526 252
face 515 179 549 213
face 507 184 534 214
face 498 189 523 217
face 526 31 543 51
face 519 82 538 100
face 461 27 486 51
face 467 86 483 103
face 447 101 465 121
face 442 239 472 271
face 422 238 449 269
face 428 208 450 239
face 444 200 472 227
face 344 179 375 214
face 269 220 297 250
face 228 231 261 265
face 166 216 202 256
face 249 172 281 206
face 375 184 403 212
face 430 133 453 164
face 385 150 412 177
face 360 146 385 171
face 333 169 361 192
face 333 157 359 188
face 320 133 348 161
face 354 121 381 146
face 394 113 414 139
face 365 96 388 121
face 383 96 403 121
face 419 68 432 82
face 368 66 392 90
face 445 64 463 81
face 370 13 385 29
face 368 41 386 63
face 403 35 423 52
face 408 11 422 26
face 400 0 413 12
face 316 89 339 108
face 280 99 301 120
face 251 154 275 177
face 241 125 266 152
face 292 34 312 54
face 283 37 300 57
face 302 13 317 29
face 277 16 293 33
face 271 14 286 33
face 243 32 262 48
face 231 70 248 90
face 219 112 236 132
face 116 225 144 256
face 103 211 130 242
face 163 170 186 198
face 156 200 178 228
face 78 125 109 154
face 146 95 169 124
face 0 148 22 170
face 0 108 16 135
face 117 84 140 112
face 113 0 128 15
face 51 0 64 7
face 37 94 46 103
face 1017 40 1024 85
face 127 15 144 36
face 137 66 156 86
face 0 55 5 69
face 406 216 428 247
face 248 196 284 231
face 617 520 671 574
face 951 630 995 683
face 914 601 967 652
face 827 628 889 680
face 774 600 829 655
face 798 540 849 584
face 970 540 1007 579
face 996 374 1022 405
face 965 494 1008 546
face 906 292 932 329
