face 266 457 297 490
face 295 495 337 535
face 130 418 163 454
face 168 461 204 499
face 209 441 239 476
face 309 439 340 478
face 259 420 290 459
face 69 478 112 524
face 7 485 53 535
face 306 414 333 446
face 343 393 359 412
face 164 426 197 459
face 212 403 235 430
face 243 421 262 443
face 288 427 308 450
face 289 400 310 424
face 89 397 113 422
face 48 429 72 453
face 34 387 56 414
face 114 343 128 358
face 225 385 241 401
face 177 403 196 425
face 148 392 166 412
face 126 376 142 392
face 172 374 186 391
face 295 380 309 395
face 161 349 171 360
face 207 381 222 398
face 183 367 196 381
face 183 352 192 362
face 335 378 349 393
face 281 374 294 390
face 51 408 75 434
face 13 375 25 390
face 156 336 164 348
face 156 606 262 683
face 167 531 243 611
face 198 484 236 524
face 360 378 378 399
face 312 479 355 530
face 385 538 465 620
face 621 507 664 557
face 453 453 497 503
face 434 448 468 486
face 420 427 448 457
face 426 630 518 683
face 668 582 744 667
face 433 508 490 568
face 739 485 801 548
face 669 459 701 495
face 584 458 627 503
face 581 413 611 443
face 572 452 611 493
face 501 343 535 381
face 611 420 633 443
face 655 421 680 451
face 652 399 681 425
face 576 378 597 401
face 434 386 453 407
face 641 382 660 404
face 546 375 560 392
face 440 415 465 439
face 419 390 436 407
face 455 382 475 405
face 473 370 486 387
face 613 360 627 376
face 598 383 613 401
face 556 359 568 373
face 571 360 584 374
face 579 344 589 357
face 666 339 675 349
face 674 383 689 403
face 492 333 505 346
face 494 381 511 398
face 412 380 425 393
face 397 400 411 417
face 383 380 396 396
face 741 445 772 479
face 878 463 917 508
face 824 437 857 478
face 806 413 827 438
face 824 424 849 452
face 930 419 963 458
face 888 392 904 415
face 850 388 870 411
face 872 381 889 399
face 870 396 883 411
face 796 397 820 425
face 760 416 789 448
face 727 400 745 423
face 770 382 791 404
face 692 400 711 421
face 929 400 956 429
face 934 337 953 362
face 754 373 774 393
face 638 336 650 355
face 720 378 741 399
face 741 378 748 386
face 770 363 778 371
face 800 374 810 385
face 898 514 958 578
face 817 594 915 683
face 951 470 995 517
face 1010 444 1024 490
face 950 422 980 453
face 980 408 1004 434
face 1011 365 1024 382
face 999 387 1017 407
face 989 379 1005 396
face 988 334 1003 351
face 969 339 981 352
face 897 338 907 351
face 889 341 899 354
face 867 370 876 381
face 879 374 890 385
face 451 335 461 346
face 441 329 451 340
face 479 362 488 372
face 409 326 418 336
face 425 413 444 432
face 1013 302 1024 316
face 997 299 1008 311
face 990 294 998 305
face 981 291 991 303
face 968 298 977 309
face 930 299 939 309
face 918 321 927 332
face 903 313 913 325
face 902 298 911 309
face 855 306 865 319
face 919 305 927 315
face 941 298 950 308
face 959 301 967 310
face 728 341 737 351
face 685 328 694 337
face 540 259 546 267
face 319 328 324 335
face 309 376 322 391
face 451 357 461 369
face 489 359 499 371
face 96 360 102 370
face 252 384 266 400
face 239 401 254 421
face 259 374 271 386
face 403 381 416 396
face 468 308 477 321
face 335 361 346 372
face 302 358 313 369
face 318 363 327 374
face 255 356 265 366
face 210 365 220 377
face 196 379 211 395
face 321 344 326 352
face 348 333 355 341
face 324 361 335 372
face 288 357 297 367
face 274 363 283 372
face 230 361 241 373
face 305 339 312 349
face 268 347 275 355
face 345 352 352 359
face 245 361 255 372
face 391 328 400 340
face 371 324 380 335
face 361 360 370 370
face 540 372 553 387
face 527 381 538 393
face 463 366 473 378
face 621 346 630 358
face 607 301 614 310
face 593 366 606 379
face 627 380 637 396
face 830 372 844 387
face 1002 440 1024 471
face 155 372 166 386
face 45 365 52 374
face 36 330 45 339
face 714 438 743 469
face 611 381 625 398
face 567 381 583 400
face 119 390 129 402
face 120 409 130 423
face 491 586 546 643
