face 404 214 481 291
face 294 172 347 228
face 208 196 257 240
face 532 171 568 211
face 363 181 408 231
face 392 204 450 268
face 289 198 328 244
face 210 285 251 330
face 171 213 212 263
face 142 191 187 255
face 38 193 72 242
face 48 243 76 278
face 923 490 1024 683
face 714 383 831 501
face 890 334 950 399
face 697 253 771 346
face 532 290 599 388
face 649 206 684 249
face 957 274 1001 322
face 992 238 1024 277
face 883 257 908 287
face 720 203 745 232
face 886 234 909 259
face 960 218 975 238
face 902 199 910 209
face 988 207 1001 218
face 636 195 656 219
face 586 166 595 177
face 713 188 724 201
face 930 198 936 205
face 640 163 646 170
face 628 172 635 181
face 810 231 850 290
