face 988 291 1009 313
face 994 320 1022 350
face 948 316 967 340
face 979 299 996 319
face 937 295 954 315
face 960 254 969 265
face 922 313 951 345
face 895 298 913 316
face 913 306 924 319
face 885 335 904 356
face 876 314 893 332
face 844 328 866 351
face 853 302 869 320
face 842 316 857 332
face 835 245 848 262
face 826 349 841 377
face 806 314 821 329
face 789 339 806 357
face 754 335 769 352
face 707 293 728 317
face 744 302 761 319
face 747 287 765 309
face 671 350 688 371
face 652 364 671 383
face 647 348 663 368
face 656 307 664 316
face 776 392 809 438
face 608 362 626 380
face 565 353 591 379
face 492 383 517 411
face 413 391 441 426
face 367 390 392 420
face 142 460 225 543
face 294 443 344 505
face 108 423 124 439
face 305 407 321 426
face 291 391 300 406
face 87 454 105 477
face 42 424 50 435
face 80 412 92 423
face 117 403 123 413
face 129 390 133 396
face 105 403 115 413
face 281 394 292 408
face 206 402 215 412
face 233 392 242 402
face 459 133 479 156
face 467 381 477 391
face 441 381 453 398
face 677 406 684 416
face 730 349 738 361
face 152 397 159 404
face 146 395 153 405
