face 257 165 277 191
face 215 164 229 182
face 149 165 164 183
face 87 162 103 179
face 26 160 41 178
face 129 267 150 287
face 251 268 270 292
face 364 67 387 94
face 437 65 458 93
face 520 37 540 56
face 366 255 388 280
face 474 254 498 282
face 567 55 591 83
face 648 57 673 84
face 727 52 755 83
face 585 151 604 170
face 641 149 657 167
face 695 149 716 167
face 754 149 771 168
face 579 259 603 285
face 682 260 706 291
face 788 394 800 407
face 693 389 702 403
face 712 391 722 402
face 764 391 774 405
face 752 391 762 401
face 447 304 483 360
face 522 380 587 431
face 21 72 35 89
face 88 69 101 86
face 148 66 161 84
face 213 64 228 84
face 279 63 295 80
