face 12 170 31 191
face 108 186 125 204
face 49 226 70 250
face 187 178 204 201
face 247 168 262 187
face 206 173 220 189
face 299 176 313 196
face 334 180 345 195
face 353 169 367 186
face 372 177 385 194
face 406 162 422 184
face 423 164 438 187
face 463 178 482 201
face 460 156 477 178
face 369 236 388 258
face 263 219 281 245
face 220 228 259 285
face 316 213 342 284
face 713 162 745 198
face 751 116 776 154
face 665 174 690 210
face 693 159 713 190
face 591 127 617 163
face 528 168 549 195
face 513 168 527 191
face 970 168 1024 217
face 898 171 933 214
face 116 179 128 195
face 331 221 342 237
