face 0.9354407787322998 616 231 820 429
face 0.9198907017707825 229 152 452 392
face 0.7050737738609314 30 102 103 214
face 0.20118004083633423 30 102 103 214
face 0.11093991994857788 30 102 103 214
face 0.04799667000770569 30 102 103 214
face 0.045821189880371094 30 102 103 214
face 0.04307249188423157 30 102 103 214
face 0.023684322834014893 30 102 103 214
face 0.023567885160446167 30 102 103 214
face 0.023342907428741455 30 102 103 214
face 0.02232864499092102 30 102 103 214
face 0.019791871309280396 30 102 103 214
face 0.01963326334953308 30 102 103 214
face 0.01893356442451477 30 102 103 214
face 0.018585294485092163 30 102 103 214
face 0.018100470304489136 30 102 103 214
face 0.01801934838294983 30 102 103 214
face 0.01755589246749878 30 102 103 214
face 0.017517030239105225 30 102 103 214
face 0.01702311635017395 30 102 103 214
face 0.016715258359909058 30 102 103 214
face 0.016670525074005127 30 102 103 214
face 0.016633927822113037 30 102 103 214
face 0.016224533319473267 30 102 103 214
face 0.01617109775543213 30 102 103 214
face 0.016000419855117798 30 102 103 214
face 0.01521378755569458 30 102 103 214
face 0.01499485969543457 30 102 103 214
face 0.014610201120376587 30 102 103 214
face 0.014457464218139648 30 102 103 214
face 0.014454692602157593 30 102 103 214
face 0.013916105031967163 30 102 103 214
face 0.013612598180770874 30 102 103 214
face 0.01350376009941101 30 102 103 214
face 0.013501107692718506 30 102 103 214
face 0.013370692729949951 30 102 103 214
face 0.013323545455932617 30 102 103 214
face 0.01326701045036316 30 102 103 214
face 0.013206273317337036 30 102 103 214
face 0.012943834066390991 30 102 103 214
face 0.012819260358810425 30 102 103 214
face 0.012674778699874878 30 102 103 214
face 0.012584060430526733 30 102 103 214
face 0.012480765581130981 30 102 103 214
face 0.012468993663787842 30 102 103 214
face 0.012290090322494507 30 102 103 214
face 0.012236535549163818 30 102 103 214
face 0.012174278497695923 30 102 103 214
face 0.011980623006820679 30 102 103 214
face 0.011908650398254395 30 102 103 214
face 0.011730581521987915 30 102 103 214
face 0.011678308248519897 30 102 103 214
face 0.011484891176223755 30 102 103 214
face 0.011324644088745117 30 102 103 214
face 0.011211037635803223 30 102 103 214
face 0.010949671268463135 30 102 103 214
face 0.010937303304672241 30 102 103 214
face 0.010928511619567871 30 102 103 214
face 0.010927349328994751 30 102 103 214
face 0.010834425687789917 30 102 103 214
face 0.010816037654876709 30 102 103 214
face 0.010768353939056396 30 102 103 214
face 0.010687023401260376 30 102 103 214
face 0.010669022798538208 30 102 103 214
face 0.010546773672103882 30 102 103 214
face 0.010514050722122192 30 102 103 214
face 0.010495871305465698 30 102 103 214
face 0.010441958904266357 30 102 103 214
face 0.01030433177947998 30 102 103 214
face 0.010279625654220581 30 102 103 214
face 0.010228991508483887 30 102 103 214
face 0.010168343782424927 30 102 103 214
face 0.010125160217285156 30 102 103 214
face 0.010063111782073975 30 102 103 214
face 0.009987235069274902 30 102 103 214
face 0.009907633066177368 30 102 103 214
face 0.009874999523162842 30 102 103 214
face 0.009797602891921997 30 102 103 214
face 0.00978463888168335 30 102 103 214
face 0.009763896465301514 30 102 103 214
face 0.009720474481582642 30 102 103 214
face 0.009653419256210327 30 102 103 214
face 0.009642094373703003 30 102 103 214
face 0.009599834680557251 30 102 103 214
face 0.00954139232635498 30 102 103 214
face 0.00951462984085083 30 102 103 214
face 0.0094967782497406 30 102 103 214
face 0.009461671113967896 30 102 103 214
face 0.009455949068069458 30 102 103 214
face 0.00943651795387268 30 102 103 214
face 0.0094071626663208 30 102 103 214
face 0.009399741888046265 30 102 103 214
face 0.009379029273986816 30 102 103 214
face 0.009269416332244873 30 102 103 214
face 0.009257584810256958 30 102 103 214
face 0.009069740772247314 30 102 103 214
face 0.009061932563781738 30 102 103 214
face 0.009031563997268677 30 102 103 214
face 0.009001016616821289 30 102 103 214
