face 0.9996119141578674 171 279 214 332
face 0.9988747239112854 659 216 694 256
face 0.9987064003944397 942 205 980 251
face 0.9973939657211304 648 145 679 182
face 0.997045636177063 759 148 788 184
face 0.9938010573387146 810 198 845 242
face 0.9937832355499268 242 141 273 178
face 0.9927775859832764 698 288 737 336
face 0.9883030652999878 890 319 934 370
face 0.9862437844276428 126 235 159 280
face 0.9854970574378967 967 151 1000 190
face 0.9851373434066772 290 284 337 341
face 0.9795085191726685 20 198 56 245
face 0.9761241674423218 112 135 141 172
face 0.9727027416229248 798 281 839 332
face 0.9666858315467834 57 120 85 155
face 0.960132896900177 491 123 524 164
face 0.9555398225784302 342 119 373 157
face 0.9440006017684937 553 82 589 127
face 0.9334594011306763 858 150 891 188
face 0.8655000925064087 411 86 443 126
face 0.7890139818191528 700 169 730 204
face 0.6147086024284363 904 168 933 202
face 0.601849377155304 4 128 30 162
face 0.36241835355758667 4 128 30 162
face 0.1846853494644165 4 128 30 162
face 0.1584227979183197 4 128 30 162
face 0.12253966927528381 4 128 30 162
face 0.11495953798294067 4 128 30 162
face 0.07744687795639038 4 128 30 162
face 0.07391408085823059 4 128 30 162
face 0.0696096122264862 4 128 30 162
face 0.04091539978981018 4 128 30 162
face 0.04088309407234192 4 128 30 162
face 0.0407501757144928 4 128 30 162
face 0.040215253829956055 4 128 30 162
face 0.03967282176017761 4 128 30 162
face 0.03885304927825928 4 128 30 162
face 0.037492990493774414 4 128 30 162
face 0.03649824857711792 4 128 30 162
face 0.03629615902900696 4 128 30 162
face 0.03577762842178345 4 128 30 162
face 0.035188257694244385 4 128 30 162
face 0.032807379961013794 4 128 30 162
face 0.03094196319580078 4 128 30 162
face 0.027835071086883545 4 128 30 162
face 0.026584535837173462 4 128 30 162
face 0.02625557780265808 4 128 30 162
face 0.0248754620552063 4 128 30 162
face 0.024205058813095093 4 128 30 162
face 0.02201595902442932 4 128 30 162
face 0.020929932594299316 4 128 30 162
face 0.020703822374343872 4 128 30 162
face 0.020337790250778198 4 128 30 162
face 0.018774479627609253 4 128 30 162
face 0.018722355365753174 4 128 30 162
face 0.017558544874191284 4 128 30 162
face 0.017167985439300537 4 128 30 162
face 0.01686766743659973 4 128 30 162
face 0.016195148229599 4 128 30 162
face 0.014957576990127563 4 128 30 162
face 0.014557033777236938 4 128 30 162
face 0.01338222622871399 4 128 30 162
face 0.012982487678527832 4 128 30 162
face 0.012563765048980713 4 128 30 162
face 0.012360543012619019 4 128 30 162
face 0.01219254732131958 4 128 30 162
face 0.011610299348831177 4 128 30 162
face 0.011566877365112305 4 128 30 162
face 0.011527419090270996 4 128 30 162
face 0.011421024799346924 4 128 30 162
face 0.011372745037078857 4 128 30 162
face 0.011303871870040894 4 128 30 162
face 0.010898441076278687 4 128 30 162
face 0.01080024242401123 4 128 30 162
face 0.010763287544250488 4 128 30 162
face 0.010639727115631104 4 128 30 162
face 0.010630369186401367 4 128 30 162
face 0.010603666305541992 4 128 30 162
face 0.010278552770614624 4 128 30 162
face 0.010232478380203247 4 128 30 162
face 0.009798824787139893 4 128 30 162
face 0.00966981053352356 4 128 30 162
face 0.009645998477935791 4 128 30 162
face 0.009387493133544922 4 128 30 162
face 0.008995264768600464 4 128 30 162
face 0.008824586868286133 4 128 30 162
face 0.008607804775238037 4 128 30 162
face 0.008322566747665405 4 128 30 162
face 0.008312970399856567 4 128 30 162
face 0.008240967988967896 4 128 30 162
face 0.008095115423202515 4 128 30 162
face 0.007844150066375732 4 128 30 162
face 0.007795363664627075 4 128 30 162
face 0.007679611444473267 4 128 30 162
face 0.007604688405990601 4 128 30 162
face 0.007564902305603027 4 128 30 162
face 0.007559269666671753 4 128 30 162
face 0.007528513669967651 4 128 30 162
face 0.0074148476123809814 4 128 30 162
