face 0.9683321714401245 746 328 762 350
face 0.9102219343185425 415 211 433 230
face 0.8796340823173523 684 341 697 361
face 0.7600498795509338 643 335 657 356
face 0.7533388137817383 294 389 311 407
face 0.747711718082428 510 204 526 226
face 0.7443000674247742 777 384 792 403
face 0.6362085342407227 452 350 468 369
face 0.6244019269943237 459 190 476 210
face 0.5311011075973511 364 293 380 309
face 0.5109800100326538 360 346 375 362
face 0.43083250522613525 360 346 375 362
face 0.4172838032245636 360 346 375 362
face 0.3910153806209564 360 346 375 362
face 0.3232507109642029 360 346 375 362
face 0.31019240617752075 360 346 375 362
face 0.26964569091796875 360 346 375 362
face 0.2630460560321808 360 346 375 362
face 0.22461003065109253 360 346 375 362
face 0.22263765335083008 360 346 375 362
face 0.2168077826499939 360 346 375 362
face 0.2096499502658844 360 346 375 362
face 0.2092631459236145 360 346 375 362
face 0.19358867406845093 360 346 375 362
face 0.13455086946487427 360 346 375 362
face 0.1279047429561615 360 346 375 362
face 0.11437341570854187 360 346 375 362
face 0.106891930103302 360 346 375 362
face 0.09455063939094543 360 346 375 362
face 0.08218762278556824 360 346 375 362
face 0.0729069709777832 360 346 375 362
face 0.06733158230781555 360 346 375 362
face 0.06692972779273987 360 346 375 362
face 0.058832526206970215 360 346 375 362
face 0.05757763981819153 360 346 375 362
face 0.04589909315109253 360 346 375 362
face 0.04313245415687561 360 346 375 362
face 0.04294648766517639 360 346 375 362
face 0.03853332996368408 360 346 375 362
face 0.03702452778816223 360 346 375 362
face 0.03591501712799072 360 346 375 362
face 0.03414681553840637 360 346 375 362
face 0.029355525970458984 360 346 375 362
face 0.02772548794746399 360 346 375 362
face 0.02498045563697815 360 346 375 362
face 0.022867858409881592 360 346 375 362
face 0.021680474281311035 360 346 375 362
face 0.021347612142562866 360 346 375 362
face 0.020075350999832153 360 346 375 362
face 0.019539058208465576 360 346 375 362
face 0.018486201763153076 360 346 375 362
face 0.018407434225082397 360 346 375 362
face 0.01822248101234436 360 346 375 362
face 0.017784327268600464 360 346 375 362
face 0.017779409885406494 360 346 375 362
face 0.017672806978225708 360 346 375 362
face 0.01738569140434265 360 346 375 362
face 0.017082571983337402 360 346 375 362
face 0.016998976469039917 360 346 375 362
face 0.01695731282234192 360 346 375 362
face 0.016757309436798096 360 346 375 362
face 0.016570478677749634 360 346 375 362
face 0.01368868350982666 360 346 375 362
face 0.013687878847122192 360 346 375 362
face 0.013471752405166626 360 346 375 362
face 0.01238924264907837 360 346 375 362
face 0.0122794508934021 360 346 375 362
face 0.011091679334640503 360 346 375 362
face 0.010922938585281372 360 346 375 362
face 0.010341346263885498 360 346 375 362
face 0.009900808334350586 360 346 375 362
face 0.009735286235809326 360 346 375 362
face 0.009576141834259033 360 346 375 362
face 0.009460806846618652 360 346 375 362
face 0.008839040994644165 360 346 375 362
face 0.008431464433670044 360 346 375 362
face 0.008223921060562134 360 346 375 362
face 0.00810849666595459 360 346 375 362
face 0.007772713899612427 360 346 375 362
face 0.007628113031387329 360 346 375 362
face 0.007613778114318848 360 346 375 362
face 0.0071961283683776855 360 346 375 362
face 0.007137417793273926 360 346 375 362
face 0.006837278604507446 360 346 375 362
face 0.006798893213272095 360 346 375 362
face 0.0064958930015563965 360 346 375 362
face 0.006186872720718384 360 346 375 362
face 0.00614890456199646 360 346 375 362
face 0.005941480398178101 360 346 375 362
face 0.005936652421951294 360 346 375 362
face 0.005426347255706787 360 346 375 362
face 0.005388855934143066 360 346 375 362
face 0.00534471869468689 360 346 375 362
face 0.005330145359039307 360 346 375 362
face 0.0047765374183654785 360 346 375 362
face 0.004734218120574951 360 346 375 362
face 0.004659205675125122 360 346 375 362
face 0.004525303840637207 360 346 375 362
face 0.0043725669384002686 360 346 375 362
face 0.004368215799331665 360 346 375 362
