face 0.9910625219345093 561 86 588 133
face 0.9908186197280884 455 111 480 148
face 0.9026257991790771 357 103 379 134
face 0.9007242918014526 983 162 1002 193
face 0.8586570024490356 891 107 914 142
face 0.792158305644989 683 100 714 155
face 0.7888645529747009 816 179 842 210
face 0.6874116063117981 697 101 733 154
face 0.5066569447517395 515 136 533 165
face 0.3504820466041565 515 136 533 165
face 0.3492761254310608 515 136 533 165
face 0.23272982239723206 515 136 533 165
face 0.15890949964523315 515 136 533 165
face 0.13939133286476135 515 136 533 165
face 0.12874475121498108 515 136 533 165
face 0.12254247069358826 515 136 533 165
face 0.08161953091621399 515 136 533 165
face 0.07441410422325134 515 136 533 165
face 0.07273030281066895 515 136 533 165
face 0.07268202304840088 515 136 533 165
face 0.0639471709728241 515 136 533 165
face 0.06274726986885071 515 136 533 165
face 0.05703645944595337 515 136 533 165
face 0.055942803621292114 515 136 533 165
face 0.05556342005729675 515 136 533 165
face 0.041753292083740234 515 136 533 165
face 0.04072722792625427 515 136 533 165
face 0.039130061864852905 515 136 533 165
face 0.03206077218055725 515 136 533 165
face 0.03137129545211792 515 136 533 165
face 0.030396759510040283 515 136 533 165
face 0.029619455337524414 515 136 533 165
face 0.028386294841766357 515 136 533 165
face 0.02835249900817871 515 136 533 165
face 0.02831980586051941 515 136 533 165
face 0.027470380067825317 515 136 533 165
face 0.026527702808380127 515 136 533 165
face 0.02608388662338257 515 136 533 165
face 0.025965780019760132 515 136 533 165
face 0.024070799350738525 515 136 533 165
face 0.023608237504959106 515 136 533 165
face 0.02347150444984436 515 136 533 165
face 0.022030919790267944 515 136 533 165
face 0.021749168634414673 515 136 533 165
face 0.02162519097328186 515 136 533 165
face 0.021595925092697144 515 136 533 165
face 0.021344482898712158 515 136 533 165
face 0.020479172468185425 515 136 533 165
face 0.020340919494628906 515 136 533 165
face 0.02026042342185974 515 136 533 165
face 0.019696295261383057 515 136 533 165
face 0.01933261752128601 515 136 533 165
face 0.01912549138069153 515 136 533 165
face 0.018901437520980835 515 136 533 165
face 0.01843482255935669 515 136 533 165
face 0.01691681146621704 515 136 533 165
face 0.016605883836746216 515 136 533 165
face 0.01602911949157715 515 136 533 165
face 0.015444695949554443 515 136 533 165
face 0.015238732099533081 515 136 533 165
face 0.01493886113166809 515 136 533 165
face 0.014755994081497192 515 136 533 165
face 0.014435738325119019 515 136 533 165
face 0.0141105055809021 515 136 533 165
face 0.01385316252708435 515 136 533 165
face 0.013822466135025024 515 136 533 165
face 0.013790875673294067 515 136 533 165
face 0.013749092817306519 515 136 533 165
face 0.013655751943588257 515 136 533 165
face 0.013285905122756958 515 136 533 165
face 0.013012349605560303 515 136 533 165
face 0.012895703315734863 515 136 533 165
face 0.01263970136642456 515 136 533 165
face 0.01254737377166748 515 136 533 165
face 0.01223611831665039 515 136 533 165
face 0.012090325355529785 515 136 533 165
face 0.011838734149932861 515 136 533 165
face 0.011753469705581665 515 136 533 165
face 0.011688172817230225 515 136 533 165
face 0.011441558599472046 515 136 533 165
face 0.011249780654907227 515 136 533 165
face 0.011179059743881226 515 136 533 165
face 0.011148989200592041 515 136 533 165
face 0.011031270027160645 515 136 533 165
face 0.010859012603759766 515 136 533 165
face 0.010556042194366455 515 136 533 165
face 0.010470777750015259 515 136 533 165
face 0.010322630405426025 515 136 533 165
face 0.010237842798233032 515 136 533 165
face 0.010108977556228638 515 136 533 165
face 0.010079830884933472 515 136 533 165
face 0.00961807370185852 515 136 533 165
face 0.00948256254196167 515 136 533 165
face 0.009474873542785645 515 136 533 165
face 0.009331554174423218 515 136 533 165
face 0.009266912937164307 515 136 533 165
face 0.009251952171325684 515 136 533 165
face 0.009242713451385498 515 136 533 165
face 0.009150892496109009 515 136 533 165
face 0.009124428033828735 515 136 533 165
