face 0.9959486722946167 436 336 464 371
face 0.9894353747367859 847 354 877 391
face 0.9551851749420166 51 329 82 366
face 0.6846544742584229 722 341 751 373
face 0.3214256167411804 722 341 751 373
face 0.3086355924606323 722 341 751 373
face 0.2543651759624481 722 341 751 373
face 0.25189122557640076 722 341 751 373
face 0.165729820728302 722 341 751 373
face 0.09294259548187256 722 341 751 373
face 0.07195734977722168 722 341 751 373
face 0.06022852659225464 722 341 751 373
face 0.05699610710144043 722 341 751 373
face 0.05251950025558472 722 341 751 373
face 0.04984474182128906 722 341 751 373
face 0.0423639714717865 722 341 751 373
face 0.038894057273864746 722 341 751 373
face 0.038417965173721313 722 341 751 373
face 0.034541815519332886 722 341 751 373
face 0.03169393539428711 722 341 751 373
face 0.029993772506713867 722 341 751 373
face 0.029867500066757202 722 341 751 373
face 0.02563011646270752 722 341 751 373
face 0.02553442120552063 722 341 751 373
face 0.02433130145072937 722 341 751 373
face 0.02309677004814148 722 341 751 373
face 0.022047042846679688 722 341 751 373
face 0.01930016279220581 722 341 751 373
face 0.018648624420166016 722 341 751 373
face 0.016611427068710327 722 341 751 373
face 0.016568094491958618 722 341 751 373
face 0.013869374990463257 722 341 751 373
face 0.013779133558273315 722 341 751 373
face 0.013116776943206787 722 341 751 373
face 0.012858569622039795 722 341 751 373
face 0.01271560788154602 722 341 751 373
face 0.012596964836120605 722 341 751 373
face 0.012340694665908813 722 341 751 373
face 0.012328356504440308 722 341 751 373
face 0.012100636959075928 722 341 751 373
face 0.011448413133621216 722 341 751 373
face 0.011438488960266113 722 341 751 373
face 0.011385560035705566 722 341 751 373
face 0.011236310005187988 722 341 751 373
face 0.01052352786064148 722 341 751 373
face 0.010240226984024048 722 341 751 373
face 0.010099470615386963 722 341 751 373
face 0.009867310523986816 722 341 751 373
face 0.009148061275482178 722 341 751 373
face 0.008489370346069336 722 341 751 373
face 0.008407801389694214 722 341 751 373
face 0.008367538452148438 722 341 751 373
face 0.007429599761962891 722 341 751 373
face 0.0071982741355896 722 341 751 373
face 0.006909489631652832 722 341 751 373
face 0.0067498087882995605 722 341 751 373
face 0.006561368703842163 722 341 751 373
face 0.006269901990890503 722 341 751 373
face 0.006216496229171753 722 341 751 373
face 0.006188184022903442 722 341 751 373
face 0.005899578332901001 722 341 751 373
face 0.005623191595077515 722 341 751 373
face 0.00560915470123291 722 341 751 373
face 0.005599677562713623 722 341 751 373
face 0.005425840616226196 722 341 751 373
face 0.005366474390029907 722 341 751 373
face 0.005296051502227783 722 341 751 373
face 0.0052652060985565186 722 341 751 373
face 0.0052376389503479 722 341 751 373
face 0.005080819129943848 722 341 751 373
face 0.005066335201263428 722 341 751 373
face 0.004587024450302124 722 341 751 373
face 0.004501670598983765 722 341 751 373
face 0.004381626844406128 722 341 751 373
face 0.004354625940322876 722 341 751 373
face 0.0043149590492248535 722 341 751 373
face 0.004193991422653198 722 341 751 373
face 0.004069715738296509 722 341 751 373
face 0.004035443067550659 722 341 751 373
face 0.004034698009490967 722 341 751 373
face 0.004022926092147827 722 341 751 373
face 0.003923684358596802 722 341 751 373
face 0.003772825002670288 722 341 751 373
face 0.003745168447494507 722 341 751 373
face 0.003678739070892334 722 341 751 373
face 0.003605663776397705 722 341 751 373
face 0.0035229921340942383 722 341 751 373
face 0.0034749209880828857 722 341 751 373
face 0.0034516751766204834 722 341 751 373
face 0.003399401903152466 722 341 751 373
face 0.0033920705318450928 722 341 751 373
face 0.003338426351547241 722 341 751 373
face 0.00329512357711792 722 341 751 373
face 0.003293544054031372 722 341 751 373
face 0.003239294746890664 722 341 751 373
face 0.0032328665256500244 722 341 751 373
face 0.003150343894958496 722 341 751 373
face 0.003069251775741577 722 341 751 373
face 0.0030683279037475586 722 341 751 373
face 0.003044337034225464 722 341 751 373
