face 0.995619535446167 904 116 930 149
face 0.9953970313072205 413 190 426 212
face 0.9927415251731873 468 192 481 210
face 0.9918130040168762 305 196 321 216
face 0.9740201234817505 515 195 528 212
face 0.9342082142829895 169 171 203 214
face 0.9163685441017151 255 199 267 214
face 0.9010568261146545 1005 114 1022 146
face 0.8968896865844727 681 178 692 193
face 0.886497437953949 380 203 389 216
face 0.8683650493621826 734 113 789 172
face 0.804659366607666 611 191 625 209
face 0.7142531871795654 47 211 65 231
face 0.7089300751686096 862 148 890 180
face 0.5713377594947815 64 171 80 192
face 0.5573604106903076 590 195 601 210
face 0.35727638006210327 590 195 601 210
face 0.316325843334198 590 195 601 210
face 0.28154832124710083 590 195 601 210
face 0.26804614067077637 590 195 601 210
face 0.2257673740386963 590 195 601 210
face 0.1829931139945984 590 195 601 210
face 0.11243537068367004 590 195 601 210
face 0.10591533780097961 590 195 601 210
face 0.09148204326629639 590 195 601 210
face 0.09001722931861877 590 195 601 210
face 0.08326399326324463 590 195 601 210
face 0.08283698558807373 590 195 601 210
face 0.0820881724357605 590 195 601 210
face 0.06871691346168518 590 195 601 210
face 0.06834274530410767 590 195 601 210
face 0.06184959411621094 590 195 601 210
face 0.053162723779678345 590 195 601 210
face 0.05127570033073425 590 195 601 210
face 0.04992613196372986 590 195 601 210
face 0.041399091482162476 590 195 601 210
face 0.040207237005233765 590 195 601 210
face 0.03578674793243408 590 195 601 210
face 0.034394919872283936 590 195 601 210
face 0.03298494219779968 590 195 601 210
face 0.03289616107940674 590 195 601 210
face 0.03219121694564819 590 195 601 210
face 0.0264492928981781 590 195 601 210
face 0.025264710187911987 590 195 601 210
face 0.022759854793548584 590 195 601 210
face 0.02024826407432556 590 195 601 210
face 0.019846022129058838 590 195 601 210
face 0.019439250230789185 590 195 601 210
face 0.017505556344985962 590 195 601 210
face 0.015292316675186157 590 195 601 210
face 0.01463434100151062 590 195 601 210
face 0.012543946504592896 590 195 601 210
face 0.011732608079910278 590 195 601 210
face 0.011718600988388062 590 195 601 210
face 0.010527431964874268 590 195 601 210
face 0.009555071592330933 590 195 601 210
face 0.009299635887145996 590 195 601 210
face 0.009199827909469604 590 195 601 210
face 0.00885319709777832 590 195 601 210
face 0.008541017770767212 590 195 601 210
face 0.0084819495677948 590 195 601 210
face 0.008341968059539795 590 195 601 210
face 0.00831422209739685 590 195 601 210
face 0.008000165224075317 590 195 601 210
face 0.007895410060882568 590 195 601 210
face 0.0072154700756073 590 195 601 210
face 0.006963521242141724 590 195 601 210
face 0.006502240896224976 590 195 601 210
face 0.0064699649810791016 590 195 601 210
face 0.005277067422866821 590 195 601 210
face 0.005268573760986328 590 195 601 210
face 0.00525975227355957 590 195 601 210
face 0.005133181810379028 590 195 601 210
face 0.005006998777389526 590 195 601 210
face 0.005003422498703003 590 195 601 210
face 0.004786133766174316 590 195 601 210
face 0.004715532064437866 590 195 601 210
face 0.0046974122524261475 590 195 601 210
face 0.004506856203079224 590 195 601 210
face 0.0043298304080963135 590 195 601 210
face 0.004285097122192383 590 195 601 210
face 0.00414922833442688 590 195 601 210
face 0.0038803517818450928 590 195 601 210
face 0.003865659236907959 590 195 601 210
face 0.0035875439643859863 590 195 601 210
face 0.0035386085510253906 590 195 601 210
face 0.0034485459327697754 590 195 601 210
face 0.0031871497631073 590 195 601 210
face 0.0031090974807739258 590 195 601 210
face 0.0030744969844818115 590 195 601 210
face 0.0030606985092163086 590 195 601 210
face 0.003041476011276245 590 195 601 210
face 0.003027588129043579 590 195 601 210
face 0.0029793381690979004 590 195 601 210
face 0.0029504597187042236 590 195 601 210
face 0.0029475390911102295 590 195 601 210
face 0.0028627216815948486 590 195 601 210
face 0.002844005823135376 590 195 601 210
face 0.002789437770843506 590 195 601 210
face 0.0027788281440734863 590 195 601 210
