face 0.9419851303100586 173 560 762 961
face 0.1345432996749878 173 560 762 961
face 0.12831473350524902 173 560 762 961
face 0.07112914323806763 173 560 762 961
face 0.04929167032241821 173 560 762 961
face 0.04832121729850769 173 560 762 961
face 0.045968472957611084 173 560 762 961
face 0.040752917528152466 173 560 762 961
face 0.03751298785209656 173 560 762 961
face 0.036522626876831055 173 560 762 961
face 0.034539252519607544 173 560 762 961
face 0.03311270475387573 173 560 762 961
face 0.03206411004066467 173 560 762 961
face 0.03193408250808716 173 560 762 961
face 0.0308854877948761 173 560 762 961
face 0.030528783798217773 173 560 762 961
face 0.030109167098999023 173 560 762 961
face 0.029317647218704224 173 560 762 961
face 0.02892857789993286 173 560 762 961
face 0.02681872248649597 173 560 762 961
face 0.026081562042236328 173 560 762 961
face 0.02554023265838623 173 560 762 961
face 0.024398505687713623 173 560 762 961
face 0.023909687995910645 173 560 762 961
face 0.023701459169387817 173 560 762 961
face 0.023656845092773438 173 560 762 961
face 0.02363833785057068 173 560 762 961
face 0.02358347177505493 173 560 762 961
face 0.02306133508682251 173 560 762 961
face 0.022873342037200928 173 560 762 961
face 0.02283802628517151 173 560 762 961
face 0.02275824546813965 173 560 762 961
face 0.022587597370147705 173 560 762 961
face 0.022050678730010986 173 560 762 961
face 0.02156776189804077 173 560 762 961
face 0.021350979804992676 173 560 762 961
face 0.021077364683151245 173 560 762 961
face 0.021070659160614014 173 560 762 961
face 0.02013629674911499 173 560 762 961
face 0.020095348358154297 173 560 762 961
face 0.020058095455169678 173 560 762 961
face 0.019988685846328735 173 560 762 961
face 0.019734203815460205 173 560 762 961
face 0.019494056701660156 173 560 762 961
face 0.01921135187149048 173 560 762 961
face 0.01878952980041504 173 560 762 961
face 0.018576622009277344 173 560 762 961
face 0.018460571765899658 173 560 762 961
face 0.017626404762268066 173 560 762 961
face 0.017527848482131958 173 560 762 961
face 0.017438560724258423 173 560 762 961
face 0.017307430505752563 173 560 762 961
face 0.017079800367355347 173 560 762 961
face 0.016887009143829346 173 560 762 961
face 0.016567319631576538 173 560 762 961
face 0.01650795340538025 173 560 762 961
face 0.01634770631790161 173 560 762 961
face 0.016230612993240356 173 560 762 961
face 0.016149967908859253 173 560 762 961
face 0.016115278005599976 173 560 762 961
face 0.016109496355056763 173 560 762 961
face 0.01576375961303711 173 560 762 961
face 0.015682756900787354 173 560 762 961
face 0.01536288857460022 173 560 762 961
face 0.015331476926803589 173 560 762 961
face 0.015145719051361084 173 560 762 961
face 0.015136003494262695 173 560 762 961
face 0.015132546424865723 173 560 762 961
face 0.014777988195419312 173 560 762 961
face 0.014766544103622437 173 560 762 961
face 0.014660090208053589 173 560 762 961
face 0.014649033546447754 173 560 762 961
face 0.014560103416442871 173 560 762 961
face 0.014538556337356567 173 560 762 961
face 0.014536470174789429 173 560 762 961
face 0.014150053262710571 173 560 762 961
face 0.014137595891952515 173 560 762 961
face 0.01413261890411377 173 560 762 961
face 0.014103949069976807 173 560 762 961
face 0.01409238576889038 173 560 762 961
face 0.013721048831939697 173 560 762 961
face 0.013642996549606323 173 560 762 961
face 0.01356998085975647 173 560 762 961
face 0.013564884662628174 173 560 762 961
face 0.013498663902282715 173 560 762 961
face 0.01341557502746582 173 560 762 961
face 0.013367116451263428 173 560 762 961
face 0.01333320140838623 173 560 762 961
face 0.013222426176071167 173 560 762 961
face 0.013106465339660645 173 560 762 961
face 0.01307341456413269 173 560 762 961
face 0.012944549322128296 173 560 762 961
face 0.012877404689788818 173 560 762 961
face 0.0127200186252594 173 560 762 961
face 0.01263168454170227 173 560 762 961
face 0.01258900761604309 173 560 762 961
face 0.012547105550765991 173 560 762 961
face 0.012531518936157227 173 560 762 961
face 0.012428253889083862 173 560 762 961
face 0.012378275394439697 173 560 762 961
