face 0.9608412981033325 528 461 547 485
face 0.9315171241760254 961 512 973 526
face 0.9173448085784912 279 523 303 552
face 0.9012235403060913 889 520 901 534
face 0.8095211386680603 205 543 217 560
face 0.6957882642745972 70 553 79 564
face 0.6946550011634827 865 523 876 537
face 0.6535086035728455 805 527 821 549
face 0.6323692202568054 568 546 585 569
face 0.62380450963974 360 470 383 497
face 0.5924195051193237 729 478 745 499
face 0.5773472189903259 242 534 258 556
face 0.5772042274475098 442 501 465 529
face 0.5733310580253601 9 576 22 594
face 0.4864434003829956 9 576 22 594
face 0.4620073735713959 9 576 22 594
face 0.417402446269989 9 576 22 594
face 0.41151750087738037 9 576 22 594
face 0.3929813504219055 9 576 22 594
face 0.3440898060798645 9 576 22 594
face 0.3322564363479614 9 576 22 594
face 0.28625792264938354 9 576 22 594
face 0.284527063369751 9 576 22 594
face 0.23714223504066467 9 576 22 594
face 0.22944685816764832 9 576 22 594
face 0.18717032670974731 9 576 22 594
face 0.1486569344997406 9 576 22 594
face 0.14788740873336792 9 576 22 594
face 0.11718317866325378 9 576 22 594
face 0.11589398980140686 9 576 22 594
face 0.10635825991630554 9 576 22 594
face 0.09818074107170105 9 576 22 594
face 0.06804358959197998 9 576 22 594
face 0.0661979615688324 9 576 22 594
face 0.06571805477142334 9 576 22 594
face 0.06332656741142273 9 576 22 594
face 0.06325840950012207 9 576 22 594
face 0.06022182106971741 9 576 22 594
face 0.05976301431655884 9 576 22 594
face 0.05766364932060242 9 576 22 594
face 0.05673375725746155 9 576 22 594
face 0.05169901251792908 9 576 22 594
face 0.05059388279914856 9 576 22 594
face 0.04986518621444702 9 576 22 594
face 0.04256528615951538 9 576 22 594
face 0.03759995102882385 9 576 22 594
face 0.031789928674697876 9 576 22 594
face 0.031041443347930908 9 576 22 594
face 0.030239254236221313 9 576 22 594
face 0.029975056648254395 9 576 22 594
face 0.028232097625732422 9 576 22 594
face 0.02737286686897278 9 576 22 594
face 0.026607275009155273 9 576 22 594
face 0.02311384677886963 9 576 22 594
face 0.0211331844329834 9 576 22 594
face 0.01898372173309326 9 576 22 594
face 0.018713027238845825 9 576 22 594
face 0.017898917198181152 9 576 22 594
face 0.017795026302337646 9 576 22 594
face 0.017694801092147827 9 576 22 594
face 0.017539918422698975 9 576 22 594
face 0.017325133085250854 9 576 22 594
face 0.01614394783973694 9 576 22 594
face 0.015711545944213867 9 576 22 594
face 0.015398204326629639 9 576 22 594
face 0.015173226594924927 9 576 22 594
face 0.014982879161834717 9 576 22 594
face 0.014900416135787964 9 576 22 594
face 0.01420930027961731 9 576 22 594
face 0.014138460159301758 9 576 22 594
face 0.013957798480987549 9 576 22 594
face 0.013884931802749634 9 576 22 594
face 0.013147920370101929 9 576 22 594
face 0.012703895568847656 9 576 22 594
face 0.012412279844284058 9 576 22 594
face 0.01231810450553894 9 576 22 594
face 0.012185841798782349 9 576 22 594
face 0.012183666229248047 9 576 22 594
face 0.011845916509628296 9 576 22 594
face 0.011563897132873535 9 576 22 594
face 0.011367946863174438 9 576 22 594
face 0.01102474331855774 9 576 22 594
face 0.01089620590209961 9 576 22 594
face 0.010792642831802368 9 576 22 594
face 0.010285645723342896 9 576 22 594
face 0.009998440742492676 9 576 22 594
face 0.00973212718963623 9 576 22 594
face 0.009006708860397339 9 576 22 594
face 0.008644670248031616 9 576 22 594
face 0.008317708969116211 9 576 22 594
face 0.008100330829620361 9 576 22 594
face 0.00805160403251648 9 576 22 594
face 0.008016407489776611 9 576 22 594
face 0.006953001022338867 9 576 22 594
face 0.006807655096054077 9 576 22 594
face 0.0066821277141571045 9 576 22 594
face 0.006678164005279541 9 576 22 594
face 0.006373375654220581 9 576 22 594
face 0.006187230348587036 9 576 22 594
face 0.006176799535751343 9 576 22 594
