face 0.9989470839500427 627 192 638 210
face 0.998589277267456 521 192 531 208
face 0.99857497215271 361 193 371 211
face 0.9979677200317383 682 197 692 215
face 0.9974145889282227 572 190 583 206
face 0.9973363876342773 575 233 587 253
face 0.9965970516204834 469 277 483 299
face 0.9961978197097778 418 192 428 208
face 0.9955471754074097 468 188 478 204
face 0.9944459795951843 519 238 531 258
face 0.994059681892395 415 235 427 255
face 0.9939314723014832 846 314 861 338
face 0.9933527708053589 359 235 371 256
face 0.9929213523864746 257 194 268 214
face 0.9923256635665894 796 312 810 336
face 0.9922837018966675 624 278 638 300
face 0.9921046495437622 461 233 474 252
face 0.9917666912078857 739 202 748 219
face 0.9910151958465576 409 445 428 469
face 0.9905785322189331 361 277 374 298
face 0.989768385887146 677 280 691 302
face 0.9897623062133789 146 238 158 258
face 0.9889125823974609 571 321 586 342
face 0.9886685609817505 667 450 685 474
face 0.9886188507080078 635 239 647 258
face 0.9877110123634338 628 317 642 339
face 0.9876216650009155 307 191 317 209
face 0.986840546131134 578 370 596 393
face 0.9851300716400146 70 400 86 422
face 0.9845651388168335 515 360 533 381
face 0.983465313911438 574 276 588 297
face 0.9830158948898315 784 209 794 227
face 0.9829301834106445 468 322 483 343
face 0.9810691475868225 308 237 319 258
face 0.9798856973648071 685 239 697 260
face 0.9785711169242859 402 373 419 395
face 0.9781923294067383 526 278 540 299
face 0.976556658744812 353 325 368 347
face 0.9727287888526917 688 318 701 339
face 0.9723901748657227 191 206 203 226
face 0.9710469245910645 254 276 266 297
face 0.9686071872711182 972 391 986 414
face 0.9668968915939331 743 310 756 332
face 0.9663232564926147 303 270 316 292
face 0.9648321866989136 737 241 749 262
face 0.9645689129829407 96 326 110 347
face 0.9631885290145874 913 333 927 356
face 0.9628714323043823 782 237 794 259
face 0.9623725414276123 831 246 844 268
face 0.9583379626274109 416 275 429 295
face 0.9564765691757202 537 435 556 459
face 0.9426596164703369 731 273 745 295
face 0.9422287940979004 530 323 545 343
face 0.9381080269813538 459 363 476 384
face 0.9342740178108215 256 312 268 331
face 0.9295571446418762 356 375 371 395
face 0.9233806133270264 197 319 209 338
face 0.9229005575180054 310 324 323 344
face 0.9220295548439026 141 398 155 418
face 0.92190021276474 886 357 901 382
face 0.9181777238845825 407 320 422 341
face 0.917137086391449 788 270 802 293
face 0.9167132377624512 127 360 140 380
face 0.9034551382064819 840 269 854 293
face 0.893074631690979 141 288 153 307
face 0.8828862905502319 77 357 91 377
face 0.8772419095039368 639 375 655 397
face 0.8638707399368286 192 281 204 301
face 0.8592606782913208 456 396 473 418
face 0.8346400856971741 289 448 308 471
face 0.8294295072555542 744 364 758 386
face 0.8059535622596741 305 369 319 388
face 0.8037464618682861 787 364 801 386
face 0.7869057059288025 693 372 708 392
face 0.7741268873214722 26 393 42 415
face 0.7536314129829407 255 396 270 417
face 0.7195094227790833 256 357 270 376
face 0.6702733039855957 195 228 206 248
face 0.6075222492218018 199 397 212 417
face 0.5738723278045654 266 242 276 262
face 0.48593834042549133 266 242 276 262
face 0.4812159836292267 266 242 276 262
face 0.3663797676563263 266 242 276 262
face 0.3310149908065796 266 242 276 262
face 0.2795770764350891 266 242 276 262
face 0.23371154069900513 266 242 276 262
face 0.22513160109519958 266 242 276 262
face 0.21026498079299927 266 242 276 262
face 0.19636067748069763 266 242 276 262
face 0.1799338161945343 266 242 276 262
face 0.14238226413726807 266 242 276 262
face 0.10091507434844971 266 242 276 262
face 0.10006687045097351 266 242 276 262
face 0.09972622990608215 266 242 276 262
face 0.07975497841835022 266 242 276 262
face 0.07944318652153015 266 242 276 262
face 0.07341352105140686 266 242 276 262
face 0.06824812293052673 266 242 276 262
face 0.06749242544174194 266 242 276 262
face 0.061917275190353394 266 242 276 262
