face 0.9790865778923035 890 100 908 121
face 0.9466431140899658 100 81 121 113
face 0.8995153903961182 1000 122 1017 146
face 0.8798278570175171 407 110 501 239
face 0.8488413691520691 515 118 611 240
face 0.6767522096633911 941 101 959 122
face 0.6420690417289734 932 120 951 144
face 0.5971499085426331 834 70 848 87
face 0.3962927460670471 834 70 848 87
face 0.30777162313461304 834 70 848 87
face 0.2464633584022522 834 70 848 87
face 0.21102988719940186 834 70 848 87
face 0.1800883710384369 834 70 848 87
face 0.14817166328430176 834 70 848 87
face 0.14620789885520935 834 70 848 87
face 0.12656471133232117 834 70 848 87
face 0.10675927996635437 834 70 848 87
face 0.09461429715156555 834 70 848 87
face 0.07485726475715637 834 70 848 87
face 0.07285147905349731 834 70 848 87
face 0.07146048545837402 834 70 848 87
face 0.07088169455528259 834 70 848 87
face 0.06829047203063965 834 70 848 87
face 0.05980652570724487 834 70 848 87
face 0.05088961124420166 834 70 848 87
face 0.04812103509902954 834 70 848 87
face 0.047663748264312744 834 70 848 87
face 0.0320909321308136 834 70 848 87
face 0.030218899250030518 834 70 848 87
face 0.02792412042617798 834 70 848 87
face 0.026183366775512695 834 70 848 87
face 0.025113224983215332 834 70 848 87
face 0.024915099143981934 834 70 848 87
face 0.0235329270362854 834 70 848 87
face 0.02353033423423767 834 70 848 87
face 0.022920727729797363 834 70 848 87
face 0.02198752760887146 834 70 848 87
face 0.021894752979278564 834 70 848 87
face 0.021873950958251953 834 70 848 87
face 0.021489888429641724 834 70 848 87
face 0.021024078130722046 834 70 848 87
face 0.019727468490600586 834 70 848 87
face 0.01873108744621277 834 70 848 87
face 0.018002688884735107 834 70 848 87
face 0.017104387283325195 834 70 848 87
face 0.016840875148773193 834 70 848 87
face 0.01387736201286316 834 70 848 87
face 0.013415038585662842 834 70 848 87
face 0.01309579610824585 834 70 848 87
face 0.012624859809875488 834 70 848 87
face 0.012607485055923462 834 70 848 87
face 0.012534767389297485 834 70 848 87
face 0.012492358684539795 834 70 848 87
face 0.01220443844795227 834 70 848 87
face 0.011655986309051514 834 70 848 87
face 0.010739058256149292 834 70 848 87
face 0.010508805513381958 834 70 848 87
face 0.010221928358078003 834 70 848 87
face 0.010169833898544312 834 70 848 87
face 0.010102808475494385 834 70 848 87
face 0.010054200887680054 834 70 848 87
face 0.009761005640029907 834 70 848 87
face 0.009710550308227539 834 70 848 87
face 0.009670495986938477 834 70 848 87
face 0.009637892246246338 834 70 848 87
face 0.009614109992980957 834 70 848 87
face 0.009557455778121948 834 70 848 87
face 0.009207427501678467 834 70 848 87
face 0.009121447801589966 834 70 848 87
face 0.008992642164230347 834 70 848 87
face 0.008727103471755981 834 70 848 87
face 0.008597314357757568 834 70 848 87
face 0.008454442024230957 834 70 848 87
face 0.008309215307235718 834 70 848 87
face 0.008297353982925415 834 70 848 87
face 0.008068859577178955 834 70 848 87
face 0.007986485958099365 834 70 848 87
face 0.007954299449920654 834 70 848 87
face 0.007624417543411255 834 70 848 87
face 0.007619798183441162 834 70 848 87
face 0.007417470216751099 834 70 848 87
face 0.007400631904602051 834 70 848 87
face 0.00735810399055481 834 70 848 87
face 0.00698399543762207 834 70 848 87
face 0.006831228733062744 834 70 848 87
face 0.006592065095901489 834 70 848 87
face 0.006481438875198364 834 70 848 87
face 0.0063964128494262695 834 70 848 87
face 0.006312191486358643 834 70 848 87
face 0.006228506565093994 834 70 848 87
face 0.006197214126586914 834 70 848 87
face 0.006108075380325317 834 70 848 87
face 0.006093204021453857 834 70 848 87
face 0.005918771028518677 834 70 848 87
face 0.005763500928878784 834 70 848 87
face 0.005690574645996094 834 70 848 87
face 0.005642443895339966 834 70 848 87
face 0.005633890628814697 834 70 848 87
face 0.005582451820373535 834 70 848 87
face 0.005457252264022827 834 70 848 87
