face 0.9930853843688965 643 190 684 237
face 0.9863890409469604 121 204 159 246
face 0.9221891760826111 770 199 805 246
face 0.7617431282997131 153 406 197 451
face 0.5555187463760376 808 215 842 258
face 0.39321330189704895 808 215 842 258
face 0.3411719799041748 808 215 842 258
face 0.3268277049064636 808 215 842 258
face 0.12721198797225952 808 215 842 258
face 0.09187591075897217 808 215 842 258
face 0.0890842080116272 808 215 842 258
face 0.07841256260871887 808 215 842 258
face 0.0729387104511261 808 215 842 258
face 0.06633704900741577 808 215 842 258
face 0.06225362420082092 808 215 842 258
face 0.06145569682121277 808 215 842 258
face 0.05892327427864075 808 215 842 258
face 0.05693426728248596 808 215 842 258
face 0.04517754912376404 808 215 842 258
face 0.04444846510887146 808 215 842 258
face 0.042570561170578 808 215 842 258
face 0.041333138942718506 808 215 842 258
face 0.04020041227340698 808 215 842 258
face 0.038480013608932495 808 215 842 258
face 0.0363059937953949 808 215 842 258
face 0.034125834703445435 808 215 842 258
face 0.033247679471969604 808 215 842 258
face 0.03185063600540161 808 215 842 258
face 0.03167852759361267 808 215 842 258
face 0.03137153387069702 808 215 842 258
face 0.030778825283050537 808 215 842 258
face 0.029179245233535767 808 215 842 258
face 0.02873167395591736 808 215 842 258
face 0.028544634580612183 808 215 842 258
face 0.027944862842559814 808 215 842 258
face 0.027459919452667236 808 215 842 258
face 0.026928752660751343 808 215 842 258
face 0.026919931173324585 808 215 842 258
face 0.026760458946228027 808 215 842 258
face 0.026426225900650024 808 215 842 258
face 0.02633136510848999 808 215 842 258
face 0.025553137063980103 808 215 842 258
face 0.025397568941116333 808 215 842 258
face 0.025228142738342285 808 215 842 258
face 0.024723976850509644 808 215 842 258
face 0.024293363094329834 808 215 842 258
face 0.023941457271575928 808 215 842 258
face 0.02282947301864624 808 215 842 258
face 0.022822439670562744 808 215 842 258
face 0.022390276193618774 808 215 842 258
face 0.021227151155471802 808 215 842 258
face 0.02068382501602173 808 215 842 258
face 0.020679503679275513 808 215 842 258
face 0.020275473594665527 808 215 842 258
face 0.020095467567443848 808 215 842 258
face 0.01992279291152954 808 215 842 258
face 0.019878923892974854 808 215 842 258
face 0.019660770893096924 808 215 842 258
face 0.019319206476211548 808 215 842 258
face 0.01919272541999817 808 215 842 258
face 0.019037455320358276 808 215 842 258
face 0.01888146996498108 808 215 842 258
face 0.01864069700241089 808 215 842 258
face 0.018626630306243896 808 215 842 258
face 0.018429070711135864 808 215 842 258
face 0.01809215545654297 808 215 842 258
face 0.017761915922164917 808 215 842 258
face 0.017554789781570435 808 215 842 258
face 0.01755225658416748 808 215 842 258
face 0.017030268907546997 808 215 842 258
face 0.016840457916259766 808 215 842 258
face 0.016581445932388306 808 215 842 258
face 0.016374796628952026 808 215 842 258
face 0.015905767679214478 808 215 842 258
face 0.01587042212486267 808 215 842 258
face 0.015514224767684937 808 215 842 258
face 0.015094399452209473 808 215 842 258
face 0.014694303274154663 808 215 842 258
face 0.014466643333435059 808 215 842 258
face 0.014365524053573608 808 215 842 258
face 0.014364123344421387 808 215 842 258
face 0.014351516962051392 808 215 842 258
face 0.013871520757675171 808 215 842 258
face 0.013829141855239868 808 215 842 258
face 0.013167023658752441 808 215 842 258
face 0.012857675552368164 808 215 842 258
face 0.01242154836654663 808 215 842 258
face 0.012412011623382568 808 215 842 258
face 0.012362569570541382 808 215 842 258
face 0.012348145246505737 808 215 842 258
face 0.012255191802978516 808 215 842 258
face 0.01174977421760559 808 215 842 258
face 0.011315703392028809 808 215 842 258
face 0.011249184608459473 808 215 842 258
face 0.011224538087844849 808 215 842 258
face 0.01092502474784851 808 215 842 258
face 0.010674506425857544 808 215 842 258
face 0.010604053735733032 808 215 842 258
face 0.010563522577285767 808 215 842 258
face 0.01033732295036316 808 215 842 258
