face 0.9928017258644104 675 380 696 407
face 0.99251389503479 129 407 151 433
face 0.9908139109611511 895 422 915 448
face 0.9862116575241089 197 373 220 400
face 0.9781851768493652 778 423 795 447
face 0.9483563303947449 78 402 98 426
face 0.933559775352478 403 382 425 409
face 0.8412197232246399 538 393 558 419
face 0.8359858393669128 17 414 34 436
face 0.8120734691619873 291 392 312 419
face 0.7951215505599976 824 411 840 432
face 0.6955961585044861 959 460 976 483
face 0.6939342617988586 65 366 83 390
face 0.634277880191803 114 365 135 392
face 0.60746169090271 844 471 864 496
face 0.5751564502716064 614 405 631 427
face 0.5594794154167175 983 460 1000 482
face 0.43580564856529236 983 460 1000 482
face 0.37775272130966187 983 460 1000 482
face 0.3581753969192505 983 460 1000 482
face 0.33998793363571167 983 460 1000 482
face 0.2549281716346741 983 460 1000 482
face 0.19488313794136047 983 460 1000 482
face 0.15898585319519043 983 460 1000 482
face 0.11757105588912964 983 460 1000 482
face 0.1133902370929718 983 460 1000 482
face 0.09926056861877441 983 460 1000 482
face 0.08254995942115784 983 460 1000 482
face 0.077024906873703 983 460 1000 482
face 0.07085123658180237 983 460 1000 482
face 0.06484600901603699 983 460 1000 482
face 0.06384807825088501 983 460 1000 482
face 0.06196904182434082 983 460 1000 482
face 0.056037962436676025 983 460 1000 482
face 0.05529865622520447 983 460 1000 482
face 0.050910353660583496 983 460 1000 482
face 0.044827163219451904 983 460 1000 482
face 0.041660159826278687 983 460 1000 482
face 0.03903210163116455 983 460 1000 482
face 0.03563535213470459 983 460 1000 482
face 0.035436153411865234 983 460 1000 482
face 0.035360097885131836 983 460 1000 482
face 0.035310715436935425 983 460 1000 482
face 0.03062477707862854 983 460 1000 482
face 0.029506951570510864 983 460 1000 482
face 0.026408523321151733 983 460 1000 482
face 0.02502182126045227 983 460 1000 482
face 0.02397826313972473 983 460 1000 482
face 0.022800862789154053 983 460 1000 482
face 0.02254989743232727 983 460 1000 482
face 0.022238343954086304 983 460 1000 482
face 0.022102057933807373 983 460 1000 482
face 0.021899163722991943 983 460 1000 482
face 0.021538734436035156 983 460 1000 482
face 0.021076172590255737 983 460 1000 482
face 0.019401222467422485 983 460 1000 482
face 0.019308656454086304 983 460 1000 482
face 0.01913738250732422 983 460 1000 482
face 0.01888561248779297 983 460 1000 482
face 0.01861131191253662 983 460 1000 482
face 0.018355906009674072 983 460 1000 482
face 0.017792880535125732 983 460 1000 482
face 0.017603665590286255 983 460 1000 482
face 0.017080217599868774 983 460 1000 482
face 0.017071157693862915 983 460 1000 482
face 0.01685890555381775 983 460 1000 482
face 0.016632169485092163 983 460 1000 482
face 0.01583603024482727 983 460 1000 482
face 0.015131473541259766 983 460 1000 482
face 0.014773547649383545 983 460 1000 482
face 0.014545261859893799 983 460 1000 482
face 0.01429566740989685 983 460 1000 482
face 0.012166112661361694 983 460 1000 482
face 0.011738121509552002 983 460 1000 482
face 0.011628031730651855 983 460 1000 482
face 0.011578142642974854 983 460 1000 482
face 0.011365413665771484 983 460 1000 482
face 0.010992616415023804 983 460 1000 482
face 0.010989069938659668 983 460 1000 482
face 0.010948330163955688 983 460 1000 482
face 0.010044246912002563 983 460 1000 482
face 0.010038524866104126 983 460 1000 482
face 0.00988858938217163 983 460 1000 482
face 0.00938156247138977 983 460 1000 482
face 0.009158730506896973 983 460 1000 482
face 0.009028851985931396 983 460 1000 482
face 0.009011715650558472 983 460 1000 482
face 0.008860647678375244 983 460 1000 482
face 0.008835077285766602 983 460 1000 482
face 0.008828222751617432 983 460 1000 482
face 0.008571922779083252 983 460 1000 482
face 0.007938086986541748 983 460 1000 482
face 0.007864266633987427 983 460 1000 482
face 0.0077502429485321045 983 460 1000 482
face 0.007720440626144409 983 460 1000 482
face 0.00763171911239624 983 460 1000 482
face 0.0074568986892700195 983 460 1000 482
face 0.007327258586883545 983 460 1000 482
face 0.0072661638259887695 983 460 1000 482
face 0.007180005311965942 983 460 1000 482
