face 0.9224762916564941 698 391 1003 718
face 0.6895653009414673 264 690 454 875
face 0.3658999800682068 264 690 454 875
face 0.05245146155357361 264 690 454 875
face 0.02234843373298645 264 690 454 875
face 0.017303884029388428 264 690 454 875
face 0.01675856113433838 264 690 454 875
face 0.01663362979888916 264 690 454 875
face 0.016073673963546753 264 690 454 875
face 0.01508757472038269 264 690 454 875
face 0.014614224433898926 264 690 454 875
face 0.013272136449813843 264 690 454 875
face 0.012945950031280518 264 690 454 875
face 0.012802273035049438 264 690 454 875
face 0.012189477682113647 264 690 454 875
face 0.011620938777923584 264 690 454 875
face 0.011439412832260132 264 690 454 875
face 0.011110097169876099 264 690 454 875
face 0.010565310716629028 264 690 454 875
face 0.0102292001247406 264 690 454 875
face 0.010076403617858887 264 690 454 875
face 0.010000467300415039 264 690 454 875
face 0.00969645380973816 264 690 454 875
face 0.009654849767684937 264 690 454 875
face 0.0096282958984375 264 690 454 875
face 0.00958743691444397 264 690 454 875
face 0.009459197521209717 264 690 454 875
face 0.009439438581466675 264 690 454 875
face 0.009212255477905273 264 690 454 875
face 0.009202271699905396 264 690 454 875
face 0.00916057825088501 264 690 454 875
face 0.009071260690689087 264 690 454 875
face 0.009033262729644775 264 690 454 875
face 0.008965253829956055 264 690 454 875
face 0.008629053831100464 264 690 454 875
face 0.008548557758331299 264 690 454 875
face 0.008451849222183228 264 690 454 875
face 0.008359700441360474 264 690 454 875
face 0.008301198482513428 264 690 454 875
face 0.008180737495422363 264 690 454 875
face 0.008094936609268188 264 690 454 875
face 0.008092790842056274 264 690 454 875
face 0.00809180736541748 264 690 454 875
face 0.008091092109680176 264 690 454 875
face 0.008063971996307373 264 690 454 875
face 0.007840007543563843 264 690 454 875
face 0.007807612419128418 264 690 454 875
face 0.007730066776275635 264 690 454 875
face 0.007660031318664551 264 690 454 875
face 0.007475048303604126 264 690 454 875
face 0.007466375827789307 264 690 454 875
face 0.007430136203765869 264 690 454 875
face 0.007420152425765991 264 690 454 875
face 0.007418423891067505 264 690 454 875
face 0.007414400577545166 264 690 454 875
face 0.007381796836853027 264 690 454 875
face 0.007356852293014526 264 690 454 875
face 0.00723576545715332 264 690 454 875
face 0.007138431072235107 264 690 454 875
face 0.007109224796295166 264 690 454 875
face 0.00708732008934021 264 690 454 875
face 0.0070677995681762695 264 690 454 875
face 0.007016241550445557 264 690 454 875
face 0.006900370121002197 264 690 454 875
face 0.006856173276901245 264 690 454 875
face 0.006825506687164307 264 690 454 875
face 0.0067916810512542725 264 690 454 875
face 0.006759554147720337 264 690 454 875
face 0.006689488887786865 264 690 454 875
face 0.0066713690757751465 264 690 454 875
face 0.006656855344772339 264 690 454 875
face 0.006633728742599487 264 690 454 875
face 0.006610363721847534 264 690 454 875
face 0.006592303514480591 264 690 454 875
face 0.006585806608200073 264 690 454 875
face 0.006575524806976318 264 690 454 875
face 0.006522506475448608 264 690 454 875
face 0.006518572568893433 264 690 454 875
face 0.006514310836791992 264 690 454 875
face 0.006465494632720947 264 690 454 875
face 0.006448090076446533 264 690 454 875
face 0.006386548280715942 264 690 454 875
face 0.006351083517074585 264 690 454 875
face 0.006337881088256836 264 690 454 875
face 0.006336599588394165 264 690 454 875
face 0.006263047456741333 264 690 454 875
face 0.006243675947189331 264 690 454 875
face 0.006218224763870239 264 690 454 875
face 0.0062105655670166016 264 690 454 875
face 0.006209760904312134 264 690 454 875
face 0.006156235933303833 264 690 454 875
face 0.0061383843421936035 264 690 454 875
face 0.0061157941818237305 264 690 454 875
face 0.006105959415435791 264 690 454 875
face 0.006018906831741333 264 690 454 875
face 0.006012678146362305 264 690 454 875
face 0.006012082099914551 264 690 454 875
face 0.0059954822063446045 264 690 454 875
face 0.0059885382652282715 264 690 454 875
face 0.005980640649795532 264 690 454 875
