face 0.5084237456321716 640 123 647 135
face 0.4615769386291504 640 123 647 135
face 0.4588269591331482 640 123 647 135
face 0.45571908354759216 640 123 647 135
face 0.4303044378757477 640 123 647 135
face 0.43029966950416565 640 123 647 135
face 0.42291703820228577 640 123 647 135
face 0.4221453070640564 640 123 647 135
face 0.391387403011322 640 123 647 135
face 0.3882462680339813 640 123 647 135
face 0.38369646668434143 640 123 647 135
face 0.37889036536216736 640 123 647 135
face 0.3738832473754883 640 123 647 135
face 0.3619687557220459 640 123 647 135
face 0.36127492785453796 640 123 647 135
face 0.34530654549598694 640 123 647 135
face 0.3373986482620239 640 123 647 135
face 0.3369801640510559 640 123 647 135
face 0.3296721577644348 640 123 647 135
face 0.32865726947784424 640 123 647 135
face 0.32399529218673706 640 123 647 135
face 0.31576400995254517 640 123 647 135
face 0.31529760360717773 640 123 647 135
face 0.3149852752685547 640 123 647 135
face 0.307481586933136 640 123 647 135
face 0.3027490973472595 640 123 647 135
face 0.2972237467765808 640 123 647 135
face 0.2949106991291046 640 123 647 135
face 0.29099100828170776 640 123 647 135
face 0.29041561484336853 640 123 647 135
face 0.27519211173057556 640 123 647 135
face 0.2692696452140808 640 123 647 135
face 0.2689511179924011 640 123 647 135
face 0.26827600598335266 640 123 647 135
face 0.26591214537620544 640 123 647 135
face 0.2572360336780548 640 123 647 135
face 0.2531315088272095 640 123 647 135
face 0.24595189094543457 640 123 647 135
face 0.24484097957611084 640 123 647 135
face 0.2447708547115326 640 123 647 135
face 0.23835110664367676 640 123 647 135
face 0.2336483597755432 640 123 647 135
face 0.23127171397209167 640 123 647 135
face 0.22613179683685303 640 123 647 135
face 0.22346234321594238 640 123 647 135
face 0.21115443110466003 640 123 647 135
face 0.20817521214485168 640 123 647 135
face 0.20634102821350098 640 123 647 135
face 0.20599442720413208 640 123 647 135
face 0.2050054371356964 640 123 647 135
face 0.2042572796344757 640 123 647 135
face 0.19920986890792847 640 123 647 135
face 0.19907134771347046 640 123 647 135
face 0.19785889983177185 640 123 647 135
face 0.19403043389320374 640 123 647 135
face 0.19038468599319458 640 123 647 135
face 0.18984177708625793 640 123 647 135
face 0.18745571374893188 640 123 647 135
face 0.18494641780853271 640 123 647 135
face 0.18334069848060608 640 123 647 135
face 0.18286389112472534 640 123 647 135
face 0.18121707439422607 640 123 647 135
face 0.18044543266296387 640 123 647 135
face 0.17742860317230225 640 123 647 135
face 0.1666199266910553 640 123 647 135
face 0.1664603352546692 640 123 647 135
face 0.1663772463798523 640 123 647 135
face 0.166182279586792 640 123 647 135
face 0.16469761729240417 640 123 647 135
face 0.1640515923500061 640 123 647 135
face 0.1615806221961975 640 123 647 135
face 0.16016799211502075 640 123 647 135
face 0.160063236951828 640 123 647 135
face 0.15894758701324463 640 123 647 135
face 0.1576681137084961 640 123 647 135
face 0.15670710802078247 640 123 647 135
face 0.15517884492874146 640 123 647 135
face 0.15513703227043152 640 123 647 135
face 0.15511777997016907 640 123 647 135
face 0.1539565920829773 640 123 647 135
face 0.15328821539878845 640 123 647 135
face 0.15312296152114868 640 123 647 135
face 0.15091699361801147 640 123 647 135
face 0.15027549862861633 640 123 647 135
face 0.14991599321365356 640 123 647 135
face 0.14398297667503357 640 123 647 135
face 0.14391136169433594 640 123 647 135
face 0.13801759481430054 640 123 647 135
face 0.1377590298652649 640 123 647 135
face 0.1352589726448059 640 123 647 135
face 0.13473469018936157 640 123 647 135
face 0.13472217321395874 640 123 647 135
face 0.13244715332984924 640 123 647 135
face 0.1317833960056305 640 123 647 135
face 0.1316237449645996 640 123 647 135
face 0.13155117630958557 640 123 647 135
face 0.1307671070098877 640 123 647 135
face 0.12677523493766785 640 123 647 135
face 0.126295268535614 640 123 647 135
face 0.12509185075759888 640 123 647 135
