face 0.9703580141067505 447 519 468 547
face 0.887767493724823 577 559 598 588
face 0.8457810878753662 581 518 598 539
face 0.7769988775253296 528 530 546 555
face 0.5444766283035278 691 172 701 184
face 0.5069868564605713 959 567 1014 637
face 0.4748554229736328 959 567 1014 637
face 0.4590759575366974 959 567 1014 637
face 0.42839911580085754 959 567 1014 637
face 0.4267781674861908 959 567 1014 637
face 0.4011697769165039 959 567 1014 637
face 0.39858150482177734 959 567 1014 637
face 0.39353057742118835 959 567 1014 637
face 0.3268766701221466 959 567 1014 637
face 0.30338484048843384 959 567 1014 637
face 0.29283928871154785 959 567 1014 637
face 0.2900869846343994 959 567 1014 637
face 0.2622464895248413 959 567 1014 637
face 0.22252175211906433 959 567 1014 637
face 0.2214685082435608 959 567 1014 637
face 0.2204112708568573 959 567 1014 637
face 0.22007083892822266 959 567 1014 637
face 0.2076166272163391 959 567 1014 637
face 0.19591334462165833 959 567 1014 637
face 0.19531089067459106 959 567 1014 637
face 0.18757134675979614 959 567 1014 637
face 0.18148833513259888 959 567 1014 637
face 0.17321255803108215 959 567 1014 637
face 0.14850714802742004 959 567 1014 637
face 0.14844873547554016 959 567 1014 637
face 0.14441880583763123 959 567 1014 637
face 0.13626274466514587 959 567 1014 637
face 0.1323935091495514 959 567 1014 637
face 0.13106009364128113 959 567 1014 637
face 0.12766599655151367 959 567 1014 637
face 0.11669835448265076 959 567 1014 637
face 0.11280092597007751 959 567 1014 637
face 0.11219194531440735 959 567 1014 637
face 0.1102769672870636 959 567 1014 637
face 0.1082928478717804 959 567 1014 637
face 0.10566502809524536 959 567 1014 637
face 0.10338523983955383 959 567 1014 637
face 0.1032683253288269 959 567 1014 637
face 0.10211783647537231 959 567 1014 637
face 0.10135233402252197 959 567 1014 637
face 0.09842270612716675 959 567 1014 637
face 0.09098604321479797 959 567 1014 637
face 0.08847767114639282 959 567 1014 637
face 0.08707791566848755 959 567 1014 637
face 0.08625862002372742 959 567 1014 637
face 0.08601650595664978 959 567 1014 637
face 0.0806073248386383 959 567 1014 637
face 0.0787028968334198 959 567 1014 637
face 0.0779792070388794 959 567 1014 637
face 0.07483664155006409 959 567 1014 637
face 0.07347652316093445 959 567 1014 637
face 0.07301312685012817 959 567 1014 637
face 0.07251247763633728 959 567 1014 637
face 0.06908491253852844 959 567 1014 637
face 0.06882604956626892 959 567 1014 637
face 0.06743291020393372 959 567 1014 637
face 0.06635826826095581 959 567 1014 637
face 0.06444376707077026 959 567 1014 637
face 0.06141000986099243 959 567 1014 637
face 0.06072065234184265 959 567 1014 637
face 0.060553133487701416 959 567 1014 637
face 0.060347676277160645 959 567 1014 637
face 0.05788418650627136 959 567 1014 637
face 0.05746600031852722 959 567 1014 637
face 0.05727478861808777 959 567 1014 637
face 0.05622527003288269 959 567 1014 637
face 0.05571720004081726 959 567 1014 637
face 0.05557382106781006 959 567 1014 637
face 0.055404841899871826 959 567 1014 637
face 0.05433723330497742 959 567 1014 637
face 0.05214884877204895 959 567 1014 637
face 0.05116280913352966 959 567 1014 637
face 0.050094544887542725 959 567 1014 637
face 0.04995658993721008 959 567 1014 637
face 0.04927590489387512 959 567 1014 637
face 0.048967450857162476 959 567 1014 637
face 0.047870099544525146 959 567 1014 637
face 0.0470924973487854 959 567 1014 637
face 0.0461445152759552 959 567 1014 637
face 0.044906675815582275 959 567 1014 637
face 0.041644543409347534 959 567 1014 637
face 0.04148644208908081 959 567 1014 637
face 0.0400240421295166 959 567 1014 637
face 0.039586663246154785 959 567 1014 637
face 0.037985533475875854 959 567 1014 637
face 0.037811726331710815 959 567 1014 637
face 0.037648409605026245 959 567 1014 637
face 0.03664413094520569 959 567 1014 637
face 0.03662484884262085 959 567 1014 637
face 0.03638195991516113 959 567 1014 637
face 0.034517645835876465 959 567 1014 637
face 0.034443199634552 959 567 1014 637
face 0.03403031826019287 959 567 1014 637
face 0.03383973240852356 959 567 1014 637
face 0.033739566802978516 959 567 1014 637
