face 0.9489349722862244 419 264 527 354
face 0.9406389594078064 169 265 244 343
face 0.9275405406951904 82 244 117 295
face 0.8615182638168335 861 255 957 353
face 0.8455458283424377 658 299 711 367
face 0.5276559591293335 120 260 161 316
face 0.4001202881336212 120 260 161 316
face 0.35582607984542847 120 260 161 316
face 0.3229953944683075 120 260 161 316
face 0.30366837978363037 120 260 161 316
face 0.22073784470558167 120 260 161 316
face 0.20187732577323914 120 260 161 316
face 0.1784859597682953 120 260 161 316
face 0.1766730546951294 120 260 161 316
face 0.14079129695892334 120 260 161 316
face 0.1274217665195465 120 260 161 316
face 0.1153239905834198 120 260 161 316
face 0.11148485541343689 120 260 161 316
face 0.10157954692840576 120 260 161 316
face 0.0998544991016388 120 260 161 316
face 0.09662747383117676 120 260 161 316
face 0.09174281358718872 120 260 161 316
face 0.08920001983642578 120 260 161 316
face 0.0806671679019928 120 260 161 316
face 0.08041879534721375 120 260 161 316
face 0.07197758555412292 120 260 161 316
face 0.07019534707069397 120 260 161 316
face 0.06943163275718689 120 260 161 316
face 0.06471887230873108 120 260 161 316
face 0.06442594528198242 120 260 161 316
face 0.06402036547660828 120 260 161 316
face 0.06210407614707947 120 260 161 316
face 0.05795052647590637 120 260 161 316
face 0.05687302350997925 120 260 161 316
face 0.0519961416721344 120 260 161 316
face 0.04663717746734619 120 260 161 316
face 0.045976996421813965 120 260 161 316
face 0.04588434100151062 120 260 161 316
face 0.04530400037765503 120 260 161 316
face 0.040843039751052856 120 260 161 316
face 0.04072687029838562 120 260 161 316
face 0.03989303112030029 120 260 161 316
face 0.039542973041534424 120 260 161 316
face 0.039415985345840454 120 260 161 316
face 0.03783950209617615 120 260 161 316
face 0.037305980920791626 120 260 161 316
face 0.036644577980041504 120 260 161 316
face 0.0354917049407959 120 260 161 316
face 0.031473010778427124 120 260 161 316
face 0.031247258186340332 120 260 161 316
face 0.031192004680633545 120 260 161 316
face 0.031176090240478516 120 260 161 316
face 0.031087219715118408 120 260 161 316
face 0.03018137812614441 120 260 161 316
face 0.03016558289527893 120 260 161 316
face 0.030115902423858643 120 260 161 316
face 0.029449373483657837 120 260 161 316
face 0.029325932264328003 120 260 161 316
face 0.02852022647857666 120 260 161 316
face 0.028245121240615845 120 260 161 316
face 0.027520954608917236 120 260 161 316
face 0.027121514081954956 120 260 161 316
face 0.027121156454086304 120 260 161 316
face 0.027079373598098755 120 260 161 316
face 0.026442110538482666 120 260 161 316
face 0.026390522718429565 120 260 161 316
face 0.02617543935775757 120 260 161 316
face 0.025591671466827393 120 260 161 316
face 0.025479495525360107 120 260 161 316
face 0.024150878190994263 120 260 161 316
face 0.024109065532684326 120 260 161 316
face 0.023475587368011475 120 260 161 316
face 0.02335837483406067 120 260 161 316
face 0.02167835831642151 120 260 161 316
face 0.021446049213409424 120 260 161 316
face 0.021394312381744385 120 260 161 316
face 0.020727425813674927 120 260 161 316
face 0.02026495337486267 120 260 161 316
face 0.019199520349502563 120 260 161 316
face 0.01903921365737915 120 260 161 316
face 0.019007325172424316 120 260 161 316
face 0.018813788890838623 120 260 161 316
face 0.018792569637298584 120 260 161 316
face 0.01845201849937439 120 260 161 316
face 0.017816513776779175 120 260 161 316
face 0.017437011003494263 120 260 161 316
face 0.016347646713256836 120 260 161 316
face 0.016102373600006104 120 260 161 316
face 0.01597931981086731 120 260 161 316
face 0.01580527424812317 120 260 161 316
face 0.015771538019180298 120 260 161 316
face 0.015629321336746216 120 260 161 316
face 0.01555219292640686 120 260 161 316
face 0.01521766185760498 120 260 161 316
face 0.015200197696685791 120 260 161 316
face 0.015091240406036377 120 260 161 316
face 0.014526665210723877 120 260 161 316
face 0.014499545097351074 120 260 161 316
face 0.01439523696899414 120 260 161 316
face 0.014378160238265991 120 260 161 316
