face 0.9686870574951172 698 320 745 376
face 0.9596149921417236 73 197 130 266
face 0.9240543842315674 297 202 363 278
face 0.8002767562866211 515 202 572 268
face 0.7362829446792603 887 335 928 391
face 0.6876488327980042 655 497 686 545
face 0.31237247586250305 655 497 686 545
face 0.30583077669143677 655 497 686 545
face 0.17939788103103638 655 497 686 545
face 0.1588643193244934 655 497 686 545
face 0.15688881278038025 655 497 686 545
face 0.14014914631843567 655 497 686 545
face 0.1309683620929718 655 497 686 545
face 0.13057425618171692 655 497 686 545
face 0.13002333045005798 655 497 686 545
face 0.12281623482704163 655 497 686 545
face 0.10500213503837585 655 497 686 545
face 0.10373488068580627 655 497 686 545
face 0.09620541334152222 655 497 686 545
face 0.08812350034713745 655 497 686 545
face 0.08460018038749695 655 497 686 545
face 0.08190172910690308 655 497 686 545
face 0.08003321290016174 655 497 686 545
face 0.07909268140792847 655 497 686 545
face 0.07692760229110718 655 497 686 545
face 0.07457238435745239 655 497 686 545
face 0.07104465365409851 655 497 686 545
face 0.07089444994926453 655 497 686 545
face 0.06966012716293335 655 497 686 545
face 0.06849631667137146 655 497 686 545
face 0.0676490068435669 655 497 686 545
face 0.06696799397468567 655 497 686 545
face 0.06646230816841125 655 497 686 545
face 0.06617167592048645 655 497 686 545
face 0.06249716877937317 655 497 686 545
face 0.061847180128097534 655 497 686 545
face 0.06093508005142212 655 497 686 545
face 0.05972754955291748 655 497 686 545
face 0.058930784463882446 655 497 686 545
face 0.058385878801345825 655 497 686 545
face 0.05769243836402893 655 497 686 545
face 0.05650988221168518 655 497 686 545
face 0.056467294692993164 655 497 686 545
face 0.052754729986190796 655 497 686 545
face 0.052194178104400635 655 497 686 545
face 0.052054256200790405 655 497 686 545
face 0.05196422338485718 655 497 686 545
face 0.048027992248535156 655 497 686 545
face 0.04778298735618591 655 497 686 545
face 0.047417670488357544 655 497 686 545
face 0.04665634036064148 655 497 686 545
face 0.0445634126663208 655 497 686 545
face 0.04334697127342224 655 497 686 545
face 0.04213756322860718 655 497 686 545
face 0.04167532920837402 655 497 686 545
face 0.04111480712890625 655 497 686 545
face 0.04100322723388672 655 497 686 545
face 0.040088385343551636 655 497 686 545
face 0.03974205255508423 655 497 686 545
face 0.03880244493484497 655 497 686 545
face 0.03822433948516846 655 497 686 545
face 0.03815668821334839 655 497 686 545
face 0.03608006238937378 655 497 686 545
face 0.03558295965194702 655 497 686 545
face 0.035486429929733276 655 497 686 545
face 0.0346427857875824 655 497 686 545
face 0.034341633319854736 655 497 686 545
face 0.03162917494773865 655 497 686 545
face 0.03140854835510254 655 497 686 545
face 0.030593425035476685 655 497 686 545
face 0.03040224313735962 655 497 686 545
face 0.030127257108688354 655 497 686 545
face 0.029728025197982788 655 497 686 545
face 0.028188228607177734 655 497 686 545
face 0.02724871039390564 655 497 686 545
face 0.024840354919433594 655 497 686 545
face 0.024354010820388794 655 497 686 545
face 0.023428767919540405 655 497 686 545
face 0.022972404956817627 655 497 686 545
face 0.02263861894607544 655 497 686 545
face 0.021097570657730103 655 497 686 545
face 0.020922869443893433 655 497 686 545
face 0.020428776741027832 655 497 686 545
face 0.020190417766571045 655 497 686 545
face 0.01937335729598999 655 497 686 545
face 0.019227534532546997 655 497 686 545
face 0.019012033939361572 655 497 686 545
face 0.018573492765426636 655 497 686 545
face 0.01843714714050293 655 497 686 545
face 0.01814180612564087 655 497 686 545
face 0.017512351274490356 655 497 686 545
face 0.017175108194351196 655 497 686 545
face 0.017154335975646973 655 497 686 545
face 0.01704120635986328 655 497 686 545
face 0.016972899436950684 655 497 686 545
face 0.01671573519706726 655 497 686 545
face 0.016634315252304077 655 497 686 545
face 0.016541749238967896 655 497 686 545
face 0.01643824577331543 655 497 686 545
face 0.016341298818588257 655 497 686 545
