face 0.9925589561462402 619 320 635 341
face 0.9923075437545776 511 317 527 338
face 0.9920098185539246 411 319 428 342
face 0.9916152358055115 301 314 318 338
face 0.9909880757331848 632 362 649 385
face 0.9906398057937622 735 322 751 343
face 0.9885120391845703 353 320 369 343
face 0.9884743690490723 675 318 690 338
face 0.9872106313705444 948 318 966 341
face 0.9861293435096741 512 361 529 385
face 0.9859154224395752 468 325 485 347
face 0.9842542409896851 630 280 644 299
face 0.9829863905906677 793 365 810 387
face 0.9815875291824341 687 366 703 388
face 0.9786403775215149 569 320 584 341
face 0.9786131978034973 467 362 485 388
face 0.9765956401824951 843 365 861 387
face 0.9749468564987183 734 366 750 388
face 0.9742251038551331 569 364 586 388
face 0.9665435552597046 745 280 759 296
face 0.953933835029602 783 321 799 341
face 0.9456735849380493 695 286 708 303
face 0.9425575137138367 891 325 908 346
face 0.9420835971832275 844 291 858 308
face 0.931220293045044 565 289 579 307
face 0.9303634166717529 666 397 685 423
face 0.9298019409179688 733 391 752 417
face 0.9265843629837036 525 400 542 423
face 0.9147886037826538 151 291 163 308
face 0.8981069326400757 902 363 921 387
face 0.8894126415252686 836 321 852 340
face 0.8781448602676392 799 287 814 303
face 0.864151120185852 413 352 430 375
face 0.8447437286376953 209 310 226 331
face 0.8358933329582214 416 294 432 314
face 0.8009737730026245 901 50 914 64
face 0.7940523624420166 1000 287 1014 308
face 0.7827284336090088 905 290 919 308
face 0.7705403566360474 190 362 222 404
face 0.7477889060974121 264 292 277 309
face 0.7290507555007935 466 295 481 313
face 0.71584153175354 349 297 363 315
face 0.710050106048584 590 392 609 416
face 0.6987622976303101 937 293 951 312
face 0.6793432235717773 940 351 960 375
face 0.6791284084320068 849 388 869 413
face 0.6517066359519958 190 295 203 311
face 0.6454914808273315 991 313 1006 336
face 0.6358389258384705 299 296 312 315
face 0.6096388101577759 247 305 262 326
face 0.5784637928009033 954 56 968 72
face 0.5510749220848083 788 388 808 413
face 0.5189985632896423 535 293 549 311
face 0.5175315141677856 132 310 148 330
face 0.47976651787757874 132 310 148 330
face 0.3783363103866577 132 310 148 330
face 0.3631361126899719 132 310 148 330
face 0.3266538381576538 132 310 148 330
face 0.3239656090736389 132 310 148 330
face 0.2935665249824524 132 310 148 330
face 0.287090539932251 132 310 148 330
face 0.25268155336380005 132 310 148 330
face 0.21823757886886597 132 310 148 330
face 0.1238718032836914 132 310 148 330
face 0.12263774871826172 132 310 148 330
face 0.11928132176399231 132 310 148 330
face 0.11723047494888306 132 310 148 330
face 0.10723006725311279 132 310 148 330
face 0.071075439453125 132 310 148 330
face 0.06945362687110901 132 310 148 330
face 0.06273189187049866 132 310 148 330
face 0.05955380201339722 132 310 148 330
face 0.05826374888420105 132 310 148 330
face 0.055014729499816895 132 310 148 330
face 0.05470731854438782 132 310 148 330
face 0.05109363794326782 132 310 148 330
face 0.0478149950504303 132 310 148 330
face 0.042771995067596436 132 310 148 330
face 0.04032987356185913 132 310 148 330
face 0.039753496646881104 132 310 148 330
face 0.03752359747886658 132 310 148 330
face 0.037096112966537476 132 310 148 330
face 0.036045223474502563 132 310 148 330
face 0.03325909376144409 132 310 148 330
face 0.028489530086517334 132 310 148 330
face 0.02795347571372986 132 310 148 330
face 0.02762630581855774 132 310 148 330
face 0.024638503789901733 132 310 148 330
face 0.02446642518043518 132 310 148 330
face 0.023896992206573486 132 310 148 330
face 0.023593217134475708 132 310 148 330
face 0.02354329824447632 132 310 148 330
face 0.023396551609039307 132 310 148 330
face 0.0230787992477417 132 310 148 330
face 0.022125840187072754 132 310 148 330
face 0.022062689065933228 132 310 148 330
face 0.019905686378479004 132 310 148 330
face 0.018294066190719604 132 310 148 330
face 0.01814436912536621 132 310 148 330
face 0.018117249011993408 132 310 148 330
