face 0.9830148816108704 703 235 777 332
face 0.6872007250785828 237 19 308 119
face 0.5901261568069458 873 199 947 292
face 0.38105833530426025 873 199 947 292
face 0.04747530817985535 873 199 947 292
face 0.031098216772079468 873 199 947 292
face 0.030764758586883545 873 199 947 292
face 0.030721545219421387 873 199 947 292
face 0.02850860357284546 873 199 947 292
face 0.02399754524230957 873 199 947 292
face 0.021558493375778198 873 199 947 292
face 0.02093029022216797 873 199 947 292
face 0.019699573516845703 873 199 947 292
face 0.01588153839111328 873 199 947 292
face 0.01540219783782959 873 199 947 292
face 0.015364348888397217 873 199 947 292
face 0.013804644346237183 873 199 947 292
face 0.013573646545410156 873 199 947 292
face 0.011960715055465698 873 199 947 292
face 0.010835647583007812 873 199 947 292
face 0.010359853506088257 873 199 947 292
face 0.009893864393234253 873 199 947 292
face 0.00938764214515686 873 199 947 292
face 0.009154915809631348 873 199 947 292
face 0.008506089448928833 873 199 947 292
face 0.008448809385299683 873 199 947 292
face 0.008387982845306396 873 199 947 292
face 0.008228540420532227 873 199 947 292
face 0.008123427629470825 873 199 947 292
face 0.00805574655532837 873 199 947 292
face 0.008043438196182251 873 199 947 292
face 0.00803336501121521 873 199 947 292
face 0.007961779832839966 873 199 947 292
face 0.007917940616607666 873 199 947 292
face 0.007900357246398926 873 199 947 292
face 0.0077446699142456055 873 199 947 292
face 0.007676601409912109 873 199 947 292
face 0.007639199495315552 873 199 947 292
face 0.00749853253364563 873 199 947 292
face 0.0074141621589660645 873 199 947 292
face 0.007370948791503906 873 199 947 292
face 0.007368892431259155 873 199 947 292
face 0.007210403680801392 873 199 947 292
face 0.007206708192825317 873 199 947 292
face 0.007135629653930664 873 199 947 292
face 0.0068916380405426025 873 199 947 292
face 0.006834805011749268 873 199 947 292
face 0.006798833608627319 873 199 947 292
face 0.006774425506591797 873 199 947 292
face 0.0067376792430877686 873 199 947 292
face 0.006666451692581177 873 199 947 292
face 0.00666084885597229 873 199 947 292
face 0.006660103797912598 873 199 947 292
face 0.006609827280044556 873 199 947 292
face 0.006604552268981934 873 199 947 292
face 0.00642433762550354 873 199 947 292
face 0.006350100040435791 873 199 947 292
face 0.0062506794929504395 873 199 947 292
face 0.0061872005462646484 873 199 947 292
face 0.006072193384170532 873 199 947 292
face 0.005991876125335693 873 199 947 292
face 0.005987107753753662 873 199 947 292
face 0.005964994430541992 873 199 947 292
face 0.005960971117019653 873 199 947 292
face 0.005848616361618042 873 199 947 292
face 0.005836218595504761 873 199 947 292
face 0.005822479724884033 873 199 947 292
face 0.005645275115966797 873 199 947 292
face 0.005639255046844482 873 199 947 292
face 0.0056227147579193115 873 199 947 292
face 0.005577355623245239 873 199 947 292
face 0.005543619394302368 873 199 947 292
face 0.005542576313018799 873 199 947 292
face 0.0055072009563446045 873 199 947 292
face 0.005465865135192871 873 199 947 292
face 0.005424678325653076 873 199 947 292
face 0.005416005849838257 873 199 947 292
face 0.005415558815002441 873 199 947 292
face 0.00540083646774292 873 199 947 292
face 0.0053632259368896484 873 199 947 292
face 0.005348175764083862 873 199 947 292
face 0.005339682102203369 873 199 947 292
face 0.005335330963134766 873 199 947 292
face 0.005331844091415405 873 199 947 292
face 0.00532984733581543 873 199 947 292
face 0.005322247743606567 873 199 947 292
face 0.005301535129547119 873 199 947 292
face 0.005166947841644287 873 199 947 292
face 0.005062758922576904 873 199 947 292
face 0.005008131265640259 873 199 947 292
face 0.004989594221115112 873 199 947 292
face 0.004941493272781372 873 199 947 292
face 0.004937350749969482 873 199 947 292
face 0.004929304122924805 873 199 947 292
face 0.004896044731140137 873 199 947 292
face 0.004895925521850586 873 199 947 292
face 0.0048551857471466064 873 199 947 292
face 0.004851639270782471 873 199 947 292
face 0.00481492280960083 873 199 947 292
face 0.0048091113567352295 873 199 947 292
