face 0.981257438659668 898 88 922 105
face 0.9670698642730713 564 85 585 101
face 0.9660044312477112 124 81 146 99
face 0.9658246636390686 561 119 582 137
face 0.9648473262786865 308 74 330 94
face 0.9642889499664307 525 93 547 111
face 0.963627815246582 620 81 642 96
face 0.9598327875137329 724 89 748 105
face 0.9589369297027588 845 91 865 107
face 0.9573550820350647 416 74 439 92
face 0.9531945586204529 783 96 804 111
face 0.9517452716827393 475 82 498 100
face 0.9423757791519165 241 91 261 110
face 0.9359750151634216 11 83 28 99
face 0.9187700748443604 939 88 964 106
face 0.9138655662536621 343 76 365 94
face 0.8817092180252075 624 106 644 124
face 0.8469269871711731 998 88 1021 107
face 0.8207463026046753 78 77 97 93
face 0.8013222217559814 668 89 688 103
face 0.7621381282806396 679 69 698 79
face 0.7446579933166504 715 113 736 129
face 0.7331924438476562 62 67 79 78
face 0.6963277459144592 170 207 195 233
face 0.6920117139816284 561 69 580 80
face 0.638180673122406 203 87 222 103
face 0.6112553477287292 7 110 24 126
face 0.5466929078102112 801 107 820 123
face 0.5380542278289795 838 68 856 78
face 0.5225338935852051 461 68 482 81
face 0.48093685507774353 461 68 482 81
face 0.46567970514297485 461 68 482 81
face 0.44602739810943604 461 68 482 81
face 0.43398845195770264 461 68 482 81
face 0.4331561326980591 461 68 482 81
face 0.41898152232170105 461 68 482 81
face 0.4081672132015228 461 68 482 81
face 0.40363940596580505 461 68 482 81
face 0.3363780379295349 461 68 482 81
face 0.3045417368412018 461 68 482 81
face 0.30080658197402954 461 68 482 81
face 0.28752991557121277 461 68 482 81
face 0.2677820920944214 461 68 482 81
face 0.261447012424469 461 68 482 81
face 0.2487141191959381 461 68 482 81
face 0.238379567861557 461 68 482 81
face 0.21649667620658875 461 68 482 81
face 0.1700448989868164 461 68 482 81
face 0.16979044675827026 461 68 482 81
face 0.15408751368522644 461 68 482 81
face 0.15169307589530945 461 68 482 81
face 0.13415342569351196 461 68 482 81
face 0.12686645984649658 461 68 482 81
face 0.12268078327178955 461 68 482 81
face 0.11841455101966858 461 68 482 81
face 0.11071839928627014 461 68 482 81
face 0.10931357741355896 461 68 482 81
face 0.10487577319145203 461 68 482 81
face 0.10271626710891724 461 68 482 81
face 0.09257981181144714 461 68 482 81
face 0.09145158529281616 461 68 482 81
face 0.0726335346698761 461 68 482 81
face 0.062031447887420654 461 68 482 81
face 0.05435958504676819 461 68 482 81
face 0.04423961043357849 461 68 482 81
face 0.04060572385787964 461 68 482 81
face 0.03875255584716797 461 68 482 81
face 0.037405163049697876 461 68 482 81
face 0.03671300411224365 461 68 482 81
face 0.03622278571128845 461 68 482 81
face 0.032758861780166626 461 68 482 81
face 0.028457075357437134 461 68 482 81
face 0.025136172771453857 461 68 482 81
face 0.02436763048171997 461 68 482 81
face 0.019892603158950806 461 68 482 81
face 0.018705636262893677 461 68 482 81
face 0.016317754983901978 461 68 482 81
face 0.015925586223602295 461 68 482 81
face 0.014482825994491577 461 68 482 81
face 0.01364755630493164 461 68 482 81
face 0.012928634881973267 461 68 482 81
face 0.01250120997428894 461 68 482 81
face 0.012339919805526733 461 68 482 81
face 0.010929077863693237 461 68 482 81
face 0.010206609964370728 461 68 482 81
face 0.00995299220085144 461 68 482 81
face 0.009853363037109375 461 68 482 81
face 0.009198546409606934 461 68 482 81
face 0.009175658226013184 461 68 482 81
face 0.009127557277679443 461 68 482 81
face 0.008970052003860474 461 68 482 81
face 0.008885294198989868 461 68 482 81
face 0.008588135242462158 461 68 482 81
face 0.008364617824554443 461 68 482 81
face 0.008276432752609253 461 68 482 81
face 0.008243054151535034 461 68 482 81
face 0.008228719234466553 461 68 482 81
face 0.008159548044204712 461 68 482 81
face 0.008068233728408813 461 68 482 81
face 0.007864654064178467 461 68 482 81
