face 0.9973329305648804 658 339 686 370
face 0.9970163106918335 442 243 463 267
face 0.9892938137054443 611 245 630 266
face 0.9885609149932861 765 339 788 368
face 0.9855049848556519 99 188 115 207
face 0.9835403561592102 298 242 316 265
face 0.981462299823761 115 273 140 304
face 0.9719232320785522 583 177 598 196
face 0.9695621728897095 406 187 419 203
face 0.9662877321243286 192 174 207 195
face 0.9586461186408997 825 243 845 268
face 0.9576635360717773 250 199 267 220
face 0.9413271546363831 617 159 627 172
face 0.9355052709579468 949 233 966 256
face 0.8838046789169312 855 206 869 225
face 0.8661693334579468 518 176 531 191
face 0.8597791194915771 902 218 918 239
face 0.858720064163208 840 351 865 379
face 0.8006402254104614 795 406 828 449
face 0.783428430557251 916 327 944 358
face 0.7815402746200562 314 171 328 187
face 0.7211540937423706 355 218 371 237
face 0.6959547996520996 472 194 484 208
face 0.6662111878395081 755 211 767 227
face 0.6631966829299927 721 164 730 177
face 0.5581744909286499 470 203 484 219
face 0.5529791116714478 1008 333 1022 359
face 0.4531916379928589 1008 333 1022 359
face 0.31869712471961975 1008 333 1022 359
face 0.3026832044124603 1008 333 1022 359
face 0.2959803342819214 1008 333 1022 359
face 0.28530240058898926 1008 333 1022 359
face 0.2852567434310913 1008 333 1022 359
face 0.2835806608200073 1008 333 1022 359
face 0.2093031108379364 1008 333 1022 359
face 0.2044200301170349 1008 333 1022 359
face 0.1826295554637909 1008 333 1022 359
face 0.17854821681976318 1008 333 1022 359
face 0.17700627446174622 1008 333 1022 359
face 0.15716251730918884 1008 333 1022 359
face 0.14492300152778625 1008 333 1022 359
face 0.14310380816459656 1008 333 1022 359
face 0.13344916701316833 1008 333 1022 359
face 0.12596642971038818 1008 333 1022 359
face 0.12393948435783386 1008 333 1022 359
face 0.11257469654083252 1008 333 1022 359
face 0.11209648847579956 1008 333 1022 359
face 0.11206880211830139 1008 333 1022 359
face 0.09777486324310303 1008 333 1022 359
face 0.09681010246276855 1008 333 1022 359
face 0.0967685878276825 1008 333 1022 359
face 0.09487372636795044 1008 333 1022 359
face 0.09104037284851074 1008 333 1022 359
face 0.08930003643035889 1008 333 1022 359
face 0.08693802356719971 1008 333 1022 359
face 0.08682718873023987 1008 333 1022 359
face 0.08496969938278198 1008 333 1022 359
face 0.08413106203079224 1008 333 1022 359
face 0.07634684443473816 1008 333 1022 359
face 0.07086154818534851 1008 333 1022 359
face 0.06672993302345276 1008 333 1022 359
face 0.06261566281318665 1008 333 1022 359
face 0.061173826456069946 1008 333 1022 359
face 0.05854314565658569 1008 333 1022 359
face 0.04790648818016052 1008 333 1022 359
face 0.043968141078948975 1008 333 1022 359
face 0.040721356868743896 1008 333 1022 359
face 0.03696957230567932 1008 333 1022 359
face 0.03397884964942932 1008 333 1022 359
face 0.03199991583824158 1008 333 1022 359
face 0.03196805715560913 1008 333 1022 359
face 0.031080156564712524 1008 333 1022 359
face 0.030320942401885986 1008 333 1022 359
face 0.02981916069984436 1008 333 1022 359
face 0.026445746421813965 1008 333 1022 359
face 0.0263841450214386 1008 333 1022 359
face 0.026190966367721558 1008 333 1022 359
face 0.025594621896743774 1008 333 1022 359
face 0.025403976440429688 1008 333 1022 359
face 0.024970978498458862 1008 333 1022 359
face 0.02466103434562683 1008 333 1022 359
face 0.023400336503982544 1008 333 1022 359
face 0.023282945156097412 1008 333 1022 359
face 0.02239897847175598 1008 333 1022 359
face 0.021801024675369263 1008 333 1022 359
face 0.02155512571334839 1008 333 1022 359
face 0.021442055702209473 1008 333 1022 359
face 0.02080574631690979 1008 333 1022 359
face 0.01833900809288025 1008 333 1022 359
face 0.016967743635177612 1008 333 1022 359
face 0.016945362091064453 1008 333 1022 359
face 0.016821235418319702 1008 333 1022 359
face 0.01598784327507019 1008 333 1022 359
face 0.01586708426475525 1008 333 1022 359
face 0.01569002866744995 1008 333 1022 359
face 0.014957576990127563 1008 333 1022 359
face 0.014154165983200073 1008 333 1022 359
face 0.013356715440750122 1008 333 1022 359
face 0.01310005784034729 1008 333 1022 359
face 0.012721598148345947 1008 333 1022 359
