face 0.9966875910758972 461 179 787 600
face 0.045481741428375244 461 179 787 600
face 0.04002183675765991 461 179 787 600
face 0.02791118621826172 461 179 787 600
face 0.027530163526535034 461 179 787 600
face 0.019903123378753662 461 179 787 600
face 0.016928523778915405 461 179 787 600
face 0.01667916774749756 461 179 787 600
face 0.013522088527679443 461 179 787 600
face 0.013419747352600098 461 179 787 600
face 0.013387799263000488 461 179 787 600
face 0.012791603803634644 461 179 787 600
face 0.012632101774215698 461 179 787 600
face 0.012200236320495605 461 179 787 600
face 0.011817485094070435 461 179 787 600
face 0.011052638292312622 461 179 787 600
face 0.01089334487915039 461 179 787 600
face 0.010856330394744873 461 179 787 600
face 0.010729700326919556 461 179 787 600
face 0.00997549295425415 461 179 787 600
face 0.009269148111343384 461 179 787 600
face 0.009066462516784668 461 179 787 600
face 0.008857637643814087 461 179 787 600
face 0.008757144212722778 461 179 787 600
face 0.00860816240310669 461 179 787 600
face 0.008342623710632324 461 179 787 600
face 0.008340001106262207 461 179 787 600
face 0.008116841316223145 461 179 787 600
face 0.007892429828643799 461 179 787 600
face 0.00774991512298584 461 179 787 600
face 0.007484614849090576 461 179 787 600
face 0.007272392511367798 461 179 787 600
face 0.007240265607833862 461 179 787 600
face 0.007140040397644043 461 179 787 600
face 0.007071495056152344 461 179 787 600
face 0.0069214701652526855 461 179 787 600
face 0.006897568702697754 461 179 787 600
face 0.0067961812019348145 461 179 787 600
face 0.006731480360031128 461 179 787 600
face 0.006614655256271362 461 179 787 600
face 0.006590902805328369 461 179 787 600
face 0.006545126438140869 461 179 787 600
face 0.006498575210571289 461 179 787 600
face 0.006478399038314819 461 179 787 600
face 0.00638917088508606 461 179 787 600
face 0.006308048963546753 461 179 787 600
face 0.006217688322067261 461 179 787 600
face 0.006210803985595703 461 179 787 600
face 0.00620231032371521 461 179 787 600
face 0.006191372871398926 461 179 787 600
face 0.00610235333442688 461 179 787 600
face 0.005938202142715454 461 179 787 600
face 0.005829215049743652 461 179 787 600
face 0.005824923515319824 461 179 787 600
face 0.005791604518890381 461 179 787 600
face 0.005744904279708862 461 179 787 600
face 0.005636036396026611 461 179 787 600
face 0.00559234619140625 461 179 787 600
face 0.0054836273193359375 461 179 787 600
face 0.005456656217575073 461 179 787 600
face 0.005454152822494507 461 179 787 600
face 0.005358397960662842 461 179 787 600
face 0.005357950925827026 461 179 787 600
face 0.005348861217498779 461 179 787 600
face 0.005330294370651245 461 179 787 600
face 0.005259335041046143 461 179 787 600
face 0.005214720964431763 461 179 787 600
face 0.005188554525375366 461 179 787 600
face 0.005138814449310303 461 179 787 600
face 0.005097836256027222 461 179 787 600
face 0.00503462553024292 461 179 787 600
face 0.0050224363803863525 461 179 787 600
face 0.005007237195968628 461 179 787 600
face 0.004965096712112427 461 179 787 600
face 0.004938393831253052 461 179 787 600
face 0.0048370361328125 461 179 787 600
face 0.004770398139953613 461 179 787 600
face 0.0047185420989990234 461 179 787 600
face 0.0047152042388916016 461 179 787 600
face 0.004608780145645142 461 179 787 600
face 0.004519075155258179 461 179 787 600
face 0.004484266042709351 461 179 787 600
face 0.0044660866260528564 461 179 787 600
face 0.004429847002029419 461 179 787 600
face 0.004367619752883911 461 179 787 600
face 0.004355430603027344 461 179 787 600
face 0.004297822713851929 461 179 787 600
face 0.004236429929733276 461 179 787 600
face 0.004207789897918701 461 179 787 600
face 0.004194349050521851 461 179 787 600
face 0.004180282354354858 461 179 787 600
face 0.004086554050445557 461 179 787 600
face 0.004060417413711548 461 179 787 600
face 0.004033833742141724 461 179 787 600
face 0.004007071256637573 461 179 787 600
face 0.0040055811405181885 461 179 787 600
face 0.004001915454864502 461 179 787 600
face 0.003994077444076538 461 179 787 600
face 0.003989100456237793 461 179 787 600
face 0.0039296746253967285 461 179 787 600
