face 0.9985966682434082 149 236 461 653
face 0.6794799566268921 619 414 881 653
face 0.016484588384628296 619 414 881 653
face 0.015757739543914795 619 414 881 653
face 0.014647066593170166 619 414 881 653
face 0.0133017897605896 619 414 881 653
face 0.013241887092590332 619 414 881 653
face 0.012987405061721802 619 414 881 653
face 0.012870848178863525 619 414 881 653
face 0.012363970279693604 619 414 881 653
face 0.012294769287109375 619 414 881 653
face 0.012198567390441895 619 414 881 653
face 0.011369585990905762 619 414 881 653
face 0.011205613613128662 619 414 881 653
face 0.009540021419525146 619 414 881 653
face 0.008968234062194824 619 414 881 653
face 0.008758306503295898 619 414 881 653
face 0.008606582880020142 619 414 881 653
face 0.008606523275375366 619 414 881 653
face 0.008533358573913574 619 414 881 653
face 0.008425414562225342 619 414 881 653
face 0.008421152830123901 619 414 881 653
face 0.008049935102462769 619 414 881 653
face 0.007839620113372803 619 414 881 653
face 0.00770685076713562 619 414 881 653
face 0.007631391286849976 619 414 881 653
face 0.00755465030670166 619 414 881 653
face 0.0075057148933410645 619 414 881 653
face 0.0074193477630615234 619 414 881 653
face 0.007294058799743652 619 414 881 653
face 0.007113844156265259 619 414 881 653
face 0.00709843635559082 619 414 881 653
face 0.006959259510040283 619 414 881 653
face 0.006906360387802124 619 414 881 653
face 0.006861567497253418 619 414 881 653
face 0.006686955690383911 619 414 881 653
face 0.006594806909561157 619 414 881 653
face 0.0065503716468811035 619 414 881 653
face 0.0064896345138549805 619 414 881 653
face 0.006440073251724243 619 414 881 653
face 0.0064164698123931885 619 414 881 653
face 0.006385505199432373 619 414 881 653
face 0.006329447031021118 619 414 881 653
face 0.006226271390914917 619 414 881 653
face 0.0061991214752197266 619 414 881 653
face 0.0061724185943603516 619 414 881 653
face 0.006100952625274658 619 414 881 653
face 0.006094187498092651 619 414 881 653
face 0.005996376276016235 619 414 881 653
face 0.005983889102935791 619 414 881 653
face 0.005923420190811157 619 414 881 653
face 0.005824863910675049 619 414 881 653
face 0.0057121217250823975 619 414 881 653
face 0.0055201053619384766 619 414 881 653
face 0.005438297986984253 619 414 881 653
face 0.005415171384811401 619 414 881 653
face 0.005383282899856567 619 414 881 653
face 0.005290865898132324 619 414 881 653
face 0.005269944667816162 619 414 881 653
face 0.005253106355667114 619 414 881 653
face 0.005251944065093994 619 414 881 653
face 0.005231291055679321 619 414 881 653
face 0.005198448896408081 619 414 881 653
face 0.005160540342330933 619 414 881 653
face 0.005154728889465332 619 414 881 653
face 0.005152016878128052 619 414 881 653
face 0.005135834217071533 619 414 881 653
face 0.005085676908493042 619 414 881 653
face 0.0050810277462005615 619 414 881 653
face 0.005075961351394653 619 414 881 653
face 0.005072653293609619 619 414 881 653
face 0.005049258470535278 619 414 881 653
face 0.005026191473007202 619 414 881 653
face 0.00501173734664917 619 414 881 653
face 0.005010545253753662 619 414 881 653
face 0.004990339279174805 619 414 881 653
face 0.0049675703048706055 619 414 881 653
face 0.0049066245555877686 619 414 881 653
face 0.004842936992645264 619 414 881 653
face 0.004785090684890747 619 414 881 653
face 0.004724323749542236 619 414 881 653
face 0.004712879657745361 619 414 881 653
face 0.004688620567321777 619 414 881 653
face 0.004666626453399658 619 414 881 653
face 0.0046659111976623535 619 414 881 653
face 0.004598557949066162 619 414 881 653
face 0.004566073417663574 619 414 881 653
face 0.004562675952911377 619 414 881 653
face 0.004496902227401733 619 414 881 653
face 0.004471123218536377 619 414 881 653
face 0.004460453987121582 619 414 881 653
face 0.004452884197235107 619 414 881 653
face 0.004428505897521973 619 414 881 653
face 0.004417747259140015 619 414 881 653
face 0.004386276006698608 619 414 881 653
face 0.00437203049659729 619 414 881 653
face 0.0043686628341674805 619 414 881 653
face 0.0043558478355407715 619 414 881 653
face 0.004171222448348999 619 414 881 653
face 0.004168599843978882 619 414 881 653
