face 0.9980583190917969 669 445 690 471
face 0.9958604574203491 771 452 795 477
face 0.9916893243789673 198 445 220 471
face 0.988031268119812 306 445 327 471
face 0.9878264665603638 146 503 170 529
face 0.9847184419631958 300 359 320 382
face 0.9842643737792969 694 368 714 393
face 0.9835589528083801 495 394 517 418
face 0.9798758029937744 881 457 903 482
face 0.9798219203948975 749 399 770 425
face 0.9741699695587158 739 317 756 340
face 0.9733386039733887 897 283 911 304
face 0.9643990993499756 251 375 271 397
face 0.9610689878463745 10 484 32 509
face 0.9610098600387573 67 448 90 473
face 0.9604476690292358 440 448 461 472
face 0.9596567153930664 735 269 750 290
face 0.9513828754425049 846 273 860 294
face 0.9455960988998413 788 242 801 262
face 0.9434686899185181 618 285 634 305
face 0.9318435192108154 740 250 753 269
face 0.9288787841796875 799 326 815 349
face 0.9242223501205444 578 196 589 211
face 0.9230512380599976 135 414 154 437
face 0.9188213348388672 266 506 288 532
face 0.9180247783660889 73 273 84 290
face 0.9145886301994324 837 356 855 379
face 0.9076391458511353 680 277 695 297
face 0.9036030769348145 695 195 705 210
face 0.8857930898666382 850 240 863 260
face 0.8819050788879395 940 517 960 544
face 0.8690694570541382 398 509 421 534
face 0.8663544654846191 135 268 146 286
face 0.8604044318199158 897 316 913 339
face 0.8593616485595703 255 244 266 259
face 0.8565840721130371 950 237 963 258
face 0.8532342910766602 896 352 914 375
face 0.8527431488037109 575 243 589 260
face 0.8449751734733582 996 320 1011 342
face 0.8420827388763428 625 325 643 347
face 0.8403021693229675 620 249 633 266
face 0.8321605324745178 542 294 560 316
face 0.8259618282318115 185 271 196 287
face 0.8209719657897949 742 201 752 217
face 0.8168987035751343 798 196 811 215
face 0.8137274384498596 850 319 865 340
face 0.8119075298309326 194 242 204 257
face 0.8095163106918335 828 507 849 530
face 0.8069677352905273 321 281 336 299
face 0.7922011017799377 681 251 694 268
face 0.786199152469635 619 200 629 215
face 0.7837693095207214 150 241 159 255
face 0.7748171091079712 720 498 739 522
face 0.7687364816665649 684 325 702 347
face 0.767956018447876 888 235 901 255
face 0.757953405380249 80 236 88 250
face 0.7484630346298218 645 348 664 372
face 0.7459233999252319 190 383 209 405
face 0.7391471862792969 310 320 328 340
face 0.7232205867767334 961 274 974 294
face 0.7216103672981262 794 365 812 388
face 0.7192928194999695 602 509 624 534
face 0.7120848894119263 807 269 820 289
face 0.7070386409759521 186 385 206 409
face 0.7054117918014526 9 269 20 286
face 0.704858660697937 188 207 196 220
face 0.7003109455108643 991 279 1004 299
face 0.6989456415176392 488 221 505 243
face 0.6989209651947021 244 342 261 359
face 0.6855819225311279 350 333 368 354
face 0.6845798492431641 13 253 21 266
face 0.6684128046035767 892 198 906 218
face 0.6682860255241394 965 320 980 342
face 0.6646390557289124 561 284 579 305
face 0.6586837768554688 307 235 319 250
face 0.6536760926246643 257 270 270 287
face 0.6504960656166077 344 283 361 302
face 0.6393352746963501 857 199 869 218
face 0.6374033689498901 799 157 807 171
face 0.6153147220611572 266 202 275 215
face 0.6105217337608337 996 240 1009 260
face 0.6020886898040771 344 234 358 251
face 0.5993484854698181 149 205 156 217
face 0.5968879461288452 94 213 101 226
face 0.5937260389328003 438 290 457 312
face 0.5613252520561218 307 199 317 213
face 0.5388393998146057 783 393 803 416
face 0.5384785532951355 404 334 423 355
face 0.5351153612136841 737 163 744 174
face 0.5213334560394287 495 224 513 245
face 0.5032121539115906 950 195 963 214
face 0.5015532970428467 955 497 973 523
face 0.47929516434669495 955 497 973 523
face 0.4739382266998291 955 497 973 523
face 0.46366626024246216 955 497 973 523
face 0.45770135521888733 955 497 973 523
face 0.45333898067474365 955 497 973 523
face 0.421888530254364 955 497 973 523
face 0.41521117091178894 955 497 973 523
face 0.40776392817497253 955 497 973 523
