face 0.9980493783950806 370 23 417 78
face 0.9963722229003906 497 139 541 194
face 0.9926214814186096 338 125 385 177
face 0.9853286743164062 9 33 42 78
face 0.9834469556808472 171 1 217 49
face 0.9741253852844238 52 34 87 78
face 0.9548041820526123 630 120 686 186
face 0.8935686945915222 308 20 352 71
face 0.8005894422531128 116 30 164 89
face 0.685477077960968 405 126 447 172
face 0.6764458417892456 573 136 626 197
face 0.5161845088005066 144 145 191 205
face 0.5081031322479248 132 54 181 108
face 0.38637953996658325 132 54 181 108
face 0.37094801664352417 132 54 181 108
face 0.3428337574005127 132 54 181 108
face 0.31496256589889526 132 54 181 108
face 0.2614855170249939 132 54 181 108
face 0.2468309998512268 132 54 181 108
face 0.16707271337509155 132 54 181 108
face 0.11657267808914185 132 54 181 108
face 0.11359402537345886 132 54 181 108
face 0.09159758687019348 132 54 181 108
face 0.08395075798034668 132 54 181 108
face 0.08269229531288147 132 54 181 108
face 0.07691270112991333 132 54 181 108
face 0.07014954090118408 132 54 181 108
face 0.06800058484077454 132 54 181 108
face 0.06156173348426819 132 54 181 108
face 0.06136351823806763 132 54 181 108
face 0.05236294865608215 132 54 181 108
face 0.04914394021034241 132 54 181 108
face 0.04255467653274536 132 54 181 108
face 0.04182940721511841 132 54 181 108
face 0.04145467281341553 132 54 181 108
face 0.030754446983337402 132 54 181 108
face 0.030200570821762085 132 54 181 108
face 0.029575079679489136 132 54 181 108
face 0.02935454249382019 132 54 181 108
face 0.026718705892562866 132 54 181 108
face 0.025864213705062866 132 54 181 108
face 0.025719135999679565 132 54 181 108
face 0.02422875165939331 132 54 181 108
face 0.023855209350585938 132 54 181 108
face 0.023173481225967407 132 54 181 108
face 0.022717684507369995 132 54 181 108
face 0.022425800561904907 132 54 181 108
face 0.020698130130767822 132 54 181 108
face 0.019641876220703125 132 54 181 108
face 0.01909807324409485 132 54 181 108
face 0.018019258975982666 132 54 181 108
face 0.017505913972854614 132 54 181 108
face 0.017460227012634277 132 54 181 108
face 0.017444491386413574 132 54 181 108
face 0.01670682430267334 132 54 181 108
face 0.01573997735977173 132 54 181 108
face 0.01572781801223755 132 54 181 108
face 0.015574783086776733 132 54 181 108
face 0.014883875846862793 132 54 181 108
face 0.014044374227523804 132 54 181 108
face 0.013683944940567017 132 54 181 108
face 0.01361691951751709 132 54 181 108
face 0.013452857732772827 132 54 181 108
face 0.012639850378036499 132 54 181 108
face 0.012607276439666748 132 54 181 108
face 0.012016266584396362 132 54 181 108
face 0.01178652048110962 132 54 181 108
face 0.011715292930603027 132 54 181 108
face 0.011629283428192139 132 54 181 108
face 0.011601537466049194 132 54 181 108
face 0.011559009552001953 132 54 181 108
face 0.011499881744384766 132 54 181 108
face 0.011367112398147583 132 54 181 108
face 0.011234968900680542 132 54 181 108
face 0.011002063751220703 132 54 181 108
face 0.010920315980911255 132 54 181 108
face 0.010773777961730957 132 54 181 108
face 0.010594695806503296 132 54 181 108
face 0.010571122169494629 132 54 181 108
face 0.010485082864761353 132 54 181 108
face 0.010438203811645508 132 54 181 108
face 0.010092556476593018 132 54 181 108
face 0.00996902585029602 132 54 181 108
face 0.009905129671096802 132 54 181 108
face 0.009850382804870605 132 54 181 108
face 0.009803086519241333 132 54 181 108
face 0.009725838899612427 132 54 181 108
face 0.009508252143859863 132 54 181 108
face 0.009274840354919434 132 54 181 108
face 0.009214997291564941 132 54 181 108
face 0.00904795527458191 132 54 181 108
face 0.009032756090164185 132 54 181 108
face 0.008846133947372437 132 54 181 108
face 0.00880923867225647 132 54 181 108
face 0.008761376142501831 132 54 181 108
face 0.008720308542251587 132 54 181 108
face 0.00862780213356018 132 54 181 108
face 0.008531063795089722 132 54 181 108
face 0.008381247520446777 132 54 181 108
face 0.00819346308708191 132 54 181 108
