face 0.8724637031555176 491 181 631 351
face 0.3086777329444885 491 181 631 351
face 0.2909173369407654 491 181 631 351
face 0.1517964005470276 491 181 631 351
face 0.14592179656028748 491 181 631 351
face 0.1274476945400238 491 181 631 351
face 0.10679122805595398 491 181 631 351
face 0.10629594326019287 491 181 631 351
face 0.10431671142578125 491 181 631 351
face 0.10388907790184021 491 181 631 351
face 0.09715071320533752 491 181 631 351
face 0.09124192595481873 491 181 631 351
face 0.08983832597732544 491 181 631 351
face 0.08854866027832031 491 181 631 351
face 0.08512887358665466 491 181 631 351
face 0.0850151777267456 491 181 631 351
face 0.08431878685951233 491 181 631 351
face 0.07957816123962402 491 181 631 351
face 0.07924419641494751 491 181 631 351
face 0.07834625244140625 491 181 631 351
face 0.07525044679641724 491 181 631 351
face 0.07121068239212036 491 181 631 351
face 0.06875896453857422 491 181 631 351
face 0.0648074746131897 491 181 631 351
face 0.06440860033035278 491 181 631 351
face 0.05893555283546448 491 181 631 351
face 0.058917492628097534 491 181 631 351
face 0.05504491925239563 491 181 631 351
face 0.052216172218322754 491 181 631 351
face 0.050191134214401245 491 181 631 351
face 0.045455753803253174 491 181 631 351
face 0.0439780056476593 491 181 631 351
face 0.04323858022689819 491 181 631 351
face 0.041296958923339844 491 181 631 351
face 0.03965809941291809 491 181 631 351
face 0.0385073721408844 491 181 631 351
face 0.038374096155166626 491 181 631 351
face 0.03408634662628174 491 181 631 351
face 0.033451199531555176 491 181 631 351
face 0.032836973667144775 491 181 631 351
face 0.032680362462997437 491 181 631 351
face 0.03252100944519043 491 181 631 351
face 0.03213194012641907 491 181 631 351
face 0.03147193789482117 491 181 631 351
face 0.03016519546508789 491 181 631 351
face 0.030026406049728394 491 181 631 351
face 0.029993295669555664 491 181 631 351
face 0.029975086450576782 491 181 631 351
face 0.029215872287750244 491 181 631 351
face 0.02769652009010315 491 181 631 351
face 0.02766767144203186 491 181 631 351
face 0.026262223720550537 491 181 631 351
face 0.0260562002658844 491 181 631 351
face 0.0255434513092041 491 181 631 351
face 0.025066792964935303 491 181 631 351
face 0.02359241247177124 491 181 631 351
face 0.02331569790840149 491 181 631 351
face 0.023205667734146118 491 181 631 351
face 0.022610396146774292 491 181 631 351
face 0.022485077381134033 491 181 631 351
face 0.022044211626052856 491 181 631 351
face 0.021777749061584473 491 181 631 351
face 0.02140098810195923 491 181 631 351
face 0.02030467987060547 491 181 631 351
face 0.02027064561843872 491 181 631 351
face 0.020062148571014404 491 181 631 351
face 0.019898444414138794 491 181 631 351
face 0.019744306802749634 491 181 631 351
face 0.01931917667388916 491 181 631 351
face 0.018900692462921143 491 181 631 351
face 0.018603473901748657 491 181 631 351
face 0.018587976694107056 491 181 631 351
face 0.018276691436767578 491 181 631 351
face 0.01826268434524536 491 181 631 351
face 0.018226593732833862 491 181 631 351
face 0.01797500252723694 491 181 631 351
face 0.01738414168357849 491 181 631 351
face 0.016687840223312378 491 181 631 351
face 0.01654157042503357 491 181 631 351
face 0.016227543354034424 491 181 631 351
face 0.015958696603775024 491 181 631 351
face 0.01582995057106018 491 181 631 351
face 0.01576608419418335 491 181 631 351
face 0.015759795904159546 491 181 631 351
face 0.015651315450668335 491 181 631 351
face 0.015519917011260986 491 181 631 351
face 0.01526680588722229 491 181 631 351
face 0.015068352222442627 491 181 631 351
face 0.014621943235397339 491 181 631 351
face 0.014509439468383789 491 181 631 351
face 0.014325737953186035 491 181 631 351
face 0.014004707336425781 491 181 631 351
face 0.013643026351928711 491 181 631 351
face 0.013572901487350464 491 181 631 351
face 0.01348578929901123 491 181 631 351
face 0.013449162244796753 491 181 631 351
face 0.013249456882476807 491 181 631 351
face 0.01323920488357544 491 181 631 351
face 0.013092279434204102 491 181 631 351
face 0.013045251369476318 491 181 631 351
