face 0.9896228909492493 187 314 209 342
face 0.9891645908355713 91 268 122 305
face 0.9862576723098755 943 265 983 311
face 0.9846633672714233 501 301 520 325
face 0.9792040586471558 671 271 696 303
face 0.9675445556640625 279 303 303 328
face 0.9657351970672607 139 318 158 343
face 0.8857623338699341 1 307 18 335
face 0.7808735370635986 427 307 445 328
face 0.7702810764312744 578 266 608 304
face 0.7645633220672607 442 304 461 327
face 0.7112085819244385 366 299 388 324
face 0.5580175518989563 747 300 764 321
face 0.47772684693336487 747 300 764 321
face 0.4398506283760071 747 300 764 321
face 0.4394301176071167 747 300 764 321
face 0.43852898478507996 747 300 764 321
face 0.3811076581478119 747 300 764 321
face 0.3293302655220032 747 300 764 321
face 0.26129311323165894 747 300 764 321
face 0.21535161137580872 747 300 764 321
face 0.1875607669353485 747 300 764 321
face 0.13710680603981018 747 300 764 321
face 0.13175973296165466 747 300 764 321
face 0.1289007067680359 747 300 764 321
face 0.11734148859977722 747 300 764 321
face 0.10562783479690552 747 300 764 321
face 0.09914708137512207 747 300 764 321
face 0.09818562865257263 747 300 764 321
face 0.09511294960975647 747 300 764 321
face 0.07760822772979736 747 300 764 321
face 0.07124960422515869 747 300 764 321
face 0.07107970118522644 747 300 764 321
face 0.06141522526741028 747 300 764 321
face 0.05534711480140686 747 300 764 321
face 0.04875528812408447 747 300 764 321
face 0.04426822066307068 747 300 764 321
face 0.03704294562339783 747 300 764 321
face 0.033928871154785156 747 300 764 321
face 0.03300756216049194 747 300 764 321
face 0.030319780111312866 747 300 764 321
face 0.029637843370437622 747 300 764 321
face 0.028639495372772217 747 300 764 321
face 0.028064072132110596 747 300 764 321
face 0.026418089866638184 747 300 764 321
face 0.025967150926589966 747 300 764 321
face 0.024905353784561157 747 300 764 321
face 0.02154463529586792 747 300 764 321
face 0.020660758018493652 747 300 764 321
face 0.02039283514022827 747 300 764 321
face 0.019727110862731934 747 300 764 321
face 0.01955348253250122 747 300 764 321
face 0.019078999757766724 747 300 764 321
face 0.018449842929840088 747 300 764 321
face 0.016582876443862915 747 300 764 321
face 0.016258686780929565 747 300 764 321
face 0.016076713800430298 747 300 764 321
face 0.015708178281784058 747 300 764 321
face 0.015519380569458008 747 300 764 321
face 0.014697223901748657 747 300 764 321
face 0.014030307531356812 747 300 764 321
face 0.013658076524734497 747 300 764 321
face 0.012465715408325195 747 300 764 321
face 0.012079447507858276 747 300 764 321
face 0.011808246374130249 747 300 764 321
face 0.011730313301086426 747 300 764 321
face 0.01156565546989441 747 300 764 321
face 0.01088830828666687 747 300 764 321
face 0.010717391967773438 747 300 764 321
face 0.010308235883712769 747 300 764 321
face 0.010105788707733154 747 300 764 321
face 0.009901732206344604 747 300 764 321
face 0.00946187973022461 747 300 764 321
face 0.009455442428588867 747 300 764 321
face 0.009258747100830078 747 300 764 321
face 0.00897228717803955 747 300 764 321
face 0.008939564228057861 747 300 764 321
face 0.008918434381484985 747 300 764 321
face 0.008844435214996338 747 300 764 321
face 0.008743375539779663 747 300 764 321
face 0.008663684129714966 747 300 764 321
face 0.008514374494552612 747 300 764 321
face 0.00849655270576477 747 300 764 321
face 0.008294016122817993 747 300 764 321
face 0.007965058088302612 747 300 764 321
face 0.007714390754699707 747 300 764 321
face 0.007639378309249878 747 300 764 321
face 0.0075547099113464355 747 300 764 321
face 0.007542848587036133 747 300 764 321
face 0.007274031639099121 747 300 764 321
face 0.007140249013900757 747 300 764 321
face 0.007082432508468628 747 300 764 321
face 0.006916254758834839 747 300 764 321
face 0.006861984729766846 747 300 764 321
face 0.006721436977386475 747 300 764 321
face 0.006658226251602173 747 300 764 321
face 0.006523489952087402 747 300 764 321
face 0.006474614143371582 747 300 764 321
face 0.006367862224578857 747 300 764 321
face 0.006320565938949585 747 300 764 321
