face 0.9818416833877563 902 344 917 361
face 0.9681786298751831 154 337 167 355
face 0.9436436891555786 200 336 213 354
face 0.9353615045547485 788 330 802 348
face 0.924113392829895 465 342 476 357
face 0.9026681184768677 686 345 698 360
face 0.8939939141273499 313 345 326 362
face 0.8839313387870789 731 340 743 356
face 0.8516216278076172 526 344 536 358
face 0.7965895533561707 633 340 643 355
face 0.7232905626296997 583 346 593 361
face 0.710214376449585 793 308 805 323
face 0.6906819939613342 401 318 413 335
face 0.6903480291366577 250 316 262 334
face 0.665916383266449 80 333 93 350
face 0.6519986987113953 142 308 153 325
face 0.6471220254898071 357 346 369 363
face 0.6378538012504578 685 319 695 334
face 0.6300437450408936 195 309 207 327
face 0.5903769731521606 633 317 643 334
face 0.5834277868270874 424 340 435 356
face 0.5520892143249512 101 314 113 332
face 0.5355461835861206 747 317 759 333
face 0.49376896023750305 747 317 759 333
face 0.4193972945213318 747 317 759 333
face 0.38977473974227905 747 317 759 333
face 0.38497793674468994 747 317 759 333
face 0.3783230781555176 747 317 759 333
face 0.3662846088409424 747 317 759 333
face 0.28614622354507446 747 317 759 333
face 0.22629275918006897 747 317 759 333
face 0.1701703667640686 747 317 759 333
face 0.14451688528060913 747 317 759 333
face 0.14134100079536438 747 317 759 333
face 0.13134250044822693 747 317 759 333
face 0.10144016146659851 747 317 759 333
face 0.08856403827667236 747 317 759 333
face 0.08460956811904907 747 317 759 333
face 0.07266122102737427 747 317 759 333
face 0.0723818838596344 747 317 759 333
face 0.06748756766319275 747 317 759 333
face 0.048302263021469116 747 317 759 333
face 0.04351738095283508 747 317 759 333
face 0.040701329708099365 747 317 759 333
face 0.03710988163948059 747 317 759 333
face 0.031484246253967285 747 317 759 333
face 0.030814290046691895 747 317 759 333
face 0.026596933603286743 747 317 759 333
face 0.02610895037651062 747 317 759 333
face 0.024572104215621948 747 317 759 333
face 0.0229780375957489 747 317 759 333
face 0.020778685808181763 747 317 759 333
face 0.01964816451072693 747 317 759 333
face 0.01660981774330139 747 317 759 333
face 0.016196340322494507 747 317 759 333
face 0.015360981225967407 747 317 759 333
face 0.015027016401290894 747 317 759 333
face 0.01450049877166748 747 317 759 333
face 0.012901335954666138 747 317 759 333
face 0.011770457029342651 747 317 759 333
face 0.01129072904586792 747 317 759 333
face 0.009299218654632568 747 317 759 333
face 0.008836954832077026 747 317 759 333
face 0.008394718170166016 747 317 759 333
face 0.007961183786392212 747 317 759 333
face 0.007693439722061157 747 317 759 333
face 0.006880968809127808 747 317 759 333
face 0.006530433893203735 747 317 759 333
face 0.006164580583572388 747 317 759 333
face 0.006045699119567871 747 317 759 333
face 0.006002753973007202 747 317 759 333
face 0.0057717859745025635 747 317 759 333
face 0.0056434571743011475 747 317 759 333
face 0.0055214762687683105 747 317 759 333
face 0.005519479513168335 747 317 759 333
face 0.005441069602966309 747 317 759 333
face 0.005336105823516846 747 317 759 333
face 0.005333155393600464 747 317 759 333
face 0.00531575083732605 747 317 759 333
face 0.0051155686378479 747 317 759 333
face 0.004977613687515259 747 317 759 333
face 0.004957109689712524 747 317 759 333
face 0.004837632179260254 747 317 759 333
face 0.004738211631774902 747 317 759 333
face 0.004646241664886475 747 317 759 333
face 0.004436135292053223 747 317 759 333
face 0.004412591457366943 747 317 759 333
face 0.004249840974807739 747 317 759 333
face 0.004108339548110962 747 317 759 333
face 0.00410047173500061 747 317 759 333
face 0.0040298402309417725 747 317 759 333
face 0.004012882709503174 747 317 759 333
face 0.004004091024398804 747 317 759 333
face 0.003824084997177124 747 317 759 333
face 0.0035119056701660156 747 317 759 333
face 0.0034249722957611084 747 317 759 333
face 0.0033464133739471436 747 317 759 333
face 0.0032656192779541016 747 317 759 333
face 0.0032005012035369873 747 317 759 333
face 0.0031270384788513184 747 317 759 333
