face 0.9898500442504883 546 92 580 131
face 0.9886853098869324 614 104 648 145
face 0.9865124225616455 813 95 841 130
face 0.9822104573249817 289 78 318 112
face 0.9713197946548462 998 171 1013 188
face 0.959414541721344 762 47 790 84
face 0.9527071118354797 857 199 874 219
face 0.9440584778785706 905 169 920 187
face 0.923690915107727 944 175 960 193
face 0.9206715822219849 947 148 963 166
face 0.9022988080978394 417 82 447 118
face 0.819987952709198 14 101 40 133
face 0.8007538914680481 144 79 181 123
face 0.6829854846000671 552 80 581 112
face 0.5553613305091858 427 83 458 117
face 0.5498144626617432 955 186 972 206
face 0.511568009853363 368 93 397 126
face 0.41213494539260864 368 93 397 126
face 0.3929850161075592 368 93 397 126
face 0.29762643575668335 368 93 397 126
face 0.2972071170806885 368 93 397 126
face 0.25351598858833313 368 93 397 126
face 0.24597367644309998 368 93 397 126
face 0.2301281988620758 368 93 397 126
face 0.21743372082710266 368 93 397 126
face 0.17249849438667297 368 93 397 126
face 0.14265182614326477 368 93 397 126
face 0.1156010627746582 368 93 397 126
face 0.11191034317016602 368 93 397 126
face 0.11179646849632263 368 93 397 126
face 0.10208660364151001 368 93 397 126
face 0.07739180326461792 368 93 397 126
face 0.0698271095752716 368 93 397 126
face 0.060957640409469604 368 93 397 126
face 0.05936497449874878 368 93 397 126
face 0.04897335171699524 368 93 397 126
face 0.04702916741371155 368 93 397 126
face 0.04021275043487549 368 93 397 126
face 0.03539171814918518 368 93 397 126
face 0.03248205780982971 368 93 397 126
face 0.028596937656402588 368 93 397 126
face 0.023931145668029785 368 93 397 126
face 0.023315012454986572 368 93 397 126
face 0.02279481291770935 368 93 397 126
face 0.021515190601348877 368 93 397 126
face 0.02087223529815674 368 93 397 126
face 0.020724862813949585 368 93 397 126
face 0.019379109144210815 368 93 397 126
face 0.01928001642227173 368 93 397 126
face 0.018608778715133667 368 93 397 126
face 0.016712337732315063 368 93 397 126
face 0.016396701335906982 368 93 397 126
face 0.01572626829147339 368 93 397 126
face 0.015587180852890015 368 93 397 126
face 0.015253424644470215 368 93 397 126
face 0.014274358749389648 368 93 397 126
face 0.013899743556976318 368 93 397 126
face 0.013839155435562134 368 93 397 126
face 0.013816773891448975 368 93 397 126
face 0.013588011264801025 368 93 397 126
face 0.012739509344100952 368 93 397 126
face 0.012374341487884521 368 93 397 126
face 0.011608093976974487 368 93 397 126
face 0.011519640684127808 368 93 397 126
face 0.010060936212539673 368 93 397 126
face 0.00994408130645752 368 93 397 126
face 0.009862810373306274 368 93 397 126
face 0.009780198335647583 368 93 397 126
face 0.009677410125732422 368 93 397 126
face 0.009159892797470093 368 93 397 126
face 0.009083479642868042 368 93 397 126
face 0.008554577827453613 368 93 397 126
face 0.008146613836288452 368 93 397 126
face 0.008104860782623291 368 93 397 126
face 0.008102387189865112 368 93 397 126
face 0.008009254932403564 368 93 397 126
face 0.007935374975204468 368 93 397 126
face 0.00791981816291809 368 93 397 126
face 0.0072074830532073975 368 93 397 126
face 0.007206946611404419 368 93 397 126
face 0.007152050733566284 368 93 397 126
face 0.006946772336959839 368 93 397 126
face 0.006806284189224243 368 93 397 126
face 0.00678098201751709 368 93 397 126
face 0.006751060485839844 368 93 397 126
face 0.006736427545547485 368 93 397 126
face 0.006730586290359497 368 93 397 126
face 0.0066779255867004395 368 93 397 126
face 0.00651887059211731 368 93 397 126
face 0.006375700235366821 368 93 397 126
face 0.006347447633743286 368 93 397 126
face 0.006292432546615601 368 93 397 126
face 0.006289839744567871 368 93 397 126
face 0.006198018789291382 368 93 397 126
face 0.006153762340545654 368 93 397 126
face 0.006116658449172974 368 93 397 126
face 0.00597459077835083 368 93 397 126
face 0.0059614479541778564 368 93 397 126
face 0.005837678909301758 368 93 397 126
face 0.00572812557220459 368 93 397 126
