face 0.994823694229126 445 269 466 298
face 0.9089453220367432 676 327 691 348
face 0.850483775138855 272 329 288 350
face 0.7911851406097412 323 311 340 333
face 0.7339492440223694 619 333 632 352
face 0.72662353515625 778 102 795 117
face 0.7166257500648499 750 365 762 382
face 0.6612645387649536 32 263 54 292
face 0.649425208568573 903 378 912 392
face 0.6432342529296875 795 382 805 397
face 0.49807149171829224 795 382 805 397
face 0.4773915410041809 795 382 805 397
face 0.47290921211242676 795 382 805 397
face 0.3860175311565399 795 382 805 397
face 0.3502351939678192 795 382 805 397
face 0.30284738540649414 795 382 805 397
face 0.30150431394577026 795 382 805 397
face 0.278702974319458 795 382 805 397
face 0.2280672788619995 795 382 805 397
face 0.18812799453735352 795 382 805 397
face 0.12675794959068298 795 382 805 397
face 0.11356750130653381 795 382 805 397
face 0.10818633437156677 795 382 805 397
face 0.09961187839508057 795 382 805 397
face 0.07765048742294312 795 382 805 397
face 0.07350945472717285 795 382 805 397
face 0.07224878668785095 795 382 805 397
face 0.07116594910621643 795 382 805 397
face 0.07082369923591614 795 382 805 397
face 0.06545108556747437 795 382 805 397
face 0.06022539734840393 795 382 805 397
face 0.05896139144897461 795 382 805 397
face 0.05408164858818054 795 382 805 397
face 0.05166780948638916 795 382 805 397
face 0.050022006034851074 795 382 805 397
face 0.04823747277259827 795 382 805 397
face 0.04781615734100342 795 382 805 397
face 0.046278417110443115 795 382 805 397
face 0.046012938022613525 795 382 805 397
face 0.0445578396320343 795 382 805 397
face 0.04450857639312744 795 382 805 397
face 0.04394775629043579 795 382 805 397
face 0.039629995822906494 795 382 805 397
face 0.03928172588348389 795 382 805 397
face 0.03769734501838684 795 382 805 397
face 0.03761416673660278 795 382 805 397
face 0.036975353956222534 795 382 805 397
face 0.036462366580963135 795 382 805 397
face 0.03543591499328613 795 382 805 397
face 0.03507590293884277 795 382 805 397
face 0.034623146057128906 795 382 805 397
face 0.03300157189369202 795 382 805 397
face 0.03272974491119385 795 382 805 397
face 0.032120347023010254 795 382 805 397
face 0.02977198362350464 795 382 805 397
face 0.029206514358520508 795 382 805 397
face 0.028769463300704956 795 382 805 397
face 0.02781587839126587 795 382 805 397
face 0.02541843056678772 795 382 805 397
face 0.024369359016418457 795 382 805 397
face 0.024162858724594116 795 382 805 397
face 0.024088561534881592 795 382 805 397
face 0.02286219596862793 795 382 805 397
face 0.021545976400375366 795 382 805 397
face 0.021099328994750977 795 382 805 397
face 0.020815879106521606 795 382 805 397
face 0.020519793033599854 795 382 805 397
face 0.02028307318687439 795 382 805 397
face 0.02001553773880005 795 382 805 397
face 0.01970812678337097 795 382 805 397
face 0.019702434539794922 795 382 805 397
face 0.01931363344192505 795 382 805 397
face 0.019092589616775513 795 382 805 397
face 0.019087225198745728 795 382 805 397
face 0.018972396850585938 795 382 805 397
face 0.01876160502433777 795 382 805 397
face 0.018250375986099243 795 382 805 397
face 0.016746491193771362 795 382 805 397
face 0.01602691411972046 795 382 805 397
face 0.015937328338623047 795 382 805 397
face 0.01582050323486328 795 382 805 397
face 0.015431791543960571 795 382 805 397
face 0.01538124680519104 795 382 805 397
face 0.015204757452011108 795 382 805 397
face 0.0149955153465271 795 382 805 397
face 0.01431506872177124 795 382 805 397
face 0.014086395502090454 795 382 805 397
face 0.01385459303855896 795 382 805 397
face 0.013761460781097412 795 382 805 397
face 0.013689249753952026 795 382 805 397
face 0.013292312622070312 795 382 805 397
face 0.013289153575897217 795 382 805 397
face 0.013051331043243408 795 382 805 397
face 0.01293182373046875 795 382 805 397
face 0.012696653604507446 795 382 805 397
face 0.01260402798652649 795 382 805 397
face 0.012539714574813843 795 382 805 397
face 0.012476027011871338 795 382 805 397
face 0.012226730585098267 795 382 805 397
face 0.011983335018157959 795 382 805 397
