face 0.9640213251113892 603 339 936 792
face 0.09387680888175964 603 339 936 792
face 0.07157653570175171 603 339 936 792
face 0.05859479308128357 603 339 936 792
face 0.05739358067512512 603 339 936 792
face 0.04443329572677612 603 339 936 792
face 0.04418134689331055 603 339 936 792
face 0.043150097131729126 603 339 936 792
face 0.038339197635650635 603 339 936 792
face 0.038068026304244995 603 339 936 792
face 0.02653902769088745 603 339 936 792
face 0.025805741548538208 603 339 936 792
face 0.025654315948486328 603 339 936 792
face 0.025076568126678467 603 339 936 792
face 0.024952858686447144 603 339 936 792
face 0.02397516369819641 603 339 936 792
face 0.023777037858963013 603 339 936 792
face 0.023284912109375 603 339 936 792
face 0.02242407202720642 603 339 936 792
face 0.021854907274246216 603 339 936 792
face 0.021379083395004272 603 339 936 792
face 0.019530415534973145 603 339 936 792
face 0.019311457872390747 603 339 936 792
face 0.019249022006988525 603 339 936 792
face 0.019052118062973022 603 339 936 792
face 0.018819034099578857 603 339 936 792
face 0.01816686987876892 603 339 936 792
face 0.018119871616363525 603 339 936 792
face 0.01781138777732849 603 339 936 792
face 0.017473608255386353 603 339 936 792
face 0.016836047172546387 603 339 936 792
face 0.016681969165802002 603 339 936 792
face 0.01597440242767334 603 339 936 792
face 0.015968412160873413 603 339 936 792
face 0.01590314507484436 603 339 936 792
face 0.01582816243171692 603 339 936 792
face 0.015765726566314697 603 339 936 792
face 0.015546321868896484 603 339 936 792
face 0.014892339706420898 603 339 936 792
face 0.014799743890762329 603 339 936 792
face 0.014685004949569702 603 339 936 792
face 0.014310389757156372 603 339 936 792
face 0.014303147792816162 603 339 936 792
face 0.013808250427246094 603 339 936 792
face 0.013547450304031372 603 339 936 792
face 0.01347312331199646 603 339 936 792
face 0.013427942991256714 603 339 936 792
face 0.01338985562324524 603 339 936 792
face 0.013217747211456299 603 339 936 792
face 0.012694746255874634 603 339 936 792
face 0.01267734169960022 603 339 936 792
face 0.01236298680305481 603 339 936 792
face 0.012320160865783691 603 339 936 792
face 0.01218917965888977 603 339 936 792
face 0.011672616004943848 603 339 936 792
face 0.011599361896514893 603 339 936 792
face 0.011316746473312378 603 339 936 792
face 0.011278659105300903 603 339 936 792
face 0.01093485951423645 603 339 936 792
face 0.010847300291061401 603 339 936 792
face 0.010749220848083496 603 339 936 792
face 0.010442793369293213 603 339 936 792
face 0.010439157485961914 603 339 936 792
face 0.010235786437988281 603 339 936 792
face 0.009916931390762329 603 339 936 792
face 0.009718269109725952 603 339 936 792
face 0.009602546691894531 603 339 936 792
face 0.009546160697937012 603 339 936 792
face 0.009486675262451172 603 339 936 792
face 0.009351104497909546 603 339 936 792
face 0.009128183126449585 603 339 936 792
face 0.00907367467880249 603 339 936 792
face 0.00900191068649292 603 339 936 792
face 0.008953005075454712 603 339 936 792
face 0.00887686014175415 603 339 936 792
face 0.008827179670333862 603 339 936 792
face 0.008806347846984863 603 339 936 792
face 0.008800864219665527 603 339 936 792
face 0.008791685104370117 603 339 936 792
face 0.008650600910186768 603 339 936 792
face 0.00858771800994873 603 339 936 792
face 0.008556455373764038 603 339 936 792
face 0.008549898862838745 603 339 936 792
face 0.008534818887710571 603 339 936 792
face 0.008534342050552368 603 339 936 792
face 0.008397281169891357 603 339 936 792
face 0.008359581232070923 603 339 936 792
face 0.008326590061187744 603 339 936 792
face 0.008315205574035645 603 339 936 792
face 0.008313119411468506 603 339 936 792
face 0.008167892694473267 603 339 936 792
face 0.008167117834091187 603 339 936 792
face 0.008130669593811035 603 339 936 792
face 0.008091449737548828 603 339 936 792
face 0.008028745651245117 603 339 936 792
face 0.008011847734451294 603 339 936 792
face 0.00792965292930603 603 339 936 792
face 0.007782429456710815 603 339 936 792
face 0.0075782835483551025 603 339 936 792
face 0.007577329874038696 603 339 936 792
