face 0.9785915613174438 309 171 341 212
face 0.965790867805481 598 177 628 216
face 0.9438992738723755 916 222 932 242
face 0.9181997776031494 68 194 93 226
face 0.8853060007095337 418 140 451 184
face 0.752242922782898 508 211 530 238
face 0.6804239153862 157 162 191 210
face 0.5418135523796082 255 191 276 220
face 0.48177099227905273 255 191 276 220
face 0.47520747780799866 255 191 276 220
face 0.4442218244075775 255 191 276 220
face 0.36718112230300903 255 191 276 220
face 0.3255668580532074 255 191 276 220
face 0.2637140452861786 255 191 276 220
face 0.17959901690483093 255 191 276 220
face 0.16871818900108337 255 191 276 220
face 0.16733914613723755 255 191 276 220
face 0.11921274662017822 255 191 276 220
face 0.09652814269065857 255 191 276 220
face 0.07891702651977539 255 191 276 220
face 0.07001322507858276 255 191 276 220
face 0.06938543915748596 255 191 276 220
face 0.05660054087638855 255 191 276 220
face 0.04913330078125 255 191 276 220
face 0.042972415685653687 255 191 276 220
face 0.04124602675437927 255 191 276 220
face 0.03580203652381897 255 191 276 220
face 0.027697652578353882 255 191 276 220
face 0.023523777723312378 255 191 276 220
face 0.022951751947402954 255 191 276 220
face 0.020172417163848877 255 191 276 220
face 0.01756778359413147 255 191 276 220
face 0.016522705554962158 255 191 276 220
face 0.01649138331413269 255 191 276 220
face 0.01470133662223816 255 191 276 220
face 0.01363593339920044 255 191 276 220
face 0.01355937123298645 255 191 276 220
face 0.013307750225067139 255 191 276 220
face 0.013295263051986694 255 191 276 220
face 0.011531800031661987 255 191 276 220
face 0.010960161685943604 255 191 276 220
face 0.010805189609527588 255 191 276 220
face 0.009213089942932129 255 191 276 220
face 0.008989095687866211 255 191 276 220
face 0.008371204137802124 255 191 276 220
face 0.00770077109336853 255 191 276 220
face 0.007542043924331665 255 191 276 220
face 0.00745844841003418 255 191 276 220
face 0.006937593221664429 255 191 276 220
face 0.006852269172668457 255 191 276 220
face 0.006387591361999512 255 191 276 220
face 0.005969882011413574 255 191 276 220
face 0.005755692720413208 255 191 276 220
face 0.00544390082359314 255 191 276 220
face 0.005401283502578735 255 191 276 220
face 0.005370378494262695 255 191 276 220
face 0.005058854818344116 255 191 276 220
face 0.005041897296905518 255 191 276 220
face 0.005032151937484741 255 191 276 220
face 0.004780977964401245 255 191 276 220
face 0.004743307828903198 255 191 276 220
face 0.004652529954910278 255 191 276 220
face 0.0046079158782958984 255 191 276 220
face 0.004606693983078003 255 191 276 220
face 0.004431277513504028 255 191 276 220
face 0.004036456346511841 255 191 276 220
face 0.003960996866226196 255 191 276 220
face 0.003936678171157837 255 191 276 220
face 0.0035767555236816406 255 191 276 220
face 0.0034582316875457764 255 191 276 220
face 0.003452390432357788 255 191 276 220
face 0.0034338533878326416 255 191 276 220
face 0.0034071505069732666 255 191 276 220
face 0.003300905227661133 255 191 276 220
face 0.003188908100128174 255 191 276 220
face 0.0031703710556030273 255 191 276 220
face 0.0031640231609344482 255 191 276 220
face 0.003099411725997925 255 191 276 220
face 0.003071129322052002 255 191 276 220
face 0.003041386604309082 255 191 276 220
face 0.0030322372913360596 255 191 276 220
face 0.0028799772262573242 255 191 276 220
face 0.0028532445430755615 255 191 276 220
face 0.002764970064163208 255 191 276 220
face 0.0027490854263305664 255 191 276 220
face 0.002744734287261963 255 191 276 220
face 0.002733767032623291 255 191 276 220
face 0.002721071243286133 255 191 276 220
face 0.002685040235519409 255 191 276 220
face 0.0026509761810302734 255 191 276 220
face 0.0026421844959259033 255 191 276 220
face 0.0026239752769470215 255 191 276 220
face 0.002562612295150757 255 191 276 220
face 0.0025465190410614014 255 191 276 220
face 0.0024985074996948242 255 191 276 220
face 0.002476334571838379 255 191 276 220
face 0.0024296939373016357 255 191 276 220
face 0.002422243356704712 255 191 276 220
face 0.0024004876613616943 255 191 276 220
face 0.002379179000854492 255 191 276 220
