face 0.7234494686126709 96 348 109 366
face 0.6863363981246948 461 377 473 399
face 0.6608660817146301 791 297 801 315
face 0.6123573184013367 140 350 152 367
face 0.5623538494110107 195 227 204 239
face 0.538288950920105 505 413 520 435
face 0.5198996067047119 744 302 752 318
face 0.5137282013893127 365 374 377 396
face 0.46527737379074097 365 374 377 396
face 0.46027427911758423 365 374 377 396
face 0.43783900141716003 365 374 377 396
face 0.4245469272136688 365 374 377 396
face 0.4223836064338684 365 374 377 396
face 0.42223531007766724 365 374 377 396
face 0.40608900785446167 365 374 377 396
face 0.40520310401916504 365 374 377 396
face 0.39697715640068054 365 374 377 396
face 0.3840849697589874 365 374 377 396
face 0.369605153799057 365 374 377 396
face 0.35229915380477905 365 374 377 396
face 0.346508264541626 365 374 377 396
face 0.3405267000198364 365 374 377 396
face 0.33850789070129395 365 374 377 396
face 0.3153562545776367 365 374 377 396
face 0.31325358152389526 365 374 377 396
face 0.2985836863517761 365 374 377 396
face 0.28920793533325195 365 374 377 396
face 0.2843264937400818 365 374 377 396
face 0.2757564187049866 365 374 377 396
face 0.27563509345054626 365 374 377 396
face 0.2752968668937683 365 374 377 396
face 0.24052837491035461 365 374 377 396
face 0.23361369967460632 365 374 377 396
face 0.23022323846817017 365 374 377 396
face 0.21874859929084778 365 374 377 396
face 0.2132752537727356 365 374 377 396
face 0.2037668228149414 365 374 377 396
face 0.20308634638786316 365 374 377 396
face 0.20112743973731995 365 374 377 396
face 0.1944183111190796 365 374 377 396
face 0.1857350766658783 365 374 377 396
face 0.18458041548728943 365 374 377 396
face 0.17717671394348145 365 374 377 396
face 0.1705647110939026 365 374 377 396
face 0.16319864988327026 365 374 377 396
face 0.1620405614376068 365 374 377 396
face 0.16200727224349976 365 374 377 396
face 0.15917205810546875 365 374 377 396
face 0.14603111147880554 365 374 377 396
face 0.12365531921386719 365 374 377 396
face 0.11949846148490906 365 374 377 396
face 0.11268451809883118 365 374 377 396
face 0.10176336765289307 365 374 377 396
face 0.09507256746292114 365 374 377 396
face 0.09183752536773682 365 374 377 396
face 0.08992141485214233 365 374 377 396
face 0.089630126953125 365 374 377 396
face 0.08373543620109558 365 374 377 396
face 0.08109426498413086 365 374 377 396
face 0.08105716109275818 365 374 377 396
face 0.08061864972114563 365 374 377 396
face 0.07299456000328064 365 374 377 396
face 0.07212558388710022 365 374 377 396
face 0.07106903195381165 365 374 377 396
face 0.06940212845802307 365 374 377 396
face 0.06824874877929688 365 374 377 396
face 0.06780031323432922 365 374 377 396
face 0.06536516547203064 365 374 377 396
face 0.05989885330200195 365 374 377 396
face 0.05952185392379761 365 374 377 396
face 0.05766114592552185 365 374 377 396
face 0.05490422248840332 365 374 377 396
face 0.0450303852558136 365 374 377 396
face 0.045008689165115356 365 374 377 396
face 0.04367503523826599 365 374 377 396
face 0.0432107150554657 365 374 377 396
face 0.04239431023597717 365 374 377 396
face 0.041038304567337036 365 374 377 396
face 0.03999975323677063 365 374 377 396
face 0.0394938588142395 365 374 377 396
face 0.037747740745544434 365 374 377 396
face 0.03458413481712341 365 374 377 396
face 0.03447139263153076 365 374 377 396
face 0.03424844145774841 365 374 377 396
face 0.03263923525810242 365 374 377 396
face 0.0324958860874176 365 374 377 396
face 0.03231075406074524 365 374 377 396
face 0.03169241547584534 365 374 377 396
face 0.031297534704208374 365 374 377 396
face 0.026431381702423096 365 374 377 396
face 0.025959938764572144 365 374 377 396
face 0.025905966758728027 365 374 377 396
face 0.02546444535255432 365 374 377 396
face 0.02485838532447815 365 374 377 396
face 0.024804621934890747 365 374 377 396
face 0.024505972862243652 365 374 377 396
face 0.024288326501846313 365 374 377 396
face 0.023741066455841064 365 374 377 396
face 0.022182226181030273 365 374 377 396
face 0.021652251482009888 365 374 377 396
