face 0.9933143854141235 623 281 655 327
face 0.9780265092849731 944 286 969 318
face 0.9673446416854858 64 312 81 337
face 0.9565132856369019 183 313 200 336
face 0.9542636871337891 832 294 864 336
face 0.9470834732055664 137 314 155 337
face 0.9362539052963257 370 307 392 337
face 0.9023928642272949 250 308 274 338
face 0.7500591278076172 23 311 38 334
face 0.7052212357521057 499 299 518 324
face 0.6543503999710083 746 302 771 333
face 0.5507580041885376 544 340 555 356
face 0.5491926074028015 990 321 1008 346
face 0.4952775239944458 990 321 1008 346
face 0.4376636743545532 990 321 1008 346
face 0.1716797649860382 990 321 1008 346
face 0.16788652539253235 990 321 1008 346
face 0.16559576988220215 990 321 1008 346
face 0.16137462854385376 990 321 1008 346
face 0.13989534974098206 990 321 1008 346
face 0.13567796349525452 990 321 1008 346
face 0.1247859001159668 990 321 1008 346
face 0.12296134233474731 990 321 1008 346
face 0.12282711267471313 990 321 1008 346
face 0.1128721535205841 990 321 1008 346
face 0.10017749667167664 990 321 1008 346
face 0.09446251392364502 990 321 1008 346
face 0.09400710463523865 990 321 1008 346
face 0.07686933875083923 990 321 1008 346
face 0.07342064380645752 990 321 1008 346
face 0.06997144222259521 990 321 1008 346
face 0.06900343298912048 990 321 1008 346
face 0.06582814455032349 990 321 1008 346
face 0.061892032623291016 990 321 1008 346
face 0.05983272194862366 990 321 1008 346
face 0.0585673451423645 990 321 1008 346
face 0.0559825599193573 990 321 1008 346
face 0.05578160285949707 990 321 1008 346
face 0.05540505051612854 990 321 1008 346
face 0.053259193897247314 990 321 1008 346
face 0.04913586378097534 990 321 1008 346
face 0.048665761947631836 990 321 1008 346
face 0.04453158378601074 990 321 1008 346
face 0.041633397340774536 990 321 1008 346
face 0.04108929634094238 990 321 1008 346
face 0.03975287079811096 990 321 1008 346
face 0.03857630491256714 990 321 1008 346
face 0.0332639217376709 990 321 1008 346
face 0.026004046201705933 990 321 1008 346
face 0.025501340627670288 990 321 1008 346
face 0.023171216249465942 990 321 1008 346
face 0.02265322208404541 990 321 1008 346
face 0.021644026041030884 990 321 1008 346
face 0.0214175283908844 990 321 1008 346
face 0.018991976976394653 990 321 1008 346
face 0.018981575965881348 990 321 1008 346
face 0.01873341202735901 990 321 1008 346
face 0.018500179052352905 990 321 1008 346
face 0.01721283793449402 990 321 1008 346
face 0.016208022832870483 990 321 1008 346
face 0.015533357858657837 990 321 1008 346
face 0.015418142080307007 990 321 1008 346
face 0.0153866708278656 990 321 1008 346
face 0.014446556568145752 990 321 1008 346
face 0.01443520188331604 990 321 1008 346
face 0.014415740966796875 990 321 1008 346
face 0.013535231351852417 990 321 1008 346
face 0.013506442308425903 990 321 1008 346
face 0.01343032717704773 990 321 1008 346
face 0.013315677642822266 990 321 1008 346
face 0.012452304363250732 990 321 1008 346
face 0.011857956647872925 990 321 1008 346
face 0.011497169733047485 990 321 1008 346
face 0.01136547327041626 990 321 1008 346
face 0.011349976062774658 990 321 1008 346
face 0.010895311832427979 990 321 1008 346
face 0.010728955268859863 990 321 1008 346
face 0.00982809066772461 990 321 1008 346
face 0.009440988302230835 990 321 1008 346
face 0.009322643280029297 990 321 1008 346
face 0.00903010368347168 990 321 1008 346
face 0.008858740329742432 990 321 1008 346
face 0.008704572916030884 990 321 1008 346
face 0.008527010679244995 990 321 1008 346
face 0.007611364126205444 990 321 1008 346
face 0.007407188415527344 990 321 1008 346
face 0.0073750317096710205 990 321 1008 346
face 0.007321208715438843 990 321 1008 346
face 0.006936699151992798 990 321 1008 346
face 0.006316483020782471 990 321 1008 346
face 0.006246030330657959 990 321 1008 346
face 0.005867660045623779 990 321 1008 346
face 0.005730956792831421 990 321 1008 346
face 0.005570173263549805 990 321 1008 346
face 0.005445629358291626 990 321 1008 346
face 0.0054059624671936035 990 321 1008 346
face 0.005388915538787842 990 321 1008 346
face 0.005270063877105713 990 321 1008 346
face 0.004946500062942505 990 321 1008 346
face 0.00489962100982666 990 321 1008 346
