face 0.9973373413085938 166 248 196 285
face 0.9962179660797119 306 222 331 256
face 0.9954653382301331 466 224 494 260
face 0.9901082515716553 563 176 585 205
face 0.983397364616394 580 219 604 250
face 0.9758844375610352 500 187 522 216
face 0.9603977203369141 624 160 642 183
face 0.9384268522262573 747 152 764 173
face 0.9293240904808044 4 220 33 262
face 0.8858543634414673 962 132 979 151
face 0.8788560628890991 567 144 585 166
face 0.8673788905143738 683 151 700 171
face 0.8616000413894653 658 187 679 215
face 0.8265759944915771 514 232 540 264
face 0.8166103363037109 789 145 806 166
face 0.722043514251709 355 235 379 266
face 0.6650937795639038 421 193 447 227
face 0.6575071215629578 833 144 848 162
face 0.651160717010498 841 141 856 158
face 0.6253111958503723 901 125 916 142
face 0.5107923746109009 618 104 629 117
face 0.4927077293395996 618 104 629 117
face 0.4822286367416382 618 104 629 117
face 0.477908730506897 618 104 629 117
face 0.45600175857543945 618 104 629 117
face 0.4269404411315918 618 104 629 117
face 0.4229804277420044 618 104 629 117
face 0.4192233085632324 618 104 629 117
face 0.3497942090034485 618 104 629 117
face 0.3437119722366333 618 104 629 117
face 0.29507386684417725 618 104 629 117
face 0.2533445954322815 618 104 629 117
face 0.22273027896881104 618 104 629 117
face 0.1881597340106964 618 104 629 117
face 0.17875099182128906 618 104 629 117
face 0.17373770475387573 618 104 629 117
face 0.16917899250984192 618 104 629 117
face 0.16783440113067627 618 104 629 117
face 0.12205570936203003 618 104 629 117
face 0.11977529525756836 618 104 629 117
face 0.11215841770172119 618 104 629 117
face 0.10725376009941101 618 104 629 117
face 0.09703981876373291 618 104 629 117
face 0.09651553630828857 618 104 629 117
face 0.06630659103393555 618 104 629 117
face 0.053651273250579834 618 104 629 117
face 0.05205315351486206 618 104 629 117
face 0.05126446485519409 618 104 629 117
face 0.04162973165512085 618 104 629 117
face 0.04060178995132446 618 104 629 117
face 0.0375724732875824 618 104 629 117
face 0.036974042654037476 618 104 629 117
face 0.03225976228713989 618 104 629 117
face 0.024025648832321167 618 104 629 117
face 0.02398991584777832 618 104 629 117
face 0.022943854331970215 618 104 629 117
face 0.020855426788330078 618 104 629 117
face 0.019838660955429077 618 104 629 117
face 0.01982554793357849 618 104 629 117
face 0.01942533254623413 618 104 629 117
face 0.01892682909965515 618 104 629 117
face 0.01882004737854004 618 104 629 117
face 0.018671303987503052 618 104 629 117
face 0.01859477162361145 618 104 629 117
face 0.01843324303627014 618 104 629 117
face 0.014545977115631104 618 104 629 117
face 0.012641817331314087 618 104 629 117
face 0.011373400688171387 618 104 629 117
face 0.011029839515686035 618 104 629 117
face 0.010805875062942505 618 104 629 117
face 0.010515153408050537 618 104 629 117
face 0.010349780321121216 618 104 629 117
face 0.010274618864059448 618 104 629 117
face 0.010273158550262451 618 104 629 117
face 0.010190486907958984 618 104 629 117
face 0.00960773229598999 618 104 629 117
face 0.009390383958816528 618 104 629 117
face 0.009333193302154541 618 104 629 117
face 0.009235143661499023 618 104 629 117
face 0.008824646472930908 618 104 629 117
face 0.008788436651229858 618 104 629 117
face 0.008676379919052124 618 104 629 117
face 0.008600682020187378 618 104 629 117
face 0.008281886577606201 618 104 629 117
face 0.007958739995956421 618 104 629 117
face 0.007953643798828125 618 104 629 117
face 0.007684499025344849 618 104 629 117
face 0.007601320743560791 618 104 629 117
face 0.007427901029586792 618 104 629 117
face 0.007152855396270752 618 104 629 117
face 0.006980091333389282 618 104 629 117
face 0.00696071982383728 618 104 629 117
face 0.006566792726516724 618 104 629 117
face 0.006344825029373169 618 104 629 117
face 0.006257295608520508 618 104 629 117
face 0.0062409937381744385 618 104 629 117
face 0.00619778037071228 618 104 629 117
face 0.005785644054412842 618 104 629 117
face 0.0057495832443237305 618 104 629 117
face 0.005731135606765747 618 104 629 117
