face 0.9958672523498535 766 237 793 270
face 0.9582328200340271 732 191 743 206
face 0.9349390864372253 634 191 643 204
face 0.9273462295532227 195 214 209 231
face 0.9136712551116943 365 200 372 209
face 0.8859810829162598 585 195 594 207
face 0.883858323097229 681 189 689 200
face 0.8564035296440125 417 198 424 207
face 0.820411741733551 794 192 805 206
face 0.8085620403289795 477 201 485 212
face 0.8055018186569214 72 215 85 229
face 0.7978918552398682 327 200 334 207
face 0.7597415447235107 745 310 767 335
face 0.7129433751106262 536 196 544 207
face 0.6595067977905273 247 202 257 213
face 0.6147204637527466 432 215 440 225
face 0.6098867654800415 4 216 18 231
face 0.5968992710113525 853 179 861 188
face 0.5215452313423157 145 222 154 232
face 0.5139316916465759 960 190 973 207
face 0.5104516744613647 856 190 866 202
face 0.48289233446121216 856 190 866 202
face 0.4312678575515747 856 190 866 202
face 0.3694819211959839 856 190 866 202
face 0.31943148374557495 856 190 866 202
face 0.3037881851196289 856 190 866 202
face 0.29721343517303467 856 190 866 202
face 0.2850046157836914 856 190 866 202
face 0.2767418324947357 856 190 866 202
face 0.20388680696487427 856 190 866 202
face 0.19340354204177856 856 190 866 202
face 0.13688135147094727 856 190 866 202
face 0.13216117024421692 856 190 866 202
face 0.12440955638885498 856 190 866 202
face 0.12085521221160889 856 190 866 202
face 0.11297857761383057 856 190 866 202
face 0.1077016294002533 856 190 866 202
face 0.09483897686004639 856 190 866 202
face 0.09470805525779724 856 190 866 202
face 0.08504489064216614 856 190 866 202
face 0.07972055673599243 856 190 866 202
face 0.06931635737419128 856 190 866 202
face 0.06638240814208984 856 190 866 202
face 0.06356239318847656 856 190 866 202
face 0.06155216693878174 856 190 866 202
face 0.061185747385025024 856 190 866 202
face 0.05520644783973694 856 190 866 202
face 0.0551740825176239 856 190 866 202
face 0.05173584818840027 856 190 866 202
face 0.05084511637687683 856 190 866 202
face 0.04979211091995239 856 190 866 202
face 0.046487957239151 856 190 866 202
face 0.046004533767700195 856 190 866 202
face 0.04481497406959534 856 190 866 202
face 0.04436555504798889 856 190 866 202
face 0.04365202784538269 856 190 866 202
face 0.04209265112876892 856 190 866 202
face 0.04030737280845642 856 190 866 202
face 0.039858072996139526 856 190 866 202
face 0.03729027509689331 856 190 866 202
face 0.03672698140144348 856 190 866 202
face 0.03515377640724182 856 190 866 202
face 0.03470700979232788 856 190 866 202
face 0.03195098042488098 856 190 866 202
face 0.03175577521324158 856 190 866 202
face 0.03159773349761963 856 190 866 202
face 0.03105643391609192 856 190 866 202
face 0.03079622983932495 856 190 866 202
face 0.030522316694259644 856 190 866 202
face 0.0288676917552948 856 190 866 202
face 0.02866247296333313 856 190 866 202
face 0.028557926416397095 856 190 866 202
face 0.02670842409133911 856 190 866 202
face 0.025692760944366455 856 190 866 202
face 0.02549639344215393 856 190 866 202
face 0.02445751428604126 856 190 866 202
face 0.023883402347564697 856 190 866 202
face 0.023571878671646118 856 190 866 202
face 0.021812379360198975 856 190 866 202
face 0.021701812744140625 856 190 866 202
face 0.020413577556610107 856 190 866 202
face 0.02032533288002014 856 190 866 202
face 0.019909709692001343 856 190 866 202
face 0.01973208785057068 856 190 866 202
face 0.01955050230026245 856 190 866 202
face 0.01885846257209778 856 190 866 202
face 0.01850801706314087 856 190 866 202
face 0.018490195274353027 856 190 866 202
face 0.018335312604904175 856 190 866 202
face 0.017810821533203125 856 190 866 202
face 0.017505764961242676 856 190 866 202
face 0.01733529567718506 856 190 866 202
face 0.017295747995376587 856 190 866 202
face 0.017109394073486328 856 190 866 202
face 0.01696115732192993 856 190 866 202
face 0.01613709330558777 856 190 866 202
face 0.016110002994537354 856 190 866 202
face 0.016107767820358276 856 190 866 202
face 0.015976041555404663 856 190 866 202
face 0.015965253114700317 856 190 866 202
