face 0.9825092554092407 702 203 734 240
face 0.9785847663879395 126 203 149 238
face 0.9751001596450806 577 199 604 235
face 0.9723082780838013 917 266 953 309
face 0.9393080472946167 206 197 227 230
face 0.8726587295532227 311 185 335 225
face 0.8624328374862671 474 194 498 230
face 0.8602455854415894 828 230 857 263
face 0.8489710688591003 363 174 388 210
face 0.7738984823226929 261 194 283 228
face 0.7608661651611328 915 205 947 237
face 0.7294228076934814 492 196 516 231
face 0.6969025135040283 846 210 874 242
face 0.6371966600418091 780 232 806 263
face 0.5528677701950073 631 200 656 233
face 0.5237111449241638 901 205 929 236
face 0.4856864809989929 901 205 929 236
face 0.34636011719703674 901 205 929 236
face 0.3294691741466522 901 205 929 236
face 0.2730022370815277 901 205 929 236
face 0.2605622112751007 901 205 929 236
face 0.250376433134079 901 205 929 236
face 0.18445804715156555 901 205 929 236
face 0.16205289959907532 901 205 929 236
face 0.16025498509407043 901 205 929 236
face 0.14722567796707153 901 205 929 236
face 0.11269587278366089 901 205 929 236
face 0.10887014865875244 901 205 929 236
face 0.10304874181747437 901 205 929 236
face 0.09587171673774719 901 205 929 236
face 0.0944574773311615 901 205 929 236
face 0.0829557478427887 901 205 929 236
face 0.07200944423675537 901 205 929 236
face 0.06835436820983887 901 205 929 236
face 0.06207755208015442 901 205 929 236
face 0.061225444078445435 901 205 929 236
face 0.05858197808265686 901 205 929 236
face 0.05496358871459961 901 205 929 236
face 0.05156555771827698 901 205 929 236
face 0.050043702125549316 901 205 929 236
face 0.0480923056602478 901 205 929 236
face 0.04704388976097107 901 205 929 236
face 0.046703219413757324 901 205 929 236
face 0.04507496953010559 901 205 929 236
face 0.04329439997673035 901 205 929 236
face 0.042545050382614136 901 205 929 236
face 0.03974258899688721 901 205 929 236
face 0.039547234773635864 901 205 929 236
face 0.03376153111457825 901 205 929 236
face 0.032175034284591675 901 205 929 236
face 0.03130096197128296 901 205 929 236
face 0.030455410480499268 901 205 929 236
face 0.02987140417098999 901 205 929 236
face 0.028288543224334717 901 205 929 236
face 0.02685496211051941 901 205 929 236
face 0.023889273405075073 901 205 929 236
face 0.023816943168640137 901 205 929 236
face 0.02343842387199402 901 205 929 236
face 0.022188395261764526 901 205 929 236
face 0.02131366729736328 901 205 929 236
face 0.02121943235397339 901 205 929 236
face 0.02106267213821411 901 205 929 236
face 0.020351111888885498 901 205 929 236
face 0.020034581422805786 901 205 929 236
face 0.019706666469573975 901 205 929 236
face 0.01968511939048767 901 205 929 236
face 0.019496917724609375 901 205 929 236
face 0.01929020881652832 901 205 929 236
face 0.019274860620498657 901 205 929 236
face 0.01857525110244751 901 205 929 236
face 0.01842200756072998 901 205 929 236
face 0.018382489681243896 901 205 929 236
face 0.01801285147666931 901 205 929 236
face 0.01731172204017639 901 205 929 236
face 0.01613074541091919 901 205 929 236
face 0.01570722460746765 901 205 929 236
face 0.015636861324310303 901 205 929 236
face 0.014428794384002686 901 205 929 236
face 0.01415291428565979 901 205 929 236
face 0.01408153772354126 901 205 929 236
face 0.013819694519042969 901 205 929 236
face 0.013689637184143066 901 205 929 236
face 0.0135822594165802 901 205 929 236
face 0.01351398229598999 901 205 929 236
face 0.013368934392929077 901 205 929 236
face 0.013239413499832153 901 205 929 236
face 0.013140857219696045 901 205 929 236
face 0.012601405382156372 901 205 929 236
face 0.012541055679321289 901 205 929 236
face 0.012319087982177734 901 205 929 236
face 0.0119723379611969 901 205 929 236
face 0.011925458908081055 901 205 929 236
face 0.011793822050094604 901 205 929 236
face 0.011525660753250122 901 205 929 236
face 0.011400550603866577 901 205 929 236
face 0.010529309511184692 901 205 929 236
face 0.010333031415939331 901 205 929 236
face 0.010261446237564087 901 205 929 236
face 0.01008695363998413 901 205 929 236
face 0.009960383176803589 901 205 929 236
