face 0.9875528812408447 376 1887 433 1962
face 0.9856758713722229 211 1958 291 2058
face 0.979338526725769 767 1742 801 1791
face 0.9736390113830566 181 1738 219 1790
face 0.9670350551605225 921 1771 962 1831
face 0.9607468843460083 993 1746 1024 1809
face 0.9606441259384155 726 1840 764 1894
face 0.9344857931137085 402 1771 435 1814
face 0.9250755310058594 597 1859 633 1906
face 0.9219042062759399 667 1759 696 1798
face 0.9115667343139648 233 1717 266 1763
face 0.9096999168395996 517 1834 551 1885
face 0.9080643653869629 354 1739 385 1781
face 0.9021658897399902 561 1762 587 1798
face 0.8958392143249512 283 1728 316 1770
face 0.8929928541183472 3 1676 58 1763
face 0.8831221461296082 820 1771 857 1824
face 0.8749679327011108 885 1665 918 1713
face 0.8595263957977295 120 1699 156 1750
face 0.8446245193481445 630 1989 688 2063
face 0.8335976600646973 618 1761 645 1796
face 0.8248380422592163 497 1739 524 1776
face 0.8058144450187683 993 1593 1021 1652
face 0.8020643591880798 434 1781 466 1824
face 0.8017640113830566 163 1630 196 1676
face 0.7641551494598389 62 307 85 343
face 0.7080925703048706 76 1693 114 1750
face 0.6692839860916138 709 1073 741 1120
face 0.6684694290161133 956 1916 1014 2006
face 0.569257378578186 781 313 817 364
face 0.565536618232727 579 1882 611 1929
face 0.5456963777542114 183 326 203 355
face 0.5015512704849243 985 1086 1019 1138
face 0.4982759654521942 985 1086 1019 1138
face 0.49120402336120605 985 1086 1019 1138
face 0.48385506868362427 985 1086 1019 1138
face 0.4811343252658844 985 1086 1019 1138
face 0.4643454849720001 985 1086 1019 1138
face 0.45617032051086426 985 1086 1019 1138
face 0.4486549198627472 985 1086 1019 1138
face 0.417564332485199 985 1086 1019 1138
face 0.40553319454193115 985 1086 1019 1138
face 0.3989662528038025 985 1086 1019 1138
face 0.394503653049469 985 1086 1019 1138
face 0.3847457766532898 985 1086 1019 1138
face 0.3539172410964966 985 1086 1019 1138
face 0.35086703300476074 985 1086 1019 1138
face 0.34476202726364136 985 1086 1019 1138
face 0.34309613704681396 985 1086 1019 1138
face 0.3314334750175476 985 1086 1019 1138
face 0.3287280797958374 985 1086 1019 1138
face 0.32848697900772095 985 1086 1019 1138
face 0.32731401920318604 985 1086 1019 1138
face 0.3160100281238556 985 1086 1019 1138
face 0.2948248088359833 985 1086 1019 1138
face 0.29472848773002625 985 1086 1019 1138
face 0.2937002182006836 985 1086 1019 1138
face 0.2869231104850769 985 1086 1019 1138
face 0.27684536576271057 985 1086 1019 1138
face 0.2717190682888031 985 1086 1019 1138
face 0.26663315296173096 985 1086 1019 1138
face 0.26322364807128906 985 1086 1019 1138
face 0.26165246963500977 985 1086 1019 1138
face 0.2595391273498535 985 1086 1019 1138
face 0.25925925374031067 985 1086 1019 1138
face 0.25788503885269165 985 1086 1019 1138
face 0.25692692399024963 985 1086 1019 1138
face 0.24043625593185425 985 1086 1019 1138
face 0.23973163962364197 985 1086 1019 1138
face 0.23840481042861938 985 1086 1019 1138
face 0.22747492790222168 985 1086 1019 1138
face 0.2100224792957306 985 1086 1019 1138
face 0.20957061648368835 985 1086 1019 1138
face 0.2092243731021881 985 1086 1019 1138
face 0.2082202434539795 985 1086 1019 1138
face 0.20625028014183044 985 1086 1019 1138
face 0.2058824598789215 985 1086 1019 1138
face 0.20183926820755005 985 1086 1019 1138
face 0.18907585740089417 985 1086 1019 1138
face 0.18471235036849976 985 1086 1019 1138
face 0.1826176643371582 985 1086 1019 1138
face 0.1802242398262024 985 1086 1019 1138
face 0.17945224046707153 985 1086 1019 1138
face 0.1728968620300293 985 1086 1019 1138
face 0.17201918363571167 985 1086 1019 1138
face 0.17078348994255066 985 1086 1019 1138
face 0.16194048523902893 985 1086 1019 1138
face 0.15979072451591492 985 1086 1019 1138
face 0.1587628424167633 985 1086 1019 1138
face 0.15498381853103638 985 1086 1019 1138
face 0.14850571751594543 985 1086 1019 1138
face 0.1443970799446106 985 1086 1019 1138
face 0.1437060534954071 985 1086 1019 1138
face 0.13968569040298462 985 1086 1019 1138
face 0.13271066546440125 985 1086 1019 1138
face 0.12870436906814575 985 1086 1019 1138
face 0.12273579835891724 985 1086 1019 1138
face 0.12230244278907776 985 1086 1019 1138
face 0.11984798312187195 985 1086 1019 1138
face 0.11925601959228516 985 1086 1019 1138
