face 0.9973015785217285 716 529 737 558
face 0.9966058731079102 531 606 552 634
face 0.9962072372436523 523 372 541 397
face 0.995773196220398 617 365 635 392
face 0.9956007599830627 836 606 859 635
face 0.9947777986526489 623 487 644 517
face 0.993571937084198 634 330 650 355
face 0.9934746623039246 458 401 476 427
face 0.9931612610816956 877 569 899 598
face 0.9927642345428467 410 488 428 514
face 0.9922888875007629 301 184 314 204
face 0.9922295212745667 746 566 767 595
face 0.9918032884597778 554 572 576 601
face 0.9915101528167725 461 179 474 199
face 0.9901760816574097 468 493 488 521
face 0.989740252494812 416 446 433 471
face 0.9897230267524719 729 407 746 434
face 0.9890381097793579 635 186 648 205
face 0.988869845867157 870 641 897 670
face 0.9887492656707764 685 652 709 681
face 0.9880224466323853 780 140 793 161
face 0.9877403974533081 90 562 110 592
face 0.9869856834411621 556 524 577 552
face 0.9866343140602112 178 642 200 671
face 0.9862632155418396 682 258 697 281
face 0.985901951789856 691 477 711 506
face 0.9855386018753052 508 558 527 585
face 0.9853506684303284 307 334 324 358
face 0.985274076461792 684 327 700 353
face 0.9852396249771118 298 447 317 474
face 0.9847195148468018 631 296 645 318
face 0.9846998453140259 460 261 474 283
face 0.984602689743042 444 618 466 646
face 0.9845061898231506 359 530 378 558
face 0.9842808246612549 887 477 908 505
face 0.9832811951637268 840 412 858 439
face 0.9829450249671936 157 143 172 163
face 0.9827528595924377 786 397 804 423
face 0.9820444583892822 364 171 378 192
face 0.9803630113601685 354 451 371 478
face 0.9793023467063904 196 186 210 206
face 0.9790874719619751 527 458 545 484
face 0.9790621399879456 678 414 696 440
face 0.9787768125534058 575 326 591 350
face 0.9780616760253906 120 609 139 639
face 0.9779118895530701 450 359 468 385
face 0.9768860340118408 247 405 264 431
face 0.9764082431793213 725 334 741 359
face 0.9761127233505249 307 491 325 518
face 0.9754471778869629 621 554 642 584
face 0.9751664400100708 621 265 634 285
face 0.9746853113174438 410 146 422 164
face 0.972088098526001 469 564 488 592
face 0.9713409543037415 306 596 327 626
face 0.9711876511573792 774 440 794 465
face 0.9710680246353149 309 145 321 164
face 0.9694629907608032 560 368 577 394
face 0.9683074951171875 938 447 958 472
face 0.967353343963623 208 598 227 628
face 0.9672398567199707 473 302 488 324
face 0.9644506573677063 420 103 431 120
face 0.9634689092636108 184 437 202 464
face 0.961166262626648 460 100 473 120
face 0.9600884914398193 579 499 598 525
face 0.9600725769996643 692 174 706 195
face 0.9600557684898376 106 245 125 274
face 0.9594203233718872 771 501 791 526
face 0.9592020511627197 748 607 770 635
face 0.9588980078697205 635 141 649 160
face 0.9588452577590942 883 534 904 561
face 0.9579160809516907 254 102 263 116
face 0.9574766755104065 306 108 315 122
face 0.957410454750061 211 110 220 124
face 0.9571435451507568 478 143 489 162
face 0.9563167095184326 804 363 819 388
face 0.9556723833084106 401 575 422 603
face 0.9540454149246216 375 410 392 434
face 0.953419029712677 359 105 369 121
face 0.9526202082633972 596 651 622 680
face 0.9524585008621216 678 218 692 240
face 0.9523924589157104 416 523 435 550
face 0.952046275138855 254 179 267 200
face 0.950545072555542 681 381 697 405
face 0.9503684043884277 574 447 591 472
face 0.9480088949203491 580 254 593 274
face 0.9457708597183228 694 295 709 319
face 0.9439717531204224 515 176 527 195
face 0.9433387517929077 574 302 588 323
face 0.9406459331512451 350 372 366 395
face 0.9392350316047668 735 369 751 393
face 0.9389611482620239 7 602 27 630
face 0.9354392290115356 518 135 530 154
face 0.9335018396377563 363 144 374 162
face 0.9328327178955078 198 140 211 158
face 0.9325993061065674 250 143 262 160
face 0.9310142993927002 228 480 246 506
face 0.9306590557098389 178 482 196 511
face 0.9284418821334839 158 408 174 433
face 0.9238731265068054 402 176 415 196
face 0.9227731227874756 521 217 533 236
