face 0.9897880554199219 243 213 274 264
face 0.9840025901794434 478 159 523 213
face 0.9818148016929626 763 132 811 196
face 0.9751117825508118 127 183 160 230
face 0.9315449595451355 637 168 686 222
face 0.8314038515090942 366 199 407 247
face 0.7799360156059265 985 194 1020 250
face 0.49847251176834106 985 194 1020 250
face 0.48034030199050903 985 194 1020 250
face 0.47849971055984497 985 194 1020 250
face 0.30283230543136597 985 194 1020 250
face 0.2890492081642151 985 194 1020 250
face 0.20238208770751953 985 194 1020 250
face 0.17696493864059448 985 194 1020 250
face 0.15039998292922974 985 194 1020 250
face 0.10392257571220398 985 194 1020 250
face 0.10362720489501953 985 194 1020 250
face 0.09975865483283997 985 194 1020 250
face 0.07877382636070251 985 194 1020 250
face 0.0719977617263794 985 194 1020 250
face 0.07185205817222595 985 194 1020 250
face 0.0717771053314209 985 194 1020 250
face 0.06690213084220886 985 194 1020 250
face 0.059453606605529785 985 194 1020 250
face 0.057095348834991455 985 194 1020 250
face 0.055626899003982544 985 194 1020 250
face 0.053834617137908936 985 194 1020 250
face 0.04891631007194519 985 194 1020 250
face 0.04886239767074585 985 194 1020 250
face 0.048657238483428955 985 194 1020 250
face 0.04384055733680725 985 194 1020 250
face 0.04372435808181763 985 194 1020 250
face 0.040937334299087524 985 194 1020 250
face 0.038825660943984985 985 194 1020 250
face 0.03850021958351135 985 194 1020 250
face 0.038312941789627075 985 194 1020 250
face 0.037060946226119995 985 194 1020 250
face 0.036494940519332886 985 194 1020 250
face 0.034433603286743164 985 194 1020 250
face 0.03336015343666077 985 194 1020 250
face 0.032243192195892334 985 194 1020 250
face 0.031065165996551514 985 194 1020 250
face 0.0298159122467041 985 194 1020 250
face 0.02941828966140747 985 194 1020 250
face 0.029347240924835205 985 194 1020 250
face 0.028965085744857788 985 194 1020 250
face 0.028398841619491577 985 194 1020 250
face 0.027905136346817017 985 194 1020 250
face 0.027483254671096802 985 194 1020 250
face 0.027182400226593018 985 194 1020 250
face 0.02712845802307129 985 194 1020 250
face 0.026165664196014404 985 194 1020 250
face 0.02591860294342041 985 194 1020 250
face 0.025166749954223633 985 194 1020 250
face 0.024393349885940552 985 194 1020 250
face 0.023953229188919067 985 194 1020 250
face 0.02248421311378479 985 194 1020 250
face 0.022391587495803833 985 194 1020 250
face 0.022293835878372192 985 194 1020 250
face 0.02195259928703308 985 194 1020 250
face 0.02154320478439331 985 194 1020 250
face 0.021014809608459473 985 194 1020 250
face 0.020881444215774536 985 194 1020 250
face 0.020590662956237793 985 194 1020 250
face 0.0203859806060791 985 194 1020 250
face 0.020361095666885376 985 194 1020 250
face 0.02021285891532898 985 194 1020 250
face 0.018975645303726196 985 194 1020 250
face 0.018773913383483887 985 194 1020 250
face 0.018395274877548218 985 194 1020 250
face 0.018077343702316284 985 194 1020 250
face 0.017679184675216675 985 194 1020 250
face 0.017657458782196045 985 194 1020 250
face 0.017600923776626587 985 194 1020 250
face 0.017412513494491577 985 194 1020 250
face 0.01725664734840393 985 194 1020 250
face 0.017048507928848267 985 194 1020 250
face 0.017038613557815552 985 194 1020 250
face 0.016935378313064575 985 194 1020 250
face 0.016607731580734253 985 194 1020 250
face 0.016523271799087524 985 194 1020 250
face 0.016466766595840454 985 194 1020 250
face 0.016368091106414795 985 194 1020 250
face 0.014790982007980347 985 194 1020 250
face 0.014741450548171997 985 194 1020 250
face 0.01454433798789978 985 194 1020 250
face 0.014382719993591309 985 194 1020 250
face 0.014280885457992554 985 194 1020 250
face 0.014126181602478027 985 194 1020 250
face 0.014024317264556885 985 194 1020 250
face 0.014018625020980835 985 194 1020 250
face 0.013912588357925415 985 194 1020 250
face 0.013821244239807129 985 194 1020 250
face 0.01353985071182251 985 194 1020 250
face 0.01271703839302063 985 194 1020 250
face 0.01262754201889038 985 194 1020 250
face 0.012410372495651245 985 194 1020 250
face 0.011971890926361084 985 194 1020 250
face 0.011787444353103638 985 194 1020 250
face 0.011495888233184814 985 194 1020 250
