face 0.8795089721679688 844 122 858 139
face 0.8548122644424438 461 168 488 204
face 0.8253743052482605 909 123 924 141
face 0.8120219707489014 473 112 491 133
face 0.6413207054138184 703 121 718 137
face 0.6336581707000732 143 113 158 130
face 0.59459388256073 568 118 583 134
face 0.5907732844352722 722 127 737 144
face 0.5556675791740417 606 111 623 129
face 0.47366127371788025 606 111 623 129
face 0.4201537072658539 606 111 623 129
face 0.3907628059387207 606 111 623 129
face 0.2575950622558594 606 111 623 129
face 0.2549194395542145 606 111 623 129
face 0.1840125322341919 606 111 623 129
face 0.15895411372184753 606 111 623 129
face 0.14949220418930054 606 111 623 129
face 0.12527570128440857 606 111 623 129
face 0.11833751201629639 606 111 623 129
face 0.11124581098556519 606 111 623 129
face 0.10007867217063904 606 111 623 129
face 0.09559494256973267 606 111 623 129
face 0.09226450324058533 606 111 623 129
face 0.07894572615623474 606 111 623 129
face 0.05799606442451477 606 111 623 129
face 0.05540969967842102 606 111 623 129
face 0.046124935150146484 606 111 623 129
face 0.03981691598892212 606 111 623 129
face 0.03863239288330078 606 111 623 129
face 0.037954241037368774 606 111 623 129
face 0.0343741774559021 606 111 623 129
face 0.034051597118377686 606 111 623 129
face 0.031608760356903076 606 111 623 129
face 0.031533002853393555 606 111 623 129
face 0.03132477402687073 606 111 623 129
face 0.031308382749557495 606 111 623 129
face 0.029794961214065552 606 111 623 129
face 0.02854570746421814 606 111 623 129
face 0.024719834327697754 606 111 623 129
face 0.024503886699676514 606 111 623 129
face 0.0241488516330719 606 111 623 129
face 0.02347266674041748 606 111 623 129
face 0.022436141967773438 606 111 623 129
face 0.02207091450691223 606 111 623 129
face 0.022010594606399536 606 111 623 129
face 0.02096131443977356 606 111 623 129
face 0.02060285210609436 606 111 623 129
face 0.02056822180747986 606 111 623 129
face 0.020226478576660156 606 111 623 129
face 0.019573569297790527 606 111 623 129
face 0.01904258131980896 606 111 623 129
face 0.018494337797164917 606 111 623 129
face 0.018480539321899414 606 111 623 129
face 0.018068373203277588 606 111 623 129
face 0.018001466989517212 606 111 623 129
face 0.01769876480102539 606 111 623 129
face 0.01701641082763672 606 111 623 129
face 0.01663258671760559 606 111 623 129
face 0.01597839593887329 606 111 623 129
face 0.015858978033065796 606 111 623 129
face 0.015648186206817627 606 111 623 129
face 0.01536741852760315 606 111 623 129
face 0.015218883752822876 606 111 623 129
face 0.015200287103652954 606 111 623 129
face 0.014975696802139282 606 111 623 129
face 0.014939069747924805 606 111 623 129
face 0.01490771770477295 606 111 623 129
face 0.014747291803359985 606 111 623 129
face 0.014345288276672363 606 111 623 129
face 0.014214009046554565 606 111 623 129
face 0.013920873403549194 606 111 623 129
face 0.01387876272201538 606 111 623 129
face 0.013715744018554688 606 111 623 129
face 0.01345321536064148 606 111 623 129
face 0.01338157057762146 606 111 623 129
face 0.012936413288116455 606 111 623 129
face 0.012846291065216064 606 111 623 129
face 0.012658864259719849 606 111 623 129
face 0.012372493743896484 606 111 623 129
face 0.01212763786315918 606 111 623 129
face 0.011840015649795532 606 111 623 129
face 0.011732369661331177 606 111 623 129
face 0.011357009410858154 606 111 623 129
face 0.01076558232307434 606 111 623 129
face 0.010738253593444824 606 111 623 129
face 0.010653048753738403 606 111 623 129
face 0.010504752397537231 606 111 623 129
face 0.010375887155532837 606 111 623 129
face 0.010213285684585571 606 111 623 129
face 0.009573429822921753 606 111 623 129
face 0.009407132863998413 606 111 623 129
face 0.009024769067764282 606 111 623 129
face 0.008584141731262207 606 111 623 129
face 0.008399754762649536 606 111 623 129
face 0.00813978910446167 606 111 623 129
face 0.007599532604217529 606 111 623 129
face 0.007471442222595215 606 111 623 129
face 0.007377177476882935 606 111 623 129
face 0.007116436958312988 606 111 623 129
face 0.0069266557693481445 606 111 623 129
