face 0.9949004650115967 673 417 713 465
face 0.9929941296577454 87 514 153 587
face 0.9907833337783813 623 249 649 287
face 0.9889392852783203 338 402 399 486
face 0.9874232411384583 725 379 763 423
face 0.9872255921363831 281 291 306 323
face 0.9848923683166504 307 261 328 288
face 0.9805266261100769 799 282 841 330
face 0.9793274402618408 569 258 596 297
face 0.962971568107605 659 257 690 296
face 0.962277889251709 62 283 87 317
face 0.9619181156158447 636 536 710 630
face 0.9536795616149902 351 328 380 367
face 0.9382575154304504 742 228 764 253
face 0.9158660173416138 187 261 208 289
face 0.9062629342079163 580 226 599 252
face 0.905989408493042 200 354 245 414
face 0.8873966932296753 206 300 230 330
face 0.8610420227050781 63 317 91 355
face 0.8437869548797607 502 259 526 297
face 0.8300590515136719 475 262 498 297
face 0.7988390922546387 21 411 71 469
face 0.7983905076980591 411 240 432 271
face 0.790407657623291 722 304 758 346
face 0.7764860391616821 249 268 268 295
face 0.752274751663208 546 498 596 554
face 0.7303646206855774 758 258 789 295
face 0.7269263863563538 632 217 652 242
face 0.7152948379516602 0 352 18 395
face 0.6906923651695251 351 267 370 294
face 0.6585862040519714 520 233 539 259
face 0.6385685205459595 927 258 954 292
face 0.6125457286834717 872 260 902 298
face 0.6088466048240662 990 285 1013 319
face 0.5993175506591797 386 304 412 337
face 0.5924562811851501 737 254 767 290
face 0.5542521476745605 478 216 494 239
face 0.5532950162887573 243 288 266 320
face 0.5335174202919006 996 265 1015 293
face 0.5241987705230713 424 235 443 263
face 0.5156704187393188 850 251 880 288
face 0.4734874367713928 850 251 880 288
face 0.4551546275615692 850 251 880 288
face 0.4520094096660614 850 251 880 288
face 0.42478153109550476 850 251 880 288
face 0.41817721724510193 850 251 880 288
face 0.38131600618362427 850 251 880 288
face 0.36921268701553345 850 251 880 288
face 0.36387115716934204 850 251 880 288
face 0.36234602332115173 850 251 880 288
face 0.326553612947464 850 251 880 288
face 0.3198162913322449 850 251 880 288
face 0.2986733019351959 850 251 880 288
face 0.29366281628608704 850 251 880 288
face 0.2881845235824585 850 251 880 288
face 0.28396153450012207 850 251 880 288
face 0.27312833070755005 850 251 880 288
face 0.2652103304862976 850 251 880 288
face 0.24960780143737793 850 251 880 288
face 0.24579057097434998 850 251 880 288
face 0.24444714188575745 850 251 880 288
face 0.2393982708454132 850 251 880 288
face 0.21433231234550476 850 251 880 288
face 0.20566877722740173 850 251 880 288
face 0.19481423497200012 850 251 880 288
face 0.172758549451828 850 251 880 288
face 0.17145472764968872 850 251 880 288
face 0.16780486702919006 850 251 880 288
face 0.15935927629470825 850 251 880 288
face 0.14467796683311462 850 251 880 288
face 0.14362993836402893 850 251 880 288
face 0.14223289489746094 850 251 880 288
face 0.12619662284851074 850 251 880 288
face 0.11991888284683228 850 251 880 288
face 0.1169390082359314 850 251 880 288
face 0.11612185835838318 850 251 880 288
face 0.1134939193725586 850 251 880 288
face 0.11283484101295471 850 251 880 288
face 0.10947093367576599 850 251 880 288
face 0.10113182663917542 850 251 880 288
face 0.09661790728569031 850 251 880 288
face 0.09563949704170227 850 251 880 288
face 0.0940413773059845 850 251 880 288
face 0.0931723415851593 850 251 880 288
face 0.09026101231575012 850 251 880 288
face 0.08512300252914429 850 251 880 288
face 0.07676777243614197 850 251 880 288
face 0.07476866245269775 850 251 880 288
face 0.0726918876171112 850 251 880 288
face 0.06701168417930603 850 251 880 288
face 0.0662919282913208 850 251 880 288
face 0.061643898487091064 850 251 880 288
face 0.06147158145904541 850 251 880 288
face 0.06006845831871033 850 251 880 288
face 0.05880841612815857 850 251 880 288
face 0.052900850772857666 850 251 880 288
face 0.052391380071640015 850 251 880 288
face 0.049994975328445435 850 251 880 288
face 0.04948785901069641 850 251 880 288
face 0.04806119203567505 850 251 880 288
