face 0.9862934350967407 804 117 848 164
face 0.9774426221847534 126 84 173 137
face 0.9763486385345459 934 171 973 219
face 0.9740576148033142 63 136 108 187
face 0.9566821455955505 514 102 559 151
face 0.8892052173614502 653 177 694 222
face 0.7125360369682312 276 79 323 134
face 0.670805811882019 422 7 463 54
face 0.553000271320343 407 82 450 129
face 0.5294204354286194 903 15 946 69
face 0.41235318779945374 903 15 946 69
face 0.3578947186470032 903 15 946 69
face 0.3096136152744293 903 15 946 69
face 0.24123910069465637 903 15 946 69
face 0.21185845136642456 903 15 946 69
face 0.15690484642982483 903 15 946 69
face 0.15389248728752136 903 15 946 69
face 0.13799244165420532 903 15 946 69
face 0.1214371919631958 903 15 946 69
face 0.09966525435447693 903 15 946 69
face 0.09093958139419556 903 15 946 69
face 0.08808979392051697 903 15 946 69
face 0.07209545373916626 903 15 946 69
face 0.06598129868507385 903 15 946 69
face 0.06416350603103638 903 15 946 69
face 0.061391472816467285 903 15 946 69
face 0.051670223474502563 903 15 946 69
face 0.05087655782699585 903 15 946 69
face 0.04724419116973877 903 15 946 69
face 0.04597082734107971 903 15 946 69
face 0.04432833194732666 903 15 946 69
face 0.042601972818374634 903 15 946 69
face 0.041758716106414795 903 15 946 69
face 0.0409758985042572 903 15 946 69
face 0.04054418206214905 903 15 946 69
face 0.04010730981826782 903 15 946 69
face 0.039022088050842285 903 15 946 69
face 0.037355512380599976 903 15 946 69
face 0.03634476661682129 903 15 946 69
face 0.03588375449180603 903 15 946 69
face 0.03564760088920593 903 15 946 69
face 0.03537753224372864 903 15 946 69
face 0.03533560037612915 903 15 946 69
face 0.031782329082489014 903 15 946 69
face 0.03007867932319641 903 15 946 69
face 0.027868449687957764 903 15 946 69
face 0.027654260396957397 903 15 946 69
face 0.02673366665840149 903 15 946 69
face 0.024708211421966553 903 15 946 69
face 0.024231255054473877 903 15 946 69
face 0.023933887481689453 903 15 946 69
face 0.02386048436164856 903 15 946 69
face 0.02382686734199524 903 15 946 69
face 0.023725539445877075 903 15 946 69
face 0.02361467480659485 903 15 946 69
face 0.023263901472091675 903 15 946 69
face 0.022886037826538086 903 15 946 69
face 0.022652894258499146 903 15 946 69
face 0.022522538900375366 903 15 946 69
face 0.02218151092529297 903 15 946 69
face 0.02065432071685791 903 15 946 69
face 0.020202308893203735 903 15 946 69
face 0.020157724618911743 903 15 946 69
face 0.020038485527038574 903 15 946 69
face 0.01971888542175293 903 15 946 69
face 0.019427180290222168 903 15 946 69
face 0.018533438444137573 903 15 946 69
face 0.01849842071533203 903 15 946 69
face 0.01788318157196045 903 15 946 69
face 0.01736503839492798 903 15 946 69
face 0.017354995012283325 903 15 946 69
face 0.017315953969955444 903 15 946 69
face 0.017243772745132446 903 15 946 69
face 0.017159759998321533 903 15 946 69
face 0.016789287328720093 903 15 946 69
face 0.01662898063659668 903 15 946 69
face 0.0157240629196167 903 15 946 69
face 0.015553444623947144 903 15 946 69
face 0.015539288520812988 903 15 946 69
face 0.015416085720062256 903 15 946 69
face 0.015408247709274292 903 15 946 69
face 0.015370070934295654 903 15 946 69
face 0.015293687582015991 903 15 946 69
face 0.015264540910720825 903 15 946 69
face 0.015148580074310303 903 15 946 69
face 0.014823317527770996 903 15 946 69
face 0.01478990912437439 903 15 946 69
face 0.014729410409927368 903 15 946 69
face 0.014542907476425171 903 15 946 69
face 0.014329403638839722 903 15 946 69
face 0.014167994260787964 903 15 946 69
face 0.014103114604949951 903 15 946 69
face 0.013901889324188232 903 15 946 69
face 0.013792216777801514 903 15 946 69
face 0.013783872127532959 903 15 946 69
face 0.013481169939041138 903 15 946 69
face 0.013425052165985107 903 15 946 69
face 0.013004422187805176 903 15 946 69
face 0.01235133409500122 903 15 946 69
face 0.01230001449584961 903 15 946 69
