face 0.9808081388473511 580 174 642 244
face 0.9097098112106323 852 148 898 201
face 0.9067196846008301 276 213 321 260
face 0.901889443397522 62 138 134 221
face 0.33582374453544617 62 138 134 221
face 0.3008788824081421 62 138 134 221
face 0.2847716212272644 62 138 134 221
face 0.26530197262763977 62 138 134 221
face 0.2367064356803894 62 138 134 221
face 0.1995789110660553 62 138 134 221
face 0.18836075067520142 62 138 134 221
face 0.18778643012046814 62 138 134 221
face 0.16208302974700928 62 138 134 221
face 0.14670896530151367 62 138 134 221
face 0.14419972896575928 62 138 134 221
face 0.14384204149246216 62 138 134 221
face 0.1231687068939209 62 138 134 221
face 0.12197890877723694 62 138 134 221
face 0.11860430240631104 62 138 134 221
face 0.1159849464893341 62 138 134 221
face 0.10363292694091797 62 138 134 221
face 0.1031942069530487 62 138 134 221
face 0.09846341609954834 62 138 134 221
face 0.09609076380729675 62 138 134 221
face 0.08617883920669556 62 138 134 221
face 0.08154451847076416 62 138 134 221
face 0.07558402419090271 62 138 134 221
face 0.07462915778160095 62 138 134 221
face 0.07274994254112244 62 138 134 221
face 0.07051083445549011 62 138 134 221
face 0.06741896271705627 62 138 134 221
face 0.06522908806800842 62 138 134 221
face 0.06400147080421448 62 138 134 221
face 0.06199836730957031 62 138 134 221
face 0.060006678104400635 62 138 134 221
face 0.05603858828544617 62 138 134 221
face 0.05446287989616394 62 138 134 221
face 0.053823769092559814 62 138 134 221
face 0.053683340549468994 62 138 134 221
face 0.05008429288864136 62 138 134 221
face 0.04928162693977356 62 138 134 221
face 0.047907501459121704 62 138 134 221
face 0.04776155948638916 62 138 134 221
face 0.04542848467826843 62 138 134 221
face 0.044760555028915405 62 138 134 221
face 0.042774081230163574 62 138 134 221
face 0.042592912912368774 62 138 134 221
face 0.03929734230041504 62 138 134 221
face 0.038041502237319946 62 138 134 221
face 0.03622913360595703 62 138 134 221
face 0.03578510880470276 62 138 134 221
face 0.035655975341796875 62 138 134 221
face 0.0356537401676178 62 138 134 221
face 0.034691810607910156 62 138 134 221
face 0.033883243799209595 62 138 134 221
face 0.033552080392837524 62 138 134 221
face 0.03241869807243347 62 138 134 221
face 0.031815022230148315 62 138 134 221
face 0.02955535054206848 62 138 134 221
face 0.029492735862731934 62 138 134 221
face 0.02940458059310913 62 138 134 221
face 0.028525829315185547 62 138 134 221
face 0.027958959341049194 62 138 134 221
face 0.027933269739151 62 138 134 221
face 0.027471184730529785 62 138 134 221
face 0.027455121278762817 62 138 134 221
face 0.027228355407714844 62 138 134 221
face 0.02623194456100464 62 138 134 221
face 0.026088476181030273 62 138 134 221
face 0.026042193174362183 62 138 134 221
face 0.02594304084777832 62 138 134 221
face 0.025667577981948853 62 138 134 221
face 0.024894535541534424 62 138 134 221
face 0.024783849716186523 62 138 134 221
face 0.02408576011657715 62 138 134 221
face 0.02357262372970581 62 138 134 221
face 0.02351030707359314 62 138 134 221
face 0.02332746982574463 62 138 134 221
face 0.023016005754470825 62 138 134 221
face 0.022805720567703247 62 138 134 221
face 0.02251937985420227 62 138 134 221
face 0.02231261134147644 62 138 134 221
face 0.0221402645111084 62 138 134 221
face 0.021998614072799683 62 138 134 221
face 0.021671682596206665 62 138 134 221
face 0.021446019411087036 62 138 134 221
face 0.021156400442123413 62 138 134 221
face 0.020733416080474854 62 138 134 221
face 0.020003527402877808 62 138 134 221
face 0.019969433546066284 62 138 134 221
face 0.01982778310775757 62 138 134 221
face 0.019755959510803223 62 138 134 221
face 0.01866355538368225 62 138 134 221
face 0.018469542264938354 62 138 134 221
face 0.018163353204727173 62 138 134 221
face 0.017962664365768433 62 138 134 221
face 0.017925500869750977 62 138 134 221
face 0.017555028200149536 62 138 134 221
face 0.017072439193725586 62 138 134 221
face 0.017065346240997314 62 138 134 221
