face 0.5207477807998657 609 301 728 473
face 0.4618082344532013 609 301 728 473
face 0.42137956619262695 609 301 728 473
face 0.30205732583999634 609 301 728 473
face 0.25244471430778503 609 301 728 473
face 0.2227155566215515 609 301 728 473
face 0.20444443821907043 609 301 728 473
face 0.18733933568000793 609 301 728 473
face 0.18367817997932434 609 301 728 473
face 0.18078160285949707 609 301 728 473
face 0.17800867557525635 609 301 728 473
face 0.16679811477661133 609 301 728 473
face 0.15606284141540527 609 301 728 473
face 0.14695334434509277 609 301 728 473
face 0.1442921757698059 609 301 728 473
face 0.1412326693534851 609 301 728 473
face 0.12651056051254272 609 301 728 473
face 0.12114372849464417 609 301 728 473
face 0.12032720446586609 609 301 728 473
face 0.11282491683959961 609 301 728 473
face 0.10294538736343384 609 301 728 473
face 0.09096315503120422 609 301 728 473
face 0.07934102416038513 609 301 728 473
face 0.06527155637741089 609 301 728 473
face 0.06500270962715149 609 301 728 473
face 0.06464505195617676 609 301 728 473
face 0.06353926658630371 609 301 728 473
face 0.06352201104164124 609 301 728 473
face 0.06225427985191345 609 301 728 473
face 0.062108516693115234 609 301 728 473
face 0.05997636914253235 609 301 728 473
face 0.0571008026599884 609 301 728 473
face 0.05567160248756409 609 301 728 473
face 0.053821295499801636 609 301 728 473
face 0.052965909242630005 609 301 728 473
face 0.050061970949172974 609 301 728 473
face 0.048949986696243286 609 301 728 473
face 0.04882735013961792 609 301 728 473
face 0.04856806993484497 609 301 728 473
face 0.045974940061569214 609 301 728 473
face 0.04522112011909485 609 301 728 473
face 0.044923871755599976 609 301 728 473
face 0.04373043775558472 609 301 728 473
face 0.04152613878250122 609 301 728 473
face 0.04147481918334961 609 301 728 473
face 0.039859771728515625 609 301 728 473
face 0.03956291079521179 609 301 728 473
face 0.03924044966697693 609 301 728 473
face 0.038566648960113525 609 301 728 473
face 0.03812524676322937 609 301 728 473
face 0.037941426038742065 609 301 728 473
face 0.03792634606361389 609 301 728 473
face 0.03788831830024719 609 301 728 473
face 0.03648567199707031 609 301 728 473
face 0.03625178337097168 609 301 728 473
face 0.035900652408599854 609 301 728 473
face 0.03584793210029602 609 301 728 473
face 0.0358181893825531 609 301 728 473
face 0.03443962335586548 609 301 728 473
face 0.03394833207130432 609 301 728 473
face 0.03366214036941528 609 301 728 473
face 0.0333535373210907 609 301 728 473
face 0.03279861807823181 609 301 728 473
face 0.03247639536857605 609 301 728 473
face 0.032379984855651855 609 301 728 473
face 0.032377034425735474 609 301 728 473
face 0.032048583030700684 609 301 728 473
face 0.03199613094329834 609 301 728 473
face 0.030392318964004517 609 301 728 473
face 0.03028908371925354 609 301 728 473
face 0.030248552560806274 609 301 728 473
face 0.030010253190994263 609 301 728 473
face 0.029553860425949097 609 301 728 473
face 0.028675377368927002 609 301 728 473
face 0.028611183166503906 609 301 728 473
face 0.028595954179763794 609 301 728 473
face 0.02813720703125 609 301 728 473
face 0.027775198221206665 609 301 728 473
face 0.0276181697845459 609 301 728 473
face 0.027134984731674194 609 301 728 473
face 0.026934891939163208 609 301 728 473
face 0.026895970106124878 609 301 728 473
face 0.026789069175720215 609 301 728 473
face 0.02660033106803894 609 301 728 473
face 0.026132404804229736 609 301 728 473
face 0.025869905948638916 609 301 728 473
face 0.024899303913116455 609 301 728 473
face 0.024891823530197144 609 301 728 473
face 0.0247633159160614 609 301 728 473
face 0.024453341960906982 609 301 728 473
face 0.023937463760375977 609 301 728 473
face 0.023759007453918457 609 301 728 473
face 0.023604780435562134 609 301 728 473
face 0.02355968952178955 609 301 728 473
face 0.02322244644165039 609 301 728 473
face 0.023115068674087524 609 301 728 473
face 0.022918134927749634 609 301 728 473
face 0.02262669801712036 609 301 728 473
face 0.02251201868057251 609 301 728 473
face 0.022249162197113037 609 301 728 473
