face 0.9970632791519165 399 222 437 258
face 0.9932562708854675 922 215 957 250
face 0.9895257949829102 510 182 551 220
face 0.9835032224655151 839 190 874 226
face 0.9589428901672363 354 209 390 246
face 0.9424846172332764 102 201 144 243
face 0.9123128056526184 225 168 267 206
face 0.8377904891967773 239 0 267 26
face 0.8153625726699829 597 184 628 218
face 0.8037846684455872 665 190 704 229
face 0.7657225131988525 145 0 169 23
face 0.7515966892242432 772 157 808 193
face 0.6615576148033142 663 200 702 240
face 0.5896669030189514 766 166 799 202
face 0.4201844334602356 766 166 799 202
face 0.399109423160553 766 166 799 202
face 0.38579344749450684 766 166 799 202
face 0.1869780719280243 766 166 799 202
face 0.1206502616405487 766 166 799 202
face 0.0928996205329895 766 166 799 202
face 0.08819130063056946 766 166 799 202
face 0.08777409791946411 766 166 799 202
face 0.08562925457954407 766 166 799 202
face 0.0846274197101593 766 166 799 202
face 0.08105140924453735 766 166 799 202
face 0.07837659120559692 766 166 799 202
face 0.07798725366592407 766 166 799 202
face 0.07625675201416016 766 166 799 202
face 0.06894630193710327 766 166 799 202
face 0.06821277737617493 766 166 799 202
face 0.06359705328941345 766 166 799 202
face 0.0629187524318695 766 166 799 202
face 0.06041139364242554 766 166 799 202
face 0.0587715208530426 766 166 799 202
face 0.058537840843200684 766 166 799 202
face 0.05806216597557068 766 166 799 202
face 0.057790398597717285 766 166 799 202
face 0.05731081962585449 766 166 799 202
face 0.054904013872146606 766 166 799 202
face 0.05179789662361145 766 166 799 202
face 0.04962071776390076 766 166 799 202
face 0.048305630683898926 766 166 799 202
face 0.04492190480232239 766 166 799 202
face 0.04339510202407837 766 166 799 202
face 0.04155987501144409 766 166 799 202
face 0.040361493825912476 766 166 799 202
face 0.0400671660900116 766 166 799 202
face 0.03987246751785278 766 166 799 202
face 0.03881281614303589 766 166 799 202
face 0.0380229651927948 766 166 799 202
face 0.03554782271385193 766 166 799 202
face 0.03398355841636658 766 166 799 202
face 0.03251039981842041 766 166 799 202
face 0.03194436430931091 766 166 799 202
face 0.030405402183532715 766 166 799 202
face 0.030172228813171387 766 166 799 202
face 0.029213696718215942 766 166 799 202
face 0.02920210361480713 766 166 799 202
face 0.02897775173187256 766 166 799 202
face 0.028770506381988525 766 166 799 202
face 0.028155744075775146 766 166 799 202
face 0.027689725160598755 766 166 799 202
face 0.027184724807739258 766 166 799 202
face 0.027109980583190918 766 166 799 202
face 0.026263266801834106 766 166 799 202
face 0.026180237531661987 766 166 799 202
face 0.026163816452026367 766 166 799 202
face 0.024568557739257812 766 166 799 202
face 0.024446219205856323 766 166 799 202
face 0.023765653371810913 766 166 799 202
face 0.023145556449890137 766 166 799 202
face 0.022219330072402954 766 166 799 202
face 0.022210687398910522 766 166 799 202
face 0.022069096565246582 766 166 799 202
face 0.021661311388015747 766 166 799 202
face 0.020998597145080566 766 166 799 202
face 0.02054142951965332 766 166 799 202
face 0.02051261067390442 766 166 799 202
face 0.020291924476623535 766 166 799 202
face 0.020132601261138916 766 166 799 202
face 0.019047290086746216 766 166 799 202
face 0.018709570169448853 766 166 799 202
face 0.018222957849502563 766 166 799 202
face 0.018179982900619507 766 166 799 202
face 0.017052650451660156 766 166 799 202
face 0.016961991786956787 766 166 799 202
face 0.016862720251083374 766 166 799 202
face 0.016725599765777588 766 166 799 202
face 0.016460686922073364 766 166 799 202
face 0.016351014375686646 766 166 799 202
face 0.015521407127380371 766 166 799 202
face 0.014942437410354614 766 166 799 202
face 0.014524757862091064 766 166 799 202
face 0.013580620288848877 766 166 799 202
face 0.013268470764160156 766 166 799 202
face 0.013213694095611572 766 166 799 202
face 0.012907147407531738 766 166 799 202
face 0.012881845235824585 766 166 799 202
face 0.012494981288909912 766 166 799 202
face 0.012494951486587524 766 166 799 202
