face 0.8696953058242798 522 176 544 201
face 0.3974692225456238 522 176 544 201
face 0.33224502205848694 522 176 544 201
face 0.260690838098526 522 176 544 201
face 0.22123050689697266 522 176 544 201
face 0.215057373046875 522 176 544 201
face 0.20763254165649414 522 176 544 201
face 0.1946004033088684 522 176 544 201
face 0.18652525544166565 522 176 544 201
face 0.17309245467185974 522 176 544 201
face 0.15933623909950256 522 176 544 201
face 0.15341365337371826 522 176 544 201
face 0.13955548405647278 522 176 544 201
face 0.13380929827690125 522 176 544 201
face 0.1300973892211914 522 176 544 201
face 0.12855762243270874 522 176 544 201
face 0.11935803294181824 522 176 544 201
face 0.1167818009853363 522 176 544 201
face 0.11577004194259644 522 176 544 201
face 0.11180368065834045 522 176 544 201
face 0.10797896981239319 522 176 544 201
face 0.10777783393859863 522 176 544 201
face 0.09937754273414612 522 176 544 201
face 0.09903082251548767 522 176 544 201
face 0.09693089127540588 522 176 544 201
face 0.09608972072601318 522 176 544 201
face 0.09541773796081543 522 176 544 201
face 0.09175258874893188 522 176 544 201
face 0.09014099836349487 522 176 544 201
face 0.08533728122711182 522 176 544 201
face 0.0837872326374054 522 176 544 201
face 0.08325424790382385 522 176 544 201
face 0.08115419745445251 522 176 544 201
face 0.08050447702407837 522 176 544 201
face 0.08037805557250977 522 176 544 201
face 0.07804986834526062 522 176 544 201
face 0.07349905371665955 522 176 544 201
face 0.07153132557868958 522 176 544 201
face 0.07050392031669617 522 176 544 201
face 0.06956344842910767 522 176 544 201
face 0.06779402494430542 522 176 544 201
face 0.0665263831615448 522 176 544 201
face 0.0662679672241211 522 176 544 201
face 0.06617280840873718 522 176 544 201
face 0.06525111198425293 522 176 544 201
face 0.06362801790237427 522 176 544 201
face 0.061906397342681885 522 176 544 201
face 0.06104043126106262 522 176 544 201
face 0.05892255902290344 522 176 544 201
face 0.05881088972091675 522 176 544 201
face 0.05798676609992981 522 176 544 201
face 0.05645883083343506 522 176 544 201
face 0.05533447861671448 522 176 544 201
face 0.054200202226638794 522 176 544 201
face 0.05372437834739685 522 176 544 201
face 0.050891369581222534 522 176 544 201
face 0.050085872411727905 522 176 544 201
face 0.049226075410842896 522 176 544 201
face 0.047476768493652344 522 176 544 201
face 0.04675295948982239 522 176 544 201
face 0.045657724142074585 522 176 544 201
face 0.04435896873474121 522 176 544 201
face 0.04262089729309082 522 176 544 201
face 0.04105210304260254 522 176 544 201
face 0.03911858797073364 522 176 544 201
face 0.03757438063621521 522 176 544 201
face 0.03560486435890198 522 176 544 201
face 0.03546944260597229 522 176 544 201
face 0.03540927171707153 522 176 544 201
face 0.035273343324661255 522 176 544 201
face 0.03382125496864319 522 176 544 201
face 0.03371056914329529 522 176 544 201
face 0.033299028873443604 522 176 544 201
face 0.03295046091079712 522 176 544 201
face 0.03190848231315613 522 176 544 201
face 0.03086581826210022 522 176 544 201
face 0.030790358781814575 522 176 544 201
face 0.029812872409820557 522 176 544 201
face 0.02979332208633423 522 176 544 201
face 0.028031617403030396 522 176 544 201
face 0.027589470148086548 522 176 544 201
face 0.027126699686050415 522 176 544 201
face 0.026902377605438232 522 176 544 201
face 0.025473177433013916 522 176 544 201
face 0.025336772203445435 522 176 544 201
face 0.024055510759353638 522 176 544 201
face 0.02295464277267456 522 176 544 201
face 0.02267700433731079 522 176 544 201
face 0.02267634868621826 522 176 544 201
face 0.02257394790649414 522 176 544 201
face 0.021508902311325073 522 176 544 201
face 0.020985037088394165 522 176 544 201
face 0.020196586847305298 522 176 544 201
face 0.01952633261680603 522 176 544 201
face 0.019365280866622925 522 176 544 201
face 0.018796175718307495 522 176 544 201
face 0.01874789595603943 522 176 544 201
face 0.018667221069335938 522 176 544 201
face 0.018210142850875854 522 176 544 201
face 0.018030524253845215 522 176 544 201
