face 0.9953411221504211 566 321 597 358
face 0.9814996719360352 398 296 427 326
face 0.9752387404441833 843 289 868 315
face 0.9631487131118774 75 304 94 329
face 0.9608314633369446 273 323 306 360
face 0.9455316066741943 814 330 849 369
face 0.9455186724662781 130 286 155 317
face 0.9392509460449219 515 316 543 351
face 0.9237508773803711 941 284 963 307
face 0.9123704433441162 325 332 359 370
face 0.9059817790985107 456 303 485 333
face 0.8991473913192749 349 289 378 319
face 0.8903968334197998 18 296 37 322
face 0.8855699300765991 761 315 790 349
face 0.8790283203125 706 300 735 332
face 0.8780882358551025 615 294 638 322
face 0.8702471256256104 305 285 333 313
face 0.8573670983314514 945 333 984 372
face 0.8568729758262634 174 299 206 335
face 0.8279263377189636 659 311 686 345
face 0.7824918031692505 522 287 547 312
face 0.7702033519744873 227 313 258 349
face 0.7405604720115662 672 267 693 290
face 0.7307990193367004 558 284 582 311
face 0.730698823928833 658 305 683 334
face 0.6534649133682251 579 272 596 291
face 0.6307947635650635 992 290 1011 308
face 0.5857584476470947 516 272 533 288
face 0.5004530549049377 794 288 819 315
face 0.48602235317230225 794 288 819 315
face 0.43706005811691284 794 288 819 315
face 0.42522701621055603 794 288 819 315
face 0.3826374411582947 794 288 819 315
face 0.353180468082428 794 288 819 315
face 0.3526272177696228 794 288 819 315
face 0.301266610622406 794 288 819 315
face 0.20353031158447266 794 288 819 315
face 0.18244817852973938 794 288 819 315
face 0.16608574986457825 794 288 819 315
face 0.16057562828063965 794 288 819 315
face 0.15635448694229126 794 288 819 315
face 0.15069562196731567 794 288 819 315
face 0.13961979746818542 794 288 819 315
face 0.11409345269203186 794 288 819 315
face 0.10908704996109009 794 288 819 315
face 0.10903888940811157 794 288 819 315
face 0.10832685232162476 794 288 819 315
face 0.10179263353347778 794 288 819 315
face 0.09274321794509888 794 288 819 315
face 0.08718636631965637 794 288 819 315
face 0.085345059633255 794 288 819 315
face 0.0788286030292511 794 288 819 315
face 0.06913086771965027 794 288 819 315
face 0.06895643472671509 794 288 819 315
face 0.06455481052398682 794 288 819 315
face 0.060678452253341675 794 288 819 315
face 0.06059300899505615 794 288 819 315
face 0.05545338988304138 794 288 819 315
face 0.05511477589607239 794 288 819 315
face 0.051560282707214355 794 288 819 315
face 0.0469052791595459 794 288 819 315
face 0.0428411066532135 794 288 819 315
face 0.042000770568847656 794 288 819 315
face 0.040081411600112915 794 288 819 315
face 0.03913825750350952 794 288 819 315
face 0.03557467460632324 794 288 819 315
face 0.033105552196502686 794 288 819 315
face 0.025070369243621826 794 288 819 315
face 0.02148538827896118 794 288 819 315
face 0.021413087844848633 794 288 819 315
face 0.020837783813476562 794 288 819 315
face 0.019134163856506348 794 288 819 315
face 0.018570423126220703 794 288 819 315
face 0.017110973596572876 794 288 819 315
face 0.01701834797859192 794 288 819 315
face 0.016925275325775146 794 288 819 315
face 0.01620161533355713 794 288 819 315
face 0.015827327966690063 794 288 819 315
face 0.015017092227935791 794 288 819 315
face 0.0144919753074646 794 288 819 315
face 0.013322442770004272 794 288 819 315
face 0.013160735368728638 794 288 819 315
face 0.012651115655899048 794 288 819 315
face 0.012531697750091553 794 288 819 315
face 0.012217521667480469 794 288 819 315
face 0.012014061212539673 794 288 819 315
face 0.01182335615158081 794 288 819 315
face 0.011583924293518066 794 288 819 315
face 0.01122024655342102 794 288 819 315
face 0.011005014181137085 794 288 819 315
face 0.01065114140510559 794 288 819 315
face 0.010644197463989258 794 288 819 315
face 0.010448575019836426 794 288 819 315
face 0.010213851928710938 794 288 819 315
face 0.009904623031616211 794 288 819 315
face 0.00960463285446167 794 288 819 315
face 0.009382814168930054 794 288 819 315
face 0.009132027626037598 794 288 819 315
face 0.009070783853530884 794 288 819 315
face 0.008348524570465088 794 288 819 315
