face 0.9965800046920776 67 146 92 177
face 0.9935029745101929 605 121 629 152
face 0.9890350103378296 941 120 962 148
face 0.9860637784004211 786 546 806 571
face 0.9850127100944519 352 417 372 444
face 0.9810550212860107 722 413 742 439
face 0.9713068008422852 769 125 791 156
face 0.9649819135665894 951 544 972 571
face 0.9634348154067993 416 582 438 612
face 0.960321843624115 892 413 913 440
face 0.9326076507568359 239 128 261 158
face 0.8369171619415283 311 294 329 318
face 0.7781680822372437 659 270 681 300
face 0.7780746817588806 120 268 140 298
face 0.7684563994407654 190 12 214 42
face 0.6975228190422058 216 587 241 618
face 0.6940963864326477 359 25 381 53
face 0.6744956970214844 846 292 866 321
face 0.6560858488082886 1003 269 1021 299
face 0.5821498036384583 536 434 559 464
face 0.5407451391220093 698 0 717 22
face 0.47551390528678894 698 0 717 22
face 0.4504847824573517 698 0 717 22
face 0.44643041491508484 698 0 717 22
face 0.41646069288253784 698 0 717 22
face 0.4089544415473938 698 0 717 22
face 0.40011388063430786 698 0 717 22
face 0.39513906836509705 698 0 717 22
face 0.3795846998691559 698 0 717 22
face 0.37441161274909973 698 0 717 22
face 0.3730096220970154 698 0 717 22
face 0.3651842474937439 698 0 717 22
face 0.36379125714302063 698 0 717 22
face 0.35819578170776367 698 0 717 22
face 0.3355337381362915 698 0 717 22
face 0.3335777521133423 698 0 717 22
face 0.3320006728172302 698 0 717 22
face 0.3269520699977875 698 0 717 22
face 0.3187348246574402 698 0 717 22
face 0.30451059341430664 698 0 717 22
face 0.27846837043762207 698 0 717 22
face 0.27236056327819824 698 0 717 22
face 0.26568567752838135 698 0 717 22
face 0.25455763936042786 698 0 717 22
face 0.24599725008010864 698 0 717 22
face 0.21911552548408508 698 0 717 22
face 0.2120538055896759 698 0 717 22
face 0.18187791109085083 698 0 717 22
face 0.17740392684936523 698 0 717 22
face 0.17174500226974487 698 0 717 22
face 0.16342657804489136 698 0 717 22
face 0.1427885890007019 698 0 717 22
face 0.14181214570999146 698 0 717 22
face 0.14075857400894165 698 0 717 22
face 0.14004391431808472 698 0 717 22
face 0.1316053569316864 698 0 717 22
face 0.11758312582969666 698 0 717 22
face 0.1124340295791626 698 0 717 22
face 0.1096118688583374 698 0 717 22
face 0.10122108459472656 698 0 717 22
face 0.10046255588531494 698 0 717 22
face 0.0869116485118866 698 0 717 22
face 0.08552944660186768 698 0 717 22
face 0.078915536403656 698 0 717 22
face 0.07819610834121704 698 0 717 22
face 0.0744430422782898 698 0 717 22
face 0.059906065464019775 698 0 717 22
face 0.05767616629600525 698 0 717 22
face 0.051822781562805176 698 0 717 22
face 0.05163341760635376 698 0 717 22
face 0.04994344711303711 698 0 717 22
face 0.049396246671676636 698 0 717 22
face 0.04908078908920288 698 0 717 22
face 0.04529517889022827 698 0 717 22
face 0.04404747486114502 698 0 717 22
face 0.04377591609954834 698 0 717 22
face 0.04133853316307068 698 0 717 22
face 0.03982207179069519 698 0 717 22
face 0.03682306408882141 698 0 717 22
face 0.03374195098876953 698 0 717 22
face 0.032036542892456055 698 0 717 22
face 0.032015323638916016 698 0 717 22
face 0.030156642198562622 698 0 717 22
face 0.027640730142593384 698 0 717 22
face 0.025470107793807983 698 0 717 22
face 0.023839980363845825 698 0 717 22
face 0.023626476526260376 698 0 717 22
face 0.021341979503631592 698 0 717 22
face 0.02093842625617981 698 0 717 22
face 0.020233988761901855 698 0 717 22
face 0.01962679624557495 698 0 717 22
face 0.019479453563690186 698 0 717 22
face 0.019403070211410522 698 0 717 22
face 0.018757551908493042 698 0 717 22
face 0.018614739179611206 698 0 717 22
face 0.01850259304046631 698 0 717 22
face 0.018340378999710083 698 0 717 22
face 0.01811864972114563 698 0 717 22
face 0.017829924821853638 698 0 717 22
face 0.017814546823501587 698 0 717 22
