face 0.7451595664024353 19 1 239 192
face 0.2034112513065338 19 1 239 192
face 0.15420624613761902 19 1 239 192
face 0.13868820667266846 19 1 239 192
face 0.12128862738609314 19 1 239 192
face 0.11548870801925659 19 1 239 192
face 0.10781389474868774 19 1 239 192
face 0.09096682071685791 19 1 239 192
face 0.08264067769050598 19 1 239 192
face 0.08194923400878906 19 1 239 192
face 0.07770928740501404 19 1 239 192
face 0.07419911026954651 19 1 239 192
face 0.0699007511138916 19 1 239 192
face 0.06989842653274536 19 1 239 192
face 0.0673915445804596 19 1 239 192
face 0.06659111380577087 19 1 239 192
face 0.06598120927810669 19 1 239 192
face 0.06347718834877014 19 1 239 192
face 0.06320691108703613 19 1 239 192
face 0.06263133883476257 19 1 239 192
face 0.06077075004577637 19 1 239 192
face 0.05774685740470886 19 1 239 192
face 0.05549779534339905 19 1 239 192
face 0.05538913607597351 19 1 239 192
face 0.05530500411987305 19 1 239 192
face 0.055128276348114014 19 1 239 192
face 0.05288693308830261 19 1 239 192
face 0.05278894305229187 19 1 239 192
face 0.052465587854385376 19 1 239 192
face 0.05140125751495361 19 1 239 192
face 0.049928247928619385 19 1 239 192
face 0.04991275072097778 19 1 239 192
face 0.049712955951690674 19 1 239 192
face 0.04933801293373108 19 1 239 192
face 0.04921084642410278 19 1 239 192
face 0.04842197895050049 19 1 239 192
face 0.0478939414024353 19 1 239 192
face 0.045751333236694336 19 1 239 192
face 0.045146286487579346 19 1 239 192
face 0.04496091604232788 19 1 239 192
face 0.043639540672302246 19 1 239 192
face 0.04263457655906677 19 1 239 192
face 0.04262197017669678 19 1 239 192
face 0.04180687665939331 19 1 239 192
face 0.040100663900375366 19 1 239 192
face 0.03960666060447693 19 1 239 192
face 0.03943699598312378 19 1 239 192
face 0.03896436095237732 19 1 239 192
face 0.03721994161605835 19 1 239 192
face 0.03676480054855347 19 1 239 192
face 0.03646141290664673 19 1 239 192
face 0.03628078103065491 19 1 239 192
face 0.03622615337371826 19 1 239 192
face 0.035301536321640015 19 1 239 192
face 0.035024791955947876 19 1 239 192
face 0.03500908613204956 19 1 239 192
face 0.033901721239089966 19 1 239 192
face 0.03368481993675232 19 1 239 192
face 0.033591121435165405 19 1 239 192
face 0.033192574977874756 19 1 239 192
face 0.032840877771377563 19 1 239 192
face 0.032592952251434326 19 1 239 192
face 0.03258970379829407 19 1 239 192
face 0.03176894783973694 19 1 239 192
face 0.0316983163356781 19 1 239 192
face 0.03142815828323364 19 1 239 192
face 0.03138548135757446 19 1 239 192
face 0.03126877546310425 19 1 239 192
face 0.03106027841567993 19 1 239 192
face 0.03073108196258545 19 1 239 192
face 0.03037780523300171 19 1 239 192
face 0.03016906976699829 19 1 239 192
face 0.0299871563911438 19 1 239 192
face 0.029935717582702637 19 1 239 192
face 0.029216498136520386 19 1 239 192
face 0.029140383005142212 19 1 239 192
face 0.029076874256134033 19 1 239 192
face 0.028563380241394043 19 1 239 192
face 0.02851244807243347 19 1 239 192
face 0.02847859263420105 19 1 239 192
face 0.027688980102539062 19 1 239 192
face 0.027269095182418823 19 1 239 192
face 0.026803582906723022 19 1 239 192
face 0.02656567096710205 19 1 239 192
face 0.02640390396118164 19 1 239 192
face 0.026275426149368286 19 1 239 192
face 0.026273518800735474 19 1 239 192
face 0.0260581374168396 19 1 239 192
face 0.025998950004577637 19 1 239 192
face 0.025630563497543335 19 1 239 192
face 0.025537312030792236 19 1 239 192
face 0.025528907775878906 19 1 239 192
face 0.025338053703308105 19 1 239 192
face 0.025228172540664673 19 1 239 192
face 0.02521243691444397 19 1 239 192
face 0.025063157081604004 19 1 239 192
face 0.025061100721359253 19 1 239 192
face 0.024795174598693848 19 1 239 192
face 0.02464526891708374 19 1 239 192
face 0.02422979474067688 19 1 239 192
