face 0.9939860105514526 52 183 98 245
face 0.9853196740150452 230 167 255 200
face 0.9847303628921509 624 192 650 226
face 0.9086397886276245 300 133 321 161
face 0.8482257723808289 835 187 859 210
face 0.8262645602226257 390 189 416 225
face 0.8203164339065552 342 178 366 210
face 0.7758443355560303 509 195 532 225
face 0.760962963104248 943 179 964 201
face 0.7103670835494995 1001 178 1018 198
face 0.6338547468185425 770 196 795 224
face 0.6230471730232239 463 239 488 270
face 0.5500194430351257 772 185 794 208
face 0.5266993641853333 682 189 706 221
face 0.512469470500946 684 185 708 213
face 0.4910954236984253 684 185 708 213
face 0.45860692858695984 684 185 708 213
face 0.43166929483413696 684 185 708 213
face 0.33091509342193604 684 185 708 213
face 0.3181343078613281 684 185 708 213
face 0.3058324456214905 684 185 708 213
face 0.29721394181251526 684 185 708 213
face 0.2876642048358917 684 185 708 213
face 0.273837685585022 684 185 708 213
face 0.25815021991729736 684 185 708 213
face 0.2362534999847412 684 185 708 213
face 0.23441851139068604 684 185 708 213
face 0.21113216876983643 684 185 708 213
face 0.15555423498153687 684 185 708 213
face 0.14970603585243225 684 185 708 213
face 0.1341867744922638 684 185 708 213
face 0.13029366731643677 684 185 708 213
face 0.12694093585014343 684 185 708 213
face 0.12305769324302673 684 185 708 213
face 0.1181400716304779 684 185 708 213
face 0.11743250489234924 684 185 708 213
face 0.09462794661521912 684 185 708 213
face 0.07406648993492126 684 185 708 213
face 0.06922978162765503 684 185 708 213
face 0.06617742776870728 684 185 708 213
face 0.06175610423088074 684 185 708 213
face 0.0594942569732666 684 185 708 213
face 0.058695584535598755 684 185 708 213
face 0.05461123585700989 684 185 708 213
face 0.04975879192352295 684 185 708 213
face 0.048289865255355835 684 185 708 213
face 0.04707631468772888 684 185 708 213
face 0.04457476735115051 684 185 708 213
face 0.038087815046310425 684 185 708 213
face 0.036788105964660645 684 185 708 213
face 0.03668135404586792 684 185 708 213
face 0.033367305994033813 684 185 708 213
face 0.03219357132911682 684 185 708 213
face 0.029811561107635498 684 185 708 213
face 0.027121663093566895 684 185 708 213
face 0.024183303117752075 684 185 708 213
face 0.02366882562637329 684 185 708 213
face 0.02188536524772644 684 185 708 213
face 0.019971996545791626 684 185 708 213
face 0.01995733380317688 684 185 708 213
face 0.01925337314605713 684 185 708 213
face 0.018902629613876343 684 185 708 213
face 0.017897695302963257 684 185 708 213
face 0.017685681581497192 684 185 708 213
face 0.017481088638305664 684 185 708 213
face 0.01692819595336914 684 185 708 213
face 0.01573127508163452 684 185 708 213
face 0.015509814023971558 684 185 708 213
face 0.015210509300231934 684 185 708 213
face 0.0149746835231781 684 185 708 213
face 0.014672398567199707 684 185 708 213
face 0.013412117958068848 684 185 708 213
face 0.013056516647338867 684 185 708 213
face 0.013056248426437378 684 185 708 213
face 0.012639373540878296 684 185 708 213
face 0.012559562921524048 684 185 708 213
face 0.012539476156234741 684 185 708 213
face 0.012463212013244629 684 185 708 213
face 0.01241561770439148 684 185 708 213
face 0.011943519115447998 684 185 708 213
face 0.01161724328994751 684 185 708 213
face 0.0114116370677948 684 185 708 213
face 0.011176377534866333 684 185 708 213
face 0.010778874158859253 684 185 708 213
face 0.010626494884490967 684 185 708 213
face 0.01013079285621643 684 185 708 213
face 0.01010933518409729 684 185 708 213
face 0.01007765531539917 684 185 708 213
face 0.010003983974456787 684 185 708 213
face 0.00997135043144226 684 185 708 213
face 0.009923279285430908 684 185 708 213
face 0.009801983833312988 684 185 708 213
face 0.009623497724533081 684 185 708 213
face 0.009562164545059204 684 185 708 213
face 0.009104102849960327 684 185 708 213
face 0.009003609418869019 684 185 708 213
face 0.008997201919555664 684 185 708 213
face 0.008899539709091187 684 185 708 213
face 0.00883626937866211 684 185 708 213
face 0.008744120597839355 684 185 708 213
