face 0.9994381666183472 555 26 594 77
face 0.8867077827453613 620 74 661 132
face 0.8475326299667358 127 201 170 267
face 0.8296915292739868 776 105 822 157
face 0.7640522718429565 411 72 458 127
face 0.597930371761322 890 250 966 338
face 0.5445575714111328 283 162 326 207
face 0.4755300283432007 283 162 326 207
face 0.3340708315372467 283 162 326 207
face 0.3059714436531067 283 162 326 207
face 0.2131558060646057 283 162 326 207
face 0.17126744985580444 283 162 326 207
face 0.1611769199371338 283 162 326 207
face 0.14250144362449646 283 162 326 207
face 0.1337279975414276 283 162 326 207
face 0.12661361694335938 283 162 326 207
face 0.09711140394210815 283 162 326 207
face 0.09025347232818604 283 162 326 207
face 0.08954426646232605 283 162 326 207
face 0.0887996256351471 283 162 326 207
face 0.08577418327331543 283 162 326 207
face 0.08317989110946655 283 162 326 207
face 0.08089572191238403 283 162 326 207
face 0.07655209302902222 283 162 326 207
face 0.07081368565559387 283 162 326 207
face 0.06753140687942505 283 162 326 207
face 0.058189451694488525 283 162 326 207
face 0.05770218372344971 283 162 326 207
face 0.05736809968948364 283 162 326 207
face 0.055740684270858765 283 162 326 207
face 0.05299866199493408 283 162 326 207
face 0.05168801546096802 283 162 326 207
face 0.05145019292831421 283 162 326 207
face 0.047606706619262695 283 162 326 207
face 0.04753237962722778 283 162 326 207
face 0.04582369327545166 283 162 326 207
face 0.04519429802894592 283 162 326 207
face 0.043674737215042114 283 162 326 207
face 0.041605472564697266 283 162 326 207
face 0.04019138216972351 283 162 326 207
face 0.037559449672698975 283 162 326 207
face 0.03727579116821289 283 162 326 207
face 0.03700074553489685 283 162 326 207
face 0.036989033222198486 283 162 326 207
face 0.03690972924232483 283 162 326 207
face 0.03658127784729004 283 162 326 207
face 0.03513377904891968 283 162 326 207
face 0.03481444716453552 283 162 326 207
face 0.033638179302215576 283 162 326 207
face 0.03358468413352966 283 162 326 207
face 0.03329569101333618 283 162 326 207
face 0.03161749243736267 283 162 326 207
face 0.030919671058654785 283 162 326 207
face 0.03074401617050171 283 162 326 207
face 0.029572367668151855 283 162 326 207
face 0.02954918146133423 283 162 326 207
face 0.029022127389907837 283 162 326 207
face 0.028877705335617065 283 162 326 207
face 0.028386831283569336 283 162 326 207
face 0.027335524559020996 283 162 326 207
face 0.027144640684127808 283 162 326 207
face 0.027106016874313354 283 162 326 207
face 0.026703596115112305 283 162 326 207
face 0.026585876941680908 283 162 326 207
face 0.026421695947647095 283 162 326 207
face 0.02608036994934082 283 162 326 207
face 0.02593994140625 283 162 326 207
face 0.025169551372528076 283 162 326 207
face 0.024434924125671387 283 162 326 207
face 0.023968815803527832 283 162 326 207
face 0.023814082145690918 283 162 326 207
face 0.023082822561264038 283 162 326 207
face 0.022813618183135986 283 162 326 207
face 0.022771060466766357 283 162 326 207
face 0.022598952054977417 283 162 326 207
face 0.022083550691604614 283 162 326 207
face 0.022008687257766724 283 162 326 207
face 0.021985739469528198 283 162 326 207
face 0.021829575300216675 283 162 326 207
face 0.021707087755203247 283 162 326 207
face 0.02159494161605835 283 162 326 207
face 0.021203458309173584 283 162 326 207
face 0.02078831195831299 283 162 326 207
face 0.020662665367126465 283 162 326 207
face 0.020175814628601074 283 162 326 207
face 0.01993727684020996 283 162 326 207
face 0.01974967122077942 283 162 326 207
face 0.01965150237083435 283 162 326 207
face 0.019380301237106323 283 162 326 207
face 0.019233763217926025 283 162 326 207
face 0.019144803285598755 283 162 326 207
face 0.01864457130432129 283 162 326 207
face 0.018302112817764282 283 162 326 207
face 0.018217861652374268 283 162 326 207
face 0.018048584461212158 283 162 326 207
face 0.018047183752059937 283 162 326 207
face 0.018019050359725952 283 162 326 207
face 0.01763594150543213 283 162 326 207
face 0.01749134063720703 283 162 326 207
face 0.017297208309173584 283 162 326 207
