face 0.9995212554931641 451 136 487 182
face 0.9970952868461609 605 141 649 195
face 0.9959564208984375 350 140 388 189
face 0.9213985204696655 773 203 847 286
face 0.8959158062934875 308 180 350 232
face 0.8189713954925537 753 159 800 212
face 0.7574559450149536 21 50 58 98
face 0.6805890202522278 242 207 278 268
face 0.5943164229393005 835 317 914 487
face 0.5306795239448547 79 267 148 351
face 0.4777360260486603 79 267 148 351
face 0.16161951422691345 79 267 148 351
face 0.07903081178665161 79 267 148 351
face 0.07411515712738037 79 267 148 351
face 0.05178067088127136 79 267 148 351
face 0.05054605007171631 79 267 148 351
face 0.0489906370639801 79 267 148 351
face 0.048446714878082275 79 267 148 351
face 0.0466671884059906 79 267 148 351
face 0.04641908407211304 79 267 148 351
face 0.043159663677215576 79 267 148 351
face 0.043138325214385986 79 267 148 351
face 0.04077023267745972 79 267 148 351
face 0.03557083010673523 79 267 148 351
face 0.03498414158821106 79 267 148 351
face 0.03159201145172119 79 267 148 351
face 0.030181288719177246 79 267 148 351
face 0.026403069496154785 79 267 148 351
face 0.024322330951690674 79 267 148 351
face 0.024127155542373657 79 267 148 351
face 0.02411419153213501 79 267 148 351
face 0.023046016693115234 79 267 148 351
face 0.022810906171798706 79 267 148 351
face 0.022763162851333618 79 267 148 351
face 0.022350937128067017 79 267 148 351
face 0.02155923843383789 79 267 148 351
face 0.021525561809539795 79 267 148 351
face 0.020911455154418945 79 267 148 351
face 0.01954367756843567 79 267 148 351
face 0.019343823194503784 79 267 148 351
face 0.019190877676010132 79 267 148 351
face 0.01872187852859497 79 267 148 351
face 0.01746147871017456 79 267 148 351
face 0.017409443855285645 79 267 148 351
face 0.017390459775924683 79 267 148 351
face 0.017324596643447876 79 267 148 351
face 0.017104804515838623 79 267 148 351
face 0.016904383897781372 79 267 148 351
face 0.01598423719406128 79 267 148 351
face 0.015980809926986694 79 267 148 351
face 0.015953093767166138 79 267 148 351
face 0.01583978533744812 79 267 148 351
face 0.01581546664237976 79 267 148 351
face 0.01569768786430359 79 267 148 351
face 0.0156002938747406 79 267 148 351
face 0.015257656574249268 79 267 148 351
face 0.015208810567855835 79 267 148 351
face 0.01498401165008545 79 267 148 351
face 0.014958560466766357 79 267 148 351
face 0.01492491364479065 79 267 148 351
face 0.014837533235549927 79 267 148 351
face 0.01458650827407837 79 267 148 351
face 0.014453262090682983 79 267 148 351
face 0.014260947704315186 79 267 148 351
face 0.014208614826202393 79 267 148 351
face 0.014161288738250732 79 267 148 351
face 0.013974815607070923 79 267 148 351
face 0.013850361108779907 79 267 148 351
face 0.013826996088027954 79 267 148 351
face 0.013732701539993286 79 267 148 351
face 0.013638854026794434 79 267 148 351
face 0.013392448425292969 79 267 148 351
face 0.013287544250488281 79 267 148 351
face 0.013150930404663086 79 267 148 351
face 0.012759596109390259 79 267 148 351
face 0.012486457824707031 79 267 148 351
face 0.012396574020385742 79 267 148 351
face 0.012290775775909424 79 267 148 351
face 0.012267202138900757 79 267 148 351
face 0.01209956407546997 79 267 148 351
face 0.011877357959747314 79 267 148 351
face 0.011648595333099365 79 267 148 351
face 0.011607974767684937 79 267 148 351
face 0.011356860399246216 79 267 148 351
face 0.011247098445892334 79 267 148 351
face 0.011015623807907104 79 267 148 351
face 0.010749518871307373 79 267 148 351
face 0.0107249915599823 79 267 148 351
face 0.010504066944122314 79 267 148 351
face 0.010408133268356323 79 267 148 351
face 0.010399878025054932 79 267 148 351
face 0.010335296392440796 79 267 148 351
face 0.010264694690704346 79 267 148 351
face 0.010024577379226685 79 267 148 351
face 0.009835124015808105 79 267 148 351
face 0.009666770696640015 79 267 148 351
face 0.009243518114089966 79 267 148 351
face 0.009213954210281372 79 267 148 351
face 0.009166538715362549 79 267 148 351
face 0.00915306806564331 79 267 148 351
