face 0.9979956746101379 518 209 533 230
face 0.9941808581352234 348 304 370 333
face 0.9875078201293945 358 240 374 264
face 0.9849462509155273 201 288 223 317
face 0.9765297174453735 303 253 320 278
face 0.9718894958496094 636 279 658 310
face 0.959972620010376 791 236 808 260
face 0.9570486545562744 123 290 145 320
face 0.9536225199699402 570 199 584 218
face 0.9536096453666687 453 219 468 239
face 0.9530246257781982 792 263 813 294
face 0.9517133831977844 399 277 418 302
face 0.9387303590774536 847 201 862 222
face 0.937908411026001 711 318 736 353
face 0.9361735582351685 785 201 800 222
face 0.934902548789978 910 201 928 226
face 0.9199478626251221 626 204 639 223
face 0.9020785093307495 954 332 988 373
face 0.8932037353515625 749 211 762 232
face 0.8920767307281494 412 249 427 271
face 0.8904403448104858 950 242 970 269
face 0.8863412141799927 858 238 877 264
face 0.8811284303665161 844 292 870 327
face 0.8766930103302002 530 235 548 259
face 0.8488578796386719 680 237 696 261
face 0.8386316299438477 729 231 745 255
face 0.8354268074035645 467 248 483 271
face 0.8302332162857056 971 284 999 315
face 0.8229386210441589 261 299 283 328
face 0.821717381477356 690 182 700 199
face 0.7597159743309021 435 216 450 237
face 0.758704662322998 735 284 755 312
face 0.6903945207595825 625 186 635 200
face 0.6775820255279541 614 228 632 253
face 0.5857470631599426 688 198 701 217
face 0.5539023280143738 566 231 583 254
face 0.5382575988769531 61 333 91 377
face 0.5314650535583496 888 281 909 311
face 0.5235913991928101 926 201 945 227
face 0.45982760190963745 926 201 945 227
face 0.44212302565574646 926 201 945 227
face 0.39215803146362305 926 201 945 227
face 0.3734380900859833 926 201 945 227
face 0.3600410223007202 926 201 945 227
face 0.31802597641944885 926 201 945 227
face 0.26824072003364563 926 201 945 227
face 0.26372092962265015 926 201 945 227
face 0.24740400910377502 926 201 945 227
face 0.20890232920646667 926 201 945 227
face 0.17975366115570068 926 201 945 227
face 0.17452794313430786 926 201 945 227
face 0.13904500007629395 926 201 945 227
face 0.13274702429771423 926 201 945 227
face 0.12320977449417114 926 201 945 227
face 0.11837789416313171 926 201 945 227
face 0.11527037620544434 926 201 945 227
face 0.11320936679840088 926 201 945 227
face 0.10995280742645264 926 201 945 227
face 0.10936102271080017 926 201 945 227
face 0.08195427060127258 926 201 945 227
face 0.0788215696811676 926 201 945 227
face 0.061833709478378296 926 201 945 227
face 0.058532655239105225 926 201 945 227
face 0.05667001008987427 926 201 945 227
face 0.053828299045562744 926 201 945 227
face 0.04934316873550415 926 201 945 227
face 0.044901490211486816 926 201 945 227
face 0.041380345821380615 926 201 945 227
face 0.030357420444488525 926 201 945 227
face 0.02891525626182556 926 201 945 227
face 0.028802543878555298 926 201 945 227
face 0.026952236890792847 926 201 945 227
face 0.025312870740890503 926 201 945 227
face 0.02463430166244507 926 201 945 227
face 0.022544831037521362 926 201 945 227
face 0.019255757331848145 926 201 945 227
face 0.017456799745559692 926 201 945 227
face 0.016663968563079834 926 201 945 227
face 0.01662355661392212 926 201 945 227
face 0.01656341552734375 926 201 945 227
face 0.014596909284591675 926 201 945 227
face 0.014038532972335815 926 201 945 227
face 0.013865023851394653 926 201 945 227
face 0.012968897819519043 926 201 945 227
face 0.012437373399734497 926 201 945 227
face 0.012429267168045044 926 201 945 227
face 0.012227684259414673 926 201 945 227
face 0.012013852596282959 926 201 945 227
face 0.011534154415130615 926 201 945 227
face 0.011347830295562744 926 201 945 227
face 0.011082947254180908 926 201 945 227
face 0.010702073574066162 926 201 945 227
face 0.009987890720367432 926 201 945 227
face 0.009857416152954102 926 201 945 227
face 0.009714394807815552 926 201 945 227
face 0.009112387895584106 926 201 945 227
face 0.008791863918304443 926 201 945 227
face 0.008643746376037598 926 201 945 227
face 0.008003413677215576 926 201 945 227
face 0.007911056280136108 926 201 945 227
