face 0.885080099105835 466 160 576 326
face 0.6766159534454346 769 137 871 305
face 0.6268757581710815 75 207 149 294
face 0.5727359652519226 235 180 323 286
face 0.20848825573921204 235 180 323 286
face 0.11538055539131165 235 180 323 286
face 0.08987483382225037 235 180 323 286
face 0.07163286209106445 235 180 323 286
face 0.07040363550186157 235 180 323 286
face 0.06882855296134949 235 180 323 286
face 0.06364968419075012 235 180 323 286
face 0.06241089105606079 235 180 323 286
face 0.05101746320724487 235 180 323 286
face 0.046235471963882446 235 180 323 286
face 0.04603832960128784 235 180 323 286
face 0.0400063693523407 235 180 323 286
face 0.037641048431396484 235 180 323 286
face 0.03537607192993164 235 180 323 286
face 0.033665359020233154 235 180 323 286
face 0.03336876630783081 235 180 323 286
face 0.032736778259277344 235 180 323 286
face 0.03164657950401306 235 180 323 286
face 0.03139448165893555 235 180 323 286
face 0.030773848295211792 235 180 323 286
face 0.03010159730911255 235 180 323 286
face 0.029094964265823364 235 180 323 286
face 0.02862831950187683 235 180 323 286
face 0.028255999088287354 235 180 323 286
face 0.027624905109405518 235 180 323 286
face 0.02746257185935974 235 180 323 286
face 0.026902228593826294 235 180 323 286
face 0.02679044008255005 235 180 323 286
face 0.026215285062789917 235 180 323 286
face 0.02551862597465515 235 180 323 286
face 0.025424838066101074 235 180 323 286
face 0.024922102689743042 235 180 323 286
face 0.024373114109039307 235 180 323 286
face 0.024343937635421753 235 180 323 286
face 0.023216307163238525 235 180 323 286
face 0.02300095558166504 235 180 323 286
face 0.022909939289093018 235 180 323 286
face 0.02281409502029419 235 180 323 286
face 0.022542119026184082 235 180 323 286
face 0.02248203754425049 235 180 323 286
face 0.022433221340179443 235 180 323 286
face 0.022374778985977173 235 180 323 286
face 0.022193044424057007 235 180 323 286
face 0.021859467029571533 235 180 323 286
face 0.021641910076141357 235 180 323 286
face 0.02161121368408203 235 180 323 286
face 0.021420717239379883 235 180 323 286
face 0.02136307954788208 235 180 323 286
face 0.02112448215484619 235 180 323 286
face 0.020985931158065796 235 180 323 286
face 0.020724773406982422 235 180 323 286
face 0.020523637533187866 235 180 323 286
face 0.020457059144973755 235 180 323 286
face 0.02033400535583496 235 180 323 286
face 0.02028152346611023 235 180 323 286
face 0.020002543926239014 235 180 323 286
face 0.019767731428146362 235 180 323 286
face 0.019757211208343506 235 180 323 286
face 0.019652098417282104 235 180 323 286
face 0.01962190866470337 235 180 323 286
face 0.019194453954696655 235 180 323 286
face 0.01907363533973694 235 180 323 286
face 0.01906910538673401 235 180 323 286
face 0.018993407487869263 235 180 323 286
face 0.018446534872055054 235 180 323 286
face 0.018106013536453247 235 180 323 286
face 0.017702758312225342 235 180 323 286
face 0.0176275372505188 235 180 323 286
face 0.01761573553085327 235 180 323 286
face 0.017594218254089355 235 180 323 286
face 0.017520995810627937 235 180 323 286
face 0.01751554012298584 235 180 323 286
face 0.017335891723632812 235 180 323 286
face 0.01731133460998535 235 180 323 286
face 0.017151176929473877 235 180 323 286
face 0.017132073640823364 235 180 323 286
face 0.017032861709594727 235 180 323 286
face 0.017021507024765015 235 180 323 286
face 0.016919583082199097 235 180 323 286
face 0.016848862171173096 235 180 323 286
face 0.016798466444015503 235 180 323 286
face 0.01679515838623047 235 180 323 286
face 0.01665171980857849 235 180 323 286
face 0.016608864068984985 235 180 323 286
face 0.016583025455474854 235 180 323 286
face 0.016550004482269287 235 180 323 286
face 0.01654297113418579 235 180 323 286
face 0.01651298999786377 235 180 323 286
face 0.016504019498825073 235 180 323 286
face 0.016503214836120605 235 180 323 286
face 0.016480952501296997 235 180 323 286
face 0.016348958015441895 235 180 323 286
face 0.016265779733657837 235 180 323 286
face 0.016160666942596436 235 180 323 286
face 0.01607099175453186 235 180 323 286
face 0.015734553337097168 235 180 323 286
