face 0.9949920773506165 610 236 643 274
face 0.9773718118667603 832 227 863 264
face 0.8923835754394531 306 280 334 321
face 0.8073117136955261 185 365 233 442
face 0.7746734619140625 316 179 332 201
face 0.7297003269195557 69 203 88 228
face 0.6856683492660522 470 255 504 297
face 0.6455045342445374 871 306 905 373
face 0.5801958441734314 137 179 155 202
face 0.41421887278556824 137 179 155 202
face 0.2679015100002289 137 179 155 202
face 0.2634362578392029 137 179 155 202
face 0.25230535864830017 137 179 155 202
face 0.22786274552345276 137 179 155 202
face 0.20816582441329956 137 179 155 202
face 0.1528642773628235 137 179 155 202
face 0.15027180314064026 137 179 155 202
face 0.14891767501831055 137 179 155 202
face 0.13721030950546265 137 179 155 202
face 0.1298353672027588 137 179 155 202
face 0.12733691930770874 137 179 155 202
face 0.12003925442695618 137 179 155 202
face 0.1187053918838501 137 179 155 202
face 0.10538095235824585 137 179 155 202
face 0.10345688462257385 137 179 155 202
face 0.10130652785301208 137 179 155 202
face 0.0904710590839386 137 179 155 202
face 0.0901404321193695 137 179 155 202
face 0.08294302225112915 137 179 155 202
face 0.07233160734176636 137 179 155 202
face 0.06767621636390686 137 179 155 202
face 0.06713727116584778 137 179 155 202
face 0.06166309118270874 137 179 155 202
face 0.05893617868423462 137 179 155 202
face 0.05669349431991577 137 179 155 202
face 0.05428072810173035 137 179 155 202
face 0.053709566593170166 137 179 155 202
face 0.04949536919593811 137 179 155 202
face 0.049095869064331055 137 179 155 202
face 0.04843345284461975 137 179 155 202
face 0.045177072286605835 137 179 155 202
face 0.043381303548812866 137 179 155 202
face 0.037566304206848145 137 179 155 202
face 0.03752493858337402 137 179 155 202
face 0.03664040565490723 137 179 155 202
face 0.03374892473220825 137 179 155 202
face 0.03214216232299805 137 179 155 202
face 0.03166639804840088 137 179 155 202
face 0.030301600694656372 137 179 155 202
face 0.02766972780227661 137 179 155 202
face 0.026770353317260742 137 179 155 202
face 0.026567280292510986 137 179 155 202
face 0.02611193060874939 137 179 155 202
face 0.024352580308914185 137 179 155 202
face 0.02356278896331787 137 179 155 202
face 0.022260695695877075 137 179 155 202
face 0.021591126918792725 137 179 155 202
face 0.021499693393707275 137 179 155 202
face 0.020267844200134277 137 179 155 202
face 0.020138561725616455 137 179 155 202
face 0.020137101411819458 137 179 155 202
face 0.01961570978164673 137 179 155 202
face 0.019594043493270874 137 179 155 202
face 0.019298315048217773 137 179 155 202
face 0.017701447010040283 137 179 155 202
face 0.016845643520355225 137 179 155 202
face 0.016725212335586548 137 179 155 202
face 0.01658722758293152 137 179 155 202
face 0.016181081533432007 137 179 155 202
face 0.015718966722488403 137 179 155 202
face 0.015083611011505127 137 179 155 202
face 0.01452094316482544 137 179 155 202
face 0.014502763748168945 137 179 155 202
face 0.01447439193725586 137 179 155 202
face 0.013862967491149902 137 179 155 202
face 0.01365351676940918 137 179 155 202
face 0.013430982828140259 137 179 155 202
face 0.01296272873878479 137 179 155 202
face 0.01264268159866333 137 179 155 202
face 0.0122089684009552 137 179 155 202
face 0.012066096067428589 137 179 155 202
face 0.011931061744689941 137 179 155 202
face 0.011608690023422241 137 179 155 202
face 0.011486977338790894 137 179 155 202
face 0.011366069316864014 137 179 155 202
face 0.011343687772750854 137 179 155 202
face 0.01126822829246521 137 179 155 202
face 0.010979950428009033 137 179 155 202
face 0.01047566533088684 137 179 155 202
face 0.010428637266159058 137 179 155 202
face 0.010174930095672607 137 179 155 202
face 0.01004570722579956 137 179 155 202
face 0.009704768657684326 137 179 155 202
face 0.009694129228591919 137 179 155 202
face 0.009106278419494629 137 179 155 202
face 0.008770495653152466 137 179 155 202
face 0.008397907018661499 137 179 155 202
face 0.008339345455169678 137 179 155 202
face 0.008256644010543823 137 179 155 202
face 0.008203059434890747 137 179 155 202
