face 0.9904184341430664 82 476 95 492
face 0.9631381034851074 75 506 90 522
face 0.9176762104034424 239 219 288 279
face 0.8818997144699097 15 478 28 494
face 0.8751280307769775 15 505 27 519
face 0.504808247089386 962 264 980 285
face 0.4930393695831299 962 264 980 285
face 0.3877805471420288 962 264 980 285
face 0.10405141115188599 962 264 980 285
face 0.09975668787956238 962 264 980 285
face 0.08528003096580505 962 264 980 285
face 0.07729101181030273 962 264 980 285
face 0.067044198513031 962 264 980 285
face 0.06649214029312134 962 264 980 285
face 0.05855265259742737 962 264 980 285
face 0.05052998661994934 962 264 980 285
face 0.04722502827644348 962 264 980 285
face 0.04566046595573425 962 264 980 285
face 0.04459887742996216 962 264 980 285
face 0.03775206208229065 962 264 980 285
face 0.03295481204986572 962 264 980 285
face 0.026506483554840088 962 264 980 285
face 0.019497215747833252 962 264 980 285
face 0.018685519695281982 962 264 980 285
face 0.01829734444618225 962 264 980 285
face 0.017549127340316772 962 264 980 285
face 0.016471058130264282 962 264 980 285
face 0.014107048511505127 962 264 980 285
face 0.01303398609161377 962 264 980 285
face 0.012516945600509644 962 264 980 285
face 0.01229947805404663 962 264 980 285
face 0.011906296014785767 962 264 980 285
face 0.011898130178451538 962 264 980 285
face 0.011612623929977417 962 264 980 285
face 0.011463165283203125 962 264 980 285
face 0.011162012815475464 962 264 980 285
face 0.01110103726387024 962 264 980 285
face 0.010497629642486572 962 264 980 285
face 0.01015925407409668 962 264 980 285
face 0.009514689445495605 962 264 980 285
face 0.009320944547653198 962 264 980 285
face 0.009314924478530884 962 264 980 285
face 0.009226381778717041 962 264 980 285
face 0.008760631084442139 962 264 980 285
face 0.00855708122253418 962 264 980 285
face 0.008468657732009888 962 264 980 285
face 0.008220165967941284 962 264 980 285
face 0.008196383714675903 962 264 980 285
face 0.008107751607894897 962 264 980 285
face 0.007840365171432495 962 264 980 285
face 0.007822424173355103 962 264 980 285
face 0.007741838693618774 962 264 980 285
face 0.007703661918640137 962 264 980 285
face 0.007595628499984741 962 264 980 285
face 0.007408887147903442 962 264 980 285
face 0.007367521524429321 962 264 980 285
face 0.007255911827087402 962 264 980 285
face 0.006889015436172485 962 264 980 285
face 0.006827175617218018 962 264 980 285
face 0.006689250469207764 962 264 980 285
face 0.0066461265087127686 962 264 980 285
face 0.006606191396713257 962 264 980 285
face 0.006502687931060791 962 264 980 285
face 0.00630757212638855 962 264 980 285
face 0.006216675043106079 962 264 980 285
face 0.0060386061668396 962 264 980 285
face 0.006010174751281738 962 264 980 285
face 0.005938738584518433 962 264 980 285
face 0.005914151668548584 962 264 980 285
face 0.0057318806648254395 962 264 980 285
face 0.005627065896987915 962 264 980 285
face 0.005585998296737671 962 264 980 285
face 0.005463600158691406 962 264 980 285
face 0.005462467670440674 962 264 980 285
face 0.005426675081253052 962 264 980 285
face 0.00538480281829834 962 264 980 285
face 0.00537031888961792 962 264 980 285
face 0.0053064823150634766 962 264 980 285
face 0.005231648683547974 962 264 980 285
face 0.004954636096954346 962 264 980 285
face 0.004795700311660767 962 264 980 285
face 0.0047872066497802734 962 264 980 285
face 0.004687666893005371 962 264 980 285
face 0.004686206579208374 962 264 980 285
face 0.004615187644958496 962 264 980 285
face 0.004561245441436768 962 264 980 285
face 0.004529833793640137 962 264 980 285
face 0.0045227110385894775 962 264 980 285
face 0.004490166902542114 962 264 980 285
face 0.00446203351020813 962 264 980 285
face 0.004420250654220581 962 264 980 285
face 0.004383653402328491 962 264 980 285
face 0.004373997449874878 962 264 980 285
face 0.004226773977279663 962 264 980 285
face 0.00418698787689209 962 264 980 285
face 0.00411611795425415 962 264 980 285
face 0.0040184855461120605 962 264 980 285
face 0.004005461931228638 962 264 980 285
face 0.003961741924285889 962 264 980 285
face 0.003961652517318726 962 264 980 285
