face 0.9948799014091492 80 369 100 392
face 0.9895668625831604 190 386 220 424
face 0.9663712978363037 804 141 837 195
face 0.9299583435058594 255 353 264 366
face 0.9204851388931274 298 344 307 359
face 0.9126496315002441 73 351 88 366
face 0.8856372237205505 364 353 374 367
face 0.7876622676849365 154 355 166 369
face 0.7847304344177246 17 351 32 367
face 0.7688118815422058 11 362 27 383
face 0.7596756219863892 213 356 221 366
face 0.7194768190383911 420 365 434 384
face 0.610249400138855 155 363 169 380
face 0.5678369998931885 415 353 426 369
face 0.4462894797325134 415 353 426 369
face 0.4288354516029358 415 353 426 369
face 0.32072973251342773 415 353 426 369
face 0.3187834620475769 415 353 426 369
face 0.26161909103393555 415 353 426 369
face 0.24005192518234253 415 353 426 369
face 0.15917691588401794 415 353 426 369
face 0.07886993885040283 415 353 426 369
face 0.06607779860496521 415 353 426 369
face 0.036303967237472534 415 353 426 369
face 0.021468281745910645 415 353 426 369
face 0.021312981843948364 415 353 426 369
face 0.018314898014068604 415 353 426 369
face 0.016883790493011475 415 353 426 369
face 0.01678335666656494 415 353 426 369
face 0.015633583068847656 415 353 426 369
face 0.015364289283752441 415 353 426 369
face 0.013700008392333984 415 353 426 369
face 0.009071916341781616 415 353 426 369
face 0.009044378995895386 415 353 426 369
face 0.008545011281967163 415 353 426 369
face 0.007998168468475342 415 353 426 369
face 0.007660239934921265 415 353 426 369
face 0.007311195135116577 415 353 426 369
face 0.00700986385345459 415 353 426 369
face 0.006968855857849121 415 353 426 369
face 0.0068395137786865234 415 353 426 369
face 0.006785005331039429 415 353 426 369
face 0.0065992772579193115 415 353 426 369
face 0.006021976470947266 415 353 426 369
face 0.005949527025222778 415 353 426 369
face 0.005690425634384155 415 353 426 369
face 0.0055058300495147705 415 353 426 369
face 0.00516432523727417 415 353 426 369
face 0.005116760730743408 415 353 426 369
face 0.0049562156200408936 415 353 426 369
face 0.004909098148345947 415 353 426 369
face 0.004876643419265747 415 353 426 369
face 0.004701197147369385 415 353 426 369
face 0.004514098167419434 415 353 426 369
face 0.004098981618881226 415 353 426 369
face 0.004003971815109253 415 353 426 369
face 0.003944486379623413 415 353 426 369
face 0.003912419080734253 415 353 426 369
face 0.0038198530673980713 415 353 426 369
face 0.0037564635276794434 415 353 426 369
face 0.0036580562591552734 415 353 426 369
face 0.0035679638385772705 415 353 426 369
face 0.00343891978263855 415 353 426 369
face 0.0034137964248657227 415 353 426 369
face 0.003177940845489502 415 353 426 369
face 0.002945154905319214 415 353 426 369
face 0.0028780698776245117 415 353 426 369
face 0.002796649932861328 415 353 426 369
face 0.0026969611644744873 415 353 426 369
face 0.0026801228523254395 415 353 426 369
face 0.002665400505065918 415 353 426 369
face 0.002657562494277954 415 353 426 369
face 0.0026372969150543213 415 353 426 369
face 0.0026290416717529297 415 353 426 369
face 0.0025642216205596924 415 353 426 369
face 0.002521038055419922 415 353 426 369
face 0.002505689859390259 415 353 426 369
face 0.002451568841934204 415 353 426 369
face 0.002380579710006714 415 353 426 369
face 0.002359360456466675 415 353 426 369
face 0.0023344457149505615 415 353 426 369
face 0.0022907257080078125 415 353 426 369
face 0.002214670181274414 415 353 426 369
face 0.0021629631519317627 415 353 426 369
face 0.002152949571609497 415 353 426 369
face 0.0021027028560638428 415 353 426 369
face 0.0020935237407684326 415 353 426 369
face 0.0020874440670013428 415 353 426 369
face 0.002082318067550659 415 353 426 369
face 0.0020813345909118652 415 353 426 369
face 0.002079308032989502 415 353 426 369
face 0.0020697712898254395 415 353 426 369
face 0.0020657777786254883 415 353 426 369
face 0.002057403326034546 415 353 426 369
face 0.001996546983718872 415 353 426 369
face 0.0019883811473846436 415 353 426 369
face 0.001979529857635498 415 353 426 369
face 0.00197717547416687 415 353 426 369
face 0.001976609230041504 415 353 426 369
face 0.0019756853580474854 415 353 426 369
