face 0.9801992177963257 741 247 756 265
face 0.9718645811080933 194 188 207 204
face 0.9676786661148071 417 161 430 179
face 0.9668052792549133 429 217 444 235
face 0.9594141244888306 570 299 586 321
face 0.958306074142456 160 251 176 272
face 0.9575667381286621 643 198 656 213
face 0.9439865350723267 265 167 278 183
face 0.9368755221366882 465 165 478 182
face 0.9347359538078308 674 223 688 240
face 0.934459924697876 631 134 641 147
face 0.9318048357963562 196 156 207 170
face 0.9272942543029785 569 135 578 145
face 0.9241306781768799 196 270 214 291
face 0.9128018617630005 564 182 577 199
face 0.912132740020752 307 163 318 178
face 0.9076929092407227 459 183 472 200
face 0.8911348581314087 892 225 905 241
face 0.8885055780410767 360 166 372 181
face 0.8883453607559204 569 226 583 244
face 0.8652968406677246 280 306 298 328
face 0.8528414964675903 325 191 338 207
face 0.8457570672035217 730 189 743 203
face 0.8355504274368286 1007 158 1016 171
face 0.826444149017334 749 147 759 159
face 0.8103984594345093 515 167 526 182
face 0.8090652227401733 899 251 914 269
face 0.8040446639060974 722 296 739 316
face 0.8038719892501831 135 165 146 179
face 0.7986745834350586 103 168 115 181
face 0.7773792743682861 687 138 698 151
face 0.775401771068573 253 192 265 207
face 0.7738196849822998 902 278 918 297
face 0.7695502042770386 777 269 792 288
face 0.7618131041526794 535 214 549 230
face 0.7608168125152588 192 229 206 247
face 0.7603583335876465 953 243 968 260
face 0.7595421075820923 747 212 760 229
face 0.7558237910270691 803 354 823 379
face 0.7184638977050781 15 177 27 190
face 0.7124779224395752 69 182 81 195
face 0.6900102496147156 805 318 822 339
face 0.6899091601371765 257 241 272 260
face 0.6559528112411499 757 155 768 168
face 0.6559208035469055 850 159 860 171
face 0.6555817127227783 798 247 812 265
face 0.6495782732963562 524 178 537 196
face 0.6234376430511475 528 245 542 262
face 0.6217079758644104 255 273 271 292
face 0.6082509756088257 471 238 486 257
face 0.5962156057357788 9 181 21 196
face 0.5920000672340393 629 225 642 242
face 0.5916099548339844 218 314 238 338
face 0.5880904793739319 905 158 914 168
face 0.5655553340911865 832 200 845 213
face 0.5652562379837036 656 283 672 305
face 0.5358929634094238 907 202 919 215
face 0.5330739617347717 1007 247 1019 264
face 0.482522189617157 1007 247 1019 264
face 0.4641762375831604 1007 247 1019 264
face 0.46288633346557617 1007 247 1019 264
face 0.4618377387523651 1007 247 1019 264
face 0.4607042372226715 1007 247 1019 264
face 0.44831299781799316 1007 247 1019 264
face 0.4478874206542969 1007 247 1019 264
face 0.44420456886291504 1007 247 1019 264
face 0.4368564486503601 1007 247 1019 264
face 0.42166954278945923 1007 247 1019 264
face 0.4125351309776306 1007 247 1019 264
face 0.4093383848667145 1007 247 1019 264
face 0.4072716236114502 1007 247 1019 264
face 0.3976024389266968 1007 247 1019 264
face 0.3770448565483093 1007 247 1019 264
face 0.3351913392543793 1007 247 1019 264
face 0.31512096524238586 1007 247 1019 264
face 0.3117637038230896 1007 247 1019 264
face 0.2985866069793701 1007 247 1019 264
face 0.29650622606277466 1007 247 1019 264
face 0.29502928256988525 1007 247 1019 264
face 0.2872455418109894 1007 247 1019 264
face 0.2598799169063568 1007 247 1019 264
face 0.25229284167289734 1007 247 1019 264
face 0.24944263696670532 1007 247 1019 264
face 0.24491727352142334 1007 247 1019 264
face 0.23613673448562622 1007 247 1019 264
face 0.22458136081695557 1007 247 1019 264
face 0.21202266216278076 1007 247 1019 264
face 0.20578533411026 1007 247 1019 264
face 0.19859710335731506 1007 247 1019 264
face 0.19666790962219238 1007 247 1019 264
face 0.17029133439064026 1007 247 1019 264
face 0.1604829728603363 1007 247 1019 264
face 0.15596455335617065 1007 247 1019 264
face 0.14105412364006042 1007 247 1019 264
face 0.13583225011825562 1007 247 1019 264
face 0.12999731302261353 1007 247 1019 264
face 0.1267675757408142 1007 247 1019 264
face 0.1267584264278412 1007 247 1019 264
face 0.1131313145160675 1007 247 1019 264
face 0.11271509528160095 1007 247 1019 264
