face 0.9980447888374329 327 520 377 579
face 0.9978402853012085 425 352 475 408
face 0.9968525171279907 764 441 817 501
face 0.9954943060874939 694 129 735 198
face 0.9583339691162109 570 395 616 453
face 0.867769718170166 221 389 261 446
face 0.0501839816570282 221 389 261 446
face 0.033785730600357056 221 389 261 446
face 0.021756082773208618 221 389 261 446
face 0.015461444854736328 221 389 261 446
face 0.015348702669143677 221 389 261 446
face 0.014963388442993164 221 389 261 446
face 0.014660745859146118 221 389 261 446
face 0.01300385594367981 221 389 261 446
face 0.012800514698028564 221 389 261 446
face 0.012699514627456665 221 389 261 446
face 0.012584507465362549 221 389 261 446
face 0.011912703514099121 221 389 261 446
face 0.011362195014953613 221 389 261 446
face 0.010781526565551758 221 389 261 446
face 0.010510087013244629 221 389 261 446
face 0.01010054349899292 221 389 261 446
face 0.009790390729904175 221 389 261 446
face 0.00965091586112976 221 389 261 446
face 0.009482026100158691 221 389 261 446
face 0.00893452763557434 221 389 261 446
face 0.008874744176864624 221 389 261 446
face 0.008528470993041992 221 389 261 446
face 0.008384883403778076 221 389 261 446
face 0.008197933435440063 221 389 261 446
face 0.00799793004989624 221 389 261 446
face 0.007841676473617554 221 389 261 446
face 0.007151991128921509 221 389 261 446
face 0.007004350423812866 221 389 261 446
face 0.00684782862663269 221 389 261 446
face 0.006784200668334961 221 389 261 446
face 0.006700098514556885 221 389 261 446
face 0.006513684988021851 221 389 261 446
face 0.006308883428573608 221 389 261 446
face 0.006271719932556152 221 389 261 446
face 0.00626412034034729 221 389 261 446
face 0.00619390606880188 221 389 261 446
face 0.0061730146408081055 221 389 261 446
face 0.006084859371185303 221 389 261 446
face 0.005788087844848633 221 389 261 446
face 0.005661308765411377 221 389 261 446
face 0.005507439374923706 221 389 261 446
face 0.005503028631210327 221 389 261 446
face 0.0054773688316345215 221 389 261 446
face 0.005437374114990234 221 389 261 446
face 0.005387365818023682 221 389 261 446
face 0.00520285964012146 221 389 261 446
face 0.005151242017745972 221 389 261 446
face 0.004883766174316406 221 389 261 446
face 0.004869312047958374 221 389 261 446
face 0.004866868257522583 221 389 261 446
face 0.004765510559082031 221 389 261 446
face 0.00475659966468811 221 389 261 446
face 0.004745006561279297 221 389 261 446
face 0.004690885543823242 221 389 261 446
face 0.0046152472496032715 221 389 261 446
face 0.0046035051345825195 221 389 261 446
face 0.004512190818786621 221 389 261 446
face 0.004495680332183838 221 389 261 446
face 0.004476755857467651 221 389 261 446
face 0.004473477602005005 221 389 261 446
face 0.004185855388641357 221 389 261 446
face 0.004167735576629639 221 389 261 446
face 0.00401073694229126 221 389 261 446
face 0.0038399994373321533 221 389 261 446
face 0.003818511962890625 221 389 261 446
face 0.0038040876388549805 221 389 261 446
face 0.003760397434234619 221 389 261 446
face 0.0037411749362945557 221 389 261 446
face 0.0036883652210235596 221 389 261 446
face 0.003669053316116333 221 389 261 446
face 0.0036378204822540283 221 389 261 446
face 0.003635227680206299 221 389 261 446
face 0.0036192238330841064 221 389 261 446
face 0.0035975277423858643 221 389 261 446
face 0.0035791397094726562 221 389 261 446
face 0.003566265106201172 221 389 261 446
face 0.003558218479156494 221 389 261 446
face 0.003542959690093994 221 389 261 446
face 0.0035070478916168213 221 389 261 446
face 0.0034796297550201416 221 389 261 446
face 0.0034615397453308105 221 389 261 446
face 0.003407895565032959 221 389 261 446
face 0.0033876001834869385 221 389 261 446
face 0.003358223242685199 221 389 261 446
face 0.003353029489517212 221 389 261 446
face 0.0033164620399475098 221 389 261 446
face 0.003314197063446045 221 389 261 446
face 0.0032790005207061768 221 389 261 446
face 0.0032351315021514893 221 389 261 446
face 0.0032341182231903076 221 389 261 446
face 0.0032197237014770508 221 389 261 446
face 0.0031681954860687256 221 389 261 446
face 0.0031266212463378906 221 389 261 446
face 0.003104597330093384 221 389 261 446
