face 0.9992797374725342 769 367 811 410
face 0.9989597201347351 428 387 467 436
face 0.9983449578285217 328 304 366 355
face 0.9981642961502075 844 190 876 236
face 0.9978338479995728 244 358 283 409
face 0.9967307448387146 652 330 688 375
face 0.9948183298110962 388 290 422 336
face 0.9891664981842041 68 165 112 222
face 0.9871863722801208 524 315 557 364
face 0.979236900806427 317 228 352 272
face 0.9691200256347656 591 374 635 426
face 0.6626789569854736 793 191 826 238
face 0.5178704261779785 945 371 990 425
face 0.4084774851799011 945 371 990 425
face 0.03135591745376587 945 371 990 425
face 0.029977619647979736 945 371 990 425
face 0.027698487043380737 945 371 990 425
face 0.024726301431655884 945 371 990 425
face 0.018921971321105957 945 371 990 425
face 0.014187037944793701 945 371 990 425
face 0.013684988021850586 945 371 990 425
face 0.012649208307266235 945 371 990 425
face 0.012435495853424072 945 371 990 425
face 0.012111455202102661 945 371 990 425
face 0.012039780616760254 945 371 990 425
face 0.011074244976043701 945 371 990 425
face 0.010897725820541382 945 371 990 425
face 0.010652005672454834 945 371 990 425
face 0.00919872522354126 945 371 990 425
face 0.00901535153388977 945 371 990 425
face 0.00901097059249878 945 371 990 425
face 0.008569478988647461 945 371 990 425
face 0.00836285948753357 945 371 990 425
face 0.007597774267196655 945 371 990 425
face 0.007315218448638916 945 371 990 425
face 0.007028818130493164 945 371 990 425
face 0.006440013647079468 945 371 990 425
face 0.005784869194030762 945 371 990 425
face 0.005590528249740601 945 371 990 425
face 0.005370497703552246 945 371 990 425
face 0.0053390562534332275 945 371 990 425
face 0.005292743444442749 945 371 990 425
face 0.0052803754806518555 945 371 990 425
face 0.005121439695358276 945 371 990 425
face 0.005002528429031372 945 371 990 425
face 0.00481685996055603 945 371 990 425
face 0.004733771085739136 945 371 990 425
face 0.004726588726043701 945 371 990 425
face 0.004723161458969116 945 371 990 425
face 0.0045326948165893555 945 371 990 425
face 0.004415184259414673 945 371 990 425
face 0.0042896568775177 945 371 990 425
face 0.004227191209793091 945 371 990 425
face 0.004052460193634033 945 371 990 425
face 0.004037916660308838 945 371 990 425
face 0.0039893388748168945 945 371 990 425
face 0.003968983888626099 945 371 990 425
face 0.003926336765289307 945 371 990 425
face 0.0037992894649505615 945 371 990 425
face 0.0037945210933685303 945 371 990 425
face 0.0037719905376434326 945 371 990 425
face 0.003756016492843628 945 371 990 425
face 0.003739863634109497 945 371 990 425
face 0.0036755800247192383 945 371 990 425
face 0.00359266996383667 945 371 990 425
face 0.0035688281059265137 945 371 990 425
face 0.003538668155670166 945 371 990 425
face 0.0034890174865722656 945 371 990 425
face 0.003479480743408203 945 371 990 425
face 0.0034495890140533447 945 371 990 425
face 0.003442108631134033 945 371 990 425
face 0.003399103879928589 945 371 990 425
face 0.0033382773399353027 945 371 990 425
face 0.0033375322818756104 945 371 990 425
face 0.0033216476440429688 945 371 990 425
face 0.003305494785308838 945 371 990 425
face 0.0032767057418823242 945 371 990 425
face 0.003246128559112549 945 371 990 425
face 0.00317266583442688 945 371 990 425
face 0.003160834312438965 945 371 990 425
face 0.0031589269638061523 945 371 990 425
face 0.003136247396469116 945 371 990 425
face 0.003132045269012451 945 371 990 425
face 0.003109872341156006 945 371 990 425
face 0.003031224012374878 945 371 990 425
face 0.0030145347118377686 945 371 990 425
face 0.0030094385147094727 945 371 990 425
face 0.002985715866088867 945 371 990 425
face 0.00293084979057312 945 371 990 425
face 0.0028850138187408447 945 371 990 425
face 0.002877533435821533 945 371 990 425
face 0.0028676390647888184 945 371 990 425
face 0.0027726590633392334 945 371 990 425
face 0.0027547478675842285 945 371 990 425
face 0.002742588520050049 945 371 990 425
face 0.0027348101139068604 945 371 990 425
face 0.002697587013244629 945 371 990 425
face 0.0026875436305999756 945 371 990 425
face 0.0026820600032806396 945 371 990 425
face 0.0026364028453826904 945 371 990 425
