face 0.9994121789932251 160 179 555 632
face 0.04078063368797302 160 179 555 632
face 0.037088245153427124 160 179 555 632
face 0.03445318341255188 160 179 555 632
face 0.028263777494430542 160 179 555 632
face 0.0181257426738739 160 179 555 632
face 0.01730141043663025 160 179 555 632
face 0.01697412133216858 160 179 555 632
face 0.016678422689437866 160 179 555 632
face 0.01575949788093567 160 179 555 632
face 0.01443222165107727 160 179 555 632
face 0.014047056436538696 160 179 555 632
face 0.013225942850112915 160 179 555 632
face 0.013213366270065308 160 179 555 632
face 0.013073891401290894 160 179 555 632
face 0.013007879257202148 160 179 555 632
face 0.012813359498977661 160 179 555 632
face 0.012697011232376099 160 179 555 632
face 0.012563765048980713 160 179 555 632
face 0.012324631214141846 160 179 555 632
face 0.012244164943695068 160 179 555 632
face 0.011884570121765137 160 179 555 632
face 0.01185271143913269 160 179 555 632
face 0.011766642332077026 160 179 555 632
face 0.011758506298065186 160 179 555 632
face 0.0115090012550354 160 179 555 632
face 0.011312365531921387 160 179 555 632
face 0.011297225952148438 160 179 555 632
face 0.011145144701004028 160 179 555 632
face 0.011007159948348999 160 179 555 632
face 0.010933458805084229 160 179 555 632
face 0.010840058326721191 160 179 555 632
face 0.010516047477722168 160 179 555 632
face 0.010185927152633667 160 179 555 632
face 0.010120302438735962 160 179 555 632
face 0.010057926177978516 160 179 555 632
face 0.010002493858337402 160 179 555 632
face 0.00984618067741394 160 179 555 632
face 0.009760648012161255 160 179 555 632
face 0.00975683331489563 160 179 555 632
face 0.009739518165588379 160 179 555 632
face 0.009628146886825562 160 179 555 632
face 0.009595662355422974 160 179 555 632
face 0.009546816349029541 160 179 555 632
face 0.009460985660552979 160 179 555 632
face 0.009451299905776978 160 179 555 632
face 0.009438365697860718 160 179 555 632
face 0.009389996528625488 160 179 555 632
face 0.009336650371551514 160 179 555 632
face 0.00928574800491333 160 179 555 632
face 0.009240180253982544 160 179 555 632
face 0.00919082760810852 160 179 555 632
face 0.009184718132019043 160 179 555 632
face 0.009138822555541992 160 179 555 632
face 0.009016752243041992 160 179 555 632
face 0.008878439664840698 160 179 555 632
face 0.008867084980010986 160 179 555 632
face 0.008844971656799316 160 179 555 632
face 0.008799642324447632 160 179 555 632
face 0.008794605731964111 160 179 555 632
face 0.00878530740737915 160 179 555 632
face 0.008782058954238892 160 179 555 632
face 0.008778780698776245 160 179 555 632
face 0.008764714002609253 160 179 555 632
face 0.008764445781707764 160 179 555 632
face 0.00875788927078247 160 179 555 632
face 0.008732378482818604 160 179 555 632
face 0.008731573820114136 160 179 555 632
face 0.008697718381881714 160 179 555 632
face 0.00868082046508789 160 179 555 632
face 0.008573412895202637 160 179 555 632
face 0.008510172367095947 160 179 555 632
face 0.008503496646881104 160 179 555 632
face 0.008502840995788574 160 179 555 632
face 0.008431851863861084 160 179 555 632
face 0.00841522216796875 160 179 555 632
face 0.0084134042263031 160 179 555 632
face 0.008404523134231567 160 179 555 632
face 0.008395105600357056 160 179 555 632
face 0.008389711380004883 160 179 555 632
face 0.008379846811294556 160 179 555 632
face 0.008369624614715576 160 179 555 632
face 0.008353978395462036 160 179 555 632
face 0.008341878652572632 160 179 555 632
face 0.008339613676071167 160 179 555 632
face 0.008178114891052246 160 179 555 632
face 0.008100062608718872 160 179 555 632
face 0.008025825023651123 160 179 555 632
face 0.007949471473693848 160 179 555 632
face 0.007905364036560059 160 179 555 632
face 0.007853478193283081 160 179 555 632
face 0.007822602987289429 160 179 555 632
face 0.007822006940841675 160 179 555 632
face 0.007795959711074829 160 179 555 632
face 0.007793605327606201 160 179 555 632
face 0.007774025201797485 160 179 555 632
face 0.0077658891677856445 160 179 555 632
face 0.007764756679534912 160 179 555 632
face 0.007761061191558838 160 179 555 632
face 0.007735073566436768 160 179 555 632
