face 0.9970961809158325 883 475 912 509
face 0.9908990859985352 939 547 970 584
face 0.9901771545410156 717 327 744 362
face 0.9812701344490051 523 203 554 245
face 0.9800969362258911 590 306 625 348
face 0.958608090877533 760 408 788 442
face 0.9512764811515808 462 200 497 244
face 0.9508935213088989 738 360 767 395
face 0.9506723880767822 624 376 666 424
face 0.9267287254333496 494 564 559 647
face 0.9015763401985168 473 130 500 172
face 0.7375999689102173 883 529 912 564
face 0.6744122505187988 557 257 592 300
face 0.6302551031112671 416 391 460 447
face 0.5970738530158997 144 11 208 79
face 0.505311131477356 821 419 849 454
face 0.4973337948322296 821 419 849 454
face 0.45811718702316284 821 419 849 454
face 0.4579516649246216 821 419 849 454
face 0.45643576979637146 821 419 849 454
face 0.4479331374168396 821 419 849 454
face 0.43538898229599 821 419 849 454
face 0.40932661294937134 821 419 849 454
face 0.28262901306152344 821 419 849 454
face 0.2776545286178589 821 419 849 454
face 0.15292346477508545 821 419 849 454
face 0.1122499406337738 821 419 849 454
face 0.0946454405784607 821 419 849 454
face 0.09416595101356506 821 419 849 454
face 0.08993777632713318 821 419 849 454
face 0.08387431502342224 821 419 849 454
face 0.07971429824829102 821 419 849 454
face 0.06986373662948608 821 419 849 454
face 0.06938585638999939 821 419 849 454
face 0.06321513652801514 821 419 849 454
face 0.06164732575416565 821 419 849 454
face 0.05809369683265686 821 419 849 454
face 0.05733001232147217 821 419 849 454
face 0.05557629466056824 821 419 849 454
face 0.054386019706726074 821 419 849 454
face 0.05268651247024536 821 419 849 454
face 0.05256390571594238 821 419 849 454
face 0.05179297924041748 821 419 849 454
face 0.049335986375808716 821 419 849 454
face 0.04901033639907837 821 419 849 454
face 0.04691925644874573 821 419 849 454
face 0.042840540409088135 821 419 849 454
face 0.04094433784484863 821 419 849 454
face 0.039487212896347046 821 419 849 454
face 0.03747597336769104 821 419 849 454
face 0.03615102171897888 821 419 849 454
face 0.03502693772315979 821 419 849 454
face 0.03312402963638306 821 419 849 454
face 0.03273892402648926 821 419 849 454
face 0.03262421488761902 821 419 849 454
face 0.032591938972473145 821 419 849 454
face 0.030443847179412842 821 419 849 454
face 0.030005037784576416 821 419 849 454
face 0.02985367178916931 821 419 849 454
face 0.029758840799331665 821 419 849 454
face 0.028834283351898193 821 419 849 454
face 0.028823494911193848 821 419 849 454
face 0.028337150812149048 821 419 849 454
face 0.02751678228378296 821 419 849 454
face 0.027465254068374634 821 419 849 454
face 0.02705654501914978 821 419 849 454
face 0.02693745493888855 821 419 849 454
face 0.026933342218399048 821 419 849 454
face 0.02673819661140442 821 419 849 454
face 0.02665400505065918 821 419 849 454
face 0.026230454444885254 821 419 849 454
face 0.025327086448669434 821 419 849 454
face 0.025326013565063477 821 419 849 454
face 0.02507692575454712 821 419 849 454
face 0.024331241846084595 821 419 849 454
face 0.024113714694976807 821 419 849 454
face 0.02311268448829651 821 419 849 454
face 0.022752761840820312 821 419 849 454
face 0.02161651849746704 821 419 849 454
face 0.0214993953704834 821 419 849 454
face 0.021432936191558838 821 419 849 454
face 0.02011922001838684 821 419 849 454
face 0.01956447958946228 821 419 849 454
face 0.01948598027229309 821 419 849 454
face 0.019354403018951416 821 419 849 454
face 0.019179612398147583 821 419 849 454
face 0.019169598817825317 821 419 849 454
face 0.019108176231384277 821 419 849 454
face 0.019107460975646973 821 419 849 454
face 0.01893332600593567 821 419 849 454
face 0.018864959478378296 821 419 849 454
face 0.018660694360733032 821 419 849 454
face 0.018544644117355347 821 419 849 454
face 0.018414825201034546 821 419 849 454
face 0.01805013418197632 821 419 849 454
face 0.017573058605194092 821 419 849 454
face 0.017368674278259277 821 419 849 454
face 0.016913801431655884 821 419 849 454
face 0.01642248034477234 821 419 849 454
face 0.016177356243133545 821 419 849 454
