face 0.9437383413314819 211 218 227 238
face 0.7824404239654541 780 340 796 361
face 0.6760271191596985 428 309 446 332
face 0.6068264245986938 645 345 664 371
face 0.5606850385665894 140 225 155 245
face 0.3237776756286621 140 225 155 245
face 0.27804750204086304 140 225 155 245
face 0.17138487100601196 140 225 155 245
face 0.15842226147651672 140 225 155 245
face 0.14577394723892212 140 225 155 245
face 0.1314827799797058 140 225 155 245
face 0.1272478699684143 140 225 155 245
face 0.12616556882858276 140 225 155 245
face 0.12256234884262085 140 225 155 245
face 0.11908343434333801 140 225 155 245
face 0.11572608351707458 140 225 155 245
face 0.11300194263458252 140 225 155 245
face 0.10974922776222229 140 225 155 245
face 0.10941055417060852 140 225 155 245
face 0.10581451654434204 140 225 155 245
face 0.10340985655784607 140 225 155 245
face 0.09768679738044739 140 225 155 245
face 0.0972050130367279 140 225 155 245
face 0.08901774883270264 140 225 155 245
face 0.08811682462692261 140 225 155 245
face 0.08721983432769775 140 225 155 245
face 0.08708348870277405 140 225 155 245
face 0.08334463834762573 140 225 155 245
face 0.08000662922859192 140 225 155 245
face 0.07968148589134216 140 225 155 245
face 0.075035959482193 140 225 155 245
face 0.07494992017745972 140 225 155 245
face 0.07492834329605103 140 225 155 245
face 0.07438266277313232 140 225 155 245
face 0.07168781757354736 140 225 155 245
face 0.06858262419700623 140 225 155 245
face 0.06848275661468506 140 225 155 245
face 0.06615537405014038 140 225 155 245
face 0.06361031532287598 140 225 155 245
face 0.0629778802394867 140 225 155 245
face 0.060882896184921265 140 225 155 245
face 0.05969357490539551 140 225 155 245
face 0.058582037687301636 140 225 155 245
face 0.05671960115432739 140 225 155 245
face 0.056269943714141846 140 225 155 245
face 0.0561375617980957 140 225 155 245
face 0.05468606948852539 140 225 155 245
face 0.05402708053588867 140 225 155 245
face 0.05300256609916687 140 225 155 245
face 0.05195719003677368 140 225 155 245
face 0.04998162388801575 140 225 155 245
face 0.04966694116592407 140 225 155 245
face 0.04948389530181885 140 225 155 245
face 0.0493125319480896 140 225 155 245
face 0.048069387674331665 140 225 155 245
face 0.04731392860412598 140 225 155 245
face 0.045155465602874756 140 225 155 245
face 0.04515162110328674 140 225 155 245
face 0.045071691274642944 140 225 155 245
face 0.044697701930999756 140 225 155 245
face 0.04463127255439758 140 225 155 245
face 0.04375097155570984 140 225 155 245
face 0.04215878248214722 140 225 155 245
face 0.04181855916976929 140 225 155 245
face 0.0391467809677124 140 225 155 245
face 0.03844895958900452 140 225 155 245
face 0.0382082462310791 140 225 155 245
face 0.03793168067932129 140 225 155 245
face 0.03780871629714966 140 225 155 245
face 0.036976128816604614 140 225 155 245
face 0.036907464265823364 140 225 155 245
face 0.035711824893951416 140 225 155 245
face 0.03460514545440674 140 225 155 245
face 0.034049391746520996 140 225 155 245
face 0.03385159373283386 140 225 155 245
face 0.03317961096763611 140 225 155 245
face 0.03290820121765137 140 225 155 245
face 0.03115612268447876 140 225 155 245
face 0.030494391918182373 140 225 155 245
face 0.03006523847579956 140 225 155 245
face 0.02860286831855774 140 225 155 245
face 0.028389811515808105 140 225 155 245
face 0.027935773134231567 140 225 155 245
face 0.02787432074546814 140 225 155 245
face 0.027788102626800537 140 225 155 245
face 0.0268612802028656 140 225 155 245
face 0.026263117790222168 140 225 155 245
face 0.026166051626205444 140 225 155 245
face 0.02616065740585327 140 225 155 245
face 0.02608734369277954 140 225 155 245
face 0.025612056255340576 140 225 155 245
face 0.025551289319992065 140 225 155 245
face 0.024860262870788574 140 225 155 245
face 0.024753481149673462 140 225 155 245
face 0.024525165557861328 140 225 155 245
face 0.023180663585662842 140 225 155 245
face 0.022025734186172485 140 225 155 245
face 0.02161821722984314 140 225 155 245
face 0.02089214324951172 140 225 155 245
face 0.020549237728118896 140 225 155 245
