face 0.995805025100708 673 282 701 316
face 0.9491130709648132 888 241 919 280
face 0.9107391834259033 731 248 762 282
face 0.7332769632339478 740 277 766 310
face 0.6721748113632202 804 278 837 315
face 0.1879272758960724 804 278 837 315
face 0.16272032260894775 804 278 837 315
face 0.1391299068927765 804 278 837 315
face 0.125876784324646 804 278 837 315
face 0.12327760457992554 804 278 837 315
face 0.07026857137680054 804 278 837 315
face 0.058471351861953735 804 278 837 315
face 0.05404120683670044 804 278 837 315
face 0.04282587766647339 804 278 837 315
face 0.04265671968460083 804 278 837 315
face 0.032827287912368774 804 278 837 315
face 0.032686203718185425 804 278 837 315
face 0.031197458505630493 804 278 837 315
face 0.030689328908920288 804 278 837 315
face 0.030628055334091187 804 278 837 315
face 0.029715538024902344 804 278 837 315
face 0.02716648578643799 804 278 837 315
face 0.02434396743774414 804 278 837 315
face 0.024262845516204834 804 278 837 315
face 0.024091064929962158 804 278 837 315
face 0.020903199911117554 804 278 837 315
face 0.020410656929016113 804 278 837 315
face 0.020275086164474487 804 278 837 315
face 0.018815606832504272 804 278 837 315
face 0.017903000116348267 804 278 837 315
face 0.01669210195541382 804 278 837 315
face 0.015998035669326782 804 278 837 315
face 0.015708357095718384 804 278 837 315
face 0.0155162513256073 804 278 837 315
face 0.015502482652664185 804 278 837 315
face 0.015227138996124268 804 278 837 315
face 0.014614909887313843 804 278 837 315
face 0.014226824045181274 804 278 837 315
face 0.014101147651672363 804 278 837 315
face 0.013493001461029053 804 278 837 315
face 0.013117820024490356 804 278 837 315
face 0.013040035963058472 804 278 837 315
face 0.012803763151168823 804 278 837 315
face 0.012670427560806274 804 278 837 315
face 0.012662798166275024 804 278 837 315
face 0.012610584497451782 804 278 837 315
face 0.011179596185684204 804 278 837 315
face 0.011144697666168213 804 278 837 315
face 0.010564595460891724 804 278 837 315
face 0.010339498519897461 804 278 837 315
face 0.010280519723892212 804 278 837 315
face 0.009871602058410645 804 278 837 315
face 0.00979602336883545 804 278 837 315
face 0.009788274765014648 804 278 837 315
face 0.009558349847793579 804 278 837 315
face 0.009517550468444824 804 278 837 315
face 0.009370684623718262 804 278 837 315
face 0.009354889392852783 804 278 837 315
face 0.009112715721130371 804 278 837 315
face 0.008964329957962036 804 278 837 315
face 0.008577287197113037 804 278 837 315
face 0.008052706718444824 804 278 837 315
face 0.007981956005096436 804 278 837 315
face 0.00790444016456604 804 278 837 315
face 0.007804185152053833 804 278 837 315
face 0.007710903882980347 804 278 837 315
face 0.007674664258956909 804 278 837 315
face 0.007661342620849609 804 278 837 315
face 0.007584720849990845 804 278 837 315
face 0.007281899452209473 804 278 837 315
face 0.007171452045440674 804 278 837 315
face 0.006955146789550781 804 278 837 315
face 0.006587505340576172 804 278 837 315
face 0.0061119794845581055 804 278 837 315
face 0.006033122539520264 804 278 837 315
face 0.006026804447174072 804 278 837 315
face 0.006009727716445923 804 278 837 315
face 0.005955427885055542 804 278 837 315
face 0.005789309740066528 804 278 837 315
face 0.0057218968868255615 804 278 837 315
face 0.005552530288696289 804 278 837 315
face 0.00551837682723999 804 278 837 315
face 0.005339205265045166 804 278 837 315
face 0.0052357017993927 804 278 837 315
face 0.005165785551071167 804 278 837 315
face 0.00494462251663208 804 278 837 315
face 0.004943132400512695 804 278 837 315
face 0.004890888929367065 804 278 837 315
face 0.004835724830627441 804 278 837 315
face 0.004797875881195068 804 278 837 315
face 0.004737257957458496 804 278 837 315
face 0.004493921995162964 804 278 837 315
face 0.00405806303024292 804 278 837 315
face 0.00402224063873291 804 278 837 315
face 0.00398680567741394 804 278 837 315
face 0.003978371620178223 804 278 837 315
face 0.0038969814777374268 804 278 837 315
face 0.00385206937789917 804 278 837 315
face 0.003832608461380005 804 278 837 315
face 0.0038027167320251465 804 278 837 315
