face 0.9952068328857422 163 241 226 310
face 0.985819399356842 429 274 499 364
face 0.7490760087966919 326 274 407 366
face 0.31341177225112915 326 274 407 366
face 0.13849923014640808 326 274 407 366
face 0.0797613263130188 326 274 407 366
face 0.07419544458389282 326 274 407 366
face 0.06836295127868652 326 274 407 366
face 0.06117472052574158 326 274 407 366
face 0.05721905827522278 326 274 407 366
face 0.050545066595077515 326 274 407 366
face 0.04927876591682434 326 274 407 366
face 0.04488170146942139 326 274 407 366
face 0.0416828989982605 326 274 407 366
face 0.04054367542266846 326 274 407 366
face 0.039710283279418945 326 274 407 366
face 0.0382862389087677 326 274 407 366
face 0.036200106143951416 326 274 407 366
face 0.03296014666557312 326 274 407 366
face 0.03265383839607239 326 274 407 366
face 0.030936747789382935 326 274 407 366
face 0.029916495084762573 326 274 407 366
face 0.029361605644226074 326 274 407 366
face 0.029306411743164062 326 274 407 366
face 0.028419941663742065 326 274 407 366
face 0.02783942222595215 326 274 407 366
face 0.02696174383163452 326 274 407 366
face 0.026853084564208984 326 274 407 366
face 0.025415867567062378 326 274 407 366
face 0.024452894926071167 326 274 407 366
face 0.024280905723571777 326 274 407 366
face 0.023241281509399414 326 274 407 366
face 0.022729426622390747 326 274 407 366
face 0.02272835373878479 326 274 407 366
face 0.022671550512313843 326 274 407 366
face 0.022095054388046265 326 274 407 366
face 0.020864874124526978 326 274 407 366
face 0.020772427320480347 326 274 407 366
face 0.020758867263793945 326 274 407 366
face 0.020666509866714478 326 274 407 366
face 0.020655959844589233 326 274 407 366
face 0.019448965787887573 326 274 407 366
face 0.01942312717437744 326 274 407 366
face 0.019007325172424316 326 274 407 366
face 0.01863846182823181 326 274 407 366
face 0.01823723316192627 326 274 407 366
face 0.017796993255615234 326 274 407 366
face 0.017648428678512573 326 274 407 366
face 0.017596572637557983 326 274 407 366
face 0.017228782176971436 326 274 407 366
face 0.016104310750961304 326 274 407 366
face 0.015763312578201294 326 274 407 366
face 0.01565304398536682 326 274 407 366
face 0.015553563833236694 326 274 407 366
face 0.015552699565887451 326 274 407 366
face 0.01541396975517273 326 274 407 366
face 0.015338629484176636 326 274 407 366
face 0.014716953039169312 326 274 407 366
face 0.014524489641189575 326 274 407 366
face 0.014468520879745483 326 274 407 366
face 0.014402151107788086 326 274 407 366
face 0.014292865991592407 326 274 407 366
face 0.014246642589569092 326 274 407 366
face 0.014204859733581543 326 274 407 366
face 0.014073938131332397 326 274 407 366
face 0.014058232307434082 326 274 407 366
face 0.013737380504608154 326 274 407 366
face 0.013400495052337646 326 274 407 366
face 0.013337314128875732 326 274 407 366
face 0.013177037239074707 326 274 407 366
face 0.01313847303390503 326 274 407 366
face 0.012969642877578735 326 274 407 366
face 0.012783169746398926 326 274 407 366
face 0.012741446495056152 326 274 407 366
face 0.012674659490585327 326 274 407 366
face 0.012582063674926758 326 274 407 366
face 0.012545853853225708 326 274 407 366
face 0.012207746505737305 326 274 407 366
face 0.012179970741271973 326 274 407 366
face 0.012167185544967651 326 274 407 366
face 0.012100368738174438 326 274 407 366
face 0.011934399604797363 326 274 407 366
face 0.01180073618888855 326 274 407 366
face 0.011773914098739624 326 274 407 366
face 0.011666357517242432 326 274 407 366
face 0.011650890111923218 326 274 407 366
face 0.01149556040763855 326 274 407 366
face 0.011462599039077759 326 274 407 366
face 0.011449754238128662 326 274 407 366
face 0.011328667402267456 326 274 407 366
face 0.011180996894836426 326 274 407 366
face 0.011137813329696655 326 274 407 366
face 0.011135607957839966 326 274 407 366
face 0.011117935180664062 326 274 407 366
face 0.011100023984909058 326 274 407 366
face 0.010963886976242065 326 274 407 366
face 0.010691255331039429 326 274 407 366
face 0.010641485452651978 326 274 407 366
face 0.010618358850479126 326 274 407 366
face 0.010593831539154053 326 274 407 366
