face 0.9992430806159973 457 260 483 294
face 0.959710955619812 987 287 1013 322
face 0.9344019889831543 602 269 627 302
face 0.9075829982757568 829 280 855 316
face 0.9010754823684692 12 218 36 248
face 0.8435913920402527 525 260 558 302
face 0.7830073833465576 678 54 718 107
face 0.7687296867370605 76 227 94 252
face 0.7541395425796509 928 238 952 271
face 0.7220677137374878 934 247 957 280
face 0.71534264087677 671 256 690 285
face 0.7149745225906372 780 267 799 297
face 0.71207594871521 213 0 271 44
face 0.7022892832756042 881 267 904 300
face 0.6887126564979553 335 256 356 284
face 0.613929033279419 984 248 1008 281
face 0.5619041919708252 139 261 164 298
face 0.36808961629867554 139 261 164 298
face 0.32158082723617554 139 261 164 298
face 0.3126072287559509 139 261 164 298
face 0.17477113008499146 139 261 164 298
face 0.1299968957901001 139 261 164 298
face 0.12960386276245117 139 261 164 298
face 0.1283448040485382 139 261 164 298
face 0.1269994080066681 139 261 164 298
face 0.07580915093421936 139 261 164 298
face 0.05676978826522827 139 261 164 298
face 0.051857203245162964 139 261 164 298
face 0.050235211849212646 139 261 164 298
face 0.04574880003929138 139 261 164 298
face 0.04176205396652222 139 261 164 298
face 0.03579673171043396 139 261 164 298
face 0.033055782318115234 139 261 164 298
face 0.03040367364883423 139 261 164 298
face 0.029475480318069458 139 261 164 298
face 0.027094542980194092 139 261 164 298
face 0.026399582624435425 139 261 164 298
face 0.02575385570526123 139 261 164 298
face 0.025735169649124146 139 261 164 298
face 0.02570319175720215 139 261 164 298
face 0.025252461433410645 139 261 164 298
face 0.02061966061592102 139 261 164 298
face 0.01924377679824829 139 261 164 298
face 0.019015967845916748 139 261 164 298
face 0.018735915422439575 139 261 164 298
face 0.017793387174606323 139 261 164 298
face 0.017357170581817627 139 261 164 298
face 0.016815871000289917 139 261 164 298
face 0.013105720281600952 139 261 164 298
face 0.012928575277328491 139 261 164 298
face 0.012878596782684326 139 261 164 298
face 0.012869983911514282 139 261 164 298
face 0.01281788945198059 139 261 164 298
face 0.012598931789398193 139 261 164 298
face 0.012550592422485352 139 261 164 298
face 0.011688798666000366 139 261 164 298
face 0.011434048414230347 139 261 164 298
face 0.010478287935256958 139 261 164 298
face 0.010041236877441406 139 261 164 298
face 0.009797275066375732 139 261 164 298
face 0.009220600128173828 139 261 164 298
face 0.008934438228607178 139 261 164 298
face 0.008635371923446655 139 261 164 298
face 0.008531451225280762 139 261 164 298
face 0.007647842168807983 139 261 164 298
face 0.007620185613632202 139 261 164 298
face 0.007557481527328491 139 261 164 298
face 0.007476389408111572 139 261 164 298
face 0.007450789213180542 139 261 164 298
face 0.006884068250656128 139 261 164 298
face 0.006824880838394165 139 261 164 298
face 0.006770581007003784 139 261 164 298
face 0.006760507822036743 139 261 164 298
face 0.006601840257644653 139 261 164 298
face 0.006332486867904663 139 261 164 298
face 0.006315320730209351 139 261 164 298
face 0.006248652935028076 139 261 164 298
face 0.006108015775680542 139 261 164 298
face 0.006090223789215088 139 261 164 298
face 0.006082981824874878 139 261 164 298
face 0.006028175354003906 139 261 164 298
face 0.005985230207443237 139 261 164 298
face 0.005924522876739502 139 261 164 298
face 0.005675256252288818 139 261 164 298
face 0.0056486427783966064 139 261 164 298
face 0.005588322877883911 139 261 164 298
face 0.005536675453186035 139 261 164 298
face 0.005499929189682007 139 261 164 298
face 0.005457192659378052 139 261 164 298
face 0.00543782114982605 139 261 164 298
face 0.005420595407485962 139 261 164 298
face 0.00541117787361145 139 261 164 298
face 0.005264788866043091 139 261 164 298
face 0.005247712135314941 139 261 164 298
face 0.005222946405410767 139 261 164 298
face 0.00516173243522644 139 261 164 298
face 0.005081802606582642 139 261 164 298
face 0.005058735609054565 139 261 164 298
face 0.004943668842315674 139 261 164 298
face 0.004908889532089233 139 261 164 298
