face 0.9995723962783813 738 129 762 160
face 0.9991987943649292 105 149 145 200
face 0.9990586638450623 495 189 538 238
face 0.9952960014343262 909 299 967 358
face 0.9947288632392883 772 190 802 226
face 0.9669159650802612 820 164 844 193
face 0.9663879871368408 508 124 530 152
face 0.9630429744720459 363 130 383 156
face 0.9592698812484741 316 191 353 241
face 0.8020910620689392 398 150 425 182
face 0.778253436088562 649 132 675 164
face 0.7561994791030884 306 124 329 153
face 0.750163197517395 293 160 319 192
face 0.689337968826294 639 135 664 167
face 0.6419471502304077 418 140 439 168
face 0.6308664679527283 400 199 428 238
face 0.5000912547111511 70 313 113 358
face 0.46591702103614807 70 313 113 358
face 0.4177887439727783 70 313 113 358
face 0.350521445274353 70 313 113 358
face 0.26181453466415405 70 313 113 358
face 0.24765875935554504 70 313 113 358
face 0.234529048204422 70 313 113 358
face 0.23402684926986694 70 313 113 358
face 0.21173876523971558 70 313 113 358
face 0.2084653377532959 70 313 113 358
face 0.19567254185676575 70 313 113 358
face 0.18569332361221313 70 313 113 358
face 0.14792871475219727 70 313 113 358
face 0.14204052090644836 70 313 113 358
face 0.13738638162612915 70 313 113 358
face 0.127240389585495 70 313 113 358
face 0.11311870813369751 70 313 113 358
face 0.1104772686958313 70 313 113 358
face 0.09622880816459656 70 313 113 358
face 0.09077045321464539 70 313 113 358
face 0.08895412087440491 70 313 113 358
face 0.08502137660980225 70 313 113 358
face 0.08372899889945984 70 313 113 358
face 0.08340132236480713 70 313 113 358
face 0.08214744925498962 70 313 113 358
face 0.07880839705467224 70 313 113 358
face 0.07684162259101868 70 313 113 358
face 0.07081899046897888 70 313 113 358
face 0.06684458255767822 70 313 113 358
face 0.06186994910240173 70 313 113 358
face 0.060032159090042114 70 313 113 358
face 0.05862519145011902 70 313 113 358
face 0.057174623012542725 70 313 113 358
face 0.057089149951934814 70 313 113 358
face 0.05525442957878113 70 313 113 358
face 0.055095165967941284 70 313 113 358
face 0.054683685302734375 70 313 113 358
face 0.05392587184906006 70 313 113 358
face 0.05307435989379883 70 313 113 358
face 0.0512692928314209 70 313 113 358
face 0.04835250973701477 70 313 113 358
face 0.04320263862609863 70 313 113 358
face 0.04153585433959961 70 313 113 358
face 0.03919714689254761 70 313 113 358
face 0.038744062185287476 70 313 113 358
face 0.03795143961906433 70 313 113 358
face 0.03624001145362854 70 313 113 358
face 0.0340999960899353 70 313 113 358
face 0.034039080142974854 70 313 113 358
face 0.03371921181678772 70 313 113 358
face 0.032750457525253296 70 313 113 358
face 0.03208771347999573 70 313 113 358
face 0.03195348381996155 70 313 113 358
face 0.03147432208061218 70 313 113 358
face 0.03143307566642761 70 313 113 358
face 0.0290774405002594 70 313 113 358
face 0.02901175618171692 70 313 113 358
face 0.027375370264053345 70 313 113 358
face 0.026470422744750977 70 313 113 358
face 0.02642112970352173 70 313 113 358
face 0.025477498769760132 70 313 113 358
face 0.02425163984298706 70 313 113 358
face 0.024036318063735962 70 313 113 358
face 0.023902028799057007 70 313 113 358
face 0.02377861738204956 70 313 113 358
face 0.02321484684944153 70 313 113 358
face 0.02313929796218872 70 313 113 358
face 0.022981911897659302 70 313 113 358
face 0.022498011589050293 70 313 113 358
face 0.022385776042938232 70 313 113 358
face 0.021852701902389526 70 313 113 358
face 0.021131426095962524 70 313 113 358
face 0.020701438188552856 70 313 113 358
face 0.0203855037689209 70 313 113 358
face 0.020332664251327515 70 313 113 358
face 0.019787192344665527 70 313 113 358
face 0.01948648691177368 70 313 113 358
face 0.019396334886550903 70 313 113 358
face 0.018933266401290894 70 313 113 358
face 0.018229365348815918 70 313 113 358
face 0.01778075098991394 70 313 113 358
face 0.01710033416748047 70 313 113 358
face 0.016620904207229614 70 313 113 358
face 0.016448557376861572 70 313 113 358
