face 0.9994848966598511 725 155 748 187
face 0.9989054203033447 509 178 535 213
face 0.9987311959266663 667 372 693 406
face 0.996936023235321 633 159 656 188
face 0.9967017769813538 795 187 820 219
face 0.9962093830108643 165 176 197 218
face 0.9958987236022949 574 180 597 210
face 0.9952999353408813 784 314 804 343
face 0.9950697422027588 349 179 374 214
face 0.9936925768852234 513 285 538 321
face 0.9914667010307312 118 191 147 228
face 0.9911463260650635 582 274 608 311
face 0.9906457662582397 724 336 745 365
face 0.9893081784248352 676 174 700 207
face 0.9880212545394897 550 205 574 238
face 0.9830563068389893 404 192 430 230
face 0.982361376285553 796 160 819 189
face 0.9823064804077148 396 164 419 194
face 0.9673474431037903 602 211 625 242
face 0.9650079607963562 470 155 493 185
face 0.9638164639472961 670 290 692 323
face 0.9566619396209717 907 151 935 187
face 0.9521704912185669 845 166 870 198
face 0.9012858867645264 340 217 363 249
face 0.899549126625061 441 173 466 206
face 0.8693554997444153 218 193 244 227
face 0.868798553943634 1000 196 1022 228
face 0.7275007963180542 862 337 882 366
face 0.7237703800201416 739 424 760 447
face 0.6431761384010315 968 163 994 193
face 0.5689605474472046 290 168 318 204
face 0.5573391318321228 365 162 388 192
face 0.49633029103279114 365 162 388 192
face 0.4429938793182373 365 162 388 192
face 0.3514106571674347 365 162 388 192
face 0.28502780199050903 365 162 388 192
face 0.27784839272499084 365 162 388 192
face 0.26343268156051636 365 162 388 192
face 0.19205424189567566 365 162 388 192
face 0.17099690437316895 365 162 388 192
face 0.13257747888565063 365 162 388 192
face 0.12969043850898743 365 162 388 192
face 0.12192609906196594 365 162 388 192
face 0.10591205954551697 365 162 388 192
face 0.10162889957427979 365 162 388 192
face 0.09807088971138 365 162 388 192
face 0.09050619602203369 365 162 388 192
face 0.07919508218765259 365 162 388 192
face 0.07368752360343933 365 162 388 192
face 0.0676068365573883 365 162 388 192
face 0.061086803674697876 365 162 388 192
face 0.0562400221824646 365 162 388 192
face 0.04364261031150818 365 162 388 192
face 0.04204109311103821 365 162 388 192
face 0.035208553075790405 365 162 388 192
face 0.03271198272705078 365 162 388 192
face 0.030931204557418823 365 162 388 192
face 0.027105212211608887 365 162 388 192
face 0.026933610439300537 365 162 388 192
face 0.02573201060295105 365 162 388 192
face 0.024012118577957153 365 162 388 192
face 0.0221748948097229 365 162 388 192
face 0.020180076360702515 365 162 388 192
face 0.018923580646514893 365 162 388 192
face 0.01859024167060852 365 162 388 192
face 0.017518073320388794 365 162 388 192
face 0.017231881618499756 365 162 388 192
face 0.016771435737609863 365 162 388 192
face 0.016376525163650513 365 162 388 192
face 0.014987587928771973 365 162 388 192
face 0.014515697956085205 365 162 388 192
face 0.0145052969455719 365 162 388 192
face 0.013171374797821045 365 162 388 192
face 0.013041406869888306 365 162 388 192
face 0.013034015893936157 365 162 388 192
face 0.01290827989578247 365 162 388 192
face 0.012816846370697021 365 162 388 192
face 0.012709856033325195 365 162 388 192
face 0.011891365051269531 365 162 388 192
face 0.011703133583068848 365 162 388 192
face 0.011656194925308228 365 162 388 192
face 0.011568009853363037 365 162 388 192
face 0.01082700490951538 365 162 388 192
face 0.010461300611495972 365 162 388 192
face 0.010248810052871704 365 162 388 192
face 0.009990841150283813 365 162 388 192
face 0.00937005877494812 365 162 388 192
face 0.009348630905151367 365 162 388 192
face 0.009338527917861938 365 162 388 192
face 0.009303271770477295 365 162 388 192
face 0.009147405624389648 365 162 388 192
face 0.008986622095108032 365 162 388 192
face 0.008903354406356812 365 162 388 192
face 0.008743524551391602 365 162 388 192
face 0.008725851774215698 365 162 388 192
face 0.008534640073776245 365 162 388 192
face 0.008467674255371094 365 162 388 192
face 0.007502317428588867 365 162 388 192
face 0.007397860288619995 365 162 388 192
face 0.007378756999969482 365 162 388 192
