face 0.9942231178283691 624 377 637 396
face 0.99114590883255 582 335 594 355
face 0.9907345771789551 568 380 581 400
face 0.9906623959541321 520 338 532 357
face 0.9878012537956238 467 385 479 404
face 0.9857558608055115 749 341 761 360
face 0.9818903207778931 683 382 695 400
face 0.9755828976631165 200 341 213 360
face 0.968347430229187 789 382 801 401
face 0.9643456935882568 629 337 642 356
face 0.9639724493026733 416 372 429 391
face 0.9631913900375366 309 384 322 404
face 0.9601824283599854 58 332 73 352
face 0.9579125642776489 245 412 258 432
face 0.9565377831459045 347 416 361 435
face 0.9560216069221497 514 383 527 403
face 0.9552643299102783 846 381 859 400
face 0.9529402256011963 677 333 689 352
face 0.9482859969139099 411 346 423 366
face 0.9470388293266296 79 381 92 400
face 0.9448854923248291 692 302 703 321
face 0.9436525106430054 197 304 209 323
face 0.9421108961105347 359 343 371 362
face 0.941922664642334 142 336 156 356
face 0.9411051273345947 154 299 167 318
face 0.9377607703208923 792 341 804 359
face 0.9254265427589417 82 303 96 321
face 0.9124193787574768 948 419 962 438
face 0.911691427230835 845 295 857 314
face 0.9109113216400146 684 414 696 432
face 0.9095844030380249 571 296 583 315
face 0.9078162908554077 241 381 253 400
face 0.9053261280059814 147 375 160 393
face 0.8968333005905151 796 269 808 288
face 0.8960249423980713 147 411 161 431
face 0.8779655694961548 82 278 94 296
face 0.8705548048019409 744 298 756 317
face 0.8666577339172363 364 381 377 401
face 0.862406849861145 520 299 531 319
face 0.8603254556655884 304 343 316 362
face 0.8566381931304932 254 338 266 357
face 0.8544985055923462 938 344 952 365
face 0.843130350112915 360 295 372 314
face 0.8417178988456726 851 343 863 362
face 0.837942361831665 187 383 200 402
face 0.8372997045516968 76 397 90 417
face 0.8304935693740845 740 383 751 401
face 0.813313364982605 84 229 95 245
face 0.8018797636032104 624 301 635 320
face 0.7969154119491577 577 408 590 426
face 0.7943682670593262 887 410 902 430
face 0.7868810892105103 468 344 480 363
face 0.7854909896850586 473 271 484 288
face 0.7840206623077393 898 346 911 366
face 0.7807971239089966 296 297 308 316
face 0.7675003409385681 901 384 914 403
face 0.7433526515960693 254 306 265 324
face 0.7382727265357971 904 259 917 279
face 0.7293199896812439 740 415 752 433
face 0.7236294746398926 623 444 637 462
face 0.7108246684074402 412 270 424 288
face 0.6920950412750244 788 304 799 323
face 0.6836498379707336 739 234 753 253
face 0.6815310716629028 200 410 213 428
face 0.6685821413993835 518 271 530 289
face 0.6620411276817322 571 443 585 461
face 0.5991317629814148 249 259 261 277
face 0.5922538042068481 903 291 916 311
face 0.5903415679931641 787 440 802 459
face 0.5881683230400085 852 266 864 284
face 0.5762318968772888 364 441 380 460
face 0.5709756016731262 619 406 632 425
face 0.5666528344154358 477 306 488 325
face 0.53957599401474 85 444 100 463
face 0.5394837260246277 196 261 208 279
face 0.5393880009651184 304 264 316 283
face 0.5336111783981323 537 449 551 467
face 0.5202125906944275 146 270 158 290
face 0.519112229347229 356 269 368 287
face 0.5169274210929871 135 230 147 248
face 0.5167625546455383 740 269 752 288
face 0.5162163972854614 805 406 818 424
face 0.5112166404724121 23 372 36 392
face 0.4777059257030487 23 372 36 392
face 0.4476630389690399 23 372 36 392
face 0.44534632563591003 23 372 36 392
face 0.44159963726997375 23 372 36 392
face 0.4383563697338104 23 372 36 392
face 0.42348966002464294 23 372 36 392
face 0.4195597171783447 23 372 36 392
face 0.36049169301986694 23 372 36 392
face 0.3547755181789398 23 372 36 392
face 0.35145920515060425 23 372 36 392
face 0.3389437198638916 23 372 36 392
face 0.33891621232032776 23 372 36 392
face 0.33745309710502625 23 372 36 392
face 0.33575302362442017 23 372 36 392
face 0.3313196301460266 23 372 36 392
face 0.3231258988380432 23 372 36 392
face 0.31169408559799194 23 372 36 392
