face 0.9992685914039612 563 367 582 392
face 0.9982366561889648 904 366 926 396
face 0.9964867830276489 479 361 497 387
face 0.9960101246833801 634 342 654 369
face 0.9921565651893616 680 393 699 420
face 0.9895172119140625 513 392 533 420
face 0.9894777536392212 802 360 821 388
face 0.9776619672775269 407 359 423 384
face 0.9610825777053833 311 355 330 381
face 0.943429708480835 117 332 138 361
face 0.9237642288208008 236 352 257 381
face 0.869592010974884 728 354 745 382
face 0.8291688561439514 371 353 389 379
face 0.20270496606826782 371 353 389 379
face 0.19688773155212402 371 353 389 379
face 0.16995719075202942 371 353 389 379
face 0.11930930614471436 371 353 389 379
face 0.09530210494995117 371 353 389 379
face 0.08112621307373047 371 353 389 379
face 0.056766629219055176 371 353 389 379
face 0.05651184916496277 371 353 389 379
face 0.02683204412460327 371 353 389 379
face 0.023917168378829956 371 353 389 379
face 0.02056923508644104 371 353 389 379
face 0.019704669713974 371 353 389 379
face 0.01937958598136902 371 353 389 379
face 0.01888185739517212 371 353 389 379
face 0.01867443323135376 371 353 389 379
face 0.018403053283691406 371 353 389 379
face 0.018293440341949463 371 353 389 379
face 0.017270833253860474 371 353 389 379
face 0.0163266658782959 371 353 389 379
face 0.016028940677642822 371 353 389 379
face 0.015356481075286865 371 353 389 379
face 0.013806462287902832 371 353 389 379
face 0.0136452317237854 371 353 389 379
face 0.013090074062347412 371 353 389 379
face 0.012811094522476196 371 353 389 379
face 0.0126437246799469 371 353 389 379
face 0.012545198202133179 371 353 389 379
face 0.012207716703414917 371 353 389 379
face 0.011904329061508179 371 353 389 379
face 0.01187315583229065 371 353 389 379
face 0.011805802583694458 371 353 389 379
face 0.01178637146949768 371 353 389 379
face 0.011665135622024536 371 353 389 379
face 0.011362463235855103 371 353 389 379
face 0.011134505271911621 371 353 389 379
face 0.011074870824813843 371 353 389 379
face 0.010881632566452026 371 353 389 379
face 0.010696351528167725 371 353 389 379
face 0.01041865348815918 371 353 389 379
face 0.009920060634613037 371 353 389 379
face 0.009268045425415039 371 353 389 379
face 0.009157538414001465 371 353 389 379
face 0.009039819240570068 371 353 389 379
face 0.008986860513687134 371 353 389 379
face 0.008706927299499512 371 353 389 379
face 0.008579730987548828 371 353 389 379
face 0.008402884006500244 371 353 389 379
face 0.008357614278793335 371 353 389 379
face 0.008273869752883911 371 353 389 379
face 0.008246004581451416 371 353 389 379
face 0.008211731910705566 371 353 389 379
face 0.007915407419204712 371 353 389 379
face 0.007900536060333252 371 353 389 379
face 0.007832586765289307 371 353 389 379
face 0.007825791835784912 371 353 389 379
face 0.00758737325668335 371 353 389 379
face 0.007423907518386841 371 353 389 379
face 0.007369935512542725 371 353 389 379
face 0.007332116365432739 371 353 389 379
face 0.007287383079528809 371 353 389 379
face 0.007163584232330322 371 353 389 379
face 0.007008582353591919 371 353 389 379
face 0.006891131401062012 371 353 389 379
face 0.00686076283454895 371 353 389 379
face 0.006851881742477417 371 353 389 379
face 0.006768345832824707 371 353 389 379
face 0.006766468286514282 371 353 389 379
face 0.006674915552139282 371 353 389 379
face 0.006570339202880859 371 353 389 379
face 0.006256699562072754 371 353 389 379
face 0.006247609853744507 371 353 389 379
face 0.00624731183052063 371 353 389 379
face 0.006173670291900635 371 353 389 379
face 0.006092458963394165 371 353 389 379
face 0.0059719085693359375 371 353 389 379
face 0.005772322416305542 371 353 389 379
face 0.005621880292892456 371 353 389 379
face 0.005621820688247681 371 353 389 379
face 0.00558161735534668 371 353 389 379
face 0.0055789947509765625 371 353 389 379
face 0.005568742752075195 371 353 389 379
face 0.005502521991729736 371 353 389 379
face 0.005246549844741821 371 353 389 379
face 0.005224883556365967 371 353 389 379
face 0.005085259675979614 371 353 389 379
face 0.0050781965255737305 371 353 389 379
face 0.004955708980560303 371 353 389 379
