face 0.9994958639144897 464 252 493 288
face 0.7651038765907288 579 227 610 263
face 0.7573086023330688 819 195 850 231
face 0.6507275700569153 696 216 728 250
face 0.5687735080718994 347 170 377 208
face 0.22383999824523926 347 170 377 208
face 0.1796523630619049 347 170 377 208
face 0.05398765206336975 347 170 377 208
face 0.0291479229927063 347 170 377 208
face 0.014490514993667603 347 170 377 208
face 0.013968944549560547 347 170 377 208
face 0.013822108507156372 347 170 377 208
face 0.013142228126525879 347 170 377 208
face 0.012124210596084595 347 170 377 208
face 0.010089516639709473 347 170 377 208
face 0.009112626314163208 347 170 377 208
face 0.00789669156074524 347 170 377 208
face 0.0075913965702056885 347 170 377 208
face 0.007245421409606934 347 170 377 208
face 0.006940364837646484 347 170 377 208
face 0.0066450536251068115 347 170 377 208
face 0.006235480308532715 347 170 377 208
face 0.005102276802062988 347 170 377 208
face 0.004850327968597412 347 170 377 208
face 0.004785299301147461 347 170 377 208
face 0.0044838786125183105 347 170 377 208
face 0.004422575235366821 347 170 377 208
face 0.004274517297744751 347 170 377 208
face 0.004111260175704956 347 170 377 208
face 0.004102379083633423 347 170 377 208
face 0.004033893346786499 347 170 377 208
face 0.004021584987640381 347 170 377 208
face 0.003735840320587158 347 170 377 208
face 0.0035559535026550293 347 170 377 208
face 0.0035010576248168945 347 170 377 208
face 0.0034879446029663086 347 170 377 208
face 0.0032762885093688965 347 170 377 208
face 0.002996474504470825 347 170 377 208
face 0.0028415322303771973 347 170 377 208
face 0.0028313100337982178 347 170 377 208
face 0.002808600664138794 347 170 377 208
face 0.0027968287467956543 347 170 377 208
face 0.0026053786277770996 347 170 377 208
face 0.002583026885986328 347 170 377 208
face 0.0024948716163635254 347 170 377 208
face 0.002489149570465088 347 170 377 208
face 0.0024404525756835938 347 170 377 208
face 0.0024350881576538086 347 170 377 208
face 0.002383321523666382 347 170 377 208
face 0.0023831427097320557 347 170 377 208
face 0.0023458898067474365 347 170 377 208
face 0.002316892147064209 347 170 377 208
face 0.0022923946380615234 347 170 377 208
face 0.0022367537021636963 347 170 377 208
face 0.002235502004623413 347 170 377 208
face 0.0022063255310058594 347 170 377 208
face 0.0021850168704986572 347 170 377 208
face 0.0021631717681884766 347 170 377 208
face 0.002073436975479126 347 170 377 208
face 0.0020266473293304443 347 170 377 208
face 0.001955956220626831 347 170 377 208
face 0.0019327104091644287 347 170 377 208
face 0.001919776201248169 347 170 377 208
face 0.0019023716449737549 347 170 377 208
face 0.0018788576126098633 347 170 377 208
face 0.0018766224384307861 347 170 377 208
face 0.001850038766860962 347 170 377 208
face 0.001841723918914795 347 170 377 208
face 0.0018373727798461914 347 170 377 208
face 0.0018160343170166016 347 170 377 208
face 0.0018074214458465576 347 170 377 208
face 0.0017850995063781738 347 170 377 208
face 0.0017504692077636719 347 170 377 208
face 0.0017401576042175293 347 170 377 208
face 0.0017383098602294922 347 170 377 208
face 0.0017126798629760742 347 170 377 208
face 0.001704871654510498 347 170 377 208
face 0.00167769193649292 347 170 377 208
face 0.0016505122184753418 347 170 377 208
face 0.0016479194164276123 347 170 377 208
face 0.0016437768936157227 347 170 377 208
face 0.0016246438026428223 347 170 377 208
face 0.001617342233657837 347 170 377 208
face 0.001601099967956543 347 170 377 208
face 0.001587986946105957 347 170 377 208
face 0.0015471875667572021 347 170 377 208
face 0.0015146434307098389 347 170 377 208
face 0.001503974199295044 347 170 377 208
face 0.0014978349208831787 347 170 377 208
face 0.0014973282814025879 347 170 377 208
face 0.0014699697494506836 347 170 377 208
face 0.0014550983905792236 347 170 377 208
face 0.0014522671699523926 347 170 377 208
face 0.0014321208000183105 347 170 377 208
face 0.0014233589172363281 347 170 377 208
face 0.0014233291149139404 347 170 377 208
face 0.0013852417469024658 347 170 377 208
face 0.0013808012008666992 347 170 377 208
face 0.0013746321201324463 347 170 377 208
face 0.0013464689254760742 347 170 377 208
