face 0.9917967319488525 695 57 743 108
face 0.9906767010688782 873 52 919 103
face 0.9242527484893799 820 111 882 179
face 0.9196707010269165 374 75 430 136
face 0.8858233690261841 652 112 711 179
face 0.8689907789230347 167 77 211 139
face 0.8539602756500244 360 6 408 57
face 0.7755755186080933 327 0 363 32
face 0.743432879447937 204 116 277 198
face 0.6604982018470764 642 191 706 277
face 0.5485650300979614 407 139 478 222
face 0.4157397747039795 407 139 478 222
face 0.3065176010131836 407 139 478 222
face 0.26217013597488403 407 139 478 222
face 0.2482975423336029 407 139 478 222
face 0.2459610104560852 407 139 478 222
face 0.18812015652656555 407 139 478 222
face 0.17811420559883118 407 139 478 222
face 0.17525207996368408 407 139 478 222
face 0.159246563911438 407 139 478 222
face 0.1585139036178589 407 139 478 222
face 0.15300136804580688 407 139 478 222
face 0.15255248546600342 407 139 478 222
face 0.15067839622497559 407 139 478 222
face 0.1450287401676178 407 139 478 222
face 0.1374129354953766 407 139 478 222
face 0.13559451699256897 407 139 478 222
face 0.134571373462677 407 139 478 222
face 0.13036465644836426 407 139 478 222
face 0.1217801570892334 407 139 478 222
face 0.12164756655693054 407 139 478 222
face 0.11637401580810547 407 139 478 222
face 0.11467313766479492 407 139 478 222
face 0.1098858118057251 407 139 478 222
face 0.10620549321174622 407 139 478 222
face 0.10339447855949402 407 139 478 222
face 0.1023760735988617 407 139 478 222
face 0.10071411728858948 407 139 478 222
face 0.10059168934822083 407 139 478 222
face 0.1004193127155304 407 139 478 222
face 0.09943485260009766 407 139 478 222
face 0.09557658433914185 407 139 478 222
face 0.09340888261795044 407 139 478 222
face 0.0917854905128479 407 139 478 222
face 0.08891317248344421 407 139 478 222
face 0.08567953109741211 407 139 478 222
face 0.08259624242782593 407 139 478 222
face 0.0823807418346405 407 139 478 222
face 0.07968273758888245 407 139 478 222
face 0.07944676280021667 407 139 478 222
face 0.07777011394500732 407 139 478 222
face 0.07744625210762024 407 139 478 222
face 0.07663661241531372 407 139 478 222
face 0.07372850179672241 407 139 478 222
face 0.07304427027702332 407 139 478 222
face 0.07093736529350281 407 139 478 222
face 0.0695512592792511 407 139 478 222
face 0.06892046332359314 407 139 478 222
face 0.06864944100379944 407 139 478 222
face 0.066875159740448 407 139 478 222
face 0.06362533569335938 407 139 478 222
face 0.06362521648406982 407 139 478 222
face 0.06299766898155212 407 139 478 222
face 0.0622001588344574 407 139 478 222
face 0.0619066059589386 407 139 478 222
face 0.06099703907966614 407 139 478 222
face 0.06069931387901306 407 139 478 222
face 0.05946636199951172 407 139 478 222
face 0.059098780155181885 407 139 478 222
face 0.058214664459228516 407 139 478 222
face 0.05810016393661499 407 139 478 222
face 0.05783221125602722 407 139 478 222
face 0.0574859082698822 407 139 478 222
face 0.05738091468811035 407 139 478 222
face 0.05424529314041138 407 139 478 222
face 0.05307754874229431 407 139 478 222
face 0.05032375454902649 407 139 478 222
face 0.048001885414123535 407 139 478 222
face 0.04794365167617798 407 139 478 222
face 0.047520577907562256 407 139 478 222
face 0.047439128160476685 407 139 478 222
face 0.045925796031951904 407 139 478 222
face 0.04592573642730713 407 139 478 222
face 0.045794546604156494 407 139 478 222
face 0.044424593448638916 407 139 478 222
face 0.04441079497337341 407 139 478 222
face 0.04434153437614441 407 139 478 222
face 0.04274439811706543 407 139 478 222
face 0.042656272649765015 407 139 478 222
face 0.04181662201881409 407 139 478 222
face 0.041715383529663086 407 139 478 222
face 0.04126647114753723 407 139 478 222
face 0.040385901927948 407 139 478 222
face 0.03934961557388306 407 139 478 222
face 0.03918948769569397 407 139 478 222
face 0.03834971785545349 407 139 478 222
face 0.03829193115234375 407 139 478 222
face 0.03802195191383362 407 139 478 222
face 0.03777599334716797 407 139 478 222
face 0.03648918867111206 407 139 478 222
