face 0.9888513684272766 301 241 335 285
face 0.985192596912384 146 288 171 321
face 0.9669097661972046 88 284 112 315
face 0.9632081985473633 724 382 903 605
face 0.9587432146072388 188 255 212 286
face 0.9557913541793823 115 241 144 279
face 0.9554133415222168 414 242 445 283
face 0.9297508597373962 997 193 1012 212
face 0.9237166047096252 901 244 924 270
face 0.9075844287872314 50 257 73 286
face 0.8582621812820435 949 196 965 215
face 0.852191150188446 804 224 861 287
face 0.8473074436187744 13 259 34 286
face 0.7929849624633789 726 221 748 246
face 0.6094930171966553 7 290 29 318
face 0.5421001315116882 561 273 599 313
face 0.4739563465118408 561 273 599 313
face 0.3689022660255432 561 273 599 313
face 0.3414209485054016 561 273 599 313
face 0.29284167289733887 561 273 599 313
face 0.27998483180999756 561 273 599 313
face 0.26983559131622314 561 273 599 313
face 0.15206164121627808 561 273 599 313
face 0.1464819312095642 561 273 599 313
face 0.13560017943382263 561 273 599 313
face 0.1210920512676239 561 273 599 313
face 0.11971214413642883 561 273 599 313
face 0.10975033044815063 561 273 599 313
face 0.093054860830307 561 273 599 313
face 0.08627086877822876 561 273 599 313
face 0.0802268385887146 561 273 599 313
face 0.07331088185310364 561 273 599 313
face 0.06822580099105835 561 273 599 313
face 0.06764701008796692 561 273 599 313
face 0.0672798752784729 561 273 599 313
face 0.06492406129837036 561 273 599 313
face 0.06143733859062195 561 273 599 313
face 0.05917605757713318 561 273 599 313
face 0.05683472752571106 561 273 599 313
face 0.05491665005683899 561 273 599 313
face 0.051907867193222046 561 273 599 313
face 0.04960167407989502 561 273 599 313
face 0.04908403754234314 561 273 599 313
face 0.04611051082611084 561 273 599 313
face 0.04075738787651062 561 273 599 313
face 0.04022452235221863 561 273 599 313
face 0.038324594497680664 561 273 599 313
face 0.03822648525238037 561 273 599 313
face 0.03680837154388428 561 273 599 313
face 0.03508549928665161 561 273 599 313
face 0.033218979835510254 561 273 599 313
face 0.03235664963722229 561 273 599 313
face 0.031861573457717896 561 273 599 313
face 0.028791576623916626 561 273 599 313
face 0.028081923723220825 561 273 599 313
face 0.026707977056503296 561 273 599 313
face 0.02582681179046631 561 273 599 313
face 0.02562081813812256 561 273 599 313
face 0.024539411067962646 561 273 599 313
face 0.02257007360458374 561 273 599 313
face 0.022232621908187866 561 273 599 313
face 0.021350592374801636 561 273 599 313
face 0.020776361227035522 561 273 599 313
face 0.020676136016845703 561 273 599 313
face 0.020572930574417114 561 273 599 313
face 0.019858509302139282 561 273 599 313
face 0.019360125064849854 561 273 599 313
face 0.017458587884902954 561 273 599 313
face 0.01714247465133667 561 273 599 313
face 0.016743361949920654 561 273 599 313
face 0.016022920608520508 561 273 599 313
face 0.01585221290588379 561 273 599 313
face 0.01570180058479309 561 273 599 313
face 0.015171349048614502 561 273 599 313
face 0.014810442924499512 561 273 599 313
face 0.014681071043014526 561 273 599 313
face 0.014646351337432861 561 273 599 313
face 0.014520525932312012 561 273 599 313
face 0.014409780502319336 561 273 599 313
face 0.014285832643508911 561 273 599 313
face 0.01409795880317688 561 273 599 313
face 0.013878226280212402 561 273 599 313
face 0.01386260986328125 561 273 599 313
face 0.013654083013534546 561 273 599 313
face 0.013299316167831421 561 273 599 313
face 0.013160526752471924 561 273 599 313
face 0.012555152177810669 561 273 599 313
face 0.012365370988845825 561 273 599 313
face 0.012273967266082764 561 273 599 313
face 0.011424809694290161 561 273 599 313
face 0.011396080255508423 561 273 599 313
face 0.010843932628631592 561 273 599 313
face 0.010789364576339722 561 273 599 313
face 0.01069745421409607 561 273 599 313
face 0.010663747787475586 561 273 599 313
face 0.010624468326568604 561 273 599 313
face 0.01050722599029541 561 273 599 313
face 0.010200291872024536 561 273 599 313
face 0.010077685117721558 561 273 599 313
face 0.01004636287689209 561 273 599 313
