face 0.9987396001815796 222 62 274 119
face 0.972031831741333 707 65 748 111
face 0.7354740500450134 846 60 895 123
face 0.40236178040504456 846 60 895 123
face 0.2500080466270447 846 60 895 123
face 0.2382332980632782 846 60 895 123
face 0.1365257203578949 846 60 895 123
face 0.13316497206687927 846 60 895 123
face 0.11745935678482056 846 60 895 123
face 0.10184556245803833 846 60 895 123
face 0.08332693576812744 846 60 895 123
face 0.08259397745132446 846 60 895 123
face 0.07531604170799255 846 60 895 123
face 0.07277697324752808 846 60 895 123
face 0.06564351916313171 846 60 895 123
face 0.06488233804702759 846 60 895 123
face 0.061331361532211304 846 60 895 123
face 0.05851536989212036 846 60 895 123
face 0.05804482102394104 846 60 895 123
face 0.05745980143547058 846 60 895 123
face 0.05652478337287903 846 60 895 123
face 0.05396917462348938 846 60 895 123
face 0.05101966857910156 846 60 895 123
face 0.05049985647201538 846 60 895 123
face 0.044185906648635864 846 60 895 123
face 0.04233512282371521 846 60 895 123
face 0.040274590253829956 846 60 895 123
face 0.03933873772621155 846 60 895 123
face 0.03606581687927246 846 60 895 123
face 0.03191894292831421 846 60 895 123
face 0.03126955032348633 846 60 895 123
face 0.030963927507400513 846 60 895 123
face 0.03074684739112854 846 60 895 123
face 0.030488669872283936 846 60 895 123
face 0.0288236141204834 846 60 895 123
face 0.02765887975692749 846 60 895 123
face 0.026755154132843018 846 60 895 123
face 0.026598423719406128 846 60 895 123
face 0.02641579508781433 846 60 895 123
face 0.025932759046554565 846 60 895 123
face 0.025923103094100952 846 60 895 123
face 0.02525952458381653 846 60 895 123
face 0.025193750858306885 846 60 895 123
face 0.025047481060028076 846 60 895 123
face 0.02476811408996582 846 60 895 123
face 0.02385774254798889 846 60 895 123
face 0.023411929607391357 846 60 895 123
face 0.023334354162216187 846 60 895 123
face 0.023288488388061523 846 60 895 123
face 0.022627204656600952 846 60 895 123
face 0.022602170705795288 846 60 895 123
face 0.02142488956451416 846 60 895 123
face 0.02141129970550537 846 60 895 123
face 0.021237492561340332 846 60 895 123
face 0.021219402551651 846 60 895 123
face 0.020738214254379272 846 60 895 123
face 0.02065986394882202 846 60 895 123
face 0.02050793170928955 846 60 895 123
face 0.0203799307346344 846 60 895 123
face 0.020194023847579956 846 60 895 123
face 0.020083606243133545 846 60 895 123
face 0.01956501603126526 846 60 895 123
face 0.019160151481628418 846 60 895 123
face 0.018988728523254395 846 60 895 123
face 0.018913328647613525 846 60 895 123
face 0.018373429775238037 846 60 895 123
face 0.018325388431549072 846 60 895 123
face 0.018146812915802002 846 60 895 123
face 0.01773977279663086 846 60 895 123
face 0.017579644918441772 846 60 895 123
face 0.017176955938339233 846 60 895 123
face 0.01710769534111023 846 60 895 123
face 0.017022818326950073 846 60 895 123
face 0.016828596591949463 846 60 895 123
face 0.016817569732666016 846 60 895 123
face 0.01672917604446411 846 60 895 123
face 0.016680598258972168 846 60 895 123
face 0.016536086797714233 846 60 895 123
face 0.016446948051452637 846 60 895 123
face 0.01588594913482666 846 60 895 123
face 0.015713900327682495 846 60 895 123
face 0.015462279319763184 846 60 895 123
face 0.015454381704330444 846 60 895 123
face 0.014848142862319946 846 60 895 123
face 0.014776110649108887 846 60 895 123
face 0.014454960823059082 846 60 895 123
face 0.014383524656295776 846 60 895 123
face 0.014185786247253418 846 60 895 123
face 0.014146566390991211 846 60 895 123
face 0.014065802097320557 846 60 895 123
face 0.013980597257614136 846 60 895 123
face 0.013876497745513916 846 60 895 123
face 0.013810843229293823 846 60 895 123
face 0.013774067163467407 846 60 895 123
face 0.01366502046585083 846 60 895 123
face 0.013603955507278442 846 60 895 123
face 0.013572096824645996 846 60 895 123
face 0.013393938541412354 846 60 895 123
face 0.013365060091018677 846 60 895 123
face 0.013102829456329346 846 60 895 123
