face 0.7728272676467896 490 66 588 185
face 0.6880548000335693 743 431 760 456
face 0.6080747246742249 193 403 216 428
face 0.5335009098052979 275 2 360 90
face 0.3736790418624878 275 2 360 90
face 0.3243178725242615 275 2 360 90
face 0.30079329013824463 275 2 360 90
face 0.1259899139404297 275 2 360 90
face 0.11572784185409546 275 2 360 90
face 0.1053706705570221 275 2 360 90
face 0.10408830642700195 275 2 360 90
face 0.09919309616088867 275 2 360 90
face 0.08744853734970093 275 2 360 90
face 0.053904712200164795 275 2 360 90
face 0.052684515714645386 275 2 360 90
face 0.0512671172618866 275 2 360 90
face 0.0490763783454895 275 2 360 90
face 0.04510584473609924 275 2 360 90
face 0.04358592629432678 275 2 360 90
face 0.04153648018836975 275 2 360 90
face 0.03996977210044861 275 2 360 90
face 0.03978678584098816 275 2 360 90
face 0.039299339056015015 275 2 360 90
face 0.03923735022544861 275 2 360 90
face 0.03360435366630554 275 2 360 90
face 0.03074374794960022 275 2 360 90
face 0.026881098747253418 275 2 360 90
face 0.025060027837753296 275 2 360 90
face 0.025013655424118042 275 2 360 90
face 0.02332291007041931 275 2 360 90
face 0.02322477102279663 275 2 360 90
face 0.02054232358932495 275 2 360 90
face 0.018667757511138916 275 2 360 90
face 0.017690956592559814 275 2 360 90
face 0.01716059446334839 275 2 360 90
face 0.01648232340812683 275 2 360 90
face 0.01612076163291931 275 2 360 90
face 0.016120612621307373 275 2 360 90
face 0.015820473432540894 275 2 360 90
face 0.015463411808013916 275 2 360 90
face 0.014867991209030151 275 2 360 90
face 0.014536142349243164 275 2 360 90
face 0.014336079359054565 275 2 360 90
face 0.014025866985321045 275 2 360 90
face 0.01374557614326477 275 2 360 90
face 0.012983143329620361 275 2 360 90
face 0.012934952974319458 275 2 360 90
face 0.012717515230178833 275 2 360 90
face 0.01249772310256958 275 2 360 90
face 0.01222255825996399 275 2 360 90
face 0.011919468641281128 275 2 360 90
face 0.01167556643486023 275 2 360 90
face 0.01136043667793274 275 2 360 90
face 0.011357128620147705 275 2 360 90
face 0.011332869529724121 275 2 360 90
face 0.01127779483795166 275 2 360 90
face 0.010852217674255371 275 2 360 90
face 0.010646909475326538 275 2 360 90
face 0.010436683893203735 275 2 360 90
face 0.010431528091430664 275 2 360 90
face 0.010339170694351196 275 2 360 90
face 0.010233938694000244 275 2 360 90
face 0.010149925947189331 275 2 360 90
face 0.010129421949386597 275 2 360 90
face 0.009998857975006104 275 2 360 90
face 0.009817153215408325 275 2 360 90
face 0.009816080331802368 275 2 360 90
face 0.009764492511749268 275 2 360 90
face 0.00931239128112793 275 2 360 90
face 0.009188473224639893 275 2 360 90
face 0.00906631350517273 275 2 360 90
face 0.008949726819992065 275 2 360 90
face 0.008924335241317749 275 2 360 90
face 0.00889575481414795 275 2 360 90
face 0.008815407752990723 275 2 360 90
face 0.008462786674499512 275 2 360 90
face 0.0084306001663208 275 2 360 90
face 0.008277744054794312 275 2 360 90
face 0.008193671703338623 275 2 360 90
face 0.008165329694747925 275 2 360 90
face 0.00807422399520874 275 2 360 90
face 0.007990151643753052 275 2 360 90
face 0.007692694664001465 275 2 360 90
face 0.007657736539840698 275 2 360 90
face 0.007624030113220215 275 2 360 90
face 0.0074651241302490234 275 2 360 90
face 0.0074555277824401855 275 2 360 90
face 0.00739714503288269 275 2 360 90
face 0.0072810351848602295 275 2 360 90
face 0.007275044918060303 275 2 360 90
face 0.007224053144454956 275 2 360 90
face 0.007190823554992676 275 2 360 90
face 0.007114410400390625 275 2 360 90
face 0.007075071334838867 275 2 360 90
face 0.006983309984207153 275 2 360 90
face 0.006957143545150757 275 2 360 90
face 0.00693821907043457 275 2 360 90
face 0.006811589002609253 275 2 360 90
face 0.006619870662689209 275 2 360 90
face 0.006583362817764282 275 2 360 90
