face 0.9532051086425781 527 246 599 337
face 0.7813066244125366 304 249 355 302
face 0.3304387331008911 304 249 355 302
face 0.2364376187324524 304 249 355 302
face 0.21701273322105408 304 249 355 302
face 0.1253437101840973 304 249 355 302
face 0.1066531240940094 304 249 355 302
face 0.10551753640174866 304 249 355 302
face 0.09865087270736694 304 249 355 302
face 0.09649690985679626 304 249 355 302
face 0.09353277087211609 304 249 355 302
face 0.09120482206344604 304 249 355 302
face 0.09082075953483582 304 249 355 302
face 0.06596636772155762 304 249 355 302
face 0.06050559878349304 304 249 355 302
face 0.06023856997489929 304 249 355 302
face 0.06002628803253174 304 249 355 302
face 0.058653563261032104 304 249 355 302
face 0.05800145864486694 304 249 355 302
face 0.05579391121864319 304 249 355 302
face 0.05444866418838501 304 249 355 302
face 0.05428162217140198 304 249 355 302
face 0.053960442543029785 304 249 355 302
face 0.048654407262802124 304 249 355 302
face 0.047999024391174316 304 249 355 302
face 0.046710819005966187 304 249 355 302
face 0.045547157526016235 304 249 355 302
face 0.04425254464149475 304 249 355 302
face 0.04267120361328125 304 249 355 302
face 0.041160762310028076 304 249 355 302
face 0.04090505838394165 304 249 355 302
face 0.0399627685546875 304 249 355 302
face 0.039246559143066406 304 249 355 302
face 0.03721514344215393 304 249 355 302
face 0.03709498047828674 304 249 355 302
face 0.037069886922836304 304 249 355 302
face 0.03432983160018921 304 249 355 302
face 0.033740490674972534 304 249 355 302
face 0.03159371018409729 304 249 355 302
face 0.031006693840026855 304 249 355 302
face 0.030916720628738403 304 249 355 302
face 0.028010159730911255 304 249 355 302
face 0.02727988362312317 304 249 355 302
face 0.026981621980667114 304 249 355 302
face 0.026980161666870117 304 249 355 302
face 0.02689284086227417 304 249 355 302
face 0.026294678449630737 304 249 355 302
face 0.02608048915863037 304 249 355 302
face 0.025812387466430664 304 249 355 302
face 0.025651246309280396 304 249 355 302
face 0.02558070421218872 304 249 355 302
face 0.024874716997146606 304 249 355 302
face 0.02459016442298889 304 249 355 302
face 0.023184537887573242 304 249 355 302
face 0.022260993719100952 304 249 355 302
face 0.022073686122894287 304 249 355 302
face 0.022006720304489136 304 249 355 302
face 0.021895289421081543 304 249 355 302
face 0.021724194288253784 304 249 355 302
face 0.02146512269973755 304 249 355 302
face 0.021380573511123657 304 249 355 302
face 0.021153509616851807 304 249 355 302
face 0.02112528681755066 304 249 355 302
face 0.02104678750038147 304 249 355 302
face 0.021005481481552124 304 249 355 302
face 0.020914703607559204 304 249 355 302
face 0.020718693733215332 304 249 355 302
face 0.020701080560684204 304 249 355 302
face 0.02054879069328308 304 249 355 302
face 0.020472586154937744 304 249 355 302
face 0.01998189091682434 304 249 355 302
face 0.01995256543159485 304 249 355 302
face 0.01994428038597107 304 249 355 302
face 0.019778311252593994 304 249 355 302
face 0.019663572311401367 304 249 355 302
face 0.019603848457336426 304 249 355 302
face 0.018986612558364868 304 249 355 302
face 0.01868453621864319 304 249 355 302
face 0.018460482358932495 304 249 355 302
face 0.018364936113357544 304 249 355 302
face 0.018150120973587036 304 249 355 302
face 0.018112897872924805 304 249 355 302
face 0.01763629913330078 304 249 355 302
face 0.01745501160621643 304 249 355 302
face 0.017128854990005493 304 249 355 302
face 0.01704484224319458 304 249 355 302
face 0.017017841339111328 304 249 355 302
face 0.01700153946876526 304 249 355 302
face 0.016783595085144043 304 249 355 302
face 0.016475021839141846 304 249 355 302
face 0.01637554168701172 304 249 355 302
face 0.016203463077545166 304 249 355 302
face 0.015901893377304077 304 249 355 302
face 0.015876293182373047 304 249 355 302
face 0.01585403084754944 304 249 355 302
face 0.015659630298614502 304 249 355 302
face 0.015409260988235474 304 249 355 302
face 0.015372425317764282 304 249 355 302
face 0.015218406915664673 304 249 355 302
face 0.015164494514465332 304 249 355 302
