face 0.984525203704834 684 369 770 478
face 0.9726278185844421 481 696 575 821
face 0.9030617475509644 269 347 349 446
face 0.38889622688293457 269 347 349 446
face 0.2914689779281616 269 347 349 446
face 0.28868991136550903 269 347 349 446
face 0.2561813294887543 269 347 349 446
face 0.11376386880874634 269 347 349 446
face 0.10140994191169739 269 347 349 446
face 0.10119128227233887 269 347 349 446
face 0.10092002153396606 269 347 349 446
face 0.06054219603538513 269 347 349 446
face 0.04439753293991089 269 347 349 446
face 0.0398905873298645 269 347 349 446
face 0.03870895504951477 269 347 349 446
face 0.025196611881256104 269 347 349 446
face 0.02484920620918274 269 347 349 446
face 0.02346658706665039 269 347 349 446
face 0.022304624319076538 269 347 349 446
face 0.020884215831756592 269 347 349 446
face 0.02036428451538086 269 347 349 446
face 0.01886025071144104 269 347 349 446
face 0.01724797487258911 269 347 349 446
face 0.016998350620269775 269 347 349 446
face 0.016544491052627563 269 347 349 446
face 0.014928370714187622 269 347 349 446
face 0.014570415019989014 269 347 349 446
face 0.014246702194213867 269 347 349 446
face 0.013916105031967163 269 347 349 446
face 0.013580799102783203 269 347 349 446
face 0.013312876224517822 269 347 349 446
face 0.013240069150924683 269 347 349 446
face 0.013161897659301758 269 347 349 446
face 0.012963443994522095 269 347 349 446
face 0.012808382511138916 269 347 349 446
face 0.01268303394317627 269 347 349 446
face 0.012580275535583496 269 347 349 446
face 0.012103348970413208 269 347 349 446
face 0.01192823052406311 269 347 349 446
face 0.011902213096618652 269 347 349 446
face 0.011508315801620483 269 347 349 446
face 0.011138170957565308 269 347 349 446
face 0.01092180609703064 269 347 349 446
face 0.010384321212768555 269 347 349 446
face 0.010305613279342651 269 347 349 446
face 0.010264605283737183 269 347 349 446
face 0.009857922792434692 269 347 349 446
face 0.009367108345031738 269 347 349 446
face 0.009190589189529419 269 347 349 446
face 0.009169459342956543 269 347 349 446
face 0.009149372577667236 269 347 349 446
face 0.008925586938858032 269 347 349 446
face 0.008906066417694092 269 347 349 446
face 0.008775651454925537 269 347 349 446
face 0.008771330118179321 269 347 349 446
face 0.008347898721694946 269 347 349 446
face 0.008280068635940552 269 347 349 446
face 0.008109360933303833 269 347 349 446
face 0.008083313703536987 269 347 349 446
face 0.00804203748703003 269 347 349 446
face 0.008025020360946655 269 347 349 446
face 0.00783345103263855 269 347 349 446
face 0.007797449827194214 269 347 349 446
face 0.007685482501983643 269 347 349 446
face 0.007572472095489502 269 347 349 446
face 0.007567852735519409 269 347 349 446
face 0.007528066635131836 269 347 349 446
face 0.007403850555419922 269 347 349 446
face 0.007388442754745483 269 347 349 446
face 0.007279127836227417 269 347 349 446
face 0.007046878337860107 269 347 349 446
face 0.006977736949920654 269 347 349 446
face 0.006967276334762573 269 347 349 446
face 0.006917864084243774 269 347 349 446
face 0.006813168525695801 269 347 349 446
face 0.006782323122024536 269 347 349 446
face 0.006635785102844238 269 347 349 446
face 0.0065506696701049805 269 347 349 446
face 0.006523847579956055 269 347 349 446
face 0.006515711545944214 269 347 349 446
face 0.0065049827098846436 269 347 349 446
face 0.006437748670578003 269 347 349 446
face 0.006383568048477173 269 347 349 446
face 0.006383031606674194 269 347 349 446
face 0.006261259317398071 269 347 349 446
face 0.006155937910079956 269 347 349 446
face 0.006069183349609375 269 347 349 446
face 0.00602489709854126 269 347 349 446
face 0.0059968531131744385 269 347 349 446
face 0.0058927834033966064 269 347 349 446
face 0.0058863162994384766 269 347 349 446
face 0.0058006346225738525 269 347 349 446
face 0.0057561397552490234 269 347 349 446
face 0.005711734294891357 269 347 349 446
face 0.005670994520187378 269 347 349 446
face 0.005633890628814697 269 347 349 446
face 0.005561619997024536 269 347 349 446
face 0.005547881126403809 269 347 349 446
face 0.005539387464523315 269 347 349 446
face 0.005535542964935303 269 347 349 446
