face 0.9997233152389526 240 254 260 283
face 0.9994907975196838 673 263 693 292
face 0.9992079734802246 621 257 639 283
face 0.9988101720809937 888 264 908 290
face 0.9987443089485168 358 262 378 289
face 0.9985707998275757 570 232 589 258
face 0.9985551834106445 305 261 324 289
face 0.9983168244361877 362 339 383 366
face 0.9982584118843079 951 263 971 290
face 0.9981566667556763 74 233 93 259
face 0.9981436729431152 445 328 469 359
face 0.9980833530426025 190 227 207 252
face 0.997963011264801 831 245 854 275
face 0.9972923398017883 463 253 484 281
face 0.9955899715423584 572 356 592 384
face 0.9949761629104614 673 232 691 257
face 0.9946776032447815 130 332 154 361
face 0.9935474395751953 622 235 639 259
face 0.9934430122375488 734 280 754 309
face 0.9931856393814087 344 231 362 254
face 0.9929158091545105 131 231 148 254
face 0.9922739267349243 670 358 689 385
face 0.9918961524963379 468 223 487 246
face 0.9910376071929932 412 248 431 275
face 0.990053653717041 525 225 543 250
face 0.9890475273132324 731 231 749 255
face 0.9877151250839233 91 261 112 288
face 0.9721342325210571 235 230 253 253
face 0.9604443311691284 288 230 305 252
face 0.9550942182540894 390 230 410 254
face 0.9524045586585999 516 259 536 285
face 0.950864315032959 69 320 92 348
face 0.866592526435852 778 241 799 266
face 0.826998233795166 178 258 197 284
face 0.8190832734107971 241 345 262 375
face 0.7547750473022461 771 243 793 271
face 0.680972695350647 363 372 384 397
face 0.6608114242553711 157 256 176 281
face 0.6412042379379272 298 343 317 371
face 0.5621521472930908 563 260 581 284
face 0.5507214069366455 298 353 319 381
face 0.4609679877758026 298 353 319 381
face 0.39530226588249207 298 353 319 381
face 0.1792997121810913 298 353 319 381
face 0.13402923941612244 298 353 319 381
face 0.08118531107902527 298 353 319 381
face 0.07526689767837524 298 353 319 381
face 0.07158985733985901 298 353 319 381
face 0.06015762686729431 298 353 319 381
face 0.0441092848777771 298 353 319 381
face 0.042162686586380005 298 353 319 381
face 0.04059040546417236 298 353 319 381
face 0.03331869840621948 298 353 319 381
face 0.027199149131774902 298 353 319 381
face 0.025258183479309082 298 353 319 381
face 0.015325814485549927 298 353 319 381
face 0.014666259288787842 298 353 319 381
face 0.012902975082397461 298 353 319 381
face 0.012367039918899536 298 353 319 381
face 0.011440008878707886 298 353 319 381
face 0.01101580262184143 298 353 319 381
face 0.010707378387451172 298 353 319 381
face 0.010181516408920288 298 353 319 381
face 0.009385675191879272 298 353 319 381
face 0.009130120277404785 298 353 319 381
face 0.009124577045440674 298 353 319 381
face 0.009021997451782227 298 353 319 381
face 0.008782058954238892 298 353 319 381
face 0.008690506219863892 298 353 319 381
face 0.008122652769088745 298 353 319 381
face 0.008106887340545654 298 353 319 381
face 0.008100003004074097 298 353 319 381
face 0.007306039333343506 298 353 319 381
face 0.007187396287918091 298 353 319 381
face 0.006840050220489502 298 353 319 381
face 0.006829977035522461 298 353 319 381
face 0.006517767906188965 298 353 319 381
face 0.0064172446727752686 298 353 319 381
face 0.0063755810260772705 298 353 319 381
face 0.00631183385848999 298 353 319 381
face 0.006209641695022583 298 353 319 381
face 0.006111651659011841 298 353 319 381
face 0.005927532911300659 298 353 319 381
face 0.005369961261749268 298 353 319 381
face 0.00496363639831543 298 353 319 381
face 0.0048754215240478516 298 353 319 381
face 0.00485539436340332 298 353 319 381
face 0.004696190357208252 298 353 319 381
face 0.004622519016265869 298 353 319 381
face 0.004370570182800293 298 353 319 381
face 0.004058241844177246 298 353 319 381
face 0.0037286579608917236 298 353 319 381
face 0.0036991536617279053 298 353 319 381
face 0.0036494433879852295 298 353 319 381
face 0.0035452842712402344 298 353 319 381
face 0.0033901333808898926 298 353 319 381
face 0.002980440855026245 298 353 319 381
face 0.0029143989086151123 298 353 319 381
face 0.0027896761894226074 298 353 319 381
face 0.002621591091156006 298 353 319 381
