face 0.9993836879730225 221 124 251 165
face 0.9980078935623169 131 113 163 150
face 0.9976859092712402 348 123 380 165
face 0.9972163438796997 869 282 903 322
face 0.9963027238845825 282 114 314 154
face 0.9955198764801025 595 111 625 149
face 0.9951566457748413 652 213 689 262
face 0.9949377775192261 768 284 801 322
face 0.9940786361694336 182 295 219 338
face 0.9912850856781006 72 141 105 182
face 0.9904458522796631 305 299 340 345
face 0.9902615547180176 704 117 733 154
face 0.9840330481529236 467 124 503 166
face 0.9669078588485718 537 223 571 264
face 0.9591221809387207 808 120 836 156
face 0.9502526521682739 523 100 555 136
face 0.9476456642150879 931 131 962 170
face 0.8984118103981018 645 116 675 154
face 0.8931657671928406 406 102 439 141
face 0.8250094652175903 839 170 866 205
face 0.511338472366333 421 224 455 265
face 0.06581351161003113 421 224 455 265
face 0.048195838928222656 421 224 455 265
face 0.04768019914627075 421 224 455 265
face 0.0464748740196228 421 224 455 265
face 0.04470434784889221 421 224 455 265
face 0.040693432092666626 421 224 455 265
face 0.02853769063949585 421 224 455 265
face 0.02014845609664917 421 224 455 265
face 0.01852300763130188 421 224 455 265
face 0.018473505973815918 421 224 455 265
face 0.016282618045806885 421 224 455 265
face 0.014317750930786133 421 224 455 265
face 0.01321682333946228 421 224 455 265
face 0.011178910732269287 421 224 455 265
face 0.010565489530563354 421 224 455 265
face 0.009736239910125732 421 224 455 265
face 0.009631037712097168 421 224 455 265
face 0.009125739336013794 421 224 455 265
face 0.008741289377212524 421 224 455 265
face 0.008412808179855347 421 224 455 265
face 0.00726395845413208 421 224 455 265
face 0.0069738030433654785 421 224 455 265
face 0.006647258996963501 421 224 455 265
face 0.0065097808837890625 421 224 455 265
face 0.0064849853515625 421 224 455 265
face 0.00648123025894165 421 224 455 265
face 0.006416767835617065 421 224 455 265
face 0.006370812654495239 421 224 455 265
face 0.0063346922397613525 421 224 455 265
face 0.006004512310028076 421 224 455 265
face 0.005979657173156738 421 224 455 265
face 0.005818396806716919 421 224 455 265
face 0.005645275115966797 421 224 455 265
face 0.005451172590255737 421 224 455 265
face 0.0053604841232299805 421 224 455 265
face 0.005326211452484131 421 224 455 265
face 0.005102217197418213 421 224 455 265
face 0.004911750555038452 421 224 455 265
face 0.004782199859619141 421 224 455 265
face 0.004630059003829956 421 224 455 265
face 0.004502683877944946 421 224 455 265
face 0.004413098096847534 421 224 455 265
face 0.004406362771987915 421 224 455 265
face 0.004355430603027344 421 224 455 265
face 0.004302024841308594 421 224 455 265
face 0.004058718681335449 421 224 455 265
face 0.004054546356201172 421 224 455 265
face 0.004045814275741577 421 224 455 265
face 0.003958255052566528 421 224 455 265
face 0.0037563741207122803 421 224 455 265
face 0.0035535693168640137 421 224 455 265
face 0.003482222557067871 421 224 455 265
face 0.0033718347549438477 421 224 455 265
face 0.0033574700355529785 421 224 455 265
face 0.003285825252532959 421 224 455 265
face 0.003258943557739258 421 224 455 265
face 0.003191620111465454 421 224 455 265
face 0.0031908154487609863 421 224 455 265
face 0.0031856391578912735 421 224 455 265
face 0.003184020519256592 421 224 455 265
face 0.0031822025775909424 421 224 455 265
face 0.0031245052814483643 421 224 455 265
face 0.0031031668186187744 421 224 455 265
face 0.003095775842666626 421 224 455 265
face 0.0030901730060577393 421 224 455 265
face 0.003009110689163208 421 224 455 265
face 0.0029417574405670166 421 224 455 265
face 0.002839207649230957 421 224 455 265
face 0.0028190314769744873 421 224 455 265
face 0.0028096139430999756 421 224 455 265
face 0.0027849674224853516 421 224 455 265
face 0.002782881259918213 421 224 455 265
face 0.002781897783279419 421 224 455 265
face 0.0027579665184020996 421 224 455 265
face 0.002715557813644409 421 224 455 265
face 0.0026910603046417236 421 224 455 265
face 0.0026848316192626953 421 224 455 265
face 0.0026602447032928467 421 224 455 265
face 0.002627938985824585 421 224 455 265
