face 0.9995568990707397 390 244 421 283
face 0.9992327690124512 558 132 585 166
face 0.9990914463996887 235 277 270 319
face 0.9988851547241211 242 177 271 216
face 0.998765230178833 598 276 631 322
face 0.9981513023376465 608 214 640 253
face 0.9979531764984131 837 194 866 231
face 0.9974862933158875 551 279 579 322
face 0.9971596002578735 339 150 367 187
face 0.996554970741272 473 122 499 155
face 0.996170699596405 444 151 471 186
face 0.9937412738800049 734 267 765 308
face 0.9895356893539429 806 262 838 299
face 0.9894639253616333 383 124 410 158
face 0.988545298576355 723 192 755 229
face 0.9846476316452026 184 260 217 300
face 0.9789108037948608 295 257 328 297
face 0.9785419702529907 390 306 423 351
face 0.972183346748352 327 218 357 254
face 0.9665846824645996 487 196 518 234
face 0.9478991031646729 297 178 325 215
face 0.9419111013412476 649 273 678 314
face 0.9107905626296997 664 210 696 250
face 0.901638925075531 514 229 543 265
face 0.8978689908981323 717 153 746 187
face 0.8866158723831177 390 184 420 218
face 0.8845212459564209 635 148 664 185
face 0.801983118057251 80 371 98 394
face 0.727816641330719 717 146 746 178
face 0.6760668754577637 481 274 511 315
face 0.656693696975708 569 184 596 217
face 0.6257248520851135 566 189 593 225
face 0.32510441541671753 566 189 593 225
face 0.3093583583831787 566 189 593 225
face 0.2827138304710388 566 189 593 225
face 0.2105894684791565 566 189 593 225
face 0.20365053415298462 566 189 593 225
face 0.1341184675693512 566 189 593 225
face 0.12763306498527527 566 189 593 225
face 0.06714624166488647 566 189 593 225
face 0.05196687579154968 566 189 593 225
face 0.04619711637496948 566 189 593 225
face 0.03376281261444092 566 189 593 225
face 0.03028079867362976 566 189 593 225
face 0.02856212854385376 566 189 593 225
face 0.026028871536254883 566 189 593 225
face 0.025911718606948853 566 189 593 225
face 0.02563631534576416 566 189 593 225
face 0.02105093002319336 566 189 593 225
face 0.019537419080734253 566 189 593 225
face 0.018228471279144287 566 189 593 225
face 0.01682397723197937 566 189 593 225
face 0.0162581205368042 566 189 593 225
face 0.01625576615333557 566 189 593 225
face 0.015229552984237671 566 189 593 225
face 0.01513013243675232 566 189 593 225
face 0.013112872838973999 566 189 593 225
face 0.012829035520553589 566 189 593 225
face 0.012304425239562988 566 189 593 225
face 0.011755645275115967 566 189 593 225
face 0.010414093732833862 566 189 593 225
face 0.010119259357452393 566 189 593 225
face 0.007680833339691162 566 189 593 225
face 0.007067322731018066 566 189 593 225
face 0.006982237100601196 566 189 593 225
face 0.006647467613220215 566 189 593 225
face 0.006459027528762817 566 189 593 225
face 0.006151705980300903 566 189 593 225
face 0.00588613748550415 566 189 593 225
face 0.005377411842346191 566 189 593 225
face 0.004960685968399048 566 189 593 225
face 0.004924118518829346 566 189 593 225
face 0.004768788814544678 566 189 593 225
face 0.004655659198760986 566 189 593 225
face 0.004573643207550049 566 189 593 225
face 0.004556328058242798 566 189 593 225
face 0.004165530204772949 566 189 593 225
face 0.0038901567459106445 566 189 593 225
face 0.003778904676437378 566 189 593 225
face 0.0037629008293151855 566 189 593 225
face 0.003753066062927246 566 189 593 225
face 0.0035817325115203857 566 189 593 225
face 0.0035522282123565674 566 189 593 225
face 0.0035404562950134277 566 189 593 225
face 0.0034393668174743652 566 189 593 225
face 0.003424733877182007 566 189 593 225
face 0.0033514797687530518 566 189 593 225
face 0.0032805204391479492 566 189 593 225
face 0.0032074153423309326 566 189 593 225
face 0.0031770169734954834 566 189 593 225
face 0.003136157989501953 566 189 593 225
face 0.003132760524749756 566 189 593 225
face 0.003120243549346924 566 189 593 225
face 0.0030122101306915283 566 189 593 225
face 0.0029799938201904297 566 189 593 225
face 0.0029237568378448486 566 189 593 225
face 0.002903848886489868 566 189 593 225
face 0.0028484463691711426 566 189 593 225
face 0.002823740243911743 566 189 593 225
face 0.002765268087387085 566 189 593 225
