face 0.9995377659797668 111 215 149 259
face 0.999403715133667 510 224 537 266
face 0.9991151094436646 785 230 819 273
face 0.9986714720726013 277 218 308 258
face 0.9982577562332153 581 226 607 265
face 0.9979649782180786 717 220 749 263
face 0.997122049331665 861 211 894 255
face 0.9959414005279541 441 216 470 258
face 0.8281679153442383 375 239 405 280
face 0.6655178070068359 212 229 244 268
face 0.6149231195449829 641 235 668 274
face 0.10410335659980774 641 235 668 274
face 0.04913735389709473 641 235 668 274
face 0.01629433035850525 641 235 668 274
face 0.013555526733398438 641 235 668 274
face 0.011812925338745117 641 235 668 274
face 0.01135149598121643 641 235 668 274
face 0.01006162166595459 641 235 668 274
face 0.009131908416748047 641 235 668 274
face 0.008538037538528442 641 235 668 274
face 0.008403599262237549 641 235 668 274
face 0.007682919502258301 641 235 668 274
face 0.00738176703453064 641 235 668 274
face 0.0071437060832977295 641 235 668 274
face 0.006783008575439453 641 235 668 274
face 0.006598114967346191 641 235 668 274
face 0.006539404392242432 641 235 668 274
face 0.005480021238327026 641 235 668 274
face 0.005109846591949463 641 235 668 274
face 0.005058705806732178 641 235 668 274
face 0.00502777099609375 641 235 668 274
face 0.0049860477447509766 641 235 668 274
face 0.004420608282089233 641 235 668 274
face 0.004409044981002808 641 235 668 274
face 0.004149883985519409 641 235 668 274
face 0.004146963357925415 641 235 668 274
face 0.004131495952606201 641 235 668 274
face 0.004013419151306152 641 235 668 274
face 0.003889143466949463 641 235 668 274
face 0.0037786364555358887 641 235 668 274
face 0.003772139549255371 641 235 668 274
face 0.0037100911140441895 641 235 668 274
face 0.00369378924369812 641 235 668 274
face 0.003635585308074951 641 235 668 274
face 0.003374934196472168 641 235 668 274
face 0.0031168460845947266 641 235 668 274
face 0.002988487482070923 641 235 668 274
face 0.002875417470932007 641 235 668 274
face 0.002806246280670166 641 235 668 274
face 0.0027181506156921387 641 235 668 274
face 0.0025898218154907227 641 235 668 274
face 0.002571582794189453 641 235 668 274
face 0.0025191009044647217 641 235 668 274
face 0.002482086420059204 641 235 668 274
face 0.0023723840713500977 641 235 668 274
face 0.002325385808944702 641 235 668 274
face 0.0023066699504852295 641 235 668 274
face 0.0022935867309570312 641 235 668 274
face 0.00229036808013916 641 235 668 274
face 0.0021867454051971436 641 235 668 274
face 0.002166748046875 641 235 668 274
face 0.002066582441329956 641 235 668 274
face 0.0020199716091156006 641 235 668 274
face 0.0020049214363098145 641 235 668 274
face 0.0020009279251098633 641 235 668 274
face 0.0019791722297668457 641 235 668 274
face 0.0019290745258331299 641 235 668 274
face 0.001847386360168457 641 235 668 274
face 0.0018361210823059082 641 235 668 274
face 0.0018344223499298096 641 235 668 274
face 0.0017948746681213379 641 235 668 274
face 0.0017729401588439941 641 235 668 274
face 0.0017563998699188232 641 235 668 274
face 0.0017499327659606934 641 235 668 274
face 0.001745760440826416 641 235 668 274
face 0.0017023980617523193 641 235 668 274
face 0.001683354377746582 641 235 668 274
face 0.0016778111457824707 641 235 668 274
face 0.0016664564609527588 641 235 668 274
face 0.0016582608222961426 641 235 668 274
face 0.0016486973036080599 641 235 668 274
face 0.0016177892684936523 641 235 668 274
face 0.0015809834003448486 641 235 668 274
face 0.001580953598022461 641 235 668 274
face 0.001525580883026123 641 235 668 274
face 0.0015252232551574707 641 235 668 274
face 0.0015159845352172852 641 235 668 274
face 0.0014919638633728027 641 235 668 274
face 0.0014906227588653564 641 235 668 274
face 0.0014705955982208252 641 235 668 274
face 0.001447141170501709 641 235 668 274
face 0.0014030635356903076 641 235 668 274
face 0.0013936758041381836 641 235 668 274
face 0.0013815462589263916 641 235 668 274
face 0.0013799071311950684 641 235 668 274
face 0.001360386610031128 641 235 668 274
face 0.001332402229309082 641 235 668 274
face 0.0013319551944732666 641 235 668 274
face 0.0013262033462524414 641 235 668 274
face 0.0013200044631958008 641 235 668 274
