face 0.9915761351585388 691 265 717 296
face 0.1773204505443573 691 265 717 296
face 0.036181360483169556 691 265 717 296
face 0.027550458908081055 691 265 717 296
face 0.02615135908126831 691 265 717 296
face 0.025604605674743652 691 265 717 296
face 0.022715717554092407 691 265 717 296
face 0.01855561137199402 691 265 717 296
face 0.017289280891418457 691 265 717 296
face 0.01694992184638977 691 265 717 296
face 0.015181541442871094 691 265 717 296
face 0.014550924301147461 691 265 717 296
face 0.01344829797744751 691 265 717 296
face 0.012853920459747314 691 265 717 296
face 0.012317955493927002 691 265 717 296
face 0.011346131563186646 691 265 717 296
face 0.010920822620391846 691 265 717 296
face 0.01090279221534729 691 265 717 296
face 0.010830223560333252 691 265 717 296
face 0.010825276374816895 691 265 717 296
face 0.010426998138427734 691 265 717 296
face 0.010230958461761475 691 265 717 296
face 0.010056644678115845 691 265 717 296
face 0.009788572788238525 691 265 717 296
face 0.009442925453186035 691 265 717 296
face 0.00934523344039917 691 265 717 296
face 0.009249478578567505 691 265 717 296
face 0.009157389402389526 691 265 717 296
face 0.008720487356185913 691 265 717 296
face 0.00862210988998413 691 265 717 296
face 0.008608371019363403 691 265 717 296
face 0.008583426475524902 691 265 717 296
face 0.0085715651512146 691 265 717 296
face 0.008220255374908447 691 265 717 296
face 0.007961958646774292 691 265 717 296
face 0.007835090160369873 691 265 717 296
face 0.007770955562591553 691 265 717 296
face 0.007748663425445557 691 265 717 296
face 0.007700800895690918 691 265 717 296
face 0.007696419954299927 691 265 717 296
face 0.007611453533172607 691 265 717 296
face 0.0074492692947387695 691 265 717 296
face 0.007272392511367798 691 265 717 296
face 0.00715404748916626 691 265 717 296
face 0.007142692804336548 691 265 717 296
face 0.006870776414871216 691 265 717 296
face 0.006781965494155884 691 265 717 296
face 0.006781786680221558 691 265 717 296
face 0.00675615668296814 691 265 717 296
face 0.006627798080444336 691 265 717 296
face 0.006560951471328735 691 265 717 296
face 0.006544649600982666 691 265 717 296
face 0.006512165069580078 691 265 717 296
face 0.006494313478469849 691 265 717 296
face 0.00644257664680481 691 265 717 296
face 0.00642666220664978 691 265 717 296
face 0.006302833557128906 691 265 717 296
face 0.0062232911586761475 691 265 717 296
face 0.006112158298492432 691 265 717 296
face 0.006072372198104858 691 265 717 296
face 0.0060575008392333984 691 265 717 296
face 0.006046652793884277 691 265 717 296
face 0.006022989749908447 691 265 717 296
face 0.005977988243103027 691 265 717 296
face 0.005960553884506226 691 265 717 296
face 0.0058709681034088135 691 265 717 296
face 0.005858629941940308 691 265 717 296
face 0.005788236856460571 691 265 717 296
face 0.005703359842300415 691 265 717 296
face 0.005695164203643799 691 265 717 296
face 0.005669683218002319 691 265 717 296
face 0.005621850490570068 691 265 717 296
face 0.005568742752075195 691 265 717 296
face 0.0054933130741119385 691 265 717 296
face 0.005475401878356934 691 265 717 296
face 0.005399942398071289 691 265 717 296
face 0.005348414182662964 691 265 717 296
face 0.00522381067276001 691 265 717 296
face 0.005210608243942261 691 265 717 296
face 0.0051721930503845215 691 265 717 296
face 0.005151212215423584 691 265 717 296
face 0.005138516426086426 691 265 717 296
face 0.005134314298629761 691 265 717 296
face 0.004991292953491211 691 265 717 296
face 0.0049911439418792725 691 265 717 296
face 0.0049769580364227295 691 265 717 296
face 0.004939347505569458 691 265 717 296
face 0.004938066005706787 691 265 717 296
face 0.004903435707092285 691 265 717 296
face 0.004897505044937134 691 265 717 296
face 0.0048860907554626465 691 265 717 296
face 0.004877299070358276 691 265 717 296
face 0.00487026572227478 691 265 717 296
face 0.0048600733280181885 691 265 717 296
face 0.004840165376663208 691 265 717 296
face 0.004799902439117432 691 265 717 296
face 0.004770398139953613 691 265 717 296
face 0.004769384860992432 691 265 717 296
face 0.0047585368156433105 691 265 717 296
face 0.004721403121948242 691 265 717 296
