face 0.9998189210891724 919 234 962 293
face 0.9987871050834656 50 185 93 245
face 0.9987311959266663 605 181 648 238
face 0.9974790811538696 443 205 481 259
face 0.996968686580658 184 230 228 289
face 0.9802095293998718 411 121 449 173
face 0.9391883015632629 324 214 362 264
face 0.9358285665512085 508 205 553 266
face 0.9159613251686096 787 227 828 280
face 0.8906955718994141 251 117 287 172
face 0.8758658170700073 680 109 720 164
face 0.7259707450866699 694 253 737 305
face 0.6498472690582275 552 93 588 146
face 0.03446245193481445 552 93 588 146
face 0.02536308765411377 552 93 588 146
face 0.02402457594871521 552 93 588 146
face 0.021426111459732056 552 93 588 146
face 0.019107669591903687 552 93 588 146
face 0.018518269062042236 552 93 588 146
face 0.015551596879959106 552 93 588 146
face 0.012690901756286621 552 93 588 146
face 0.011768847703933716 552 93 588 146
face 0.009975910186767578 552 93 588 146
face 0.00980299711227417 552 93 588 146
face 0.009385555982589722 552 93 588 146
face 0.009081870317459106 552 93 588 146
face 0.00903347134590149 552 93 588 146
face 0.008915126323699951 552 93 588 146
face 0.0088634192943573 552 93 588 146
face 0.008760720491409302 552 93 588 146
face 0.00826805830001831 552 93 588 146
face 0.008234471082687378 552 93 588 146
face 0.00790935754776001 552 93 588 146
face 0.007895410060882568 552 93 588 146
face 0.007628828287124634 552 93 588 146
face 0.007226884365081787 552 93 588 146
face 0.007098853588104248 552 93 588 146
face 0.006687134504318237 552 93 588 146
face 0.006589323282241821 552 93 588 146
face 0.0063051581382751465 552 93 588 146
face 0.00618743896484375 552 93 588 146
face 0.005620688199996948 552 93 588 146
face 0.005576491355895996 552 93 588 146
face 0.005536675453186035 552 93 588 146
face 0.005247145891189575 552 93 588 146
face 0.005138486623764038 552 93 588 146
face 0.005129963159561157 552 93 588 146
face 0.0049231648445129395 552 93 588 146
face 0.004897743463516235 552 93 588 146
face 0.0048809051513671875 552 93 588 146
face 0.004874050617218018 552 93 588 146
face 0.0047148168087005615 552 93 588 146
face 0.004404157400131226 552 93 588 146
face 0.004375040531158447 552 93 588 146
face 0.004338592290878296 552 93 588 146
face 0.004197567701339722 552 93 588 146
face 0.003926098346710205 552 93 588 146
face 0.0038153529167175293 552 93 588 146
face 0.0037949979305267334 552 93 588 146
face 0.003751903772354126 552 93 588 146
face 0.003740280866622925 552 93 588 146
face 0.0037298202514648438 552 93 588 146
face 0.0036992132663726807 552 93 588 146
face 0.0036105215549468994 552 93 588 146
face 0.0035563111305236816 552 93 588 146
face 0.0035037100315093994 552 93 588 146
face 0.003394603729248047 552 93 588 146
face 0.003374159336090088 552 93 588 146
face 0.0032205283641815186 552 93 588 146
face 0.0032018721103668213 552 93 588 146
face 0.0031786561012268066 552 93 588 146
face 0.003149956464767456 552 93 588 146
face 0.003148585557937622 552 93 588 146
face 0.0031385719776153564 552 93 588 146
face 0.003082960844039917 552 93 588 146
face 0.0030829012393951416 552 93 588 146
face 0.003055661916732788 552 93 588 146
face 0.0030516982078552246 552 93 588 146
face 0.0030466318130493164 552 93 588 146
face 0.003045886754989624 552 93 588 146
face 0.0030445456504821777 552 93 588 146
face 0.003005683422088623 552 93 588 146
face 0.002923429012298584 552 93 588 146
face 0.002917349338531494 552 93 588 146
face 0.0029133856296539307 552 93 588 146
face 0.002904355525970459 552 93 588 146
face 0.0028409063816070557 552 93 588 146
face 0.002813369035720825 552 93 588 146
face 0.0028028786182403564 552 93 588 146
face 0.002760767936706543 552 93 588 146
face 0.002695053815841675 552 93 588 146
face 0.0026799142360687256 552 93 588 146
face 0.002656489610671997 552 93 588 146
face 0.0026535093784332275 552 93 588 146
face 0.002630263566970825 552 93 588 146
face 0.0026025474071502686 552 93 588 146
face 0.00258791446685791 552 93 588 146
face 0.0025649964809417725 552 93 588 146
face 0.00254097580909729 552 93 588 146
face 0.0024836361408233643 552 93 588 146
