face 0.9987788200378418 432 116 483 178
face 0.998347282409668 333 115 379 176
face 0.9978953003883362 575 293 635 366
face 0.9961650371551514 820 103 880 177
face 0.995934009552002 280 80 327 141
face 0.994188666343689 520 75 572 135
face 0.9915561676025391 799 320 868 406
face 0.9815081357955933 604 127 659 194
face 0.9703669548034668 180 299 235 360
face 0.9663708209991455 370 306 425 374
face 0.8678753972053528 117 132 164 189
face 0.014887124300003052 117 132 164 189
face 0.011800378561019897 117 132 164 189
face 0.010870575904846191 117 132 164 189
face 0.010862737894058228 117 132 164 189
face 0.01032167673110962 117 132 164 189
face 0.00960579514503479 117 132 164 189
face 0.009283244609832764 117 132 164 189
face 0.009143263101577759 117 132 164 189
face 0.008195996284484863 117 132 164 189
face 0.00667339563369751 117 132 164 189
face 0.006622135639190674 117 132 164 189
face 0.006433039903640747 117 132 164 189
face 0.006047666072845459 117 132 164 189
face 0.005655497312545776 117 132 164 189
face 0.005653887987136841 117 132 164 189
face 0.005240827798843384 117 132 164 189
face 0.004682481288909912 117 132 164 189
face 0.004610598087310791 117 132 164 189
face 0.0044626593589782715 117 132 164 189
face 0.00438845157623291 117 132 164 189
face 0.004364967346191406 117 132 164 189
face 0.004307061433792114 117 132 164 189
face 0.004272788763046265 117 132 164 189
face 0.004155099391937256 117 132 164 189
face 0.004084557294845581 117 132 164 189
face 0.00391879677772522 117 132 164 189
face 0.0038205385208129883 117 132 164 189
face 0.0037505626678466797 117 132 164 189
face 0.003747314214706421 117 132 164 189
face 0.0036875903606414795 117 132 164 189
face 0.0036829710006713867 117 132 164 189
face 0.0036435723304748535 117 132 164 189
face 0.003602921962738037 117 132 164 189
face 0.0035768747329711914 117 132 164 189
face 0.0035415589809417725 117 132 164 189
face 0.0034620463848114014 117 132 164 189
face 0.0034540891647338867 117 132 164 189
face 0.00342714786529541 117 132 164 189
face 0.0034121572971343994 117 132 164 189
face 0.0034035444259643555 117 132 164 189
face 0.003370523452758789 117 132 164 189
face 0.0033197402954101562 117 132 164 189
face 0.003303021192550659 117 132 164 189
face 0.0032919645309448242 117 132 164 189
face 0.0032868385314941406 117 132 164 189
face 0.0032711029052734375 117 132 164 189
face 0.003250211477279663 117 132 164 189
face 0.0031716525554656982 117 132 164 189
face 0.0031560659408569336 117 132 164 189
face 0.003131359815597534 117 132 164 189
face 0.0031262636184692383 117 132 164 189
face 0.0030866265296936035 117 132 164 189
face 0.0030828118324279785 117 132 164 189
face 0.003058016300201416 117 132 164 189
face 0.0029753148555755615 117 132 164 189
face 0.0029687583446502686 117 132 164 189
face 0.0029469728469848633 117 132 164 189
face 0.0029025375843048096 117 132 164 189
face 0.0028751790523529053 117 132 164 189
face 0.0028749704360961914 117 132 164 189
face 0.0028514862060546875 117 132 164 189
face 0.0028266310691833496 117 132 164 189
face 0.0027444064617156982 117 132 164 189
face 0.0027108490467071533 117 132 164 189
face 0.0026797354221343994 117 132 164 189
face 0.0026780664920806885 117 132 164 189
face 0.0026679039001464844 117 132 164 189
face 0.0026630163192749023 117 132 164 189
face 0.002649754285812378 117 132 164 189
face 0.0026428401470184326 117 132 164 189
face 0.0026370882987976074 117 132 164 189
face 0.002628892660140991 117 132 164 189
face 0.0026268362998962402 117 132 164 189
face 0.0026006996631622314 117 132 164 189
face 0.002534836530685425 117 132 164 189
face 0.002503007650375366 117 132 164 189
face 0.002498418092727661 117 132 164 189
face 0.0024973154067993164 117 132 164 189
face 0.002484560012817383 117 132 164 189
face 0.0024572908878326416 117 132 164 189
face 0.002435147762298584 117 132 164 189
face 0.0023579001426696777 117 132 164 189
face 0.0023576319217681885 117 132 164 189
face 0.0023341774940490723 117 132 164 189
face 0.002331465482711792 117 132 164 189
face 0.002323538064956665 117 132 164 189
face 0.002290695905685425 117 132 164 189
face 0.0022791624069213867 117 132 164 189
face 0.0022632181644439697 117 132 164 189
