face 0.9565091133117676 439 190 569 338
face 0.08801326155662537 439 190 569 338
face 0.06359529495239258 439 190 569 338
face 0.06142228841781616 439 190 569 338
face 0.0595967173576355 439 190 569 338
face 0.05138164758682251 439 190 569 338
face 0.0503481924533844 439 190 569 338
face 0.04844766855239868 439 190 569 338
face 0.04439839720726013 439 190 569 338
face 0.04214602708816528 439 190 569 338
face 0.03821706771850586 439 190 569 338
face 0.03617680072784424 439 190 569 338
face 0.03440594673156738 439 190 569 338
face 0.030620217323303223 439 190 569 338
face 0.02987968921661377 439 190 569 338
face 0.029702723026275635 439 190 569 338
face 0.026517808437347412 439 190 569 338
face 0.025341421365737915 439 190 569 338
face 0.024808496236801147 439 190 569 338
face 0.02398008108139038 439 190 569 338
face 0.02328154444694519 439 190 569 338
face 0.020602256059646606 439 190 569 338
face 0.02047443389892578 439 190 569 338
face 0.019472599029541016 439 190 569 338
face 0.018830090761184692 439 190 569 338
face 0.018782824277877808 439 190 569 338
face 0.01861107349395752 439 190 569 338
face 0.018106788396835327 439 190 569 338
face 0.01666882634162903 439 190 569 338
face 0.015715718269348145 439 190 569 338
face 0.015283793210983276 439 190 569 338
face 0.015146732330322266 439 190 569 338
face 0.01504504680633545 439 190 569 338
face 0.01476365327835083 439 190 569 338
face 0.014231652021408081 439 190 569 338
face 0.013675063848495483 439 190 569 338
face 0.013181060552597046 439 190 569 338
face 0.013168185949325562 439 190 569 338
face 0.012854427099227905 439 190 569 338
face 0.01277238130569458 439 190 569 338
face 0.012748748064041138 439 190 569 338
face 0.011364132165908813 439 190 569 338
face 0.011054396629333496 439 190 569 338
face 0.010725408792495728 439 190 569 338
face 0.010504841804504395 439 190 569 338
face 0.010476291179656982 439 190 569 338
face 0.010081231594085693 439 190 569 338
face 0.009998589754104614 439 190 569 338
face 0.009900331497192383 439 190 569 338
face 0.009808003902435303 439 190 569 338
face 0.009748280048370361 439 190 569 338
face 0.009599953889846802 439 190 569 338
face 0.008827239274978638 439 190 569 338
face 0.008765608072280884 439 190 569 338
face 0.008542299270629883 439 190 569 338
face 0.008532196283340454 439 190 569 338
face 0.008491098880767822 439 190 569 338
face 0.008352935314178467 439 190 569 338
face 0.008245199918746948 439 190 569 338
face 0.008204400539398193 439 190 569 338
face 0.00791996717453003 439 190 569 338
face 0.007856309413909912 439 190 569 338
face 0.007833093404769897 439 190 569 338
face 0.007776021957397461 439 190 569 338
face 0.0077703893184661865 439 190 569 338
face 0.007306575775146484 439 190 569 338
face 0.007237285375595093 439 190 569 338
face 0.00701865553855896 439 190 569 338
face 0.007018417119979858 439 190 569 338
face 0.006889760494232178 439 190 569 338
face 0.006770581007003784 439 190 569 338
face 0.006650656461715698 439 190 569 338
face 0.006621718406677246 439 190 569 338
face 0.006568551063537598 439 190 569 338
face 0.006462424993515015 439 190 569 338
face 0.006302982568740845 439 190 569 338
face 0.006266951560974121 439 190 569 338
face 0.006253689527511597 439 190 569 338
face 0.006138741970062256 439 190 569 338
face 0.006135910749435425 439 190 569 338
face 0.006021857261657715 439 190 569 338
face 0.005954056978225708 439 190 569 338
face 0.005917489528656006 439 190 569 338
face 0.0058672428131103516 439 190 569 338
face 0.00576019287109375 439 190 569 338
face 0.005525082349777222 439 190 569 338
face 0.005517482757568359 439 190 569 338
face 0.005480289459228516 439 190 569 338
face 0.005438417196273804 439 190 569 338
face 0.005427062511444092 439 190 569 338
face 0.005409568548202515 439 190 569 338
face 0.0053375959396362305 439 190 569 338
face 0.005178630352020264 439 190 569 338
face 0.005167454481124878 439 190 569 338
face 0.005143404006958008 439 190 569 338
face 0.005139678716659546 439 190 569 338
face 0.005107671022415161 439 190 569 338
face 0.005062520503997803 439 190 569 338
face 0.004921227693557739 439 190 569 338
face 0.004907757043838501 439 190 569 338
