face 0.8703678846359253 461 20 487 50
face 0.7313107252120972 274 44 321 93
face 0.6943495273590088 772 96 794 123
face 0.6912307739257812 559 25 583 51
face 0.4812052547931671 559 25 583 51
face 0.46095338463783264 559 25 583 51
face 0.38955041766166687 559 25 583 51
face 0.3708404302597046 559 25 583 51
face 0.2447880506515503 559 25 583 51
face 0.23437181115150452 559 25 583 51
face 0.20029795169830322 559 25 583 51
face 0.1905912458896637 559 25 583 51
face 0.17529457807540894 559 25 583 51
face 0.1597217619419098 559 25 583 51
face 0.1473437249660492 559 25 583 51
face 0.13975587487220764 559 25 583 51
face 0.12686294317245483 559 25 583 51
face 0.11004313826560974 559 25 583 51
face 0.09303423762321472 559 25 583 51
face 0.08467847108840942 559 25 583 51
face 0.08276188373565674 559 25 583 51
face 0.07897308468818665 559 25 583 51
face 0.0784824788570404 559 25 583 51
face 0.07791048288345337 559 25 583 51
face 0.07523691654205322 559 25 583 51
face 0.07519963383674622 559 25 583 51
face 0.07316914200782776 559 25 583 51
face 0.07228255271911621 559 25 583 51
face 0.07136613130569458 559 25 583 51
face 0.06976547837257385 559 25 583 51
face 0.06929510831832886 559 25 583 51
face 0.0654536783695221 559 25 583 51
face 0.06419998407363892 559 25 583 51
face 0.05917277932167053 559 25 583 51
face 0.05793309211730957 559 25 583 51
face 0.057221412658691406 559 25 583 51
face 0.05409139394760132 559 25 583 51
face 0.051703691482543945 559 25 583 51
face 0.05121523141860962 559 25 583 51
face 0.05006563663482666 559 25 583 51
face 0.04869323968887329 559 25 583 51
face 0.043997734785079956 559 25 583 51
face 0.043978869915008545 559 25 583 51
face 0.043222784996032715 559 25 583 51
face 0.04269289970397949 559 25 583 51
face 0.04239732027053833 559 25 583 51
face 0.04156005382537842 559 25 583 51
face 0.041504472494125366 559 25 583 51
face 0.041162580251693726 559 25 583 51
face 0.040950924158096313 559 25 583 51
face 0.04084697365760803 559 25 583 51
face 0.040622830390930176 559 25 583 51
face 0.0389879047870636 559 25 583 51
face 0.03725650906562805 559 25 583 51
face 0.03687605261802673 559 25 583 51
face 0.03538644313812256 559 25 583 51
face 0.03521743416786194 559 25 583 51
face 0.03320854902267456 559 25 583 51
face 0.03287556767463684 559 25 583 51
face 0.032471925020217896 559 25 583 51
face 0.03123512864112854 559 25 583 51
face 0.030931442975997925 559 25 583 51
face 0.030486375093460083 559 25 583 51
face 0.03011244535446167 559 25 583 51
face 0.02988561987876892 559 25 583 51
face 0.02979394793510437 559 25 583 51
face 0.029374152421951294 559 25 583 51
face 0.029232800006866455 559 25 583 51
face 0.02909138798713684 559 25 583 51
face 0.028850406408309937 559 25 583 51
face 0.028579384088516235 559 25 583 51
face 0.027852535247802734 559 25 583 51
face 0.02691677212715149 559 25 583 51
face 0.026680201292037964 559 25 583 51
face 0.026338279247283936 559 25 583 51
face 0.02500888705253601 559 25 583 51
face 0.0249079167842865 559 25 583 51
face 0.024875491857528687 559 25 583 51
face 0.02423730492591858 559 25 583 51
face 0.024145781993865967 559 25 583 51
face 0.023997783660888672 559 25 583 51
face 0.023943156003952026 559 25 583 51
face 0.02345484495162964 559 25 583 51
face 0.023374825716018677 559 25 583 51
face 0.02273780107498169 559 25 583 51
face 0.022418439388275146 559 25 583 51
face 0.022409409284591675 559 25 583 51
face 0.02183854579925537 559 25 583 51
face 0.021674633026123047 559 25 583 51
face 0.021404117345809937 559 25 583 51
face 0.02103477716445923 559 25 583 51
face 0.020807981491088867 559 25 583 51
face 0.020547837018966675 559 25 583 51
face 0.020478904247283936 559 25 583 51
face 0.020366579294204712 559 25 583 51
face 0.020258039236068726 559 25 583 51
face 0.019782334566116333 559 25 583 51
face 0.019569844007492065 559 25 583 51
face 0.01947551965713501 559 25 583 51
face 0.019288480281829834 559 25 583 51
