face 0.9996630549430847 824 196 853 232
face 0.9991201162338257 559 197 584 228
face 0.9990198612213135 448 390 479 426
face 0.9990143179893494 398 366 425 402
face 0.9990010261535645 900 191 929 228
face 0.9985860586166382 224 200 252 233
face 0.9983874559402466 717 352 745 385
face 0.9983025193214417 670 194 696 223
face 0.9979134798049927 619 203 645 234
face 0.9978786706924438 295 271 324 305
face 0.9978669285774231 68 155 97 191
face 0.9964832067489624 348 155 372 185
face 0.9960178136825562 724 142 749 170
face 0.9957529306411743 655 367 682 399
face 0.9954510927200317 460 188 486 219
face 0.9953277111053467 573 110 596 139
face 0.9941445589065552 443 159 468 188
face 0.9927978515625 298 162 323 192
face 0.9905539155006409 765 154 789 183
face 0.9901860952377319 143 194 173 229
face 0.9898809194564819 191 170 218 202
face 0.9896789789199829 366 194 392 225
face 0.9895305633544922 402 142 426 171
face 0.9894384145736694 307 379 337 416
face 0.988754153251648 114 168 141 202
face 0.9886257648468018 512 188 537 218
face 0.9840623140335083 496 159 521 188
face 0.983127772808075 714 175 741 205
face 0.9743014574050903 515 103 537 129
face 0.9738707542419434 596 359 623 392
face 0.9677566289901733 582 155 606 183
face 0.9668769836425781 206 358 236 396
face 0.9616042375564575 858 327 890 368
face 0.961601972579956 167 142 192 171
face 0.9600623846054077 470 307 496 341
face 0.9420775175094604 672 155 697 181
face 0.9252227544784546 252 145 277 175
face 0.9249629974365234 754 226 784 262
face 0.9153592586517334 341 313 366 346
face 0.8990284204483032 273 197 299 229
face 0.8496947288513184 391 152 416 183
face 0.8160405158996582 529 340 556 375
face 0.7993162274360657 11 180 44 217
face 0.7274751663208008 502 389 530 421
face 0.6917283535003662 968 336 1000 376
face 0.4936610162258148 968 336 1000 376
face 0.48458585143089294 968 336 1000 376
face 0.4342498779296875 968 336 1000 376
face 0.318971186876297 968 336 1000 376
face 0.26184579730033875 968 336 1000 376
face 0.24735480546951294 968 336 1000 376
face 0.2338436245918274 968 336 1000 376
face 0.1870017945766449 968 336 1000 376
face 0.11536458134651184 968 336 1000 376
face 0.11335897445678711 968 336 1000 376
face 0.10646817088127136 968 336 1000 376
face 0.10431617498397827 968 336 1000 376
face 0.09990549087524414 968 336 1000 376
face 0.09053629636764526 968 336 1000 376
face 0.07400065660476685 968 336 1000 376
face 0.06963327527046204 968 336 1000 376
face 0.06455045938491821 968 336 1000 376
face 0.05938440561294556 968 336 1000 376
face 0.05896711349487305 968 336 1000 376
face 0.055421531200408936 968 336 1000 376
face 0.05148190259933472 968 336 1000 376
face 0.04687568545341492 968 336 1000 376
face 0.04621812701225281 968 336 1000 376
face 0.045975327491760254 968 336 1000 376
face 0.03317451477050781 968 336 1000 376
face 0.029529035091400146 968 336 1000 376
face 0.029276609420776367 968 336 1000 376
face 0.027992576360702515 968 336 1000 376
face 0.027057677507400513 968 336 1000 376
face 0.025381803512573242 968 336 1000 376
face 0.022870808839797974 968 336 1000 376
face 0.020829886198043823 968 336 1000 376
face 0.020614802837371826 968 336 1000 376
face 0.02058139443397522 968 336 1000 376
face 0.020412713289260864 968 336 1000 376
face 0.019386738538742065 968 336 1000 376
face 0.018388718366622925 968 336 1000 376
face 0.017739564180374146 968 336 1000 376
face 0.01710110902786255 968 336 1000 376
face 0.015730440616607666 968 336 1000 376
face 0.014820277690887451 968 336 1000 376
face 0.014337420463562012 968 336 1000 376
face 0.013959556818008423 968 336 1000 376
face 0.013936519622802734 968 336 1000 376
face 0.01227349042892456 968 336 1000 376
face 0.011510759592056274 968 336 1000 376
face 0.011092394590377808 968 336 1000 376
face 0.010958969593048096 968 336 1000 376
face 0.010570913553237915 968 336 1000 376
face 0.010396242141723633 968 336 1000 376
face 0.009692996740341187 968 336 1000 376
face 0.009396791458129883 968 336 1000 376
face 0.009099066257476807 968 336 1000 376
face 0.008939743041992188 968 336 1000 376
face 0.008895397186279297 968 336 1000 376
