face 0.9844536781311035 115 146 141 175
face 0.9840320348739624 221 207 253 244
face 0.9754976630210876 452 201 484 240
face 0.9417130947113037 261 150 286 179
face 0.8652185201644897 11 163 38 193
face 0.8499505519866943 369 234 406 280
face 0.8340851068496704 532 203 566 244
face 0.8247572779655457 639 210 677 259
face 0.7875232696533203 977 200 998 223
face 0.7487341165542603 349 162 372 191
face 0.5857720971107483 355 173 382 204
face 0.5005168914794922 634 213 663 254
face 0.29231786727905273 634 213 663 254
face 0.2537412643432617 634 213 663 254
face 0.1618698537349701 634 213 663 254
face 0.14947980642318726 634 213 663 254
face 0.13012927770614624 634 213 663 254
face 0.12478712201118469 634 213 663 254
face 0.11973339319229126 634 213 663 254
face 0.0859832763671875 634 213 663 254
face 0.07056301832199097 634 213 663 254
face 0.06482666730880737 634 213 663 254
face 0.057895272970199585 634 213 663 254
face 0.057794541120529175 634 213 663 254
face 0.056463539600372314 634 213 663 254
face 0.05604308843612671 634 213 663 254
face 0.05366569757461548 634 213 663 254
face 0.05100506544113159 634 213 663 254
face 0.05021849274635315 634 213 663 254
face 0.05007943511009216 634 213 663 254
face 0.04933938384056091 634 213 663 254
face 0.04838138818740845 634 213 663 254
face 0.04491543769836426 634 213 663 254
face 0.04390805959701538 634 213 663 254
face 0.04304882884025574 634 213 663 254
face 0.0401138961315155 634 213 663 254
face 0.03933176398277283 634 213 663 254
face 0.03482943773269653 634 213 663 254
face 0.034142524003982544 634 213 663 254
face 0.03152307868003845 634 213 663 254
face 0.030228525400161743 634 213 663 254
face 0.02929079532623291 634 213 663 254
face 0.029056400060653687 634 213 663 254
face 0.028758198022842407 634 213 663 254
face 0.02758881449699402 634 213 663 254
face 0.026866018772125244 634 213 663 254
face 0.02581825852394104 634 213 663 254
face 0.024660438299179077 634 213 663 254
face 0.024400532245635986 634 213 663 254
face 0.02439442276954651 634 213 663 254
face 0.023622781038284302 634 213 663 254
face 0.023489415645599365 634 213 663 254
face 0.022976279258728027 634 213 663 254
face 0.022509843111038208 634 213 663 254
face 0.02217850089073181 634 213 663 254
face 0.02174133062362671 634 213 663 254
face 0.02116510272026062 634 213 663 254
face 0.01813751459121704 634 213 663 254
face 0.017862409353256226 634 213 663 254
face 0.01708310842514038 634 213 663 254
face 0.016530156135559082 634 213 663 254
face 0.016377002000808716 634 213 663 254
face 0.01607060432434082 634 213 663 254
face 0.01565811038017273 634 213 663 254
face 0.015426695346832275 634 213 663 254
face 0.014394044876098633 634 213 663 254
face 0.01351669430732727 634 213 663 254
face 0.012669950723648071 634 213 663 254
face 0.012603431940078735 634 213 663 254
face 0.012303143739700317 634 213 663 254
face 0.01178249716758728 634 213 663 254
face 0.011365711688995361 634 213 663 254
face 0.011105477809906006 634 213 663 254
face 0.010784506797790527 634 213 663 254
face 0.010622471570968628 634 213 663 254
face 0.010611563920974731 634 213 663 254
face 0.010116517543792725 634 213 663 254
face 0.009978115558624268 634 213 663 254
face 0.009467154741287231 634 213 663 254
face 0.009425997734069824 634 213 663 254
face 0.009234845638275146 634 213 663 254
face 0.009216010570526123 634 213 663 254
face 0.008945375680923462 634 213 663 254
face 0.00886911153793335 634 213 663 254
face 0.008321195840835571 634 213 663 254
face 0.00798538327217102 634 213 663 254
face 0.007975667715072632 634 213 663 254
face 0.007881492376327515 634 213 663 254
face 0.00788000226020813 634 213 663 254
face 0.007782578468322754 634 213 663 254
face 0.007741957902908325 634 213 663 254
face 0.0077055394649505615 634 213 663 254
face 0.007666170597076416 634 213 663 254
face 0.0076253414154052734 634 213 663 254
face 0.007540643215179443 634 213 663 254
face 0.007394462823867798 634 213 663 254
face 0.007383972406387329 634 213 663 254
face 0.007289707660675049 634 213 663 254
face 0.007224828004837036 634 213 663 254
face 0.007125496864318848 634 213 663 254
