face 0.9982633590698242 285 190 325 243
face 0.9968489408493042 218 81 259 137
face 0.9954172968864441 496 246 530 289
face 0.9921019077301025 382 243 419 293
face 0.9760898351669312 698 180 732 224
face 0.9724276065826416 644 101 681 150
face 0.9436253309249878 415 136 448 181
face 0.9400085210800171 825 67 864 120
face 0.9348594546318054 309 118 342 167
face 0.8294551968574524 617 243 653 286
face 0.6735301613807678 534 136 570 183
face 0.09907543659210205 534 136 570 183
face 0.09651416540145874 534 136 570 183
face 0.0703534185886383 534 136 570 183
face 0.0596751868724823 534 136 570 183
face 0.04212838411331177 534 136 570 183
face 0.03738078474998474 534 136 570 183
face 0.035349369049072266 534 136 570 183
face 0.02849400043487549 534 136 570 183
face 0.025564581155776978 534 136 570 183
face 0.022697776556015015 534 136 570 183
face 0.02165713906288147 534 136 570 183
face 0.02117326855659485 534 136 570 183
face 0.017218738794326782 534 136 570 183
face 0.01626509428024292 534 136 570 183
face 0.01488727331161499 534 136 570 183
face 0.014519035816192627 534 136 570 183
face 0.014127343893051147 534 136 570 183
face 0.013928264379501343 534 136 570 183
face 0.013175725936889648 534 136 570 183
face 0.013066798448562622 534 136 570 183
face 0.012949526309967041 534 136 570 183
face 0.012181133031845093 534 136 570 183
face 0.012110143899917603 534 136 570 183
face 0.012088358402252197 534 136 570 183
face 0.011218994855880737 534 136 570 183
face 0.009849905967712402 534 136 570 183
face 0.009773194789886475 534 136 570 183
face 0.009641766548156738 534 136 570 183
face 0.009485900402069092 534 136 570 183
face 0.009042233228683472 534 136 570 183
face 0.00902751088142395 534 136 570 183
face 0.008792221546173096 534 136 570 183
face 0.008717626333236694 534 136 570 183
face 0.008659034967422485 534 136 570 183
face 0.007961839437484741 534 136 570 183
face 0.0078829824924469 534 136 570 183
face 0.007840007543563843 534 136 570 183
face 0.007701456546783447 534 136 570 183
face 0.007665038108825684 534 136 570 183
face 0.0076593756675720215 534 136 570 183
face 0.007631391286849976 534 136 570 183
face 0.007535725831985474 534 136 570 183
face 0.007045120000839233 534 136 570 183
face 0.007018238306045532 534 136 570 183
face 0.0069966912269592285 534 136 570 183
face 0.0068901777267456055 534 136 570 183
face 0.006808489561080933 534 136 570 183
face 0.006803989410400391 534 136 570 183
face 0.006756305694580078 534 136 570 183
face 0.0065999627113342285 534 136 570 183
face 0.006295382976531982 534 136 570 183
face 0.0060644447803497314 534 136 570 183
face 0.006034404039382935 534 136 570 183
face 0.006025373935699463 534 136 570 183
face 0.005828946828842163 534 136 570 183
face 0.00572928786277771 534 136 570 183
face 0.00554126501083374 534 136 570 183
face 0.005392879247665405 534 136 570 183
face 0.005374699831008911 534 136 570 183
face 0.005279481410980225 534 136 570 183
face 0.005260467529296875 534 136 570 183
face 0.005165845155715942 534 136 570 183
face 0.005118012428283691 534 136 570 183
face 0.004969000816345215 534 136 570 183
face 0.00480768084526062 534 136 570 183
face 0.004778057336807251 534 136 570 183
face 0.004762142896652222 534 136 570 183
face 0.00472983717918396 534 136 570 183
face 0.004695534706115723 534 136 570 183
face 0.004627913236618042 534 136 570 183
face 0.004593163728713989 534 136 570 183
face 0.004533559083938599 534 136 570 183
face 0.004433274269104004 534 136 570 183
face 0.00440216064453125 534 136 570 183
face 0.004396885633468628 534 136 570 183
face 0.004385173320770264 534 136 570 183
face 0.004348248243331909 534 136 570 183
face 0.004341036081314087 534 136 570 183
face 0.004310697317123413 534 136 570 183
face 0.004110246896743774 534 136 570 183
face 0.004076749086380005 534 136 570 183
face 0.004067361354827881 534 136 570 183
face 0.0040627121925354 534 136 570 183
face 0.003994554281234741 534 136 570 183
face 0.003913193941116333 534 136 570 183
face 0.0038968026638031006 534 136 570 183
face 0.0038856565952301025 534 136 570 183
face 0.003848254680633545 534 136 570 183
face 0.0038471221923828125 534 136 570 183
