face 0.8993967175483704 758 222 801 276
face 0.8983020782470703 204 301 310 406
face 0.6111619472503662 772 253 806 293
face 0.5091016888618469 812 383 882 484
face 0.5081025958061218 532 245 638 382
face 0.4238935112953186 532 245 638 382
face 0.25061434507369995 532 245 638 382
face 0.11952635645866394 532 245 638 382
face 0.11332809925079346 532 245 638 382
face 0.10146838426589966 532 245 638 382
face 0.09086352586746216 532 245 638 382
face 0.07543259859085083 532 245 638 382
face 0.06528705358505249 532 245 638 382
face 0.06289157271385193 532 245 638 382
face 0.061867743730545044 532 245 638 382
face 0.06070253252983093 532 245 638 382
face 0.055561184883117676 532 245 638 382
face 0.05231684446334839 532 245 638 382
face 0.0480462908744812 532 245 638 382
face 0.047490715980529785 532 245 638 382
face 0.04365190863609314 532 245 638 382
face 0.04291868209838867 532 245 638 382
face 0.03901293873786926 532 245 638 382
face 0.03803551197052002 532 245 638 382
face 0.03696569800376892 532 245 638 382
face 0.03567987680435181 532 245 638 382
face 0.03490835428237915 532 245 638 382
face 0.033015817403793335 532 245 638 382
face 0.03243336081504822 532 245 638 382
face 0.03198647499084473 532 245 638 382
face 0.031880468130111694 532 245 638 382
face 0.030819475650787354 532 245 638 382
face 0.03064781427383423 532 245 638 382
face 0.03047582507133484 532 245 638 382
face 0.03046858310699463 532 245 638 382
face 0.029618442058563232 532 245 638 382
face 0.029391378164291382 532 245 638 382
face 0.027932941913604736 532 245 638 382
face 0.02673661708831787 532 245 638 382
face 0.0263616144657135 532 245 638 382
face 0.025917381048202515 532 245 638 382
face 0.024820297956466675 532 245 638 382
face 0.023504436016082764 532 245 638 382
face 0.023325294256210327 532 245 638 382
face 0.023275315761566162 532 245 638 382
face 0.023176580667495728 532 245 638 382
face 0.02270638942718506 532 245 638 382
face 0.021506935358047485 532 245 638 382
face 0.021495580673217773 532 245 638 382
face 0.020951151847839355 532 245 638 382
face 0.02015542984008789 532 245 638 382
face 0.01907557249069214 532 245 638 382
face 0.018574237823486328 532 245 638 382
face 0.018473833799362183 532 245 638 382
face 0.017828136682510376 532 245 638 382
face 0.01738569140434265 532 245 638 382
face 0.016820669174194336 532 245 638 382
face 0.0162600576877594 532 245 638 382
face 0.01594752073287964 532 245 638 382
face 0.015911400318145752 532 245 638 382
face 0.01575377583503723 532 245 638 382
face 0.015460282564163208 532 245 638 382
face 0.015294164419174194 532 245 638 382
face 0.014871209859848022 532 245 638 382
face 0.014787912368774414 532 245 638 382
face 0.014571994543075562 532 245 638 382
face 0.014222145080566406 532 245 638 382
face 0.01401752233505249 532 245 638 382
face 0.013878673315048218 532 245 638 382
face 0.013810038566589355 532 245 638 382
face 0.013697147369384766 532 245 638 382
face 0.013568192720413208 532 245 638 382
face 0.013533324003219604 532 245 638 382
face 0.013378679752349854 532 245 638 382
face 0.013354986906051636 532 245 638 382
face 0.013350188732147217 532 245 638 382
face 0.013326168060302734 532 245 638 382
face 0.01286587119102478 532 245 638 382
face 0.01275789737701416 532 245 638 382
face 0.012716531753540039 532 245 638 382
face 0.012589871883392334 532 245 638 382
face 0.012544691562652588 532 245 638 382
face 0.012455284595489502 532 245 638 382
face 0.012389421463012695 532 245 638 382
face 0.011666804552078247 532 245 638 382
face 0.011535435914993286 532 245 638 382
face 0.011442482471466064 532 245 638 382
face 0.011210858821868896 532 245 638 382
face 0.0111827552318573 532 245 638 382
face 0.011090487241744995 532 245 638 382
face 0.01096498966217041 532 245 638 382
face 0.010909169912338257 532 245 638 382
face 0.0108567476272583 532 245 638 382
face 0.010728269815444946 532 245 638 382
face 0.010670989751815796 532 245 638 382
face 0.010578751564025879 532 245 638 382
face 0.010555386543273926 532 245 638 382
face 0.01034572720527649 532 245 638 382
face 0.010223358869552612 532 245 638 382
face 0.010199427604675293 532 245 638 382
