face 0.9967963695526123 603 150 641 195
face 0.9325487613677979 156 117 192 165
face 0.9137744903564453 843 119 881 172
face 0.5886878371238708 309 128 350 174
face 0.3471086621284485 309 128 350 174
face 0.08729639649391174 309 128 350 174
face 0.05487516522407532 309 128 350 174
face 0.023462384939193726 309 128 350 174
face 0.021791547536849976 309 128 350 174
face 0.01938614249229431 309 128 350 174
face 0.01935216784477234 309 128 350 174
face 0.019128084182739258 309 128 350 174
face 0.018366962671279907 309 128 350 174
face 0.01772850751876831 309 128 350 174
face 0.015691906213760376 309 128 350 174
face 0.014365315437316895 309 128 350 174
face 0.013632118701934814 309 128 350 174
face 0.01344957947731018 309 128 350 174
face 0.013119399547576904 309 128 350 174
face 0.012908577919006348 309 128 350 174
face 0.012531101703643799 309 128 350 174
face 0.012530148029327393 309 128 350 174
face 0.012519657611846924 309 128 350 174
face 0.012452274560928345 309 128 350 174
face 0.012052208185195923 309 128 350 174
face 0.011802524328231812 309 128 350 174
face 0.01138758659362793 309 128 350 174
face 0.009864091873168945 309 128 350 174
face 0.008999645709991455 309 128 350 174
face 0.008686363697052002 309 128 350 174
face 0.008669078350067139 309 128 350 174
face 0.008242368698120117 309 128 350 174
face 0.008105814456939697 309 128 350 174
face 0.007180511951446533 309 128 350 174
face 0.007143646478652954 309 128 350 174
face 0.007074922323226929 309 128 350 174
face 0.0067681074142456055 309 128 350 174
face 0.00669822096824646 309 128 350 174
face 0.006671249866485596 309 128 350 174
face 0.006646871566772461 309 128 350 174
face 0.006437450647354126 309 128 350 174
face 0.006213396787643433 309 128 350 174
face 0.006206005811691284 309 128 350 174
face 0.006174862384796143 309 128 350 174
face 0.00583416223526001 309 128 350 174
face 0.005833148956298828 309 128 350 174
face 0.005807667970657349 309 128 350 174
face 0.0057783424854278564 309 128 350 174
face 0.005723714828491211 309 128 350 174
face 0.00566256046295166 309 128 350 174
face 0.005488157272338867 309 128 350 174
face 0.0054638683795928955 309 128 350 174
face 0.005255967378616333 309 128 350 174
face 0.005247920751571655 309 128 350 174
face 0.005218595266342163 309 128 350 174
face 0.0051822662353515625 309 128 350 174
face 0.0051277875900268555 309 128 350 174
face 0.005115479230880737 309 128 350 174
face 0.00509682297706604 309 128 350 174
face 0.004747986793518066 309 128 350 174
face 0.004620879888534546 309 128 350 174
face 0.004580050706863403 309 128 350 174
face 0.0044258832931518555 309 128 350 174
face 0.004297018051147461 309 128 350 174
face 0.00428086519241333 309 128 350 174
face 0.004177480936050415 309 128 350 174
face 0.004092484712600708 309 128 350 174
face 0.004085630178451538 309 128 350 174
face 0.004034996032714844 309 128 350 174
face 0.0040242671966552734 309 128 350 174
face 0.003909021615982056 309 128 350 174
face 0.0038982629776000977 309 128 350 174
face 0.003835231065750122 309 128 350 174
face 0.0037990808486938477 309 128 350 174
face 0.0035813748836517334 309 128 350 174
face 0.003547161817550659 309 128 350 174
face 0.00353279709815979 309 128 350 174
face 0.003348737955093384 309 128 350 174
face 0.0033129453659057617 309 128 350 174
face 0.0032726824283599854 309 128 350 174
face 0.0032718777656555176 309 128 350 174
face 0.0032548606395721436 309 128 350 174
face 0.0032084882259368896 309 128 350 174
face 0.0031606554985046387 309 128 350 174
face 0.003120899200439453 309 128 350 174
face 0.003054589033126831 309 128 350 174
face 0.0030155181884765625 309 128 350 174
face 0.002976715564727783 309 128 350 174
face 0.0029336214065551758 309 128 350 174
face 0.002815842628479004 309 128 350 174
face 0.002804309129714966 309 128 350 174
face 0.0028036832809448242 309 128 350 174
face 0.0027660727500915527 309 128 350 174
face 0.0026740431785583496 309 128 350 174
face 0.002645939588546753 309 128 350 174
face 0.0026341378688812256 309 128 350 174
face 0.0026155710220336914 309 128 350 174
face 0.0025619566440582275 309 128 350 174
face 0.0025490522384643555 309 128 350 174
face 0.002513021230697632 309 128 350 174
