face 0.9995061755180359 703 81 743 137
face 0.9993817210197449 386 199 428 252
face 0.998603105545044 72 21 112 69
face 0.998504638671875 550 109 589 156
face 0.9982302784919739 176 200 214 244
face 0.9977616667747498 659 56 698 106
face 0.9971246719360352 266 146 307 195
face 0.9941037893295288 900 108 946 165
face 0.9940550327301025 511 58 549 103
face 0.9916447997093201 228 77 268 122
face 0.9868520498275757 517 258 554 304
face 0.9853346347808838 612 98 654 153
face 0.9617098569869995 463 236 494 278
face 0.9560678005218506 245 257 287 307
face 0.9516797065734863 107 70 146 117
face 0.9426039457321167 788 76 824 126
face 0.9391961693763733 167 36 202 78
face 0.9365805387496948 208 104 246 152
face 0.9338340759277344 128 130 169 181
face 0.838272213935852 617 47 650 86
face 0.6597989201545715 918 73 961 122
face 0.3748129606246948 918 73 961 122
face 0.2680758237838745 918 73 961 122
face 0.25911444425582886 918 73 961 122
face 0.24318212270736694 918 73 961 122
face 0.11224490404129028 918 73 961 122
face 0.1057049036026001 918 73 961 122
face 0.06603574752807617 918 73 961 122
face 0.06024622917175293 918 73 961 122
face 0.056521981954574585 918 73 961 122
face 0.04758256673812866 918 73 961 122
face 0.044045090675354004 918 73 961 122
face 0.03519260883331299 918 73 961 122
face 0.03259551525115967 918 73 961 122
face 0.03226613998413086 918 73 961 122
face 0.030527353286743164 918 73 961 122
face 0.029402226209640503 918 73 961 122
face 0.02902969717979431 918 73 961 122
face 0.027299463748931885 918 73 961 122
face 0.026956140995025635 918 73 961 122
face 0.025987058877944946 918 73 961 122
face 0.025651365518569946 918 73 961 122
face 0.02495524287223816 918 73 961 122
face 0.023315608501434326 918 73 961 122
face 0.02175840735435486 918 73 961 122
face 0.020443052053451538 918 73 961 122
face 0.019527792930603027 918 73 961 122
face 0.01893991231918335 918 73 961 122
face 0.017768919467926025 918 73 961 122
face 0.017051517963409424 918 73 961 122
face 0.016626089811325073 918 73 961 122
face 0.015761613845825195 918 73 961 122
face 0.015760093927383423 918 73 961 122
face 0.015715092420578003 918 73 961 122
face 0.015419632196426392 918 73 961 122
face 0.01502653956413269 918 73 961 122
face 0.014956295490264893 918 73 961 122
face 0.014275282621383667 918 73 961 122
face 0.014159351587295532 918 73 961 122
face 0.013894975185394287 918 73 961 122
face 0.013599157333374023 918 73 961 122
face 0.013521164655685425 918 73 961 122
face 0.013449102640151978 918 73 961 122
face 0.013348132371902466 918 73 961 122
face 0.013217121362686157 918 73 961 122
face 0.013084650039672852 918 73 961 122
face 0.013020187616348267 918 73 961 122
face 0.01235702633857727 918 73 961 122
face 0.012015104293823242 918 73 961 122
face 0.011472940444946289 918 73 961 122
face 0.011421769857406616 918 73 961 122
face 0.011416494846343994 918 73 961 122
face 0.011271744966506958 918 73 961 122
face 0.010959625244140625 918 73 961 122
face 0.0108470618724823 918 73 961 122
face 0.010664016008377075 918 73 961 122
face 0.010525375604629517 918 73 961 122
face 0.01043131947517395 918 73 961 122
face 0.010403335094451904 918 73 961 122
face 0.010401636362075806 918 73 961 122
face 0.010386437177658081 918 73 961 122
face 0.01029592752456665 918 73 961 122
face 0.009978502988815308 918 73 961 122
face 0.009779393672943115 918 73 961 122
face 0.009738564491271973 918 73 961 122
face 0.009724706411361694 918 73 961 122
face 0.009591847658157349 918 73 961 122
face 0.009184658527374268 918 73 961 122
face 0.009073793888092041 918 73 961 122
face 0.009048312902450562 918 73 961 122
face 0.008893251419067383 918 73 961 122
face 0.008862972259521484 918 73 961 122
face 0.00885269045829773 918 73 961 122
face 0.008787721395492554 918 73 961 122
face 0.008751779794692993 918 73 961 122
face 0.008650749921798706 918 73 961 122
face 0.008415311574935913 918 73 961 122
face 0.008181929588317871 918 73 961 122
face 0.00817042589187622 918 73 961 122
face 0.00813746452331543 918 73 961 122
