face 0.9987037181854248 549 142 594 194
face 0.998485803604126 651 135 703 198
face 0.9960536956787109 259 133 303 187
face 0.9953646659851074 801 121 851 182
face 0.994935154914856 342 153 393 215
face 0.9911897778511047 739 94 789 156
face 0.9857958555221558 401 121 444 173
face 0.9801511764526367 467 173 514 231
face 0.8608149290084839 190 143 237 207
face 0.256439208984375 190 143 237 207
face 0.12863567471504211 190 143 237 207
face 0.056505799293518066 190 143 237 207
face 0.043005019426345825 190 143 237 207
face 0.03461995720863342 190 143 237 207
face 0.029564321041107178 190 143 237 207
face 0.013621032238006592 190 143 237 207
face 0.011096775531768799 190 143 237 207
face 0.010839879512786865 190 143 237 207
face 0.009993374347686768 190 143 237 207
face 0.009883254766464233 190 143 237 207
face 0.008993476629257202 190 143 237 207
face 0.008583873510360718 190 143 237 207
face 0.007925599813461304 190 143 237 207
face 0.007696807384490967 190 143 237 207
face 0.007242709398269653 190 143 237 207
face 0.007085353136062622 190 143 237 207
face 0.007043182849884033 190 143 237 207
face 0.006900429725646973 190 143 237 207
face 0.006844252347946167 190 143 237 207
face 0.006623625755310059 190 143 237 207
face 0.006001681089401245 190 143 237 207
face 0.005962759256362915 190 143 237 207
face 0.005454361438751221 190 143 237 207
face 0.005242377519607544 190 143 237 207
face 0.005022317171096802 190 143 237 207
face 0.00501704216003418 190 143 237 207
face 0.004756361246109009 190 143 237 207
face 0.004683256149291992 190 143 237 207
face 0.0046447813510894775 190 143 237 207
face 0.004582613706588745 190 143 237 207
face 0.004505664110183716 190 143 237 207
face 0.004465073347091675 190 143 237 207
face 0.004445374011993408 190 143 237 207
face 0.004196822643280029 190 143 237 207
face 0.0041817426681518555 190 143 237 207
face 0.0040540993213653564 190 143 237 207
face 0.004035323858261108 190 143 237 207
face 0.003990143537521362 190 143 237 207
face 0.0038908421993255615 190 143 237 207
face 0.003887683153152466 190 143 237 207
face 0.0038701295852661133 190 143 237 207
face 0.003772258758544922 190 143 237 207
face 0.003671586513519287 190 143 237 207
face 0.003586292266845703 190 143 237 207
face 0.0035793185234069824 190 143 237 207
face 0.0035517513751983643 190 143 237 207
face 0.003522157669067383 190 143 237 207
face 0.0033596158027648926 190 143 237 207
face 0.0033267438411712646 190 143 237 207
face 0.003277033567428589 190 143 237 207
face 0.0031988024711608887 190 143 237 207
face 0.0031850337982177734 190 143 237 207
face 0.003179788589477539 190 143 237 207
face 0.0031688809394836426 190 143 237 207
face 0.0031647980213165283 190 143 237 207
face 0.0030868351459503174 190 143 237 207
face 0.003062361152842641 190 143 237 207
face 0.003060668706893921 190 143 237 207
face 0.003030449151992798 190 143 237 207
face 0.003024071455001831 190 143 237 207
face 0.0030237138271331787 190 143 237 207
face 0.0029650628566741943 190 143 237 207
face 0.00294533371925354 190 143 237 207
face 0.0029252171516418457 190 143 237 207
face 0.002924203872680664 190 143 237 207
face 0.0029058456420898438 190 143 237 207
face 0.0028023719787597656 190 143 237 207
face 0.0028006136417388916 190 143 237 207
face 0.002798527479171753 190 143 237 207
face 0.002794027328491211 190 143 237 207
face 0.0027855336666107178 190 143 237 207
face 0.002780020236968994 190 143 237 207
face 0.0027581453323364258 190 143 237 207
face 0.0027348101139068604 190 143 237 207
face 0.0027343928813934326 190 143 237 207
face 0.00261726975440979 190 143 237 207
face 0.0026026368141174316 190 143 237 207
face 0.002602219581604004 190 143 237 207
face 0.0025987625122070312 190 143 237 207
face 0.0025874078273773193 190 143 237 207
face 0.0025764405727386475 190 143 237 207
face 0.0025351345539093018 190 143 237 207
face 0.002530306577682495 190 143 237 207
face 0.002492070198059082 190 143 237 207
face 0.0024342238903045654 190 143 237 207
face 0.0024331212043762207 190 143 237 207
face 0.002384781837463379 190 143 237 207
face 0.0023543834686279297 190 143 237 207
face 0.0023536086082458496 190 143 237 207
face 0.002350926399230957 190 143 237 207
