face 0.9990890622138977 244 406 277 446
face 0.9983999729156494 556 202 577 234
face 0.99835604429245 938 255 964 290
face 0.9977713227272034 675 319 701 354
face 0.996979296207428 126 416 160 459
face 0.9962618350982666 545 331 570 368
face 0.9956613779067993 410 239 435 273
face 0.9952367544174194 614 284 638 316
face 0.9945319294929504 355 416 383 455
face 0.9945068359375 85 241 114 277
face 0.9935135841369629 626 222 648 254
face 0.9924085140228271 486 367 515 408
face 0.9920368194580078 124 197 148 229
face 0.9914040565490723 776 213 798 243
face 0.9908304810523987 761 373 790 406
face 0.9892874956130981 400 440 424 473
face 0.9889024496078491 180 209 203 241
face 0.9871123433113098 871 380 900 416
face 0.9867205023765564 504 207 525 238
face 0.9838298559188843 459 232 482 265
face 0.9802011251449585 654 379 682 416
face 0.9762970209121704 780 241 803 271
face 0.9694238305091858 265 214 286 243
face 0.9670964479446411 971 388 1001 431
face 0.9665402173995972 290 251 315 286
face 0.9501661658287048 395 196 418 227
face 0.9246272444725037 452 208 473 237
face 0.9126328229904175 876 245 899 277
face 0.9095392227172852 729 236 751 269
face 0.8885352611541748 344 208 366 238
face 0.8684308528900146 604 317 628 351
face 0.8482632040977478 356 233 380 266
face 0.8237972259521484 846 216 864 241
face 0.8086608648300171 896 221 914 245
face 0.7944244742393494 22 436 52 481
face 0.7718121409416199 301 221 322 250
face 0.7694849967956543 686 233 709 266
face 0.7400598526000977 588 418 614 454
face 0.7248685359954834 28 199 52 236
face 0.6820060610771179 161 268 192 306
face 0.6652008295059204 1 243 21 286
face 0.5424835681915283 675 224 696 254
face 0.5194616317749023 37 268 73 310
face 0.5008613467216492 32 204 57 238
face 0.46967044472694397 32 204 57 238
face 0.42754948139190674 32 204 57 238
face 0.4074823558330536 32 204 57 238
face 0.3813740313053131 32 204 57 238
face 0.3114551901817322 32 204 57 238
face 0.2625545263290405 32 204 57 238
face 0.1754075586795807 32 204 57 238
face 0.14111921191215515 32 204 57 238
face 0.13911029696464539 32 204 57 238
face 0.12912863492965698 32 204 57 238
face 0.11409950256347656 32 204 57 238
face 0.08524832129478455 32 204 57 238
face 0.06358462572097778 32 204 57 238
face 0.06241708993911743 32 204 57 238
face 0.061971843242645264 32 204 57 238
face 0.06175243854522705 32 204 57 238
face 0.06044262647628784 32 204 57 238
face 0.05848360061645508 32 204 57 238
face 0.05285155773162842 32 204 57 238
face 0.05079638957977295 32 204 57 238
face 0.04952847957611084 32 204 57 238
face 0.04804453253746033 32 204 57 238
face 0.04263514280319214 32 204 57 238
face 0.04229295253753662 32 204 57 238
face 0.037428200244903564 32 204 57 238
face 0.036040276288986206 32 204 57 238
face 0.0358906090259552 32 204 57 238
face 0.0335143506526947 32 204 57 238
face 0.03290289640426636 32 204 57 238
face 0.03176578879356384 32 204 57 238
face 0.027224242687225342 32 204 57 238
face 0.026824086904525757 32 204 57 238
face 0.025284290313720703 32 204 57 238
face 0.025265395641326904 32 204 57 238
face 0.023564070463180542 32 204 57 238
face 0.02088552713394165 32 204 57 238
face 0.01746422052383423 32 204 57 238
face 0.01745849847793579 32 204 57 238
face 0.017430365085601807 32 204 57 238
face 0.0166437029838562 32 204 57 238
face 0.015905290842056274 32 204 57 238
face 0.015368878841400146 32 204 57 238
face 0.015291303396224976 32 204 57 238
face 0.015067726373672485 32 204 57 238
face 0.014845103025436401 32 204 57 238
face 0.014786481857299805 32 204 57 238
face 0.014698833227157593 32 204 57 238
face 0.014127194881439209 32 204 57 238
face 0.013569653034210205 32 204 57 238
face 0.013511568307876587 32 204 57 238
face 0.013419419527053833 32 204 57 238
face 0.013283789157867432 32 204 57 238
face 0.0125751793384552 32 204 57 238
face 0.011812984943389893 32 204 57 238
face 0.011630892753601074 32 204 57 238
face 0.011522650718688965 32 204 57 238
