face 0.19597852230072021 466 203 562 339
face 0.16828182339668274 466 203 562 339
face 0.1399930715560913 466 203 562 339
face 0.13689321279525757 466 203 562 339
face 0.08505788445472717 466 203 562 339
face 0.07867431640625 466 203 562 339
face 0.06734448671340942 466 203 562 339
face 0.06029269099235535 466 203 562 339
face 0.06028738617897034 466 203 562 339
face 0.05983865261077881 466 203 562 339
face 0.05963602662086487 466 203 562 339
face 0.05390915274620056 466 203 562 339
face 0.05281183123588562 466 203 562 339
face 0.052405864000320435 466 203 562 339
face 0.05147787928581238 466 203 562 339
face 0.04768955707550049 466 203 562 339
face 0.045890480279922485 466 203 562 339
face 0.041300952434539795 466 203 562 339
face 0.03699252009391785 466 203 562 339
face 0.03624734282493591 466 203 562 339
face 0.0348837673664093 466 203 562 339
face 0.032885342836380005 466 203 562 339
face 0.02887389063835144 466 203 562 339
face 0.027681201696395874 466 203 562 339
face 0.026627659797668457 466 203 562 339
face 0.02515113353729248 466 203 562 339
face 0.025096982717514038 466 203 562 339
face 0.024839341640472412 466 203 562 339
face 0.024214476346969604 466 203 562 339
face 0.023454904556274414 466 203 562 339
face 0.02302667498588562 466 203 562 339
face 0.022653281688690186 466 203 562 339
face 0.02213224768638611 466 203 562 339
face 0.02196452021598816 466 203 562 339
face 0.021898329257965088 466 203 562 339
face 0.021802008152008057 466 203 562 339
face 0.021488487720489502 466 203 562 339
face 0.021410077810287476 466 203 562 339
face 0.021237313747406006 466 203 562 339
face 0.02098110318183899 466 203 562 339
face 0.020939737558364868 466 203 562 339
face 0.020911484956741333 466 203 562 339
face 0.020766854286193848 466 203 562 339
face 0.02057632803916931 466 203 562 339
face 0.020535379648208618 466 203 562 339
face 0.020273298025131226 466 203 562 339
face 0.020176470279693604 466 203 562 339
face 0.019984006881713867 466 203 562 339
face 0.01988464593887329 466 203 562 339
face 0.01959177851676941 466 203 562 339
face 0.019423335790634155 466 203 562 339
face 0.019376754760742188 466 203 562 339
face 0.018792569637298584 466 203 562 339
face 0.01878342032432556 466 203 562 339
face 0.018661975860595703 466 203 562 339
face 0.0186312198638916 466 203 562 339
face 0.018575549125671387 466 203 562 339
face 0.018535912036895752 466 203 562 339
face 0.01846027374267578 466 203 562 339
face 0.018456608057022095 466 203 562 339
face 0.018446385860443115 466 203 562 339
face 0.018432646989822388 466 203 562 339
face 0.018429279327392578 466 203 562 339
face 0.0184059739112854 466 203 562 339
face 0.018306702375411987 466 203 562 339
face 0.018254190683364868 466 203 562 339
face 0.01818692684173584 466 203 562 339
face 0.017943531274795532 466 203 562 339
face 0.01780793070793152 466 203 562 339
face 0.017793089151382446 466 203 562 339
face 0.017675012350082397 466 203 562 339
face 0.01765403151512146 466 203 562 339
face 0.017647594213485718 466 203 562 339
face 0.017515897750854492 466 203 562 339
face 0.01742073893547058 466 203 562 339
face 0.017287015914916992 466 203 562 339
face 0.017024964094161987 466 203 562 339
face 0.016899168491363525 466 203 562 339
face 0.016886234283447266 466 203 562 339
face 0.01680624485015869 466 203 562 339
face 0.016716092824935913 466 203 562 339
face 0.016652487218379974 466 203 562 339
face 0.01658153533935547 466 203 562 339
face 0.01632779836654663 466 203 562 339
face 0.016013145446777344 466 203 562 339
face 0.016012221574783325 466 203 562 339
face 0.01593288779258728 466 203 562 339
face 0.0158500075340271 466 203 562 339
face 0.015841573476791382 466 203 562 339
face 0.015738695859909058 466 203 562 339
face 0.015650779008865356 466 203 562 339
face 0.0155717134475708 466 203 562 339
face 0.015546679496765137 466 203 562 339
face 0.015464931726455688 466 203 562 339
face 0.015461504459381104 466 203 562 339
face 0.015461355447769165 466 203 562 339
face 0.015422254800796509 466 203 562 339
face 0.015415400266647339 466 203 562 339
face 0.015366882085800171 466 203 562 339
face 0.015338480472564697 466 203 562 339
