face 0.9607515931129456 103 225 144 276
face 0.3093693256378174 103 225 144 276
face 0.08118203282356262 103 225 144 276
face 0.08071044087409973 103 225 144 276
face 0.05776184797286987 103 225 144 276
face 0.05752107501029968 103 225 144 276
face 0.041021376848220825 103 225 144 276
face 0.040911316871643066 103 225 144 276
face 0.04083251953125 103 225 144 276
face 0.04059824347496033 103 225 144 276
face 0.03889063000679016 103 225 144 276
face 0.03350257873535156 103 225 144 276
face 0.031302064657211304 103 225 144 276
face 0.02882722020149231 103 225 144 276
face 0.02673923969268799 103 225 144 276
face 0.024614930152893066 103 225 144 276
face 0.021547406911849976 103 225 144 276
face 0.019383370876312256 103 225 144 276
face 0.01884317398071289 103 225 144 276
face 0.0183447003364563 103 225 144 276
face 0.0172116756439209 103 225 144 276
face 0.016589611768722534 103 225 144 276
face 0.016423076391220093 103 225 144 276
face 0.014848023653030396 103 225 144 276
face 0.014734596014022827 103 225 144 276
face 0.013960301876068115 103 225 144 276
face 0.013938456773757935 103 225 144 276
face 0.013212859630584717 103 225 144 276
face 0.012537777423858643 103 225 144 276
face 0.012256890535354614 103 225 144 276
face 0.011783599853515625 103 225 144 276
face 0.011709600687026978 103 225 144 276
face 0.0114402174949646 103 225 144 276
face 0.011405140161514282 103 225 144 276
face 0.011392265558242798 103 225 144 276
face 0.011132806539535522 103 225 144 276
face 0.010929912328720093 103 225 144 276
face 0.010824054479598999 103 225 144 276
face 0.01060822606086731 103 225 144 276
face 0.010568976402282715 103 225 144 276
face 0.010366678237915039 103 225 144 276
face 0.010204166173934937 103 225 144 276
face 0.009835124015808105 103 225 144 276
face 0.009814023971557617 103 225 144 276
face 0.009638935327529907 103 225 144 276
face 0.009568274021148682 103 225 144 276
face 0.009491980075836182 103 225 144 276
face 0.00935015082359314 103 225 144 276
face 0.009242832660675049 103 225 144 276
face 0.009047210216522217 103 225 144 276
face 0.00897592306137085 103 225 144 276
face 0.008888334035873413 103 225 144 276
face 0.008450567722320557 103 225 144 276
face 0.0083560049533844 103 225 144 276
face 0.008195221424102783 103 225 144 276
face 0.008013814687728882 103 225 144 276
face 0.007954508066177368 103 225 144 276
face 0.007913291454315186 103 225 144 276
face 0.007755011320114136 103 225 144 276
face 0.007740974426269531 103 225 144 276
face 0.007707089185714722 103 225 144 276
face 0.007670879364013672 103 225 144 276
face 0.007639527320861816 103 225 144 276
face 0.00759926438331604 103 225 144 276
face 0.0073372721672058105 103 225 144 276
face 0.007274597883224487 103 225 144 276
face 0.007273495197296143 103 225 144 276
face 0.007226437330245972 103 225 144 276
face 0.007176309823989868 103 225 144 276
face 0.007082760334014893 103 225 144 276
face 0.007075101137161255 103 225 144 276
face 0.00698697566986084 103 225 144 276
face 0.006799876689910889 103 225 144 276
face 0.006667673587799072 103 225 144 276
face 0.006665676832199097 103 225 144 276
face 0.006493359804153442 103 225 144 276
face 0.006431519985198975 103 225 144 276
face 0.006360381841659546 103 225 144 276
face 0.006206303834915161 103 225 144 276
face 0.006202012300491333 103 225 144 276
face 0.006035149097442627 103 225 144 276
face 0.006034940481185913 103 225 144 276
face 0.0059569478034973145 103 225 144 276
face 0.005930721759796143 103 225 144 276
face 0.0059226155281066895 103 225 144 276
face 0.005849063396453857 103 225 144 276
face 0.005834639072418213 103 225 144 276
face 0.005682855844497681 103 225 144 276
face 0.0056733787059783936 103 225 144 276
face 0.005662500858306885 103 225 144 276
face 0.005556941032409668 103 225 144 276
face 0.005489945411682129 103 225 144 276
face 0.005369365215301514 103 225 144 276
face 0.005296885967254639 103 225 144 276
face 0.005282491445541382 103 225 144 276
face 0.005277395248413086 103 225 144 276
face 0.005267798900604248 103 225 144 276
face 0.0052540600299835205 103 225 144 276
face 0.005242347717285156 103 225 144 276
face 0.005240738391876221 103 225 144 276
