face 0.9971117973327637 458 138 597 340
face 0.011689364910125732 458 138 597 340
face 0.010237455368041992 458 138 597 340
face 0.010192841291427612 458 138 597 340
face 0.009802818298339844 458 138 597 340
face 0.008178263902664185 458 138 597 340
face 0.007477164268493652 458 138 597 340
face 0.006438493728637695 458 138 597 340
face 0.006434321403503418 458 138 597 340
face 0.006275802850723267 458 138 597 340
face 0.005645841360092163 458 138 597 340
face 0.005343407392501831 458 138 597 340
face 0.0052357017993927 458 138 597 340
face 0.0050983726978302 458 138 597 340
face 0.004977703094482422 458 138 597 340
face 0.0048660337924957275 458 138 597 340
face 0.004782915115356445 458 138 597 340
face 0.004709005355834961 458 138 597 340
face 0.004474133253097534 458 138 597 340
face 0.004404395818710327 458 138 597 340
face 0.004278749227523804 458 138 597 340
face 0.004252791404724121 458 138 597 340
face 0.004168093204498291 458 138 597 340
face 0.004132628440856934 458 138 597 340
face 0.004129081964492798 458 138 597 340
face 0.003924846649169922 458 138 597 340
face 0.003917902708053589 458 138 597 340
face 0.003748655319213867 458 138 597 340
face 0.003620743751525879 458 138 597 340
face 0.0035817325115203857 458 138 597 340
face 0.0034704506397247314 458 138 597 340
face 0.003437906503677368 458 138 597 340
face 0.003419637680053711 458 138 597 340
face 0.0033980906009674072 458 138 597 340
face 0.0033237040042877197 458 138 597 340
face 0.0033089816570281982 458 138 597 340
face 0.003281831741333008 458 138 597 340
face 0.0032364726066589355 458 138 597 340
face 0.003230750560760498 458 138 597 340
face 0.003205806016921997 458 138 597 340
face 0.0031779110431671143 458 138 597 340
face 0.0031668543815612793 458 138 597 340
face 0.0031605958938598633 458 138 597 340
face 0.0031481683254241943 458 138 597 340
face 0.0031466782093048096 458 138 597 340
face 0.0031124353408813477 458 138 597 340
face 0.0030731260776519775 458 138 597 340
face 0.0030701160430908203 458 138 597 340
face 0.0030688345432281494 458 138 597 340
face 0.0030132532119750977 458 138 597 340
face 0.0029812753200531006 458 138 597 340
face 0.002918750047683716 458 138 597 340
face 0.0029079020023345947 458 138 597 340
face 0.0029078423976898193 458 138 597 340
face 0.0028550922870635986 458 138 597 340
face 0.002854287624359131 458 138 597 340
face 0.0028396248817443848 458 138 597 340
face 0.0028336048126220703 458 138 597 340
face 0.0027664005756378174 458 138 597 340
face 0.0027556121349334717 458 138 597 340
face 0.002747178077697754 458 138 597 340
face 0.0027299821376800537 458 138 597 340
face 0.002727597951889038 458 138 597 340
face 0.002690255641937256 458 138 597 340
face 0.0026811063289642334 458 138 597 340
face 0.0026489198207855225 458 138 597 340
face 0.002642422914505005 458 138 597 340
face 0.0026358366012573242 458 138 597 340
face 0.002621591091156006 458 138 597 340
face 0.002602189779281616 458 138 597 340
face 0.002577871084213257 458 138 597 340
face 0.0025753676891326904 458 138 597 340
face 0.002569824457168579 458 138 597 340
face 0.002568155527114868 458 138 597 340
face 0.0025571584701538086 458 138 597 340
face 0.0025450289249420166 458 138 597 340
face 0.00250089168548584 458 138 597 340
face 0.002450019121170044 458 138 597 340
face 0.0024012327194213867 458 138 597 340
face 0.002400010824203491 458 138 597 340
face 0.0023960769176483154 458 138 597 340
face 0.0023690462112426758 458 138 597 340
face 0.002355337142944336 458 138 597 340
face 0.0023503899574279785 458 138 597 340
face 0.002332448959350586 458 138 597 340
face 0.002325713634490967 458 138 597 340
face 0.0023153722286224365 458 138 597 340
face 0.0022935569286346436 458 138 597 340
face 0.0022820234298706055 458 138 597 340
face 0.002278268337249756 458 138 597 340
face 0.0022669732570648193 458 138 597 340
face 0.0022622644901275635 458 138 597 340
face 0.0022535622119903564 458 138 597 340
face 0.0022505223751068115 458 138 597 340
face 0.0022223293781280518 458 138 597 340
face 0.0022174417972564697 458 138 597 340
face 0.0022090673446655273 458 138 597 340
face 0.002205967903137207 458 138 597 340
face 0.002166181802749634 458 138 597 340
face 0.0021568238735198975 458 138 597 340
