face 0.9534612894058228 654 52 798 232
face 0.06304752826690674 654 52 798 232
face 0.05325624346733093 654 52 798 232
face 0.050654321908950806 654 52 798 232
face 0.044777899980545044 654 52 798 232
face 0.04337954521179199 654 52 798 232
face 0.043317705392837524 654 52 798 232
face 0.04073968529701233 654 52 798 232
face 0.03938063979148865 654 52 798 232
face 0.03809148073196411 654 52 798 232
face 0.037861257791519165 654 52 798 232
face 0.03782445192337036 654 52 798 232
face 0.03742796182632446 654 52 798 232
face 0.035883963108062744 654 52 798 232
face 0.035234928131103516 654 52 798 232
face 0.03474909067153931 654 52 798 232
face 0.03451740741729736 654 52 798 232
face 0.033542096614837646 654 52 798 232
face 0.03272941708564758 654 52 798 232
face 0.03241428732872009 654 52 798 232
face 0.031965792179107666 654 52 798 232
face 0.031692564487457275 654 52 798 232
face 0.0307483971118927 654 52 798 232
face 0.03038761019706726 654 52 798 232
face 0.030338764190673828 654 52 798 232
face 0.02982151508331299 654 52 798 232
face 0.029371947050094604 654 52 798 232
face 0.02863672375679016 654 52 798 232
face 0.02776840329170227 654 52 798 232
face 0.027541428804397583 654 52 798 232
face 0.026698708534240723 654 52 798 232
face 0.02668386697769165 654 52 798 232
face 0.025814473628997803 654 52 798 232
face 0.02572953701019287 654 52 798 232
face 0.024724513292312622 654 52 798 232
face 0.023993343114852905 654 52 798 232
face 0.02249389886856079 654 52 798 232
face 0.022387593984603882 654 52 798 232
face 0.02194392681121826 654 52 798 232
face 0.02098637819290161 654 52 798 232
face 0.020511776208877563 654 52 798 232
face 0.020139038562774658 654 52 798 232
face 0.020086288452148438 654 52 798 232
face 0.020075738430023193 654 52 798 232
face 0.02006170153617859 654 52 798 232
face 0.019532233476638794 654 52 798 232
face 0.01938152313232422 654 52 798 232
face 0.01930209994316101 654 52 798 232
face 0.019270747900009155 654 52 798 232
face 0.01894921064376831 654 52 798 232
face 0.018801122903823853 654 52 798 232
face 0.01822274923324585 654 52 798 232
face 0.018014490604400635 654 52 798 232
face 0.017744004726409912 654 52 798 232
face 0.01750066876411438 654 52 798 232
face 0.01730462908744812 654 52 798 232
face 0.01690089702606201 654 52 798 232
face 0.016616731882095337 654 52 798 232
face 0.016415953636169434 654 52 798 232
face 0.016299724578857422 654 52 798 232
face 0.016127079725265503 654 52 798 232
face 0.015703469514846802 654 52 798 232
face 0.015591353178024292 654 52 798 232
face 0.015510976314544678 654 52 798 232
face 0.015491783618927002 654 52 798 232
face 0.015164405107498169 654 52 798 232
face 0.015114247798919678 654 52 798 232
face 0.015113651752471924 654 52 798 232
face 0.015084505081176758 654 52 798 232
face 0.014951854944229126 654 52 798 232
face 0.014947950839996338 654 52 798 232
face 0.014712750911712646 654 52 798 232
face 0.01438295841217041 654 52 798 232
face 0.01398739218711853 654 52 798 232
face 0.013972997665405273 654 52 798 232
face 0.013812541961669922 654 52 798 232
face 0.013805478811264038 654 52 798 232
face 0.013556480407714844 654 52 798 232
face 0.013385236263275146 654 52 798 232
face 0.013307303190231323 654 52 798 232
face 0.013093620538711548 654 52 798 232
face 0.012956202030181885 654 52 798 232
face 0.012929797172546387 654 52 798 232
face 0.01281583309173584 654 52 798 232
face 0.012792319059371948 654 52 798 232
face 0.01268276572227478 654 52 798 232
face 0.012681245803833008 654 52 798 232
face 0.012566208839416504 654 52 798 232
face 0.012516766786575317 654 52 798 232
face 0.012401938438415527 654 52 798 232
face 0.012377887964248657 654 52 798 232
face 0.012343108654022217 654 52 798 232
face 0.012327641248703003 654 52 798 232
face 0.012294977903366089 654 52 798 232
face 0.012125730514526367 654 52 798 232
face 0.0119875967502594 654 52 798 232
face 0.011959940195083618 654 52 798 232
face 0.011921882629394531 654 52 798 232
face 0.01185142993927002 654 52 798 232
face 0.011796325445175171 654 52 798 232
