face 0.9831117391586304 179 104 294 239
face 0.6743637919425964 742 41 862 191
face 0.010516524314880371 742 41 862 191
face 0.009632200002670288 742 41 862 191
face 0.008043467998504639 742 41 862 191
face 0.007605552673339844 742 41 862 191
face 0.007257014513015747 742 41 862 191
face 0.007108718156814575 742 41 862 191
face 0.006798297166824341 742 41 862 191
face 0.005609422922134399 742 41 862 191
face 0.005544602870941162 742 41 862 191
face 0.004990309476852417 742 41 862 191
face 0.0049218833446502686 742 41 862 191
face 0.0046471357345581055 742 41 862 191
face 0.0044822096824646 742 41 862 191
face 0.004453599452972412 742 41 862 191
face 0.004349738359451294 742 41 862 191
face 0.004186660051345825 742 41 862 191
face 0.003964662551879883 742 41 862 191
face 0.003957688808441162 742 41 862 191
face 0.0038125813007354736 742 41 862 191
face 0.0036797523498535156 742 41 862 191
face 0.003617405891418457 742 41 862 191
face 0.003567725419998169 742 41 862 191
face 0.003508150577545166 742 41 862 191
face 0.0033475756645202637 742 41 862 191
face 0.0032309293746948242 742 41 862 191
face 0.0032175779342651367 742 41 862 191
face 0.0032024085521698 742 41 862 191
face 0.0031671226024627686 742 41 862 191
face 0.003143787384033203 742 41 862 191
face 0.002998143434524536 742 41 862 191
face 0.002990931272506714 742 41 862 191
face 0.0029397308826446533 742 41 862 191
face 0.002918720245361328 742 41 862 191
face 0.002883732318878174 742 41 862 191
face 0.002833545207977295 742 41 862 191
face 0.002805352210998535 742 41 862 191
face 0.0027724504470825195 742 41 862 191
face 0.002769172191619873 742 41 862 191
face 0.0027600228786468506 742 41 862 191
face 0.002664536237716675 742 41 862 191
face 0.002660512924194336 742 41 862 191
face 0.0026177167892456055 742 41 862 191
face 0.002567589282989502 742 41 862 191
face 0.0025382637977600098 742 41 862 191
face 0.0025148987770080566 742 41 862 191
face 0.0025083720684051514 742 41 862 191
face 0.00249519944190979 742 41 862 191
face 0.0024900436401367188 742 41 862 191
face 0.0024840831756591797 742 41 862 191
face 0.002462238073348999 742 41 862 191
face 0.0024576783180236816 742 41 862 191
face 0.002410203218460083 742 41 862 191
face 0.002408653497695923 742 41 862 191
face 0.0024052858352661133 742 41 862 191
face 0.0024040639400482178 742 41 862 191
face 0.002395808696746826 742 41 862 191
face 0.0023918449878692627 742 41 862 191
face 0.0023894906044006348 742 41 862 191
face 0.002371370792388916 742 41 862 191
face 0.0023327767848968506 742 41 862 191
face 0.0023238956928253174 742 41 862 191
face 0.0023146867752075195 742 41 862 191
face 0.0023138821125030518 742 41 862 191
face 0.0023033320903778076 742 41 862 191
face 0.002285987138748169 742 41 862 191
face 0.0022752583026885986 742 41 862 191
face 0.0022571682929992676 742 41 862 191
face 0.0022534728050231934 742 41 862 191
face 0.0022525787353515625 742 41 862 191
face 0.002241194248199463 742 41 862 191
face 0.002232849597930908 742 41 862 191
face 0.0022232234477996826 742 41 862 191
face 0.002222120761871338 742 41 862 191
face 0.0022178590297698975 742 41 862 191
face 0.0022119879722595215 742 41 862 191
face 0.0021992623805999756 742 41 862 191
face 0.002184957265853882 742 41 862 191
face 0.0021829605102539062 742 41 862 191
face 0.002150237560272217 742 41 862 191
face 0.0021432340145111084 742 41 862 191
face 0.002122431993484497 742 41 862 191
face 0.0021134614944458008 742 41 862 191
face 0.0020729005336761475 742 41 862 191
face 0.0020576119422912598 742 41 862 191
face 0.002045929431915283 742 41 862 191
face 0.002034425735473633 742 41 862 191
face 0.00201570987701416 742 41 862 191
face 0.0020045340061187744 742 41 862 191
face 0.001996070146560669 742 41 862 191
face 0.0019889473915100098 742 41 862 191
face 0.001975417137145996 742 41 862 191
face 0.001971304416656494 742 41 862 191
face 0.001970827579498291 742 41 862 191
face 0.0019690394401550293 742 41 862 191
face 0.0019651055335998535 742 41 862 191
face 0.0019502341747283936 742 41 862 191
face 0.0019474625587463379 742 41 862 191
face 0.0019270777702331543 742 41 862 191
