face 0.9929713010787964 880 292 906 342
face 0.9146292209625244 52 238 83 293
face 0.06509745121002197 52 238 83 293
face 0.04972708225250244 52 238 83 293
face 0.032262563705444336 52 238 83 293
face 0.029461830854415894 52 238 83 293
face 0.026468783617019653 52 238 83 293
face 0.018899768590927124 52 238 83 293
face 0.015645503997802734 52 238 83 293
face 0.01517227292060852 52 238 83 293
face 0.01428404450416565 52 238 83 293
face 0.013667136430740356 52 238 83 293
face 0.012450635433197021 52 238 83 293
face 0.012142926454544067 52 238 83 293
face 0.0119667649269104 52 238 83 293
face 0.011212825775146484 52 238 83 293
face 0.01047179102897644 52 238 83 293
face 0.010304391384124756 52 238 83 293
face 0.010155528783798218 52 238 83 293
face 0.009111136198043823 52 238 83 293
face 0.008989900350570679 52 238 83 293
face 0.00879940390586853 52 238 83 293
face 0.008380502462387085 52 238 83 293
face 0.008249133825302124 52 238 83 293
face 0.008083552122116089 52 238 83 293
face 0.008047223091125488 52 238 83 293
face 0.007935196161270142 52 238 83 293
face 0.007748126983642578 52 238 83 293
face 0.007694989442825317 52 238 83 293
face 0.0072785913944244385 52 238 83 293
face 0.007248252630233765 52 238 83 293
face 0.006881415843963623 52 238 83 293
face 0.006877541542053223 52 238 83 293
face 0.006747543811798096 52 238 83 293
face 0.006745815277099609 52 238 83 293
face 0.006665438413619995 52 238 83 293
face 0.006642669439315796 52 238 83 293
face 0.0064050257205963135 52 238 83 293
face 0.006394892930984497 52 238 83 293
face 0.006067812442779541 52 238 83 293
face 0.006050378084182739 52 238 83 293
face 0.006037294864654541 52 238 83 293
face 0.005997002124786377 52 238 83 293
face 0.005882322788238525 52 238 83 293
face 0.00564885139465332 52 238 83 293
face 0.005578577518463135 52 238 83 293
face 0.005420565605163574 52 238 83 293
face 0.005341142416000366 52 238 83 293
face 0.005288213491439819 52 238 83 293
face 0.005281537771224976 52 238 83 293
face 0.005058258771896362 52 238 83 293
face 0.005035281181335449 52 238 83 293
face 0.005018472671508789 52 238 83 293
face 0.004992425441741943 52 238 83 293
face 0.004925131797790527 52 238 83 293
face 0.004904687404632568 52 238 83 293
face 0.004862993955612183 52 238 83 293
face 0.004702776670455933 52 238 83 293
face 0.004648804664611816 52 238 83 293
face 0.004620283842086792 52 238 83 293
face 0.004608601331710815 52 238 83 293
face 0.004604905843734741 52 238 83 293
face 0.004569023847579956 52 238 83 293
face 0.004516154527664185 52 238 83 293
face 0.0045126378536224365 52 238 83 293
face 0.00449332594871521 52 238 83 293
face 0.004467785358428955 52 238 83 293
face 0.004343986511230469 52 238 83 293
face 0.0043128132820129395 52 238 83 293
face 0.004269629716873169 52 238 83 293
face 0.0042400360107421875 52 238 83 293
face 0.004191160202026367 52 238 83 293
face 0.004170149564743042 52 238 83 293
face 0.004131346940994263 52 238 83 293
face 0.004100412130355835 52 238 83 293
face 0.0040978193283081055 52 238 83 293
face 0.0040805041790008545 52 238 83 293
face 0.004059851169586182 52 238 83 293
face 0.004058897495269775 52 238 83 293
face 0.004047393798828125 52 238 83 293
face 0.00403478741645813 52 238 83 293
face 0.0039573609828948975 52 238 83 293
face 0.003937095403671265 52 238 83 293
face 0.0039112865924835205 52 238 83 293
face 0.003901571035385132 52 238 83 293
face 0.003898918628692627 52 238 83 293
face 0.0038812756538391113 52 238 83 293
face 0.00375482439994812 52 238 83 293
face 0.003727138042449951 52 238 83 293
face 0.003701150417327881 52 238 83 293
face 0.003634631633758545 52 238 83 293
face 0.0036185085773468018 52 238 83 293
face 0.0035980045795440674 52 238 83 293
face 0.0035925209522247314 52 238 83 293
face 0.0035908520221710205 52 238 83 293
face 0.003491312265396118 52 238 83 293
face 0.0034677088260650635 52 238 83 293
face 0.003452986478805542 52 238 83 293
face 0.0034326910972595215 52 238 83 293
face 0.0033895671367645264 52 238 83 293
