face 0.9955465793609619 285 106 313 140
face 0.9731600284576416 287 372 322 410
face 0.9668705463409424 576 106 604 141
face 0.9320557117462158 455 377 483 407
face 0.9210535287857056 827 109 853 136
face 0.9171450734138489 422 50 463 98
face 0.9047938585281372 119 315 161 364
face 0.8059295415878296 124 47 162 94
face 0.7545191049575806 701 68 733 110
face 0.7365235686302185 649 318 683 357
face 0.6052770614624023 726 353 745 375
face 0.5532397031784058 862 320 896 362
face 0.4214816689491272 862 320 896 362
face 0.3861806392669678 862 320 896 362
face 0.3536800444126129 862 320 896 362
face 0.3336701989173889 862 320 896 362
face 0.30785077810287476 862 320 896 362
face 0.29070180654525757 862 320 896 362
face 0.2780335545539856 862 320 896 362
face 0.2691156268119812 862 320 896 362
face 0.2427634596824646 862 320 896 362
face 0.23265039920806885 862 320 896 362
face 0.21654021739959717 862 320 896 362
face 0.19962573051452637 862 320 896 362
face 0.19675326347351074 862 320 896 362
face 0.18224969506263733 862 320 896 362
face 0.1782153844833374 862 320 896 362
face 0.17187941074371338 862 320 896 362
face 0.16960135102272034 862 320 896 362
face 0.160139262676239 862 320 896 362
face 0.14946335554122925 862 320 896 362
face 0.14649415016174316 862 320 896 362
face 0.14587095379829407 862 320 896 362
face 0.14465248584747314 862 320 896 362
face 0.14229807257652283 862 320 896 362
face 0.1397707164287567 862 320 896 362
face 0.13132360577583313 862 320 896 362
face 0.13085401058197021 862 320 896 362
face 0.1308072805404663 862 320 896 362
face 0.12996667623519897 862 320 896 362
face 0.12381938099861145 862 320 896 362
face 0.12335279583930969 862 320 896 362
face 0.12201797962188721 862 320 896 362
face 0.1161026656627655 862 320 896 362
face 0.11555901169776917 862 320 896 362
face 0.11380970478057861 862 320 896 362
face 0.10859280824661255 862 320 896 362
face 0.1082589328289032 862 320 896 362
face 0.10458353161811829 862 320 896 362
face 0.10430976748466492 862 320 896 362
face 0.1018734872341156 862 320 896 362
face 0.1017102599143982 862 320 896 362
face 0.09978359937667847 862 320 896 362
face 0.09954613447189331 862 320 896 362
face 0.0991818904876709 862 320 896 362
face 0.09868183732032776 862 320 896 362
face 0.09360319375991821 862 320 896 362
face 0.09237033128738403 862 320 896 362
face 0.09116348624229431 862 320 896 362
face 0.0903904139995575 862 320 896 362
face 0.09010934829711914 862 320 896 362
face 0.08936408162117004 862 320 896 362
face 0.08917126059532166 862 320 896 362
face 0.08914297819137573 862 320 896 362
face 0.08879303932189941 862 320 896 362
face 0.0887417197227478 862 320 896 362
face 0.0871027410030365 862 320 896 362
face 0.08615416288375854 862 320 896 362
face 0.08525305986404419 862 320 896 362
face 0.0842144787311554 862 320 896 362
face 0.08311745524406433 862 320 896 362
face 0.08218914270401001 862 320 896 362
face 0.08212533593177795 862 320 896 362
face 0.08036652207374573 862 320 896 362
face 0.07950341701507568 862 320 896 362
face 0.07812142372131348 862 320 896 362
face 0.07774436473846436 862 320 896 362
face 0.07511910796165466 862 320 896 362
face 0.07321828603744507 862 320 896 362
face 0.07192152738571167 862 320 896 362
face 0.07162398099899292 862 320 896 362
face 0.0690956711769104 862 320 896 362
face 0.06880635023117065 862 320 896 362
face 0.06842952966690063 862 320 896 362
face 0.06662607192993164 862 320 896 362
face 0.06398442387580872 862 320 896 362
face 0.06351378560066223 862 320 896 362
face 0.060813963413238525 862 320 896 362
face 0.06072703003883362 862 320 896 362
face 0.06039398908615112 862 320 896 362
face 0.059811919927597046 862 320 896 362
face 0.059039175510406494 862 320 896 362
face 0.05790701508522034 862 320 896 362
face 0.05769026279449463 862 320 896 362
face 0.05644941329956055 862 320 896 362
face 0.05625969171524048 862 320 896 362
face 0.05557006597518921 862 320 896 362
face 0.055396586656570435 862 320 896 362
face 0.05474621057510376 862 320 896 362
face 0.05447143316268921 862 320 896 362
