face 0.9994560480117798 271 328 695 907
face 0.008290141820907593 271 328 695 907
face 0.005776822566986084 271 328 695 907
face 0.0057555437088012695 271 328 695 907
face 0.005099773406982422 271 328 695 907
face 0.004831761121749878 271 328 695 907
face 0.0039608776569366455 271 328 695 907
face 0.0039055347442626953 271 328 695 907
face 0.0038677752017974854 271 328 695 907
face 0.0035466253757476807 271 328 695 907
face 0.0033846497535705566 271 328 695 907
face 0.0033662617206573486 271 328 695 907
face 0.0033433139324188232 271 328 695 907
face 0.0032859742641448975 271 328 695 907
face 0.0032217204570770264 271 328 695 907
face 0.003211081027984619 271 328 695 907
face 0.003151506185531616 271 328 695 907
face 0.0031441152095794678 271 328 695 907
face 0.003124624490737915 271 328 695 907
face 0.0031167566776275635 271 328 695 907
face 0.003088712692260742 271 328 695 907
face 0.003059595823287964 271 328 695 907
face 0.0030315518379211426 271 328 695 907
face 0.0029895007610321045 271 328 695 907
face 0.0028840303421020508 271 328 695 907
face 0.002880990505218506 271 328 695 907
face 0.0028796494007110596 271 328 695 907
face 0.002858966588973999 271 328 695 907
face 0.002820342779159546 271 328 695 907
face 0.002751648426055908 271 328 695 907
face 0.002726614475250244 271 328 695 907
face 0.002704411745071411 271 328 695 907
face 0.0026712417602539062 271 328 695 907
face 0.0026592016220092773 271 328 695 907
face 0.002617061138153076 271 328 695 907
face 0.002611398696899414 271 328 695 907
face 0.0026026368141174316 271 328 695 907
face 0.0025579333305358887 271 328 695 907
face 0.0025387704372406006 271 328 695 907
face 0.0025352537631988525 271 328 695 907
face 0.0025080442428588867 271 328 695 907
face 0.0024823248386383057 271 328 695 907
face 0.002414524555206299 271 328 695 907
face 0.002399653196334839 271 328 695 907
face 0.002399235963821411 271 328 695 907
face 0.0023565292358398438 271 328 695 907
face 0.002350717782974243 271 328 695 907
face 0.00226476788520813 271 328 695 907
face 0.0021775364875793457 271 328 695 907
face 0.002173095941543579 271 328 695 907
face 0.002146691083908081 271 328 695 907
face 0.0021364986896514893 271 328 695 907
face 0.002102583646774292 271 328 695 907
face 0.0021005868911743164 271 328 695 907
face 0.0020957887172698975 271 328 695 907
face 0.0020956993103027344 271 328 695 907
face 0.002074509859085083 271 328 695 907
face 0.0020743906497955322 271 328 695 907
face 0.002070605754852295 271 328 695 907
face 0.002063363790512085 271 328 695 907
face 0.0020523369312286377 271 328 695 907
face 0.002050727605819702 271 328 695 907
face 0.0020499229431152344 271 328 695 907
face 0.002038806676864624 271 328 695 907
face 0.002021878957748413 271 328 695 907
face 0.00201416015625 271 328 695 907
face 0.00200846791267395 271 328 695 907
face 0.001984149217605591 271 328 695 907
face 0.0019753575325012207 271 328 695 907
face 0.001971811056137085 271 328 695 907
face 0.0019683539867401123 271 328 695 907
face 0.0019600391387939453 271 328 695 907
face 0.001959085464477539 271 328 695 907
face 0.0019436180591583252 271 328 695 907
face 0.0019285380840301514 271 328 695 907
face 0.0019245445728302002 271 328 695 907
face 0.0019024908542633057 271 328 695 907
face 0.001899033784866333 271 328 695 907
face 0.0018988251686096191 271 328 695 907
face 0.001898437738418579 271 328 695 907
face 0.001885741949081421 271 328 695 907
face 0.0018768608570098877 271 328 695 907
face 0.0018709301948547363 271 328 695 907
face 0.0018685758113861084 271 328 695 907
face 0.0018672645092010498 271 328 695 907
face 0.0018410980701446533 271 328 695 907
face 0.0018305182456970215 271 328 695 907
face 0.0018267631530761719 271 328 695 907
face 0.0018094778060913086 271 328 695 907
face 0.00180894136428833 271 328 695 907
face 0.001796722412109375 271 328 695 907
face 0.0017879307270050049 271 328 695 907
face 0.0017764270305633545 271 328 695 907
face 0.0017738044261932373 271 328 695 907
face 0.0017667114734649658 271 328 695 907
face 0.001764535903930664 271 328 695 907
face 0.001763850450515747 271 328 695 907
face 0.0017393231391906738 271 328 695 907
face 0.0017330348491668701 271 328 695 907
face 0.0017164051532745361 271 328 695 907
