face 0.96014404296875 436 74 564 240
face 0.020539551973342896 436 74 564 240
face 0.01981934905052185 436 74 564 240
face 0.01849016547203064 436 74 564 240
face 0.017477691173553467 436 74 564 240
face 0.016837209463119507 436 74 564 240
face 0.015069007873535156 436 74 564 240
face 0.014463573694229126 436 74 564 240
face 0.012749165296554565 436 74 564 240
face 0.012743562459945679 436 74 564 240
face 0.011544227600097656 436 74 564 240
face 0.01044541597366333 436 74 564 240
face 0.010110348463058472 436 74 564 240
face 0.009500503540039062 436 74 564 240
face 0.009459078311920166 436 74 564 240
face 0.009349316358566284 436 74 564 240
face 0.00925987958908081 436 74 564 240
face 0.008698105812072754 436 74 564 240
face 0.008418351411819458 436 74 564 240
face 0.008190631866455078 436 74 564 240
face 0.007891803979873657 436 74 564 240
face 0.007257997989654541 436 74 564 240
face 0.0070989131927490234 436 74 564 240
face 0.007042944431304932 436 74 564 240
face 0.006968021392822266 436 74 564 240
face 0.006911188364028931 436 74 564 240
face 0.006910145282745361 436 74 564 240
face 0.006590396165847778 436 74 564 240
face 0.006525516510009766 436 74 564 240
face 0.006472170352935791 436 74 564 240
face 0.0064595043659210205 436 74 564 240
face 0.0063852667808532715 436 74 564 240
face 0.0063169002532958984 436 74 564 240
face 0.006314635276794434 436 74 564 240
face 0.006312429904937744 436 74 564 240
face 0.006047457456588745 436 74 564 240
face 0.005898892879486084 436 74 564 240
face 0.005787760019302368 436 74 564 240
face 0.005744963884353638 436 74 564 240
face 0.005571126937866211 436 74 564 240
face 0.005552142858505249 436 74 564 240
face 0.005386918783187866 436 74 564 240
face 0.005383700132369995 436 74 564 240
face 0.005378693342208862 436 74 564 240
face 0.005375802516937256 436 74 564 240
face 0.005316048860549927 436 74 564 240
face 0.005151420831680298 436 74 564 240
face 0.005107134580612183 436 74 564 240
face 0.0050976574420928955 436 74 564 240
face 0.005069851875305176 436 74 564 240
face 0.005057841539382935 436 74 564 240
face 0.004955381155014038 436 74 564 240
face 0.004925251007080078 436 74 564 240
face 0.004875898361206055 436 74 564 240
face 0.004807919263839722 436 74 564 240
face 0.004799097776412964 436 74 564 240
face 0.004757136106491089 436 74 564 240
face 0.004644125699996948 436 74 564 240
face 0.004615098237991333 436 74 564 240
face 0.004531204700469971 436 74 564 240
face 0.004497736692428589 436 74 564 240
face 0.004461526870727539 436 74 564 240
face 0.004441320896148682 436 74 564 240
face 0.004427880048751831 436 74 564 240
face 0.004409164190292358 436 74 564 240
face 0.004396349191665649 436 74 564 240
face 0.004301548004150391 436 74 564 240
face 0.004271447658538818 436 74 564 240
face 0.004224151372909546 436 74 564 240
face 0.004221707582473755 436 74 564 240
face 0.00422137975692749 436 74 564 240
face 0.004216611385345459 436 74 564 240
face 0.004193902015686035 436 74 564 240
face 0.00417974591255188 436 74 564 240
face 0.004173606634140015 436 74 564 240
face 0.0041020214557647705 436 74 564 240
face 0.004076153039932251 436 74 564 240
face 0.004022419452667236 436 74 564 240
face 0.003989309072494507 436 74 564 240
face 0.003960847854614258 436 74 564 240
face 0.00395810604095459 436 74 564 240
face 0.003930509090423584 436 74 564 240
face 0.003899484872817993 436 74 564 240
face 0.0038830935955047607 436 74 564 240
face 0.003840208053588867 436 74 564 240
face 0.0038174092769622803 436 74 564 240
face 0.0037689507007598877 436 74 564 240
face 0.003766804002225399 436 74 564 240
face 0.003763854503631592 436 74 564 240
face 0.0037560760974884033 436 74 564 240
face 0.0037085413932800293 436 74 564 240
face 0.0036960244178771973 436 74 564 240
face 0.0036535561084747314 436 74 564 240
face 0.003643721342086792 436 74 564 240
face 0.0036405324935913086 436 74 564 240
face 0.003633826971054077 436 74 564 240
face 0.0035912692546844482 436 74 564 240
face 0.0035203099250793457 436 74 564 240
face 0.0035081803798675537 436 74 564 240
face 0.0034927427768707275 436 74 564 240
