face 0.9979255199432373 758 68 914 268
face 0.9953502416610718 414 77 572 285
face 0.013263106346130371 414 77 572 285
face 0.010415613651275635 414 77 572 285
face 0.008644700050354004 414 77 572 285
face 0.007516920566558838 414 77 572 285
face 0.006410568952560425 414 77 572 285
face 0.005670696496963501 414 77 572 285
face 0.00511893630027771 414 77 572 285
face 0.004893690347671509 414 77 572 285
face 0.004878729581832886 414 77 572 285
face 0.00464436411857605 414 77 572 285
face 0.004636406898498535 414 77 572 285
face 0.004589378833770752 414 77 572 285
face 0.004588693380355835 414 77 572 285
face 0.004470139741897583 414 77 572 285
face 0.004410088062286377 414 77 572 285
face 0.004409313201904297 414 77 572 285
face 0.004403531551361084 414 77 572 285
face 0.00435677170753479 414 77 572 285
face 0.004216551780700684 414 77 572 285
face 0.004041939973831177 414 77 572 285
face 0.003966540098190308 414 77 572 285
face 0.0038547515869140625 414 77 572 285
face 0.0037533044815063477 414 77 572 285
face 0.003752470016479492 414 77 572 285
face 0.003706634044647217 414 77 572 285
face 0.003644704818725586 414 77 572 285
face 0.0034447908401489258 414 77 572 285
face 0.0033660531044006348 414 77 572 285
face 0.0033634305000305176 414 77 572 285
face 0.003297775983810425 414 77 572 285
face 0.003287017345428467 414 77 572 285
face 0.0032660365104675293 414 77 572 285
face 0.0032563209533691406 414 77 572 285
face 0.0032449066638946533 414 77 572 285
face 0.0032321810722351074 414 77 572 285
face 0.0031096041202545166 414 77 572 285
face 0.0031064748764038086 414 77 572 285
face 0.0030635595321655273 414 77 572 285
face 0.0030176937580108643 414 77 572 285
face 0.0030021965503692627 414 77 572 285
face 0.0028187334537506104 414 77 572 285
face 0.002791851758956909 414 77 572 285
face 0.002746105194091797 414 77 572 285
face 0.0027208328247070312 414 77 572 285
face 0.0027129948139190674 414 77 572 285
face 0.0026817023754119873 414 77 572 285
face 0.002663552761077881 414 77 572 285
face 0.002654463052749634 414 77 572 285
face 0.0026095211505889893 414 77 572 285
face 0.0025799572467803955 414 77 572 285
face 0.00256386399269104 414 77 572 285
face 0.002544492483139038 414 77 572 285
face 0.0025155842304229736 414 77 572 285
face 0.0025071799755096436 414 77 572 285
face 0.0024847090244293213 414 77 572 285
face 0.00247114896774292 414 77 572 285
face 0.002458035945892334 414 77 572 285
face 0.002440899610519409 414 77 572 285
face 0.002402693033218384 414 77 572 285
face 0.0023763179779052734 414 77 572 285
face 0.002373039722442627 414 77 572 285
face 0.002369105815887451 414 77 572 285
face 0.002359449863433838 414 77 572 285
face 0.0023339688777923584 414 77 572 285
face 0.002333134412765503 414 77 572 285
face 0.002324730157852173 414 77 572 285
face 0.00231972336769104 414 77 572 285
face 0.002317577600479126 414 77 572 285
face 0.0022650957107543945 414 77 572 285
face 0.0022583603858947754 414 77 572 285
face 0.0022433698177337646 414 77 572 285
face 0.002243220806121826 414 77 572 285
face 0.002219676971435547 414 77 572 285
face 0.0022181272506713867 414 77 572 285
face 0.0021989643573760986 414 77 572 285
face 0.0021887123584747314 414 77 572 285
face 0.0021635890007019043 414 77 572 285
face 0.0021216273307800293 414 77 572 285
face 0.002093970775604248 414 77 572 285
face 0.0020759403705596924 414 77 572 285
face 0.002063184976577759 414 77 572 285
face 0.0020342767238616943 414 77 572 285
face 0.0020292997360229492 414 77 572 285
face 0.002015233039855957 414 77 572 285
face 0.0020117759704589844 414 77 572 285
face 0.00200846791267395 414 77 572 285
face 0.001974761486053467 414 77 572 285
face 0.001971513032913208 414 77 572 285
face 0.001966923475265503 414 77 572 285
face 0.0019519329071044922 414 77 572 285
face 0.0019470453262329102 414 77 572 285
face 0.0019257962703704834 414 77 572 285
face 0.001923203468322754 414 77 572 285
face 0.001919180154800415 414 77 572 285
face 0.0018915832042694092 414 77 572 285
face 0.0018853843212127686 414 77 572 285
face 0.0018797814846038818 414 77 572 285
face 0.0018571019172668457 414 77 572 285
