face 0.8171365261077881 532 263 662 445
face 0.0442834198474884 532 263 662 445
face 0.030257374048233032 532 263 662 445
face 0.02752751111984253 532 263 662 445
face 0.026972949504852295 532 263 662 445
face 0.02524581551551819 532 263 662 445
face 0.02136746048927307 532 263 662 445
face 0.020887762308120728 532 263 662 445
face 0.01899072527885437 532 263 662 445
face 0.017805099487304688 532 263 662 445
face 0.014797806739807129 532 263 662 445
face 0.014521300792694092 532 263 662 445
face 0.013819962739944458 532 263 662 445
face 0.012295424938201904 532 263 662 445
face 0.010920792818069458 532 263 662 445
face 0.01049235463142395 532 263 662 445
face 0.009784936904907227 532 263 662 445
face 0.009677112102508545 532 263 662 445
face 0.009663194417953491 532 263 662 445
face 0.009412765502929688 532 263 662 445
face 0.009400516748428345 532 263 662 445
face 0.009122461080551147 532 263 662 445
face 0.008690595626831055 532 263 662 445
face 0.008481055498123169 532 263 662 445
face 0.008429646492004395 532 263 662 445
face 0.008424609899520874 532 263 662 445
face 0.00831151008605957 532 263 662 445
face 0.0082969069480896 532 263 662 445
face 0.008014321327209473 532 263 662 445
face 0.007894158363342285 532 263 662 445
face 0.007863163948059082 532 263 662 445
face 0.00783449411392212 532 263 662 445
face 0.007809489965438843 532 263 662 445
face 0.007710814476013184 532 263 662 445
face 0.007563233375549316 532 263 662 445
face 0.007554948329925537 532 263 662 445
face 0.007553517818450928 532 263 662 445
face 0.007309257984161377 532 263 662 445
face 0.007160395383834839 532 263 662 445
face 0.0071544647216796875 532 263 662 445
face 0.007148325443267822 532 263 662 445
face 0.006883054971694946 532 263 662 445
face 0.006857693195343018 532 263 662 445
face 0.006855517625808716 532 263 662 445
face 0.0066453516483306885 532 263 662 445
face 0.006638765335083008 532 263 662 445
face 0.006519496440887451 532 263 662 445
face 0.006360679864883423 532 263 662 445
face 0.006316184997558594 532 263 662 445
face 0.006283819675445557 532 263 662 445
face 0.006176471710205078 532 263 662 445
face 0.0061304569244384766 532 263 662 445
face 0.006054133176803589 532 263 662 445
face 0.006015390157699585 532 263 662 445
face 0.005911916494369507 532 263 662 445
face 0.005874961614608765 532 263 662 445
face 0.005857944488525391 532 263 662 445
face 0.005840390920639038 532 263 662 445
face 0.0058293938636779785 532 263 662 445
face 0.00579264760017395 532 263 662 445
face 0.005690068006515503 532 263 662 445
face 0.005677223205566406 532 263 662 445
face 0.005675137042999268 532 263 662 445
face 0.005656421184539795 532 263 662 445
face 0.005650460720062256 532 263 662 445
face 0.0056480467319488525 532 263 662 445
face 0.005645245313644409 532 263 662 445
face 0.005577504634857178 532 263 662 445
face 0.005494892597198486 532 263 662 445
face 0.005447864532470703 532 263 662 445
face 0.005408287048339844 532 263 662 445
face 0.005383610725402832 532 263 662 445
face 0.005278170108795166 532 263 662 445
face 0.0052412450313568115 532 263 662 445
face 0.005143314599990845 532 263 662 445
face 0.0051084160804748535 532 263 662 445
face 0.005049318075180054 532 263 662 445
face 0.005017697811126709 532 263 662 445
face 0.004990965127944946 532 263 662 445
face 0.004982024431228638 532 263 662 445
face 0.004969745874404907 532 263 662 445
face 0.004944711923599243 532 263 662 445
face 0.004908531904220581 532 263 662 445
face 0.004893898963928223 532 263 662 445
face 0.004864215850830078 532 263 662 445
face 0.004847109317779541 532 263 662 445
face 0.004837125539779663 532 263 662 445
face 0.004765838384628296 532 263 662 445
face 0.004763931035995483 532 263 662 445
face 0.004748433828353882 532 263 662 445
face 0.004694819450378418 532 263 662 445
face 0.004664808511734009 532 263 662 445
face 0.004664719104766846 532 263 662 445
face 0.004565060138702393 532 263 662 445
face 0.004503726959228516 532 263 662 445
face 0.004493534564971924 532 263 662 445
face 0.004460722208023071 532 263 662 445
face 0.004451841115951538 532 263 662 445
face 0.00437590479850769 532 263 662 445
face 0.004319995641708374 532 263 662 445
