face 0.9972469806671143 629 140 703 255
face 0.9949934482574463 403 50 482 172
face 0.9560986757278442 841 87 929 228
face 0.8186898231506348 151 124 229 254
face 0.09892702102661133 151 124 229 254
face 0.03341168165206909 151 124 229 254
face 0.02160191535949707 151 124 229 254
face 0.0163099467754364 151 124 229 254
face 0.01596289873123169 151 124 229 254
face 0.01441165804862976 151 124 229 254
face 0.013919413089752197 151 124 229 254
face 0.013515561819076538 151 124 229 254
face 0.01328083872795105 151 124 229 254
face 0.011474043130874634 151 124 229 254
face 0.010677993297576904 151 124 229 254
face 0.010148942470550537 151 124 229 254
face 0.009711623191833496 151 124 229 254
face 0.009622931480407715 151 124 229 254
face 0.009300410747528076 151 124 229 254
face 0.009016841650009155 151 124 229 254
face 0.008976221084594727 151 124 229 254
face 0.008819252252578735 151 124 229 254
face 0.008780807256698608 151 124 229 254
face 0.008641213178634644 151 124 229 254
face 0.008451282978057861 151 124 229 254
face 0.00830426812171936 151 124 229 254
face 0.007941871881484985 151 124 229 254
face 0.007816612720489502 151 124 229 254
face 0.007765710353851318 151 124 229 254
face 0.007626444101333618 151 124 229 254
face 0.007354408502578735 151 124 229 254
face 0.007336407899856567 151 124 229 254
face 0.007199108600616455 151 124 229 254
face 0.007065623998641968 151 124 229 254
face 0.006776779890060425 151 124 229 254
face 0.006663709878921509 151 124 229 254
face 0.006660103797912598 151 124 229 254
face 0.006644457578659058 151 124 229 254
face 0.006532579660415649 151 124 229 254
face 0.006520092487335205 151 124 229 254
face 0.0064623355865478516 151 124 229 254
face 0.006448954343795776 151 124 229 254
face 0.006366938352584839 151 124 229 254
face 0.006285488605499268 151 124 229 254
face 0.0060752928256988525 151 124 229 254
face 0.00603330135345459 151 124 229 254
face 0.006018519401550293 151 124 229 254
face 0.005924642086029053 151 124 229 254
face 0.005903720855712891 151 124 229 254
face 0.005824536085128784 151 124 229 254
face 0.005765348672866821 151 124 229 254
face 0.00569191575050354 151 124 229 254
face 0.005472928285598755 151 124 229 254
face 0.005434960126876831 151 124 229 254
face 0.005353152751922607 151 124 229 254
face 0.005351126194000244 151 124 229 254
face 0.005344122648239136 151 124 229 254
face 0.005278348922729492 151 124 229 254
face 0.005214959383010864 151 124 229 254
face 0.005192697048187256 151 124 229 254
face 0.005178123712539673 151 124 229 254
face 0.005148023366928101 151 124 229 254
face 0.005029499530792236 151 124 229 254
face 0.0050102174282073975 151 124 229 254
face 0.004996657371520996 151 124 229 254
face 0.004982709884643555 151 124 229 254
face 0.004971861839294434 151 124 229 254
face 0.004969388246536255 151 124 229 254
face 0.004834562540054321 151 124 229 254
face 0.0048017799854278564 151 124 229 254
face 0.004798412322998047 151 124 229 254
face 0.004716336727142334 151 124 229 254
face 0.004713088274002075 151 124 229 254
face 0.0046897828578948975 151 124 229 254
face 0.0045958757400512695 151 124 229 254
face 0.004594773054122925 151 124 229 254
face 0.00457414984703064 151 124 229 254
face 0.004548192024230957 151 124 229 254
face 0.004534780979156494 151 124 229 254
face 0.004499495029449463 151 124 229 254
face 0.004459083080291748 151 124 229 254
face 0.004440993070602417 151 124 229 254
face 0.004439979791641235 151 124 229 254
face 0.004423946142196655 151 124 229 254
face 0.004341155290603638 151 124 229 254
face 0.004336625337600708 151 124 229 254
face 0.004306137561798096 151 124 229 254
face 0.004289448261260986 151 124 229 254
face 0.004210233688354492 151 124 229 254
face 0.004198044538497925 151 124 229 254
face 0.004180490970611572 151 124 229 254
face 0.004174768924713135 151 124 229 254
face 0.004096388816833496 151 124 229 254
face 0.004073679447174072 151 124 229 254
face 0.004054546356201172 151 124 229 254
face 0.004051148891448975 151 124 229 254
face 0.004033774137496948 151 124 229 254
face 0.003999888896942139 151 124 229 254
face 0.003984391689300537 151 124 229 254
face 0.003966599702835083 151 124 229 254
