face 0.9472664594650269 511 189 585 292
face 0.03443652391433716 511 189 585 292
face 0.03417584300041199 511 189 585 292
face 0.028467565774917603 511 189 585 292
face 0.025659501552581787 511 189 585 292
face 0.02559646964073181 511 189 585 292
face 0.023535817861557007 511 189 585 292
face 0.022818297147750854 511 189 585 292
face 0.022298485040664673 511 189 585 292
face 0.021945089101791382 511 189 585 292
face 0.021461665630340576 511 189 585 292
face 0.021217256784439087 511 189 585 292
face 0.020825356245040894 511 189 585 292
face 0.02081957459449768 511 189 585 292
face 0.02062341570854187 511 189 585 292
face 0.02055990695953369 511 189 585 292
face 0.020540624856948853 511 189 585 292
face 0.02034398913383484 511 189 585 292
face 0.02019438147544861 511 189 585 292
face 0.02014598250389099 511 189 585 292
face 0.0201227068901062 511 189 585 292
face 0.02010434865951538 511 189 585 292
face 0.020023614168167114 511 189 585 292
face 0.01987767219543457 511 189 585 292
face 0.01970842480659485 511 189 585 292
face 0.019363760948181152 511 189 585 292
face 0.0191403329372406 511 189 585 292
face 0.01911717653274536 511 189 585 292
face 0.01902630925178528 511 189 585 292
face 0.018641799688339233 511 189 585 292
face 0.01837971806526184 511 189 585 292
face 0.01836937665939331 511 189 585 292
face 0.018339544534683228 511 189 585 292
face 0.018282830715179443 511 189 585 292
face 0.01810753345489502 511 189 585 292
face 0.018095076084136963 511 189 585 292
face 0.01807352900505066 511 189 585 292
face 0.0179690420627594 511 189 585 292
face 0.016848981380462646 511 189 585 292
face 0.01682758331298828 511 189 585 292
face 0.0166795551776886 511 189 585 292
face 0.01667177677154541 511 189 585 292
face 0.01657232642173767 511 189 585 292
face 0.016202032566070557 511 189 585 292
face 0.016110658645629883 511 189 585 292
face 0.016039907932281494 511 189 585 292
face 0.016033530235290527 511 189 585 292
face 0.01590481400489807 511 189 585 292
face 0.015657752752304077 511 189 585 292
face 0.015651851892471313 511 189 585 292
face 0.015447407960891724 511 189 585 292
face 0.015413284301757812 511 189 585 292
face 0.015393614768981934 511 189 585 292
face 0.0153006911277771 511 189 585 292
face 0.015110105276107788 511 189 585 292
face 0.014881223440170288 511 189 585 292
face 0.014860033988952637 511 189 585 292
face 0.014818280935287476 511 189 585 292
face 0.014748752117156982 511 189 585 292
face 0.014706850051879883 511 189 585 292
face 0.014669984579086304 511 189 585 292
face 0.014356791973114014 511 189 585 292
face 0.014327436685562134 511 189 585 292
face 0.014293581247329712 511 189 585 292
face 0.014228105545043945 511 189 585 292
face 0.014102160930633545 511 189 585 292
face 0.014049559831619263 511 189 585 292
face 0.013870656490325928 511 189 585 292
face 0.013852298259735107 511 189 585 292
face 0.013810575008392334 511 189 585 292
face 0.01374712586402893 511 189 585 292
face 0.013704657554626465 511 189 585 292
face 0.013619720935821533 511 189 585 292
face 0.013610243797302246 511 189 585 292
face 0.013606429100036621 511 189 585 292
face 0.013603657484054565 511 189 585 292
face 0.013442784547805786 511 189 585 292
face 0.013382792472839355 511 189 585 292
face 0.01326480507850647 511 189 585 292
face 0.013190299272537231 511 189 585 292
face 0.013181805610656738 511 189 585 292
face 0.013048440217971802 511 189 585 292
face 0.013036072254180908 511 189 585 292
face 0.013019829988479614 511 189 585 292
face 0.012959092855453491 511 189 585 292
face 0.0129011869430542 511 189 585 292
face 0.012876003980636597 511 189 585 292
face 0.012838870286941528 511 189 585 292
face 0.01282241940498352 511 189 585 292
face 0.012674003839492798 511 189 585 292
face 0.012658834457397461 511 189 585 292
face 0.01264694333076477 511 189 585 292
face 0.012627124786376953 511 189 585 292
face 0.01257273554801941 511 189 585 292
face 0.012527614831924438 511 189 585 292
face 0.012348681688308716 511 189 585 292
face 0.012328922748565674 511 189 585 292
face 0.012328177690505981 511 189 585 292
face 0.012211084365844727 511 189 585 292
face 0.012152016162872314 511 189 585 292
