face 0.9985697269439697 392 410 741 837
face 0.13313040137290955 392 410 741 837
face 0.045703381299972534 392 410 741 837
face 0.041059792041778564 392 410 741 837
face 0.0371381938457489 392 410 741 837
face 0.03258794546127319 392 410 741 837
face 0.030602097511291504 392 410 741 837
face 0.029672354459762573 392 410 741 837
face 0.02866038680076599 392 410 741 837
face 0.028198808431625366 392 410 741 837
face 0.027900516986846924 392 410 741 837
face 0.026377350091934204 392 410 741 837
face 0.024858921766281128 392 410 741 837
face 0.021055549383163452 392 410 741 837
face 0.02066865563392639 392 410 741 837
face 0.020461171865463257 392 410 741 837
face 0.019665241241455078 392 410 741 837
face 0.019223839044570923 392 410 741 837
face 0.01897907257080078 392 410 741 837
face 0.018926918506622314 392 410 741 837
face 0.018750935792922974 392 410 741 837
face 0.018658608198165894 392 410 741 837
face 0.01864597201347351 392 410 741 837
face 0.018614470958709717 392 410 741 837
face 0.01810312271118164 392 410 741 837
face 0.017596453428268433 392 410 741 837
face 0.01730722188949585 392 410 741 837
face 0.016661077737808228 392 410 741 837
face 0.015833526849746704 392 410 741 837
face 0.015829265117645264 392 410 741 837
face 0.014921694993972778 392 410 741 837
face 0.014816641807556152 392 410 741 837
face 0.014665961265563965 392 410 741 837
face 0.014625132083892822 392 410 741 837
face 0.014592260122299194 392 410 741 837
face 0.014506876468658447 392 410 741 837
face 0.014485359191894531 392 410 741 837
face 0.01434934139251709 392 410 741 837
face 0.014325052499771118 392 410 741 837
face 0.014012068510055542 392 410 741 837
face 0.013874322175979614 392 410 741 837
face 0.013806045055389404 392 410 741 837
face 0.013767749071121216 392 410 741 837
face 0.013554036617279053 392 410 741 837
face 0.013498872518539429 392 410 741 837
face 0.013097822666168213 392 410 741 837
face 0.01301109790802002 392 410 741 837
face 0.012983471155166626 392 410 741 837
face 0.012900739908218384 392 410 741 837
face 0.012719392776489258 392 410 741 837
face 0.012647688388824463 392 410 741 837
face 0.012639015913009644 392 410 741 837
face 0.01256534457206726 392 410 741 837
face 0.01248103380203247 392 410 741 837
face 0.012012362480163574 392 410 741 837
face 0.011899083852767944 392 410 741 837
face 0.011782735586166382 392 410 741 837
face 0.011675924062728882 392 410 741 837
face 0.011650115251541138 392 410 741 837
face 0.011619597673416138 392 410 741 837
face 0.011590719223022461 392 410 741 837
face 0.01154237985610962 392 410 741 837
face 0.011327177286148071 392 410 741 837
face 0.011292219161987305 392 410 741 837
face 0.011026561260223389 392 410 741 837
face 0.010872453451156616 392 410 741 837
face 0.01068037748336792 392 410 741 837
face 0.010646402835845947 392 410 741 837
face 0.010615050792694092 392 410 741 837
face 0.010470151901245117 392 410 741 837
face 0.010465681552886963 392 410 741 837
face 0.010382622480392456 392 410 741 837
face 0.010364770889282227 392 410 741 837
face 0.010300487279891968 392 410 741 837
face 0.010293662548065186 392 410 741 837
face 0.010268330574035645 392 410 741 837
face 0.01025235652923584 392 410 741 837
face 0.009990155696868896 392 410 741 837
face 0.009938657283782959 392 410 741 837
face 0.009829074144363403 392 410 741 837
face 0.009799778461456299 392 410 741 837
face 0.009779155254364014 392 410 741 837
face 0.009650349617004395 392 410 741 837
face 0.009585142135620117 392 410 741 837
face 0.009581297636032104 392 410 741 837
face 0.009433895349502563 392 410 741 837
face 0.009401679039001465 392 410 741 837
face 0.009277164936065674 392 410 741 837
face 0.00923532247543335 392 410 741 837
face 0.009234577417373657 392 410 741 837
face 0.009224951267242432 392 410 741 837
face 0.009219974279403687 392 410 741 837
face 0.009156912565231323 392 410 741 837
face 0.009048521518707275 392 410 741 837
face 0.008970052003860474 392 410 741 837
face 0.008907347917556763 392 410 741 837
face 0.008898138999938965 392 410 741 837
face 0.008896678686141968 392 410 741 837
face 0.008726030588150024 392 410 741 837
face 0.00864487886428833 392 410 741 837
