face 0.966724693775177 719 115 743 150
face 0.9046000838279724 798 115 824 154
face 0.5927623510360718 189 45 246 103
face 0.44100815057754517 189 45 246 103
face 0.3723374903202057 189 45 246 103
face 0.31596553325653076 189 45 246 103
face 0.27020812034606934 189 45 246 103
face 0.2479797899723053 189 45 246 103
face 0.24306166172027588 189 45 246 103
face 0.20045316219329834 189 45 246 103
face 0.17420321702957153 189 45 246 103
face 0.1568145751953125 189 45 246 103
face 0.1559467613697052 189 45 246 103
face 0.1525891125202179 189 45 246 103
face 0.1376532018184662 189 45 246 103
face 0.13107362389564514 189 45 246 103
face 0.1307297945022583 189 45 246 103
face 0.12293368577957153 189 45 246 103
face 0.11505243182182312 189 45 246 103
face 0.10592028498649597 189 45 246 103
face 0.09456121921539307 189 45 246 103
face 0.09107136726379395 189 45 246 103
face 0.08775830268859863 189 45 246 103
face 0.08755925297737122 189 45 246 103
face 0.08495455980300903 189 45 246 103
face 0.08387061953544617 189 45 246 103
face 0.08212798833847046 189 45 246 103
face 0.07980567216873169 189 45 246 103
face 0.0784602165222168 189 45 246 103
face 0.07759314775466919 189 45 246 103
face 0.07396486401557922 189 45 246 103
face 0.07051154971122742 189 45 246 103
face 0.06455779075622559 189 45 246 103
face 0.06299334764480591 189 45 246 103
face 0.060641199350357056 189 45 246 103
face 0.05954238772392273 189 45 246 103
face 0.05552831292152405 189 45 246 103
face 0.0540941059589386 189 45 246 103
face 0.05393826961517334 189 45 246 103
face 0.05306932330131531 189 45 246 103
face 0.05296847224235535 189 45 246 103
face 0.052067458629608154 189 45 246 103
face 0.05156677961349487 189 45 246 103
face 0.05142715573310852 189 45 246 103
face 0.04983550310134888 189 45 246 103
face 0.04978150129318237 189 45 246 103
face 0.049516260623931885 189 45 246 103
face 0.04928869009017944 189 45 246 103
face 0.048721522092819214 189 45 246 103
face 0.04731759428977966 189 45 246 103
face 0.04726672172546387 189 45 246 103
face 0.047264665365219116 189 45 246 103
face 0.04622316360473633 189 45 246 103
face 0.04565051198005676 189 45 246 103
face 0.04431220889091492 189 45 246 103
face 0.04425448179244995 189 45 246 103
face 0.044047415256500244 189 45 246 103
face 0.04403635859489441 189 45 246 103
face 0.04315176606178284 189 45 246 103
face 0.04255044460296631 189 45 246 103
face 0.042079269886016846 189 45 246 103
face 0.041869938373565674 189 45 246 103
face 0.04169124364852905 189 45 246 103
face 0.0412747859954834 189 45 246 103
face 0.04125472903251648 189 45 246 103
face 0.03950408101081848 189 45 246 103
face 0.038676440715789795 189 45 246 103
face 0.03852930665016174 189 45 246 103
face 0.037831395864486694 189 45 246 103
face 0.03740030527114868 189 45 246 103
face 0.035842329263687134 189 45 246 103
face 0.03548687696456909 189 45 246 103
face 0.03536146879196167 189 45 246 103
face 0.035125732421875 189 45 246 103
face 0.033511340618133545 189 45 246 103
face 0.031104326248168945 189 45 246 103
face 0.03103199601173401 189 45 246 103
face 0.02967473864555359 189 45 246 103
face 0.02916279435157776 189 45 246 103
face 0.028509020805358887 189 45 246 103
face 0.026814252138137817 189 45 246 103
face 0.026584118604660034 189 45 246 103
face 0.025245487689971924 189 45 246 103
face 0.02485579252243042 189 45 246 103
face 0.024358898401260376 189 45 246 103
face 0.023777663707733154 189 45 246 103
face 0.023717910051345825 189 45 246 103
face 0.023086100816726685 189 45 246 103
face 0.021807998418807983 189 45 246 103
face 0.021001845598220825 189 45 246 103
face 0.02081763744354248 189 45 246 103
face 0.020685821771621704 189 45 246 103
face 0.020274430513381958 189 45 246 103
face 0.01953175663948059 189 45 246 103
face 0.018819093704223633 189 45 246 103
face 0.01842677593231201 189 45 246 103
face 0.017929017543792725 189 45 246 103
face 0.017812877893447876 189 45 246 103
face 0.017796635627746582 189 45 246 103
face 0.017777711153030396 189 45 246 103
