face 0.18044716119766235 427 100 554 269
face 0.14801493287086487 427 100 554 269
face 0.053664833307266235 427 100 554 269
face 0.04349017143249512 427 100 554 269
face 0.039179712533950806 427 100 554 269
face 0.02830412983894348 427 100 554 269
face 0.028102636337280273 427 100 554 269
face 0.027423441410064697 427 100 554 269
face 0.02590101957321167 427 100 554 269
face 0.02529492974281311 427 100 554 269
face 0.025030195713043213 427 100 554 269
face 0.023799002170562744 427 100 554 269
face 0.023378968238830566 427 100 554 269
face 0.022838085889816284 427 100 554 269
face 0.021903961896896362 427 100 554 269
face 0.020799607038497925 427 100 554 269
face 0.020700454711914062 427 100 554 269
face 0.020606040954589844 427 100 554 269
face 0.020486503839492798 427 100 554 269
face 0.02045723795890808 427 100 554 269
face 0.018978625535964966 427 100 554 269
face 0.018930882215499878 427 100 554 269
face 0.01870936155319214 427 100 554 269
face 0.01854044198989868 427 100 554 269
face 0.018533676862716675 427 100 554 269
face 0.018014222383499146 427 100 554 269
face 0.017914414405822754 427 100 554 269
face 0.017628610134124756 427 100 554 269
face 0.017333000898361206 427 100 554 269
face 0.017256736755371094 427 100 554 269
face 0.0172480046749115 427 100 554 269
face 0.017211496829986572 427 100 554 269
face 0.01692938804626465 427 100 554 269
face 0.01691347360610962 427 100 554 269
face 0.016569435596466064 427 100 554 269
face 0.01652735471725464 427 100 554 269
face 0.01649695634841919 427 100 554 269
face 0.01618713140487671 427 100 554 269
face 0.016111433506011963 427 100 554 269
face 0.015801548957824707 427 100 554 269
face 0.01488196849822998 427 100 554 269
face 0.014788210391998291 427 100 554 269
face 0.014733046293258667 427 100 554 269
face 0.014720022678375244 427 100 554 269
face 0.014664024114608765 427 100 554 269
face 0.014576256275177002 427 100 554 269
face 0.014480501413345337 427 100 554 269
face 0.014399111270904541 427 100 554 269
face 0.014213919639587402 427 100 554 269
face 0.014093011617660522 427 100 554 269
face 0.01388704776763916 427 100 554 269
face 0.01379084587097168 427 100 554 269
face 0.013453841209411621 427 100 554 269
face 0.01342165470123291 427 100 554 269
face 0.013378411531448364 427 100 554 269
face 0.013357073068618774 427 100 554 269
face 0.013260513544082642 427 100 554 269
face 0.012978851795196533 427 100 554 269
face 0.012939542531967163 427 100 554 269
face 0.012794911861419678 427 100 554 269
face 0.012700289487838745 427 100 554 269
face 0.012669414281845093 427 100 554 269
face 0.012599945068359375 427 100 554 269
face 0.0125904381275177 427 100 554 269
face 0.012547492980957031 427 100 554 269
face 0.012478739023208618 427 100 554 269
face 0.012249231338500977 427 100 554 269
face 0.012075662612915039 427 100 554 269
face 0.011953264474868774 427 100 554 269
face 0.01193302869796753 427 100 554 269
face 0.011884957551956177 427 100 554 269
face 0.011688321828842163 427 100 554 269
face 0.011632591485977173 427 100 554 269
face 0.01142209768295288 427 100 554 269
face 0.01140516996383667 427 100 554 269
face 0.01123875379562378 427 100 554 269
face 0.011174589395523071 427 100 554 269
face 0.0111314058303833 427 100 554 269
face 0.011090278625488281 427 100 554 269
face 0.011080056428909302 427 100 554 269
face 0.011079668998718262 427 100 554 269
face 0.011006027460098267 427 100 554 269
face 0.010802149772644043 427 100 554 269
face 0.01070895791053772 427 100 554 269
face 0.010699480772018433 427 100 554 269
face 0.010628342628479004 427 100 554 269
face 0.010585367679595947 427 100 554 269
face 0.01057368516921997 427 100 554 269
face 0.010568320751190186 427 100 554 269
face 0.010473668575286865 427 100 554 269
face 0.010265082120895386 427 100 554 269
face 0.010263264179229736 427 100 554 269
face 0.010218173265457153 427 100 554 269
face 0.01021111011505127 427 100 554 269
face 0.010164529085159302 427 100 554 269
face 0.010121792554855347 427 100 554 269
face 0.01009175181388855 427 100 554 269
face 0.010082155466079712 427 100 554 269
face 0.01000627875328064 427 100 554 269
face 0.009987413883209229 427 100 554 269
