face 0.9917502999305725 335 121 557 380
face 0.36694440245628357 335 121 557 380
face 0.02894270420074463 335 121 557 380
face 0.022517025470733643 335 121 557 380
face 0.019719839096069336 335 121 557 380
face 0.019484788179397583 335 121 557 380
face 0.0188140869140625 335 121 557 380
face 0.016464918851852417 335 121 557 380
face 0.01575636863708496 335 121 557 380
face 0.015087693929672241 335 121 557 380
face 0.015020817518234253 335 121 557 380
face 0.013733625411987305 335 121 557 380
face 0.012713313102722168 335 121 557 380
face 0.012642383575439453 335 121 557 380
face 0.012085318565368652 335 121 557 380
face 0.011759936809539795 335 121 557 380
face 0.01143944263458252 335 121 557 380
face 0.01066175103187561 335 121 557 380
face 0.010231882333755493 335 121 557 380
face 0.01022288203239441 335 121 557 380
face 0.010152071714401245 335 121 557 380
face 0.009955286979675293 335 121 557 380
face 0.009880632162094116 335 121 557 380
face 0.009530812501907349 335 121 557 380
face 0.009527832269668579 335 121 557 380
face 0.009363234043121338 335 121 557 380
face 0.009314686059951782 335 121 557 380
face 0.009300410747528076 335 121 557 380
face 0.009119093418121338 335 121 557 380
face 0.00889018177986145 335 121 557 380
face 0.00876203179359436 335 121 557 380
face 0.008635729551315308 335 121 557 380
face 0.008352875709533691 335 121 557 380
face 0.008270174264907837 335 121 557 380
face 0.008254975080490112 335 121 557 380
face 0.0082378089427948 335 121 557 380
face 0.00820133090019226 335 121 557 380
face 0.008193761110305786 335 121 557 380
face 0.00809517502784729 335 121 557 380
face 0.008061110973358154 335 121 557 380
face 0.008057773113250732 335 121 557 380
face 0.00796005129814148 335 121 557 380
face 0.007941752672195435 335 121 557 380
face 0.007877707481384277 335 121 557 380
face 0.007855087518692017 335 121 557 380
face 0.0077700018882751465 335 121 557 380
face 0.0077665746212005615 335 121 557 380
face 0.007752209901809692 335 121 557 380
face 0.007629096508026123 335 121 557 380
face 0.007441580295562744 335 121 557 380
face 0.0074339210987091064 335 121 557 380
face 0.007433056831359863 335 121 557 380
face 0.007335662841796875 335 121 557 380
face 0.007311314344406128 335 121 557 380
face 0.007190078496932983 335 121 557 380
face 0.007178068161010742 335 121 557 380
face 0.007151514291763306 335 121 557 380
face 0.007143974304199219 335 121 557 380
face 0.007140606641769409 335 121 557 380
face 0.00711137056350708 335 121 557 380
face 0.0070975422859191895 335 121 557 380
face 0.006936192512512207 335 121 557 380
face 0.006901681423187256 335 121 557 380
face 0.006868571043014526 335 121 557 380
face 0.006848126649856567 335 121 557 380
face 0.006820470094680786 335 121 557 380
face 0.00677490234375 335 121 557 380
face 0.00663381814956665 335 121 557 380
face 0.006595969200134277 335 121 557 380
face 0.006578296422958374 335 121 557 380
face 0.006567329168319702 335 121 557 380
face 0.0065347254276275635 335 121 557 380
face 0.006465256214141846 335 121 557 380
face 0.006456315517425537 335 121 557 380
face 0.00640299916267395 335 121 557 380
face 0.006340473890304565 335 121 557 380
face 0.006335735321044922 335 121 557 380
face 0.006332874298095703 335 121 557 380
face 0.006325334310531616 335 121 557 380
face 0.006320208311080933 335 121 557 380
face 0.0062323808670043945 335 121 557 380
face 0.00622519850730896 335 121 557 380
face 0.006093740463256836 335 121 557 380
face 0.006088614463806152 335 121 557 380
face 0.006084352731704712 335 121 557 380
face 0.006063520908355713 335 121 557 380
face 0.006060928106307983 335 121 557 380
face 0.005995959043502808 335 121 557 380
face 0.005836457014083862 335 121 557 380
face 0.005803346633911133 335 121 557 380
face 0.005770325660705566 335 121 557 380
face 0.005769789218902588 335 121 557 380
face 0.005767166614532471 335 121 557 380
face 0.005742400884628296 335 121 557 380
face 0.005738705396652222 335 121 557 380
face 0.005724221467971802 335 121 557 380
face 0.005643725395202637 335 121 557 380
face 0.005631923675537109 335 121 557 380
face 0.005608052015304565 335 121 557 380
face 0.0055702924728393555 335 121 557 380
