face 0.985899806022644 427 100 554 269
face 0.09531557559967041 427 100 554 269
face 0.08537444472312927 427 100 554 269
face 0.06541886925697327 427 100 554 269
face 0.054134488105773926 427 100 554 269
face 0.04165834188461304 427 100 554 269
face 0.03958261013031006 427 100 554 269
face 0.036630451679229736 427 100 554 269
face 0.036259740591049194 427 100 554 269
face 0.03405603766441345 427 100 554 269
face 0.03149616718292236 427 100 554 269
face 0.027676910161972046 427 100 554 269
face 0.026468485593795776 427 100 554 269
face 0.02621665596961975 427 100 554 269
face 0.023076623678207397 427 100 554 269
face 0.022998124361038208 427 100 554 269
face 0.021024882793426514 427 100 554 269
face 0.02097180485725403 427 100 554 269
face 0.01999327540397644 427 100 554 269
face 0.019168615341186523 427 100 554 269
face 0.01812395453453064 427 100 554 269
face 0.017103105783462524 427 100 554 269
face 0.013368546962738037 427 100 554 269
face 0.013285309076309204 427 100 554 269
face 0.011509448289871216 427 100 554 269
face 0.011104732751846313 427 100 554 269
face 0.010996967554092407 427 100 554 269
face 0.010637074708938599 427 100 554 269
face 0.010167092084884644 427 100 554 269
face 0.010154634714126587 427 100 554 269
face 0.010047495365142822 427 100 554 269
face 0.00995790958404541 427 100 554 269
face 0.009896278381347656 427 100 554 269
face 0.009852409362792969 427 100 554 269
face 0.009566694498062134 427 100 554 269
face 0.009236901998519897 427 100 554 269
face 0.009119123220443726 427 100 554 269
face 0.008999437093734741 427 100 554 269
face 0.00896194577217102 427 100 554 269
face 0.008818447589874268 427 100 554 269
face 0.008709460496902466 427 100 554 269
face 0.008664190769195557 427 100 554 269
face 0.00856807827949524 427 100 554 269
face 0.008517920970916748 427 100 554 269
face 0.008380979299545288 427 100 554 269
face 0.008370757102966309 427 100 554 269
face 0.008338004350662231 427 100 554 269
face 0.008331924676895142 427 100 554 269
face 0.008174419403076172 427 100 554 269
face 0.00803530216217041 427 100 554 269
face 0.007860243320465088 427 100 554 269
face 0.00768771767616272 427 100 554 269
face 0.007572472095489502 427 100 554 269
face 0.0075601935386657715 427 100 554 269
face 0.007274448871612549 427 100 554 269
face 0.00714448094367981 427 100 554 269
face 0.007114678621292114 427 100 554 269
face 0.007082849740982056 427 100 554 269
face 0.007008850574493408 427 100 554 269
face 0.0069966912269592285 427 100 554 269
face 0.0069287121295928955 427 100 554 269
face 0.006921738386154175 427 100 554 269
face 0.006499677896499634 427 100 554 269
face 0.006494015455245972 427 100 554 269
face 0.006334394216537476 427 100 554 269
face 0.006284952163696289 427 100 554 269
face 0.006253987550735474 427 100 554 269
face 0.006185263395309448 427 100 554 269
face 0.0061820149421691895 427 100 554 269
face 0.006159752607345581 427 100 554 269
face 0.006133615970611572 427 100 554 269
face 0.005814641714096069 427 100 554 269
face 0.005808144807815552 427 100 554 269
face 0.005639463663101196 427 100 554 269
face 0.005482792854309082 427 100 554 269
face 0.005449265241622925 427 100 554 269
face 0.005419284105300903 427 100 554 269
face 0.0054087042808532715 427 100 554 269
face 0.005391895771026611 427 100 554 269
face 0.005382746458053589 427 100 554 269
face 0.005341887474060059 427 100 554 269
face 0.005309402942657471 427 100 554 269
face 0.005304455757141113 427 100 554 269
face 0.005280733108520508 427 100 554 269
face 0.005204111337661743 427 100 554 269
face 0.00516924262046814 427 100 554 269
face 0.005128592252731323 427 100 554 269
face 0.005126088857650757 427 100 554 269
face 0.005039483308792114 427 100 554 269
face 0.005003899335861206 427 100 554 269
face 0.004981547594070435 427 100 554 269
face 0.004922449588775635 427 100 554 269
face 0.004884660243988037 427 100 554 269
face 0.00476449728012085 427 100 554 269
face 0.004758596420288086 427 100 554 269
face 0.004757285118103027 427 100 554 269
face 0.004718869924545288 427 100 554 269
face 0.00467151403427124 427 100 554 269
face 0.004641473293304443 427 100 554 269
face 0.004636526107788086 427 100 554 269
