face 0.9983757734298706 372 154 722 644
face 0.00962674617767334 372 154 722 644
face 0.005116909742355347 372 154 722 644
face 0.004841029644012451 372 154 722 644
face 0.004810988903045654 372 154 722 644
face 0.004768192768096924 372 154 722 644
face 0.004078507423400879 372 154 722 644
face 0.003910809755325317 372 154 722 644
face 0.003764629364013672 372 154 722 644
face 0.0036548078060150146 372 154 722 644
face 0.0035789906978607178 372 154 722 644
face 0.003504246473312378 372 154 722 644
face 0.0034272074699401855 372 154 722 644
face 0.0033005475997924805 372 154 722 644
face 0.00314900279045105 372 154 722 644
face 0.003134310245513916 372 154 722 644
face 0.003085702657699585 372 154 722 644
face 0.0030841827392578125 372 154 722 644
face 0.0030782222747802734 372 154 722 644
face 0.003027677536010742 372 154 722 644
face 0.002999335527420044 372 154 722 644
face 0.002925097942352295 372 154 722 644
face 0.0028688907623291016 372 154 722 644
face 0.002816110849380493 372 154 722 644
face 0.0027785003185272217 372 154 722 644
face 0.0027659833431243896 372 154 722 644
face 0.002732008695602417 372 154 722 644
face 0.0026853978633880615 372 154 722 644
face 0.002645254135131836 372 154 722 644
face 0.002568185329437256 372 154 722 644
face 0.002521306276321411 372 154 722 644
face 0.002477198839187622 372 154 722 644
face 0.0024196505546569824 372 154 722 644
face 0.0023412704467773438 372 154 722 644
face 0.0023303329944610596 372 154 722 644
face 0.002286374568939209 372 154 722 644
face 0.002265065908432007 372 154 722 644
face 0.0022502243518829346 372 154 722 644
face 0.002245604991912842 372 154 722 644
face 0.0022062361240386963 372 154 722 644
face 0.002179950475692749 372 154 722 644
face 0.0021529197692871094 372 154 722 644
face 0.00207597017288208 372 154 722 644
face 0.002071976661682129 372 154 722 644
face 0.002070128917694092 372 154 722 644
face 0.002061694860458374 372 154 722 644
face 0.0020463764667510986 372 154 722 644
face 0.0020384788513183594 372 154 722 644
face 0.0019863545894622803 372 154 722 644
face 0.001970142126083374 372 154 722 644
face 0.001968175172805786 372 154 722 644
face 0.0019512772560119629 372 154 722 644
face 0.0019484162330627441 372 154 722 644
face 0.0019446015357971191 372 154 722 644
face 0.001932770013809204 372 154 722 644
face 0.001928478479385376 372 154 722 644
face 0.0019102394580841064 372 154 722 644
face 0.0018843412399291992 372 154 722 644
face 0.0018838346004486084 372 154 722 644
face 0.0018721222877502441 372 154 722 644
face 0.0018710792064666748 372 154 722 644
face 0.0018565058708190918 372 154 722 644
face 0.001836329698562622 372 154 722 644
face 0.001836240291595459 372 154 722 644
face 0.0018361210823059082 372 154 722 644
face 0.001812070608139038 372 154 722 644
face 0.0018115341663360596 372 154 722 644
face 0.0018053650856018066 372 154 722 644
face 0.0017942190170288086 372 154 722 644
face 0.0017661452293395996 372 154 722 644
face 0.0017656385898590088 372 154 722 644
face 0.0017615854740142822 372 154 722 644
face 0.0017606616020202637 372 154 722 644
face 0.001750349998474121 372 154 722 644
face 0.0017194151878356934 372 154 722 644
face 0.0017163753509521484 372 154 722 644
face 0.00171583890914917 372 154 722 644
face 0.0017132759094238281 372 154 722 644
face 0.0017060339450836182 372 154 722 644
face 0.0017004013061523438 372 154 722 644
face 0.001699894666671753 372 154 722 644
face 0.001689314842224121 372 154 722 644
face 0.0016781985759735107 372 154 722 644
face 0.0016610920429229736 372 154 722 644
face 0.001659482717514038 372 154 722 644
face 0.001636117696762085 372 154 722 644
face 0.0016111135482788086 372 154 722 644
face 0.0016086697578430176 372 154 722 644
face 0.0015994608402252197 372 154 722 644
face 0.0015904903411865234 372 154 722 644
face 0.001589268445968628 372 154 722 644
face 0.0015670955181121826 372 154 722 644
face 0.001566767692565918 372 154 722 644
face 0.0015656352043151855 372 154 722 644
face 0.001553356647491455 372 154 722 644
face 0.0015430152416229248 372 154 722 644
face 0.0015269219875335693 372 154 722 644
face 0.0015133321285247803 372 154 722 644
face 0.0014914870262145996 372 154 722 644
face 0.0014837384223937988 372 154 722 644
