face 0.9751987457275391 391 29 614 336
face 0.04075908660888672 391 29 614 336
face 0.022323012351989746 391 29 614 336
face 0.015529274940490723 391 29 614 336
face 0.014037281274795532 391 29 614 336
face 0.011094331741333008 391 29 614 336
face 0.010561227798461914 391 29 614 336
face 0.010546743869781494 391 29 614 336
face 0.01047942042350769 391 29 614 336
face 0.010010987520217896 391 29 614 336
face 0.009677797555923462 391 29 614 336
face 0.009028881788253784 391 29 614 336
face 0.00872465968132019 391 29 614 336
face 0.008577406406402588 391 29 614 336
face 0.008322715759277344 391 29 614 336
face 0.008000999689102173 391 29 614 336
face 0.007804542779922485 391 29 614 336
face 0.007801920175552368 391 29 614 336
face 0.0076043009757995605 391 29 614 336
face 0.00726395845413208 391 29 614 336
face 0.0072212815284729 391 29 614 336
face 0.007106482982635498 391 29 614 336
face 0.007097095251083374 391 29 614 336
face 0.006803661584854126 391 29 614 336
face 0.006792277097702026 391 29 614 336
face 0.006598025560379028 391 29 614 336
face 0.006531387567520142 391 29 614 336
face 0.006458491086959839 391 29 614 336
face 0.006310194730758667 391 29 614 336
face 0.006233513355255127 391 29 614 336
face 0.006163686513900757 391 29 614 336
face 0.006097286939620972 391 29 614 336
face 0.0060828328132629395 391 29 614 336
face 0.006053924560546875 391 29 614 336
face 0.00603213906288147 391 29 614 336
face 0.0059195756912231445 391 29 614 336
face 0.005895525217056274 391 29 614 336
face 0.0058138370513916016 391 29 614 336
face 0.005662679672241211 391 29 614 336
face 0.005611777305603027 391 29 614 336
face 0.005606651306152344 391 29 614 336
face 0.005583047866821289 391 29 614 336
face 0.0054087042808532715 391 29 614 336
face 0.005342811346054077 391 29 614 336
face 0.005312591791152954 391 29 614 336
face 0.005297988653182983 391 29 614 336
face 0.005264222621917725 391 29 614 336
face 0.00524979829788208 391 29 614 336
face 0.005240112543106079 391 29 614 336
face 0.005218088626861572 391 29 614 336
face 0.005018025636672974 391 29 614 336
face 0.005012452602386475 391 29 614 336
face 0.0050071775913238525 391 29 614 336
face 0.004992693662643433 391 29 614 336
face 0.004982352256774902 391 29 614 336
face 0.004964917898178101 391 29 614 336
face 0.004962563514709473 391 29 614 336
face 0.004951506853103638 391 29 614 336
face 0.004927188158035278 391 29 614 336
face 0.004919677972793579 391 29 614 336
face 0.00484129786491394 391 29 614 336
face 0.004826635122299194 391 29 614 336
face 0.00482100248336792 391 29 614 336
face 0.004817366600036621 391 29 614 336
face 0.004754245281219482 391 29 614 336
face 0.004738330841064453 391 29 614 336
face 0.004731684923171997 391 29 614 336
face 0.00472298264503479 391 29 614 336
face 0.004718303680419922 391 29 614 336
face 0.004674434661865234 391 29 614 336
face 0.004571110010147095 391 29 614 336
face 0.004551589488983154 391 29 614 336
face 0.004537403583526611 391 29 614 336
face 0.004515230655670166 391 29 614 336
face 0.004476100206375122 391 29 614 336
face 0.004469394683837891 391 29 614 336
face 0.0044592320919036865 391 29 614 336
face 0.004455268383026123 391 29 614 336
face 0.004436761140823364 391 29 614 336
face 0.004408121109008789 391 29 614 336
face 0.00435870885848999 391 29 614 336
face 0.004347652196884155 391 29 614 336
face 0.004321068525314331 391 29 614 336
face 0.004316091537475586 391 29 614 336
face 0.004270434379577637 391 29 614 336
face 0.004267066717147827 391 29 614 336
face 0.004220247268676758 391 29 614 336
face 0.004211843013763428 391 29 614 336
face 0.004203438758850098 391 29 614 336
face 0.004189431667327881 391 29 614 336
face 0.004138946533203125 391 29 614 336
face 0.004129648208618164 391 29 614 336
face 0.004094123840332031 391 29 614 336
face 0.004069596529006958 391 29 614 336
face 0.003980100154876709 391 29 614 336
face 0.003958314657211304 391 29 614 336
face 0.003945350646972656 391 29 614 336
face 0.003943949937820435 391 29 614 336
face 0.003928720951080322 391 29 614 336
face 0.003866910934448242 391 29 614 336
