face 0.9890738725662231 881 216 911 250
face 0.9439489245414734 891 13 1006 151
face 0.7667292356491089 693 49 794 184
face 0.5689876079559326 170 217 211 266
face 0.3556855320930481 170 217 211 266
face 0.35500770807266235 170 217 211 266
face 0.27864009141921997 170 217 211 266
face 0.2767541706562042 170 217 211 266
face 0.2678150236606598 170 217 211 266
face 0.22029328346252441 170 217 211 266
face 0.19945886731147766 170 217 211 266
face 0.18458712100982666 170 217 211 266
face 0.13394314050674438 170 217 211 266
face 0.13273844122886658 170 217 211 266
face 0.12972325086593628 170 217 211 266
face 0.1244235634803772 170 217 211 266
face 0.11389631032943726 170 217 211 266
face 0.11195001006126404 170 217 211 266
face 0.10445907711982727 170 217 211 266
face 0.09740158915519714 170 217 211 266
face 0.0952920913696289 170 217 211 266
face 0.0809989869594574 170 217 211 266
face 0.07957258820533752 170 217 211 266
face 0.0784098207950592 170 217 211 266
face 0.0766950249671936 170 217 211 266
face 0.06835943460464478 170 217 211 266
face 0.06377100944519043 170 217 211 266
face 0.060446858406066895 170 217 211 266
face 0.0569111704826355 170 217 211 266
face 0.055874258279800415 170 217 211 266
face 0.05191779136657715 170 217 211 266
face 0.048521727323532104 170 217 211 266
face 0.04209718108177185 170 217 211 266
face 0.042081087827682495 170 217 211 266
face 0.041387200355529785 170 217 211 266
face 0.04115104675292969 170 217 211 266
face 0.038813889026641846 170 217 211 266
face 0.03864496946334839 170 217 211 266
face 0.03605732321739197 170 217 211 266
face 0.034149497747421265 170 217 211 266
face 0.033356279134750366 170 217 211 266
face 0.030369549989700317 170 217 211 266
face 0.029200583696365356 170 217 211 266
face 0.028758078813552856 170 217 211 266
face 0.02786499261856079 170 217 211 266
face 0.027209460735321045 170 217 211 266
face 0.026896625757217407 170 217 211 266
face 0.02635684609413147 170 217 211 266
face 0.025562584400177002 170 217 211 266
face 0.025249779224395752 170 217 211 266
face 0.024956464767456055 170 217 211 266
face 0.02432844042778015 170 217 211 266
face 0.02377048134803772 170 217 211 266
face 0.023311108350753784 170 217 211 266
face 0.02318832278251648 170 217 211 266
face 0.022565394639968872 170 217 211 266
face 0.02209073305130005 170 217 211 266
face 0.021379023790359497 170 217 211 266
face 0.021225959062576294 170 217 211 266
face 0.02091929316520691 170 217 211 266
face 0.020363420248031616 170 217 211 266
face 0.020123600959777832 170 217 211 266
face 0.019814610481262207 170 217 211 266
face 0.019763201475143433 170 217 211 266
face 0.018678218126296997 170 217 211 266
face 0.018111705780029297 170 217 211 266
face 0.01802968978881836 170 217 211 266
face 0.017803162336349487 170 217 211 266
face 0.016477972269058228 170 217 211 266
face 0.01612269878387451 170 217 211 266
face 0.01612001657485962 170 217 211 266
face 0.015912026166915894 170 217 211 266
face 0.015895336866378784 170 217 211 266
face 0.01581209897994995 170 217 211 266
face 0.015590637922286987 170 217 211 266
face 0.015562653541564941 170 217 211 266
face 0.01508370041847229 170 217 211 266
face 0.014704287052154541 170 217 211 266
face 0.014552921056747437 170 217 211 266
face 0.014457911252975464 170 217 211 266
face 0.014226466417312622 170 217 211 266
face 0.014127969741821289 170 217 211 266
face 0.013636350631713867 170 217 211 266
face 0.013540863990783691 170 217 211 266
face 0.013477623462677002 170 217 211 266
face 0.013450682163238525 170 217 211 266
face 0.013172000646591187 170 217 211 266
face 0.012729465961456299 170 217 211 266
face 0.012681901454925537 170 217 211 266
face 0.012426018714904785 170 217 211 266
face 0.012176096439361572 170 217 211 266
face 0.011898159980773926 170 217 211 266
face 0.011715352535247803 170 217 211 266
face 0.011588901281356812 170 217 211 266
face 0.011444032192230225 170 217 211 266
face 0.011397570371627808 170 217 211 266
face 0.011330723762512207 170 217 211 266
face 0.011221349239349365 170 217 211 266
face 0.010919958353042603 170 217 211 266
face 0.01060459017753601 170 217 211 266
