face 0.9870980978012085 851 47 895 110
face 0.9269898533821106 537 17 585 73
face 0.8370180130004883 667 70 678 81
face 0.7300252914428711 721 148 732 158
face 0.5435333847999573 147 0 215 69
face 0.5093364119529724 934 52 966 97
face 0.17912951111793518 934 52 966 97
face 0.10128530859947205 934 52 966 97
face 0.0858277976512909 934 52 966 97
face 0.05794745683670044 934 52 966 97
face 0.032043248414993286 934 52 966 97
face 0.031005442142486572 934 52 966 97
face 0.026566922664642334 934 52 966 97
face 0.026155441999435425 934 52 966 97
face 0.025166630744934082 934 52 966 97
face 0.02458330988883972 934 52 966 97
face 0.024412155151367188 934 52 966 97
face 0.022854506969451904 934 52 966 97
face 0.021607935428619385 934 52 966 97
face 0.021524757146835327 934 52 966 97
face 0.02115216851234436 934 52 966 97
face 0.017780989408493042 934 52 966 97
face 0.017667293548583984 934 52 966 97
face 0.017224013805389404 934 52 966 97
face 0.015896379947662354 934 52 966 97
face 0.015028536319732666 934 52 966 97
face 0.013629317283630371 934 52 966 97
face 0.01325574517250061 934 52 966 97
face 0.011406183242797852 934 52 966 97
face 0.010766267776489258 934 52 966 97
face 0.010521531105041504 934 52 966 97
face 0.010418325662612915 934 52 966 97
face 0.009698808193206787 934 52 966 97
face 0.009376943111419678 934 52 966 97
face 0.009305387735366821 934 52 966 97
face 0.008947581052780151 934 52 966 97
face 0.008934825658798218 934 52 966 97
face 0.008925944566726685 934 52 966 97
face 0.008466094732284546 934 52 966 97
face 0.008415192365646362 934 52 966 97
face 0.008131235837936401 934 52 966 97
face 0.00801733136177063 934 52 966 97
face 0.007994920015335083 934 52 966 97
face 0.00784975290298462 934 52 966 97
face 0.00775107741355896 934 52 966 97
face 0.007339924573898315 934 52 966 97
face 0.007268697023391724 934 52 966 97
face 0.007160604000091553 934 52 966 97
face 0.006744742393493652 934 52 966 97
face 0.006648808717727661 934 52 966 97
face 0.006612271070480347 934 52 966 97
face 0.0066072046756744385 934 52 966 97
face 0.006604224443435669 934 52 966 97
face 0.0063818395137786865 934 52 966 97
face 0.006357312202453613 934 52 966 97
face 0.0061515867710113525 934 52 966 97
face 0.005997955799102783 934 52 966 97
face 0.0059299468994140625 934 52 966 97
face 0.005908340215682983 934 52 966 97
face 0.005515843629837036 934 52 966 97
face 0.00533825159072876 934 52 966 97
face 0.005327880382537842 934 52 966 97
face 0.005284726619720459 934 52 966 97
face 0.005200624465942383 934 52 966 97
face 0.005152642726898193 934 52 966 97
face 0.005138397216796875 934 52 966 97
face 0.0050545334815979 934 52 966 97
face 0.005041658878326416 934 52 966 97
face 0.00493389368057251 934 52 966 97
face 0.004919230937957764 934 52 966 97
face 0.004873871803283691 934 52 966 97
face 0.004857748746871948 934 52 966 97
face 0.004853159189224243 934 52 966 97
face 0.004802137613296509 934 52 966 97
face 0.004796773195266724 934 52 966 97
face 0.004773736000061035 934 52 966 97
face 0.004760175943374634 934 52 966 97
face 0.004703998565673828 934 52 966 97
face 0.004697322845458984 934 52 966 97
face 0.004621833562850952 934 52 966 97
face 0.004606127738952637 934 52 966 97
face 0.004585713148117065 934 52 966 97
face 0.004584789276123047 934 52 966 97
face 0.004570871591567993 934 52 966 97
face 0.004570066928863525 934 52 966 97
face 0.00453457236289978 934 52 966 97
face 0.00452539324760437 934 52 966 97
face 0.004488855600357056 934 52 966 97
face 0.004475772380828857 934 52 966 97
face 0.004464536905288696 934 52 966 97
face 0.004448980093002319 934 52 966 97
face 0.004444390535354614 934 52 966 97
face 0.004346191883087158 934 52 966 97
face 0.004285842180252075 934 52 966 97
face 0.004278033971786499 934 52 966 97
face 0.0042681097984313965 934 52 966 97
face 0.004258066415786743 934 52 966 97
face 0.004213958978652954 934 52 966 97
face 0.004190564155578613 934 52 966 97
face 0.0040992796421051025 934 52 966 97
