face 0.9992296695709229 656 89 698 135
face 0.9958314299583435 218 88 267 143
face 0.9921823740005493 475 63 515 110
face 0.988670825958252 565 63 607 111
face 0.972257137298584 827 90 868 135
face 0.9581323862075806 536 160 574 205
face 0.9562647938728333 788 150 836 199
face 0.9262006282806396 346 234 392 290
face 0.9138185977935791 367 69 409 121
face 0.8657649755477905 352 149 389 196
face 0.83747398853302 639 274 687 330
face 0.6604079604148865 416 115 458 168
face 0.31154635548591614 416 115 458 168
face 0.2782566249370575 416 115 458 168
face 0.23189765214920044 416 115 458 168
face 0.22089552879333496 416 115 458 168
face 0.16025730967521667 416 115 458 168
face 0.14278504252433777 416 115 458 168
face 0.13712039589881897 416 115 458 168
face 0.11728465557098389 416 115 458 168
face 0.09343856573104858 416 115 458 168
face 0.08493661880493164 416 115 458 168
face 0.08079370856285095 416 115 458 168
face 0.07182341814041138 416 115 458 168
face 0.07179737091064453 416 115 458 168
face 0.06865805387496948 416 115 458 168
face 0.06754875183105469 416 115 458 168
face 0.06554672122001648 416 115 458 168
face 0.0622996985912323 416 115 458 168
face 0.0611109733581543 416 115 458 168
face 0.05943077802658081 416 115 458 168
face 0.05876815319061279 416 115 458 168
face 0.057859718799591064 416 115 458 168
face 0.05299058556556702 416 115 458 168
face 0.050625383853912354 416 115 458 168
face 0.050121814012527466 416 115 458 168
face 0.048482269048690796 416 115 458 168
face 0.048252224922180176 416 115 458 168
face 0.04820668697357178 416 115 458 168
face 0.047368377447128296 416 115 458 168
face 0.04674533009529114 416 115 458 168
face 0.04483923316001892 416 115 458 168
face 0.04436689615249634 416 115 458 168
face 0.043060362339019775 416 115 458 168
face 0.042400240898132324 416 115 458 168
face 0.040427327156066895 416 115 458 168
face 0.04010000824928284 416 115 458 168
face 0.03978726267814636 416 115 458 168
face 0.03949698805809021 416 115 458 168
face 0.0386233925819397 416 115 458 168
face 0.038090020418167114 416 115 458 168
face 0.03607964515686035 416 115 458 168
face 0.035798728466033936 416 115 458 168
face 0.034050583839416504 416 115 458 168
face 0.03161248564720154 416 115 458 168
face 0.03100520372390747 416 115 458 168
face 0.03080001473426819 416 115 458 168
face 0.030487269163131714 416 115 458 168
face 0.03023698925971985 416 115 458 168
face 0.03022494912147522 416 115 458 168
face 0.029985159635543823 416 115 458 168
face 0.0297468900680542 416 115 458 168
face 0.028509050607681274 416 115 458 168
face 0.028367310762405396 416 115 458 168
face 0.026485443115234375 416 115 458 168
face 0.02554011344909668 416 115 458 168
face 0.025320589542388916 416 115 458 168
face 0.02528175711631775 416 115 458 168
face 0.024941593408584595 416 115 458 168
face 0.024750590324401855 416 115 458 168
face 0.023667991161346436 416 115 458 168
face 0.023625314235687256 416 115 458 168
face 0.023433655500411987 416 115 458 168
face 0.023345887660980225 416 115 458 168
face 0.023184895515441895 416 115 458 168
face 0.022866904735565186 416 115 458 168
face 0.022319436073303223 416 115 458 168
face 0.021657854318618774 416 115 458 168
face 0.021157026290893555 416 115 458 168
face 0.021144628524780273 416 115 458 168
face 0.020943522453308105 416 115 458 168
face 0.020917445421218872 416 115 458 168
face 0.020780354738235474 416 115 458 168
face 0.0203590989112854 416 115 458 168
face 0.020159661769866943 416 115 458 168
face 0.019880831241607666 416 115 458 168
face 0.019396722316741943 416 115 458 168
face 0.017785966396331787 416 115 458 168
face 0.017505496740341187 416 115 458 168
face 0.01736244559288025 416 115 458 168
face 0.017358869314193726 416 115 458 168
face 0.016979068517684937 416 115 458 168
face 0.016854971647262573 416 115 458 168
face 0.01682952046394348 416 115 458 168
face 0.01679706573486328 416 115 458 168
face 0.016764849424362183 416 115 458 168
face 0.016696006059646606 416 115 458 168
face 0.016661256551742554 416 115 458 168
face 0.016657739877700806 416 115 458 168
face 0.01643955707550049 416 115 458 168
