face 0.9976372718811035 196 231 626 745
face 0.008902668952941895 196 231 626 745
face 0.007733345031738281 196 231 626 745
face 0.006329268217086792 196 231 626 745
face 0.006063699722290039 196 231 626 745
face 0.005993902683258057 196 231 626 745
face 0.005091667175292969 196 231 626 745
face 0.004701286554336548 196 231 626 745
face 0.004060685634613037 196 231 626 745
face 0.0036582648754119873 196 231 626 745
face 0.0035460591316223145 196 231 626 745
face 0.003524959087371826 196 231 626 745
face 0.0034312307834625244 196 231 626 745
face 0.0033348798751831055 196 231 626 745
face 0.003326117992401123 196 231 626 745
face 0.003280043601989746 196 231 626 745
face 0.003253161907196045 196 231 626 745
face 0.003235429525375366 196 231 626 745
face 0.003230154514312744 196 231 626 745
face 0.003219395875930786 196 231 626 745
face 0.0031750500202178955 196 231 626 745
face 0.0030995607376098633 196 231 626 745
face 0.0030271708965301514 196 231 626 745
face 0.0030142664909362793 196 231 626 745
face 0.002972841262817383 196 231 626 745
face 0.002833455801010132 196 231 626 745
face 0.0027353763580322266 196 231 626 745
face 0.002727687358856201 196 231 626 745
face 0.0026231110095977783 196 231 626 745
face 0.0025876760482788086 196 231 626 745
face 0.002580404281616211 196 231 626 745
face 0.002568155527114868 196 231 626 745
face 0.002545565366744995 196 231 626 745
face 0.0025407075881958008 196 231 626 745
face 0.0024953484535217285 196 231 626 745
face 0.002459496259689331 196 231 626 745
face 0.0024286508560180664 196 231 626 745
face 0.00234028697013855 196 231 626 745
face 0.0023187994956970215 196 231 626 745
face 0.0022740066051483154 196 231 626 745
face 0.0022166073322296143 196 231 626 745
face 0.0022129416465759277 196 231 626 745
face 0.0022090375423431396 196 231 626 745
face 0.0021260082721710205 196 231 626 745
face 0.0021072328090667725 196 231 626 745
face 0.0020719170570373535 196 231 626 745
face 0.00206109881401062 196 231 626 745
face 0.002044975757598877 196 231 626 745
face 0.002028942108154297 196 231 626 745
face 0.0020193755626678467 196 231 626 745
face 0.0020190775394439697 196 231 626 745
face 0.0020138919353485107 196 231 626 745
face 0.0019967257976531982 196 231 626 745
face 0.0019375979900360107 196 231 626 745
face 0.0019305050373077393 196 231 626 745
face 0.0019163787364959717 196 231 626 745
face 0.0019104480743408203 196 231 626 745
face 0.001877814531326294 196 231 626 745
face 0.0018711984157562256 196 231 626 745
face 0.0018655359745025635 196 231 626 745
face 0.0018581748008728027 196 231 626 745
face 0.0018420815467834473 196 231 626 745
face 0.001802682876586914 196 231 626 745
face 0.001791834831237793 196 231 626 745
face 0.001789867877960205 196 231 626 745
face 0.0017538368701934814 196 231 626 745
face 0.0017436742782592773 196 231 626 745
face 0.0017407536506652832 196 231 626 745
face 0.0017067193984985352 196 231 626 745
face 0.0017025768756866455 196 231 626 745
face 0.0016954541206359863 196 231 626 745
face 0.0016917586326599121 196 231 626 745
face 0.0016763806343078613 196 231 626 745
face 0.0016727447509765625 196 231 626 745
face 0.0016626715660095215 196 231 626 745
face 0.001654505729675293 196 231 626 745
face 0.0016530156135559082 196 231 626 745
face 0.0016517937183380127 196 231 626 745
face 0.0016487538814544678 196 231 626 745
face 0.0016436874866485596 196 231 626 745
face 0.0016349554061889648 196 231 626 745
face 0.001625359058380127 196 231 626 745
face 0.0016132593154907227 196 231 626 745
face 0.0016094744205474854 196 231 626 745
face 0.0015977323055267334 196 231 626 745
face 0.0015840530395507812 196 231 626 745
face 0.0015750527381896973 196 231 626 745
face 0.0015693306922912598 196 231 626 745
face 0.0015642940998077393 196 231 626 745
face 0.0015357732772827148 196 231 626 745
face 0.0015346705913543701 196 231 626 745
face 0.00153273344039917 196 231 626 745
face 0.001529097557067871 196 231 626 745
face 0.001529097557067871 196 231 626 745
face 0.0015278458595275879 196 231 626 745
face 0.0015211105346679688 196 231 626 745
face 0.0014906227588653564 196 231 626 745
face 0.0014868378639221191 196 231 626 745
face 0.0014834403991699219 196 231 626 745
face 0.0014790892601013184 196 231 626 745
