face 0.9988740682601929 551 355 578 389
face 0.9986568689346313 451 495 480 531
face 0.9982227087020874 776 329 800 359
face 0.9981441497802734 498 360 524 390
face 0.9981160163879395 290 475 319 508
face 0.9976974725723267 878 318 901 349
face 0.9976677894592285 826 336 850 368
face 0.996319055557251 600 364 627 397
face 0.9952360391616821 659 475 684 504
face 0.9950697422027588 662 329 686 359
face 0.9948693513870239 410 362 433 393
face 0.9941619634628296 220 442 246 473
face 0.9939543008804321 183 363 209 395
face 0.992010772228241 729 330 753 360
face 0.9776020050048828 623 336 646 364
face 0.9690731167793274 797 359 822 389
face 0.9567609429359436 261 351 285 383
face 0.9143946766853333 943 346 966 379
face 0.9012058973312378 590 474 612 504
face 0.8823678493499756 931 339 956 370
face 0.8274624347686768 204 337 226 363
face 0.8056651949882507 308 340 333 372
face 0.7676635980606079 47 352 75 384
face 0.757719874382019 362 340 387 371
face 0.7439948320388794 360 349 383 381
face 0.7226530909538269 299 348 324 382
face 0.6251944303512573 138 350 161 380
face 0.5311249494552612 120 345 145 373
face 0.44894999265670776 120 345 145 373
face 0.3209092617034912 120 345 145 373
face 0.29048579931259155 120 345 145 373
face 0.28199195861816406 120 345 145 373
face 0.2446793019771576 120 345 145 373
face 0.19996154308319092 120 345 145 373
face 0.18567949533462524 120 345 145 373
face 0.13963967561721802 120 345 145 373
face 0.10597038269042969 120 345 145 373
face 0.10573244094848633 120 345 145 373
face 0.07703953981399536 120 345 145 373
face 0.07619178295135498 120 345 145 373
face 0.06212654709815979 120 345 145 373
face 0.0589480996131897 120 345 145 373
face 0.049247026443481445 120 345 145 373
face 0.047783613204956055 120 345 145 373
face 0.04361012578010559 120 345 145 373
face 0.03894039988517761 120 345 145 373
face 0.03881004452705383 120 345 145 373
face 0.0372452437877655 120 345 145 373
face 0.03318670392036438 120 345 145 373
face 0.03212180733680725 120 345 145 373
face 0.03169041872024536 120 345 145 373
face 0.02944248914718628 120 345 145 373
face 0.027738749980926514 120 345 145 373
face 0.027647018432617188 120 345 145 373
face 0.02754509449005127 120 345 145 373
face 0.025379180908203125 120 345 145 373
face 0.024350374937057495 120 345 145 373
face 0.022943079471588135 120 345 145 373
face 0.022916346788406372 120 345 145 373
face 0.022466033697128296 120 345 145 373
face 0.02083083987236023 120 345 145 373
face 0.018489062786102295 120 345 145 373
face 0.01827147603034973 120 345 145 373
face 0.017282873392105103 120 345 145 373
face 0.016736507415771484 120 345 145 373
face 0.016731053590774536 120 345 145 373
face 0.01608547568321228 120 345 145 373
face 0.01550602912902832 120 345 145 373
face 0.013314425945281982 120 345 145 373
face 0.012374669313430786 120 345 145 373
face 0.011916548013687134 120 345 145 373
face 0.011200934648513794 120 345 145 373
face 0.010898768901824951 120 345 145 373
face 0.01030588150024414 120 345 145 373
face 0.009724706411361694 120 345 145 373
face 0.009561330080032349 120 345 145 373
face 0.009473174810409546 120 345 145 373
face 0.0089225172996521 120 345 145 373
face 0.008885830640792847 120 345 145 373
face 0.007677942514419556 120 345 145 373
face 0.007202506065368652 120 345 145 373
face 0.007134139537811279 120 345 145 373
face 0.007028847932815552 120 345 145 373
face 0.006881088018417358 120 345 145 373
face 0.006850302219390869 120 345 145 373
face 0.006480157375335693 120 345 145 373
face 0.005830287933349609 120 345 145 373
face 0.00549083948135376 120 345 145 373
face 0.005198657512664795 120 345 145 373
face 0.0050643086433410645 120 345 145 373
face 0.004544645547866821 120 345 145 373
face 0.004450350999832153 120 345 145 373
face 0.004301548004150391 120 345 145 373
face 0.004106283187866211 120 345 145 373
face 0.003980070352554321 120 345 145 373
face 0.0038518309593200684 120 345 145 373
face 0.0038340985774993896 120 345 145 373
face 0.003716200590133667 120 345 145 373
face 0.0035527944564819336 120 345 145 373
face 0.0034914016723632812 120 345 145 373
