face 0.9933007955551147 388 138 597 415
face 0.04686391353607178 388 138 597 415
face 0.039693862199783325 388 138 597 415
face 0.038298338651657104 388 138 597 415
face 0.03814494609832764 388 138 597 415
face 0.022142022848129272 388 138 597 415
face 0.01810157299041748 388 138 597 415
face 0.015580028295516968 388 138 597 415
face 0.015147507190704346 388 138 597 415
face 0.013471484184265137 388 138 597 415
face 0.012903481721878052 388 138 597 415
face 0.010915368795394897 388 138 597 415
face 0.010602056980133057 388 138 597 415
face 0.009982675313949585 388 138 597 415
face 0.00952419638633728 388 138 597 415
face 0.009421676397323608 388 138 597 415
face 0.00926905870437622 388 138 597 415
face 0.008420377969741821 388 138 597 415
face 0.008123576641082764 388 138 597 415
face 0.007801830768585205 388 138 597 415
face 0.007053554058074951 388 138 597 415
face 0.007041245698928833 388 138 597 415
face 0.00699344277381897 388 138 597 415
face 0.006529033184051514 388 138 597 415
face 0.006326764822006226 388 138 597 415
face 0.006174147129058838 388 138 597 415
face 0.005715012550354004 388 138 597 415
face 0.0056607723236083984 388 138 597 415
face 0.00561186671257019 388 138 597 415
face 0.00560915470123291 388 138 597 415
face 0.005599260330200195 388 138 597 415
face 0.005559295415878296 388 138 597 415
face 0.00549691915512085 388 138 597 415
face 0.00542798638343811 388 138 597 415
face 0.005330950021743774 388 138 597 415
face 0.005327284336090088 388 138 597 415
face 0.005302757024765015 388 138 597 415
face 0.005254894495010376 388 138 597 415
face 0.005110800266265869 388 138 597 415
face 0.0050688087940216064 388 138 597 415
face 0.004834890365600586 388 138 597 415
face 0.004687786102294922 388 138 597 415
face 0.004600703716278076 388 138 597 415
face 0.00459638237953186 388 138 597 415
face 0.0045694708824157715 388 138 597 415
face 0.004560291767120361 388 138 597 415
face 0.004480093717575073 388 138 597 415
face 0.004444330930709839 388 138 597 415
face 0.004442572593688965 388 138 597 415
face 0.004301786422729492 388 138 597 415
face 0.004281133413314819 388 138 597 415
face 0.004232168197631836 388 138 597 415
face 0.004199087619781494 388 138 597 415
face 0.0041055381298065186 388 138 597 415
face 0.003975212574005127 388 138 597 415
face 0.003897726535797119 388 138 597 415
face 0.0038666725158691406 388 138 597 415
face 0.0037921667098999023 388 138 597 415
face 0.003770291805267334 388 138 597 415
face 0.003738313913345337 388 138 597 415
face 0.0036919713020324707 388 138 597 415
face 0.0036809444427490234 388 138 597 415
face 0.003666996955871582 388 138 597 415
face 0.0036131739616394043 388 138 597 415
face 0.0035913586616516113 388 138 597 415
face 0.0035893023014068604 388 138 597 415
face 0.003580331802368164 388 138 597 415
face 0.003541111946105957 388 138 597 415
face 0.003537982702255249 388 138 597 415
face 0.003506392240524292 388 138 597 415
face 0.0035057365894317627 388 138 597 415
face 0.003496915102005005 388 138 597 415
face 0.00347745418548584 388 138 597 415
face 0.003405958414077759 388 138 597 415
face 0.0033803582191467285 388 138 597 415
face 0.003337681293487549 388 138 597 415
face 0.003300905227661133 388 138 597 415
face 0.0032653510570526123 388 138 597 415
face 0.003225386142730713 388 138 597 415
face 0.0032165348529815674 388 138 597 415
face 0.003175497055053711 388 138 597 415
face 0.0031474530696868896 388 138 597 415
face 0.003120601177215576 388 138 597 415
face 0.0031159520149230957 388 138 597 415
face 0.00306016206741333 388 138 597 415
face 0.0030527114868164062 388 138 597 415
face 0.003047645092010498 388 138 597 415
face 0.0030101239681243896 388 138 597 415
face 0.0029346346855163574 388 138 597 415
face 0.002879500389099121 388 138 597 415
face 0.002807319164276123 388 138 597 415
face 0.002789437770843506 388 138 597 415
face 0.0027879178524017334 388 138 597 415
face 0.0027664899826049805 388 138 597 415
face 0.002743244171142578 388 138 597 415
face 0.0027345120906829834 388 138 597 415
face 0.002721637487411499 388 138 597 415
face 0.0027132630348205566 388 138 597 415
face 0.002690821886062622 388 138 597 415
face 0.0026903152465820312 388 138 597 415
