face 0.9968985319137573 386 73 668 475
face 0.005105763673782349 386 73 668 475
face 0.005057394504547119 386 73 668 475
face 0.005008220672607422 386 73 668 475
face 0.0046686530113220215 386 73 668 475
face 0.004647970199584961 386 73 668 475
face 0.004551142454147339 386 73 668 475
face 0.004383116960525513 386 73 668 475
face 0.004331916570663452 386 73 668 475
face 0.0042445361614227295 386 73 668 475
face 0.004233181476593018 386 73 668 475
face 0.0038877129554748535 386 73 668 475
face 0.0038292407989501953 386 73 668 475
face 0.003797978162765503 386 73 668 475
face 0.00377008318901062 386 73 668 475
face 0.0035542845726013184 386 73 668 475
face 0.0034284889698028564 386 73 668 475
face 0.003345400094985962 386 73 668 475
face 0.003300607204437256 386 73 668 475
face 0.0032101571559906006 386 73 668 475
face 0.0032070577144622803 386 73 668 475
face 0.0031350553035736084 386 73 668 475
face 0.0030747652053833008 386 73 668 475
face 0.002991974353790283 386 73 668 475
face 0.0028938353061676025 386 73 668 475
face 0.002811998128890991 386 73 668 475
face 0.002772033214569092 386 73 668 475
face 0.0027650296688079834 386 73 668 475
face 0.0026456713676452637 386 73 668 475
face 0.0026069283485412598 386 73 668 475
face 0.0025294721126556396 386 73 668 475
face 0.00250968337059021 386 73 668 475
face 0.0024950802326202393 386 73 668 475
face 0.00247347354888916 386 73 668 475
face 0.002432584762573242 386 73 668 475
face 0.0024273693561553955 386 73 668 475
face 0.0024233758449554443 386 73 668 475
face 0.00238838791847229 386 73 668 475
face 0.0023703277111053467 386 73 668 475
face 0.0023130476474761963 386 73 668 475
face 0.0023041963577270508 386 73 668 475
face 0.002240478992462158 386 73 668 475
face 0.0022372305393218994 386 73 668 475
face 0.0022370219230651855 386 73 668 475
face 0.0022056400775909424 386 73 668 475
face 0.0021959543228149414 386 73 668 475
face 0.0021839439868927 386 73 668 475
face 0.002181112766265869 386 73 668 475
face 0.002169191837310791 386 73 668 475
face 0.002139180898666382 386 73 668 475
face 0.002112269401550293 386 73 668 475
face 0.002060115337371826 386 73 668 475
face 0.0020575225353240967 386 73 668 475
face 0.002045661211013794 386 73 668 475
face 0.0020019114017486572 386 73 668 475
face 0.0019890964031219482 386 73 668 475
face 0.001985102891921997 386 73 668 475
face 0.001962333917617798 386 73 668 475
face 0.0019383430480957031 386 73 668 475
face 0.0019080638885498047 386 73 668 475
face 0.0018911361694335938 386 73 668 475
face 0.0018908381462097168 386 73 668 475
face 0.0018750131130218506 386 73 668 475
face 0.001859903335571289 386 73 668 475
face 0.0018173456192016602 386 73 668 475
face 0.001792222261428833 386 73 668 475
face 0.001784294843673706 386 73 668 475
face 0.0017448365688323975 386 73 668 475
face 0.0017427802085876465 386 73 668 475
face 0.0017347335815429688 386 73 668 475
face 0.0017342865467071533 386 73 668 475
face 0.0017302930355072021 386 73 668 475
face 0.001706838607788086 386 73 668 475
face 0.0017021000385284424 386 73 668 475
face 0.0017005503177642822 386 73 668 475
face 0.0016891062259674072 386 73 668 475
face 0.0016861557960510254 386 73 668 475
face 0.001684337854385376 386 73 668 475
face 0.0016679465770721436 386 73 668 475
face 0.0016585886478424072 386 73 668 475
face 0.001655489206314087 386 73 668 475
face 0.0016550421714782715 386 73 668 475
face 0.0016508102416992188 386 73 668 475
face 0.0016421675682067871 386 73 668 475
face 0.0016215741634368896 386 73 668 475
face 0.0016210377216339111 386 73 668 475
face 0.0016093552112579346 386 73 668 475
face 0.0015709102153778076 386 73 668 475
face 0.0015593469142913818 386 73 668 475
face 0.0015453100204467773 386 73 668 475
face 0.0015380382537841797 386 73 668 475
face 0.001536637544631958 386 73 668 475
face 0.001534581184387207 386 73 668 475
face 0.0015206336975097656 386 73 668 475
face 0.0014818906784057617 386 73 668 475
face 0.0014645755290985107 386 73 668 475
face 0.0014515817165374756 386 73 668 475
face 0.0014444589614868164 386 73 668 475
face 0.0014423727989196777 386 73 668 475
face 0.0014379322528839111 386 73 668 475
