face 0.5840962529182434 347 158 417 264
face 0.06800338625907898 347 158 417 264
face 0.06146728992462158 347 158 417 264
face 0.06019294261932373 347 158 417 264
face 0.0568104088306427 347 158 417 264
face 0.05626493692398071 347 158 417 264
face 0.0533730685710907 347 158 417 264
face 0.05007857084274292 347 158 417 264
face 0.04739394783973694 347 158 417 264
face 0.041740596294403076 347 158 417 264
face 0.03862577676773071 347 158 417 264
face 0.03740784525871277 347 158 417 264
face 0.031586527824401855 347 158 417 264
face 0.031379759311676025 347 158 417 264
face 0.031051933765411377 347 158 417 264
face 0.03061172366142273 347 158 417 264
face 0.028457611799240112 347 158 417 264
face 0.027024149894714355 347 158 417 264
face 0.02528044581413269 347 158 417 264
face 0.024757713079452515 347 158 417 264
face 0.02454066276550293 347 158 417 264
face 0.024342387914657593 347 158 417 264
face 0.023232877254486084 347 158 417 264
face 0.02288055419921875 347 158 417 264
face 0.022393405437469482 347 158 417 264
face 0.022224754095077515 347 158 417 264
face 0.02193346619606018 347 158 417 264
face 0.021040797233581543 347 158 417 264
face 0.020593762397766113 347 158 417 264
face 0.020495206117630005 347 158 417 264
face 0.020210683345794678 347 158 417 264
face 0.01956629753112793 347 158 417 264
face 0.01893112063407898 347 158 417 264
face 0.01857408881187439 347 158 417 264
face 0.018030107021331787 347 158 417 264
face 0.0177193284034729 347 158 417 264
face 0.01689973473548889 347 158 417 264
face 0.016822725534439087 347 158 417 264
face 0.016580849885940552 347 158 417 264
face 0.016579151153564453 347 158 417 264
face 0.015566110610961914 347 158 417 264
face 0.01554030179977417 347 158 417 264
face 0.015195190906524658 347 158 417 264
face 0.015171736478805542 347 158 417 264
face 0.014856785535812378 347 158 417 264
face 0.014417052268981934 347 158 417 264
face 0.01422429084777832 347 158 417 264
face 0.013563603162765503 347 158 417 264
face 0.013094723224639893 347 158 417 264
face 0.012921631336212158 347 158 417 264
face 0.012852728366851807 347 158 417 264
face 0.012790799140930176 347 158 417 264
face 0.012739837169647217 347 158 417 264
face 0.012324213981628418 347 158 417 264
face 0.011860042810440063 347 158 417 264
face 0.011732995510101318 347 158 417 264
face 0.011543452739715576 347 158 417 264
face 0.011446386575698853 347 158 417 264
face 0.01098543405532837 347 158 417 264
face 0.0109405517578125 347 158 417 264
face 0.01092374324798584 347 158 417 264
face 0.010746181011199951 347 158 417 264
face 0.01072189211845398 347 158 417 264
face 0.010616064071655273 347 158 417 264
face 0.010539621114730835 347 158 417 264
face 0.01043131947517395 347 158 417 264
face 0.010111629962921143 347 158 417 264
face 0.010058462619781494 347 158 417 264
face 0.009978383779525757 347 158 417 264
face 0.009931892156600952 347 158 417 264
face 0.009850233793258667 347 158 417 264
face 0.009745001792907715 347 158 417 264
face 0.009725362062454224 347 158 417 264
face 0.009707450866699219 347 158 417 264
face 0.009634435176849365 347 158 417 264
face 0.009451836347579956 347 158 417 264
face 0.009343266487121582 347 158 417 264
face 0.009184688329696655 347 158 417 264
face 0.009078025817871094 347 158 417 264
face 0.009009033441543579 347 158 417 264
face 0.0088614821434021 347 158 417 264
face 0.008793890476226807 347 158 417 264
face 0.008788704872131348 347 158 417 264
face 0.008726328611373901 347 158 417 264
face 0.008646517992019653 347 158 417 264
face 0.008601069450378418 347 158 417 264
face 0.008533179759979248 347 158 417 264
face 0.008331388235092163 347 158 417 264
face 0.008289575576782227 347 158 417 264
face 0.008254587650299072 347 158 417 264
face 0.00825279951095581 347 158 417 264
face 0.00821790099143982 347 158 417 264
face 0.00816810131072998 347 158 417 264
face 0.008107274770736694 347 158 417 264
face 0.008105367422103882 347 158 417 264
face 0.00810307264328003 347 158 417 264
face 0.008082151412963867 347 158 417 264
face 0.007996171712875366 347 158 417 264
face 0.007968276739120483 347 158 417 264
face 0.007864207029342651 347 158 417 264
