face 0.9898002743721008 547 65 731 320
face 0.10928991436958313 547 65 731 320
face 0.02482244372367859 547 65 731 320
face 0.019555717706680298 547 65 731 320
face 0.019352346658706665 547 65 731 320
face 0.018038451671600342 547 65 731 320
face 0.01727515459060669 547 65 731 320
face 0.016851156949996948 547 65 731 320
face 0.016412198543548584 547 65 731 320
face 0.015671640634536743 547 65 731 320
face 0.014767974615097046 547 65 731 320
face 0.014400720596313477 547 65 731 320
face 0.014173656702041626 547 65 731 320
face 0.01389014720916748 547 65 731 320
face 0.013535261154174805 547 65 731 320
face 0.013514220714569092 547 65 731 320
face 0.011732488870620728 547 65 731 320
face 0.011354595422744751 547 65 731 320
face 0.010633111000061035 547 65 731 320
face 0.010210514068603516 547 65 731 320
face 0.009583622217178345 547 65 731 320
face 0.009202390909194946 547 65 731 320
face 0.008557915687561035 547 65 731 320
face 0.008492738008499146 547 65 731 320
face 0.008382141590118408 547 65 731 320
face 0.008333981037139893 547 65 731 320
face 0.00817406177520752 547 65 731 320
face 0.007993131875991821 547 65 731 320
face 0.007935971021652222 547 65 731 320
face 0.007918775081634521 547 65 731 320
face 0.007914036512374878 547 65 731 320
face 0.007888585329055786 547 65 731 320
face 0.00772327184677124 547 65 731 320
face 0.0074935853481292725 547 65 731 320
face 0.007445782423019409 547 65 731 320
face 0.007295787334442139 547 65 731 320
face 0.00703546404838562 547 65 731 320
face 0.007000952959060669 547 65 731 320
face 0.006787002086639404 547 65 731 320
face 0.006776183843612671 547 65 731 320
face 0.006762415170669556 547 65 731 320
face 0.006579339504241943 547 65 731 320
face 0.00652003288269043 547 65 731 320
face 0.006398141384124756 547 65 731 320
face 0.006368160247802734 547 65 731 320
face 0.006124019622802734 547 65 731 320
face 0.006121039390563965 547 65 731 320
face 0.006115466356277466 547 65 731 320
face 0.006059855222702026 547 65 731 320
face 0.00599139928817749 547 65 731 320
face 0.005914032459259033 547 65 731 320
face 0.0057585835456848145 547 65 731 320
face 0.005673199892044067 547 65 731 320
face 0.005545705556869507 547 65 731 320
face 0.005515992641448975 547 65 731 320
face 0.0054929256439208984 547 65 731 320
face 0.005282849073410034 547 65 731 320
face 0.005217194557189941 547 65 731 320
face 0.005148559808731079 547 65 731 320
face 0.005117297172546387 547 65 731 320
face 0.005061596632003784 547 65 731 320
face 0.0050241947174072266 547 65 731 320
face 0.004855424165725708 547 65 731 320
face 0.004692643880844116 547 65 731 320
face 0.004689514636993408 547 65 731 320
face 0.004672020673751831 547 65 731 320
face 0.004669457674026489 547 65 731 320
face 0.00452306866645813 547 65 731 320
face 0.004483819007873535 547 65 731 320
face 0.004456907510757446 547 65 731 320
face 0.004421025514602661 547 65 731 320
face 0.0043675899505615234 547 65 731 320
face 0.00435638427734375 547 65 731 320
face 0.004346638917922974 547 65 731 320
face 0.0042838454246521 547 65 731 320
face 0.0042826831340789795 547 65 731 320
face 0.00427401065826416 547 65 731 320
face 0.004268169403076172 547 65 731 320
face 0.004247844219207764 547 65 731 320
face 0.004188060760498047 547 65 731 320
face 0.004108816385269165 547 65 731 320
face 0.004081994295120239 547 65 731 320
face 0.003977984189987183 547 65 731 320
face 0.003966033458709717 547 65 731 320
face 0.003947466611862183 547 65 731 320
face 0.0038908720016479492 547 65 731 320
face 0.0038166046142578125 547 65 731 320
face 0.00378456711769104 547 65 731 320
face 0.0037820637226104736 547 65 731 320
face 0.003775358200073242 547 65 731 320
face 0.003745466470718384 547 65 731 320
face 0.0037166178226470947 547 65 731 320
face 0.003674238920211792 547 65 731 320
face 0.0036339163780212402 547 65 731 320
face 0.0035628080368041992 547 65 731 320
face 0.0035614371299743652 547 65 731 320
face 0.0035577118396759033 547 65 731 320
face 0.003553539514541626 547 65 731 320
face 0.0035501718521118164 547 65 731 320
face 0.003533482551574707 547 65 731 320
