face 0.5029795169830322 483 64 634 298
face 0.30661797523498535 483 64 634 298
face 0.04836934804916382 483 64 634 298
face 0.016550123691558838 483 64 634 298
face 0.016236186027526855 483 64 634 298
face 0.015075773000717163 483 64 634 298
face 0.015034765005111694 483 64 634 298
face 0.014225870370864868 483 64 634 298
face 0.014134109020233154 483 64 634 298
face 0.012389183044433594 483 64 634 298
face 0.011917263269424438 483 64 634 298
face 0.011322885751724243 483 64 634 298
face 0.011218547821044922 483 64 634 298
face 0.010971397161483765 483 64 634 298
face 0.01030924916267395 483 64 634 298
face 0.010232895612716675 483 64 634 298
face 0.010056346654891968 483 64 634 298
face 0.009843200445175171 483 64 634 298
face 0.009559273719787598 483 64 634 298
face 0.00930023193359375 483 64 634 298
face 0.008873790502548218 483 64 634 298
face 0.00867721438407898 483 64 634 298
face 0.008453965187072754 483 64 634 298
face 0.00815361738204956 483 64 634 298
face 0.007919847965240479 483 64 634 298
face 0.007883667945861816 483 64 634 298
face 0.007674902677536011 483 64 634 298
face 0.007635354995727539 483 64 634 298
face 0.007523924112319946 483 64 634 298
face 0.007457733154296875 483 64 634 298
face 0.007418423891067505 483 64 634 298
face 0.0073549747467041016 483 64 634 298
face 0.007279694080352783 483 64 634 298
face 0.006881386041641235 483 64 634 298
face 0.0068073272705078125 483 64 634 298
face 0.006762146949768066 483 64 634 298
face 0.006618767976760864 483 64 634 298
face 0.006617754697799683 483 64 634 298
face 0.006559908390045166 483 64 634 298
face 0.00641205906867981 483 64 634 298
face 0.0063784122467041016 483 64 634 298
face 0.006144613027572632 483 64 634 298
face 0.006003320217132568 483 64 634 298
face 0.00596088171005249 483 64 634 298
face 0.00568428635597229 483 64 634 298
face 0.005628794431686401 483 64 634 298
face 0.00561109185218811 483 64 634 298
face 0.005585998296737671 483 64 634 298
face 0.005369335412979126 483 64 634 298
face 0.005241990089416504 483 64 634 298
face 0.0050757527351379395 483 64 634 298
face 0.005026072263717651 483 64 634 298
face 0.005022108554840088 483 64 634 298
face 0.004936814308166504 483 64 634 298
face 0.004927158355712891 483 64 634 298
face 0.004835635423660278 483 64 634 298
face 0.004818260669708252 483 64 634 298
face 0.004791557788848877 483 64 634 298
face 0.004787713289260864 483 64 634 298
face 0.004737645387649536 483 64 634 298
face 0.004714757204055786 483 64 634 298
face 0.0047005414962768555 483 64 634 298
face 0.004691570997238159 483 64 634 298
face 0.004688739776611328 483 64 634 298
face 0.004602879285812378 483 64 634 298
face 0.004561424255371094 483 64 634 298
face 0.004416346549987793 483 64 634 298
face 0.004334837198257446 483 64 634 298
face 0.0043093860149383545 483 64 634 298
face 0.004273265600204468 483 64 634 298
face 0.0042618513107299805 483 64 634 298
face 0.004244118928909302 483 64 634 298
face 0.004230320453643799 483 64 634 298
face 0.004228115081787109 483 64 634 298
face 0.004224449396133423 483 64 634 298
face 0.0041844844818115234 483 64 634 298
face 0.004153996706008911 483 64 634 298
face 0.004095941781997681 483 64 634 298
face 0.004008382558822632 483 64 634 298
face 0.0039994120597839355 483 64 634 298
face 0.0039660632610321045 483 64 634 298
face 0.003919869661331177 483 64 634 298
face 0.0039092302322387695 483 64 634 298
face 0.003894507884979248 483 64 634 298
face 0.003892064094543457 483 64 634 298
face 0.0038920342922210693 483 64 634 298
face 0.003863304853439331 483 64 634 298
face 0.003808826208114624 483 64 634 298
face 0.0038065314292907715 483 64 634 298
face 0.003787010908126831 483 64 634 298
face 0.003764420747756958 483 64 634 298
face 0.0037536919116973877 483 64 634 298
face 0.003730207681655884 483 64 634 298
face 0.0037019848823547363 483 64 634 298
face 0.00369831919670105 483 64 634 298
face 0.0036963224411010742 483 64 634 298
face 0.0036566555500030518 483 64 634 298
face 0.003648608922958374 483 64 634 298
face 0.0036243796348571777 483 64 634 298
face 0.0036239922046661377 483 64 634 298
