face 0.6200144290924072 488 247 514 277
face 0.5622944235801697 484 250 506 277
face 0.47126445174217224 484 250 506 277
face 0.414792001247406 484 250 506 277
face 0.3768423795700073 484 250 506 277
face 0.3543093204498291 484 250 506 277
face 0.3325749635696411 484 250 506 277
face 0.3303127884864807 484 250 506 277
face 0.30937454104423523 484 250 506 277
face 0.2618820071220398 484 250 506 277
face 0.24275976419448853 484 250 506 277
face 0.19501611590385437 484 250 506 277
face 0.1835837960243225 484 250 506 277
face 0.17693382501602173 484 250 506 277
face 0.17517569661140442 484 250 506 277
face 0.17316052317619324 484 250 506 277
face 0.17060771584510803 484 250 506 277
face 0.16524770855903625 484 250 506 277
face 0.1610671877861023 484 250 506 277
face 0.15763798356056213 484 250 506 277
face 0.15482762455940247 484 250 506 277
face 0.15086829662322998 484 250 506 277
face 0.14981240034103394 484 250 506 277
face 0.14896303415298462 484 250 506 277
face 0.14452072978019714 484 250 506 277
face 0.14330589771270752 484 250 506 277
face 0.13998815417289734 484 250 506 277
face 0.13915282487869263 484 250 506 277
face 0.13636097311973572 484 250 506 277
face 0.13430657982826233 484 250 506 277
face 0.13406041264533997 484 250 506 277
face 0.1316377818584442 484 250 506 277
face 0.13054001331329346 484 250 506 277
face 0.1303766667842865 484 250 506 277
face 0.12673479318618774 484 250 506 277
face 0.12019562721252441 484 250 506 277
face 0.119351327419281 484 250 506 277
face 0.11929941177368164 484 250 506 277
face 0.11909401416778564 484 250 506 277
face 0.11739403009414673 484 250 506 277
face 0.11729604005813599 484 250 506 277
face 0.11639490723609924 484 250 506 277
face 0.11335009336471558 484 250 506 277
face 0.11284562945365906 484 250 506 277
face 0.11186268925666809 484 250 506 277
face 0.11177316308021545 484 250 506 277
face 0.10976707935333252 484 250 506 277
face 0.10760217905044556 484 250 506 277
face 0.10643011331558228 484 250 506 277
face 0.1058768630027771 484 250 506 277
face 0.10534948110580444 484 250 506 277
face 0.10514885187149048 484 250 506 277
face 0.10341235995292664 484 250 506 277
face 0.09992504119873047 484 250 506 277
face 0.09978604316711426 484 250 506 277
face 0.09932252764701843 484 250 506 277
face 0.09774789214134216 484 250 506 277
face 0.09607851505279541 484 250 506 277
face 0.09165263175964355 484 250 506 277
face 0.09044674038887024 484 250 506 277
face 0.09018978476524353 484 250 506 277
face 0.08905914425849915 484 250 506 277
face 0.08866837620735168 484 250 506 277
face 0.08814799785614014 484 250 506 277
face 0.08802226185798645 484 250 506 277
face 0.08742731809616089 484 250 506 277
face 0.08563384413719177 484 250 506 277
face 0.08553329110145569 484 250 506 277
face 0.08552393317222595 484 250 506 277
face 0.08523640036582947 484 250 506 277
face 0.08476069569587708 484 250 506 277
face 0.08251702785491943 484 250 506 277
face 0.08022373914718628 484 250 506 277
face 0.07978096604347229 484 250 506 277
face 0.0771636962890625 484 250 506 277
face 0.07711136341094971 484 250 506 277
face 0.0768255889415741 484 250 506 277
face 0.07655680179595947 484 250 506 277
face 0.07536548376083374 484 250 506 277
face 0.07496905326843262 484 250 506 277
face 0.07449334859848022 484 250 506 277
face 0.07358112931251526 484 250 506 277
face 0.0726352334022522 484 250 506 277
face 0.07218009233474731 484 250 506 277
face 0.07200860977172852 484 250 506 277
face 0.07108476758003235 484 250 506 277
face 0.07104665040969849 484 250 506 277
face 0.07072088122367859 484 250 506 277
face 0.0699109435081482 484 250 506 277
face 0.0657438337802887 484 250 506 277
face 0.06404399871826172 484 250 506 277
face 0.062165260314941406 484 250 506 277
face 0.061450421810150146 484 250 506 277
face 0.060352593660354614 484 250 506 277
face 0.05995956063270569 484 250 506 277
face 0.05941048264503479 484 250 506 277
face 0.05797088146209717 484 250 506 277
face 0.05681207776069641 484 250 506 277
face 0.055024176836013794 484 250 506 277
face 0.05502167344093323 484 250 506 277
