face 0.9783095121383667 100 47 156 117
face 0.9284377098083496 483 74 599 224
face 0.014185309410095215 483 74 599 224
face 0.010519534349441528 483 74 599 224
face 0.009591639041900635 483 74 599 224
face 0.008725166320800781 483 74 599 224
face 0.00826534628868103 483 74 599 224
face 0.007539302110671997 483 74 599 224
face 0.006804943084716797 483 74 599 224
face 0.006565272808074951 483 74 599 224
face 0.006561756134033203 483 74 599 224
face 0.006528019905090332 483 74 599 224
face 0.006311386823654175 483 74 599 224
face 0.0056607723236083984 483 74 599 224
face 0.005546122789382935 483 74 599 224
face 0.005330890417098999 483 74 599 224
face 0.0052735209465026855 483 74 599 224
face 0.005080550909042358 483 74 599 224
face 0.004943817853927612 483 74 599 224
face 0.004813134670257568 483 74 599 224
face 0.004489868879318237 483 74 599 224
face 0.004437685012817383 483 74 599 224
face 0.00442388653755188 483 74 599 224
face 0.004383444786071777 483 74 599 224
face 0.004377037286758423 483 74 599 224
face 0.004364371299743652 483 74 599 224
face 0.004222095012664795 483 74 599 224
face 0.004215359687805176 483 74 599 224
face 0.004068940877914429 483 74 599 224
face 0.004053950309753418 483 74 599 224
face 0.003999382257461548 483 74 599 224
face 0.003969520330429077 483 74 599 224
face 0.003969043493270874 483 74 599 224
face 0.00394931435585022 483 74 599 224
face 0.003863900899887085 483 74 599 224
face 0.003782212734222412 483 74 599 224
face 0.0037265121936798096 483 74 599 224
face 0.0036826729774475098 483 74 599 224
face 0.0035655200481414795 483 74 599 224
face 0.0035226047039031982 483 74 599 224
face 0.0034407973289489746 483 74 599 224
face 0.0034307241439819336 483 74 599 224
face 0.003370732069015503 483 74 599 224
face 0.0032963156700134277 483 74 599 224
face 0.0032670795917510986 483 74 599 224
face 0.003264099359512329 483 74 599 224
face 0.0032271146774291992 483 74 599 224
face 0.0031976401805877686 483 74 599 224
face 0.0031898915767669678 483 74 599 224
face 0.0031508803367614746 483 74 599 224
face 0.003142237663269043 483 74 599 224
face 0.0031281709671020508 483 74 599 224
face 0.0031203925609588623 483 74 599 224
face 0.0031075477600097656 483 74 599 224
face 0.0030994713306427 483 74 599 224
face 0.0030693411827087402 483 74 599 224
face 0.003037184476852417 483 74 599 224
face 0.0030267834663391113 483 74 599 224
face 0.003024876117706299 483 74 599 224
face 0.0030204355716705322 483 74 599 224
face 0.0030198395252227783 483 74 599 224
face 0.0030061006546020508 483 74 599 224
face 0.002990514039993286 483 74 599 224
face 0.0029876232147216797 483 74 599 224
face 0.002955496311187744 483 74 599 224
face 0.0029180943965911865 483 74 599 224
face 0.0028770864009857178 483 74 599 224
face 0.002803236246109009 483 74 599 224
face 0.0027715861797332764 483 74 599 224
face 0.002765566110610962 483 74 599 224
face 0.0027235448360443115 483 74 599 224
face 0.002699553966522217 483 74 599 224
face 0.0026888251304626465 483 74 599 224
face 0.0026842355728149414 483 74 599 224
face 0.0026687681674957275 483 74 599 224
face 0.0026570558547973633 483 74 599 224
face 0.002644747495651245 483 74 599 224
face 0.002618730068206787 483 74 599 224
face 0.0026178956031799316 483 74 599 224
face 0.002605348825454712 483 74 599 224
face 0.002571284770965576 483 74 599 224
face 0.002557903528213501 483 74 599 224
face 0.0025559961795806885 483 74 599 224
face 0.0025521814823150635 483 74 599 224
face 0.002539396286010742 483 74 599 224
face 0.0025092661380767822 483 74 599 224
face 0.00249364972114563 483 74 599 224
face 0.0024870336055755615 483 74 599 224
face 0.0024586021900177 483 74 599 224
face 0.002451777458190918 483 74 599 224
face 0.0024406611919403076 483 74 599 224
face 0.002437770366668701 483 74 599 224
face 0.0024293065071105957 483 74 599 224
face 0.0024199485778808594 483 74 599 224
face 0.002379179000854492 483 74 599 224
face 0.0023724138736724854 483 74 599 224
face 0.0023684799671173096 483 74 599 224
face 0.0023617148399353027 483 74 599 224
face 0.002335578203201294 483 74 599 224
face 0.002310037612915039 483 74 599 224
