face 0.9717254042625427 544 367 593 445
face 0.9384585618972778 616 184 766 432
face 0.32298341393470764 616 184 766 432
face 0.12254166603088379 616 184 766 432
face 0.10057234764099121 616 184 766 432
face 0.08187010884284973 616 184 766 432
face 0.08103582262992859 616 184 766 432
face 0.06557458639144897 616 184 766 432
face 0.05052497982978821 616 184 766 432
face 0.049645066261291504 616 184 766 432
face 0.0408901572227478 616 184 766 432
face 0.038528621196746826 616 184 766 432
face 0.03762272000312805 616 184 766 432
face 0.03477060794830322 616 184 766 432
face 0.03299468755722046 616 184 766 432
face 0.03201812505722046 616 184 766 432
face 0.02927476167678833 616 184 766 432
face 0.029178857803344727 616 184 766 432
face 0.028831511735916138 616 184 766 432
face 0.027420222759246826 616 184 766 432
face 0.02698466181755066 616 184 766 432
face 0.02674451470375061 616 184 766 432
face 0.02507147192955017 616 184 766 432
face 0.023863255977630615 616 184 766 432
face 0.02382764220237732 616 184 766 432
face 0.023781150579452515 616 184 766 432
face 0.023694396018981934 616 184 766 432
face 0.023443102836608887 616 184 766 432
face 0.02294597029685974 616 184 766 432
face 0.02261883020401001 616 184 766 432
face 0.022209912538528442 616 184 766 432
face 0.021215498447418213 616 184 766 432
face 0.021154284477233887 616 184 766 432
face 0.020711421966552734 616 184 766 432
face 0.020614832639694214 616 184 766 432
face 0.020295292139053345 616 184 766 432
face 0.02012839913368225 616 184 766 432
face 0.019435524940490723 616 184 766 432
face 0.018948495388031006 616 184 766 432
face 0.018368393182754517 616 184 766 432
face 0.017903774976730347 616 184 766 432
face 0.01768079400062561 616 184 766 432
face 0.01753908395767212 616 184 766 432
face 0.017434537410736084 616 184 766 432
face 0.016760677099227905 616 184 766 432
face 0.015785515308380127 616 184 766 432
face 0.015653669834136963 616 184 766 432
face 0.015469938516616821 616 184 766 432
face 0.015215396881103516 616 184 766 432
face 0.015132218599319458 616 184 766 432
face 0.015024960041046143 616 184 766 432
face 0.015016734600067139 616 184 766 432
face 0.014966249465942383 616 184 766 432
face 0.0142916738986969 616 184 766 432
face 0.014253109693527222 616 184 766 432
face 0.014002710580825806 616 184 766 432
face 0.013555824756622314 616 184 766 432
face 0.013534873723983765 616 184 766 432
face 0.01329764723777771 616 184 766 432
face 0.01307651400566101 616 184 766 432
face 0.012645334005355835 616 184 766 432
face 0.011981755495071411 616 184 766 432
face 0.011940151453018188 616 184 766 432
face 0.011438071727752686 616 184 766 432
face 0.011432468891143799 616 184 766 432
face 0.01074245572090149 616 184 766 432
face 0.010574489831924438 616 184 766 432
face 0.01042744517326355 616 184 766 432
face 0.010184943675994873 616 184 766 432
face 0.010070711374282837 616 184 766 432
face 0.010047227144241333 616 184 766 432
face 0.010027438402175903 616 184 766 432
face 0.009944111108779907 616 184 766 432
face 0.009669363498687744 616 184 766 432
face 0.00959804654121399 616 184 766 432
face 0.009488195180892944 616 184 766 432
face 0.009486883878707886 616 184 766 432
face 0.00945371389389038 616 184 766 432
face 0.009438186883926392 616 184 766 432
face 0.009288191795349121 616 184 766 432
face 0.009260326623916626 616 184 766 432
face 0.009133309125900269 616 184 766 432
face 0.009131819009780884 616 184 766 432
face 0.009126067161560059 616 184 766 432
face 0.00908467173576355 616 184 766 432
face 0.00907963514328003 616 184 766 432
face 0.009072631597518921 616 184 766 432
face 0.008872359991073608 616 184 766 432
face 0.008814632892608643 616 184 766 432
face 0.008780241012573242 616 184 766 432
face 0.00874626636505127 616 184 766 432
face 0.008709371089935303 616 184 766 432
face 0.008567363023757935 616 184 766 432
face 0.008445024490356445 616 184 766 432
face 0.008356839418411255 616 184 766 432
face 0.00834926962852478 616 184 766 432
face 0.008298486471176147 616 184 766 432
face 0.00828540325164795 616 184 766 432
face 0.008278965950012207 616 184 766 432
face 0.008147716522216797 616 184 766 432
