face 0.8454091548919678 536 212 622 324
face 0.12405666708946228 536 212 622 324
face 0.11531060934066772 536 212 622 324
face 0.11398878693580627 536 212 622 324
face 0.0656345784664154 536 212 622 324
face 0.04889369010925293 536 212 622 324
face 0.03655412793159485 536 212 622 324
face 0.03610840439796448 536 212 622 324
face 0.029141008853912354 536 212 622 324
face 0.027305126190185547 536 212 622 324
face 0.025979220867156982 536 212 622 324
face 0.023231029510498047 536 212 622 324
face 0.022655457258224487 536 212 622 324
face 0.020421266555786133 536 212 622 324
face 0.01791355013847351 536 212 622 324
face 0.01759016513824463 536 212 622 324
face 0.015441924333572388 536 212 622 324
face 0.01478487253189087 536 212 622 324
face 0.01456335186958313 536 212 622 324
face 0.014357030391693115 536 212 622 324
face 0.012535154819488525 536 212 622 324
face 0.011942565441131592 536 212 622 324
face 0.01186668872833252 536 212 622 324
face 0.011536896228790283 536 212 622 324
face 0.010931223630905151 536 212 622 324
face 0.01033937931060791 536 212 622 324
face 0.01018613576889038 536 212 622 324
face 0.009990990161895752 536 212 622 324
face 0.008983343839645386 536 212 622 324
face 0.007853686809539795 536 212 622 324
face 0.00782543420791626 536 212 622 324
face 0.0077953338623046875 536 212 622 324
face 0.007625550031661987 536 212 622 324
face 0.0076226890087127686 536 212 622 324
face 0.007518172264099121 536 212 622 324
face 0.007518172264099121 536 212 622 324
face 0.0068076252937316895 536 212 622 324
face 0.006227314472198486 536 212 622 324
face 0.006143093109130859 536 212 622 324
face 0.006105303764343262 536 212 622 324
face 0.005958229303359985 536 212 622 324
face 0.005838513374328613 536 212 622 324
face 0.005618661642074585 536 212 622 324
face 0.005542397499084473 536 212 622 324
face 0.00537446141242981 536 212 622 324
face 0.005359232425689697 536 212 622 324
face 0.005222678184509277 536 212 622 324
face 0.005135208368301392 536 212 622 324
face 0.005116522312164307 536 212 622 324
face 0.005098849534988403 536 212 622 324
face 0.005073726177215576 536 212 622 324
face 0.0050446391105651855 536 212 622 324
face 0.004713237285614014 536 212 622 324
face 0.004597276449203491 536 212 622 324
face 0.0044747889041900635 536 212 622 324
face 0.004270374774932861 536 212 622 324
face 0.0041051506996154785 536 212 622 324
face 0.004075109958648682 536 212 622 324
face 0.0040091872215271 536 212 622 324
face 0.003885030746459961 536 212 622 324
face 0.003733903169631958 536 212 622 324
face 0.003678262233734131 536 212 622 324
face 0.0036462247371673584 536 212 622 324
face 0.003445744514465332 536 212 622 324
face 0.0034155845642089844 536 212 622 324
face 0.003405541181564331 536 212 622 324
face 0.003404855728149414 536 212 622 324
face 0.0034008026123046875 536 212 622 324
face 0.0033861398696899414 536 212 622 324
face 0.0033715367317199707 536 212 622 324
face 0.003338456153869629 536 212 622 324
face 0.003326207399368286 536 212 622 324
face 0.003291904926300049 536 212 622 324
face 0.0032480359077453613 536 212 622 324
face 0.0032376646995544434 536 212 622 324
face 0.0032355785369873047 536 212 622 324
face 0.003216087818145752 536 212 622 324
face 0.0032105743885040283 536 212 622 324
face 0.0031502842903137207 536 212 622 324
face 0.0030987560749053955 536 212 622 324
face 0.0030603110790252686 536 212 622 324
face 0.003059208393096924 536 212 622 324
face 0.003039032220840454 536 212 622 324
face 0.0030005574226379395 536 212 622 324
face 0.0029913485050201416 536 212 622 324
face 0.0029858648777008057 536 212 622 324
face 0.002970755100250244 536 212 622 324
face 0.0029366016387939453 536 212 622 324
face 0.0029333829879760742 536 212 622 324
face 0.0029326677322387695 536 212 622 324
face 0.002896517515182495 536 212 622 324
face 0.002869546413421631 536 212 622 324
face 0.0028657913208007812 536 212 622 324
face 0.0028634071350097656 536 212 622 324
face 0.0028295516967773438 536 212 622 324
face 0.002817898988723755 536 212 622 324
face 0.002792268991470337 536 212 622 324
face 0.002783834934234619 536 212 622 324
face 0.002768784761428833 536 212 622 324
face 0.002721250057220459 536 212 622 324
