face 0.9641941785812378 552 97 586 140
face 0.8320891857147217 611 135 638 170
face 0.12878507375717163 611 135 638 170
face 0.10523572564125061 611 135 638 170
face 0.08833667635917664 611 135 638 170
face 0.08701944351196289 611 135 638 170
face 0.06939703226089478 611 135 638 170
face 0.06754961609840393 611 135 638 170
face 0.06453469395637512 611 135 638 170
face 0.05039432644844055 611 135 638 170
face 0.04259118437767029 611 135 638 170
face 0.04167985916137695 611 135 638 170
face 0.0395645797252655 611 135 638 170
face 0.039210349321365356 611 135 638 170
face 0.03742426633834839 611 135 638 170
face 0.03702029585838318 611 135 638 170
face 0.036213040351867676 611 135 638 170
face 0.03342905640602112 611 135 638 170
face 0.03268861770629883 611 135 638 170
face 0.03251969814300537 611 135 638 170
face 0.031823575496673584 611 135 638 170
face 0.02916663885116577 611 135 638 170
face 0.025967925786972046 611 135 638 170
face 0.024733155965805054 611 135 638 170
face 0.024658203125 611 135 638 170
face 0.02368873357772827 611 135 638 170
face 0.023524373769760132 611 135 638 170
face 0.022733628749847412 611 135 638 170
face 0.021951407194137573 611 135 638 170
face 0.021755516529083252 611 135 638 170
face 0.02102839946746826 611 135 638 170
face 0.02096378803253174 611 135 638 170
face 0.020532041788101196 611 135 638 170
face 0.020299971103668213 611 135 638 170
face 0.020072221755981445 611 135 638 170
face 0.019901573657989502 611 135 638 170
face 0.01973286271095276 611 135 638 170
face 0.019517511129379272 611 135 638 170
face 0.019496142864227295 611 135 638 170
face 0.019401758909225464 611 135 638 170
face 0.019194215536117554 611 135 638 170
face 0.019044697284698486 611 135 638 170
face 0.018814146518707275 611 135 638 170
face 0.018773198127746582 611 135 638 170
face 0.01858726143836975 611 135 638 170
face 0.01800331473350525 611 135 638 170
face 0.017947256565093994 611 135 638 170
face 0.017918646335601807 611 135 638 170
face 0.017696619033813477 611 135 638 170
face 0.017343372106552124 611 135 638 170
face 0.016831308603286743 611 135 638 170
face 0.016779005527496338 611 135 638 170
face 0.016776561737060547 611 135 638 170
face 0.01676696538925171 611 135 638 170
face 0.016463875770568848 611 135 638 170
face 0.016250699758529663 611 135 638 170
face 0.016034692525863647 611 135 638 170
face 0.01601886749267578 611 135 638 170
face 0.015571773052215576 611 135 638 170
face 0.015549004077911377 611 135 638 170
face 0.015299767255783081 611 135 638 170
face 0.014838606119155884 611 135 638 170
face 0.014743655920028687 611 135 638 170
face 0.01471787691116333 611 135 638 170
face 0.014683932065963745 611 135 638 170
face 0.014526307582855225 611 135 638 170
face 0.014458566904067993 611 135 638 170
face 0.01438090205192566 611 135 638 170
face 0.014200091361999512 611 135 638 170
face 0.014112412929534912 611 135 638 170
face 0.013886600732803345 611 135 638 170
face 0.01388460397720337 611 135 638 170
face 0.013584434986114502 611 135 638 170
face 0.013571381568908691 611 135 638 170
face 0.013477236032485962 611 135 638 170
face 0.013334870338439941 611 135 638 170
face 0.013304471969604492 611 135 638 170
face 0.013119995594024658 611 135 638 170
face 0.012923568487167358 611 135 638 170
face 0.012862175703048706 611 135 638 170
face 0.012286454439163208 611 135 638 170
face 0.01228591799736023 611 135 638 170
face 0.012150049209594727 611 135 638 170
face 0.012011855840682983 611 135 638 170
face 0.011992484331130981 611 135 638 170
face 0.011907696723937988 611 135 638 170
face 0.01179724931716919 611 135 638 170
face 0.011754840612411499 611 135 638 170
face 0.011688262224197388 611 135 638 170
face 0.011563599109649658 611 135 638 170
face 0.011478275060653687 611 135 638 170
face 0.010934889316558838 611 135 638 170
face 0.010554641485214233 611 135 638 170
face 0.010533243417739868 611 135 638 170
face 0.010037660598754883 611 135 638 170
face 0.009992003440856934 611 135 638 170
face 0.009832918643951416 611 135 638 170
face 0.00981205701828003 611 135 638 170
face 0.00957787036895752 611 135 638 170
face 0.009396135807037354 611 135 638 170
