face 0.9990637898445129 203 257 291 373
face 0.9977051019668579 507 258 593 367
face 0.9974184036254883 743 256 828 366
face 0.007617652416229248 743 256 828 366
face 0.004457026720046997 743 256 828 366
face 0.004444479942321777 743 256 828 366
face 0.003626525402069092 743 256 828 366
face 0.003126472234725952 743 256 828 366
face 0.0026980936527252197 743 256 828 366
face 0.002696394920349121 743 256 828 366
face 0.0026916563510894775 743 256 828 366
face 0.0025573372840881348 743 256 828 366
face 0.0024720430374145508 743 256 828 366
face 0.002428978681564331 743 256 828 366
face 0.002040952444076538 743 256 828 366
face 0.001992732286453247 743 256 828 366
face 0.001843094825744629 743 256 828 366
face 0.0017773807048797607 743 256 828 366
face 0.001763761043548584 743 256 828 366
face 0.0017210543155670166 743 256 828 366
face 0.0016990303993225098 743 256 828 366
face 0.0016939938068389893 743 256 828 366
face 0.001670241355895996 743 256 828 366
face 0.0016594231128692627 743 256 828 366
face 0.0016447603702545166 743 256 828 366
face 0.0016306936740875244 743 256 828 366
face 0.0015997588634490967 743 256 828 366
face 0.001598745584487915 743 256 828 366
face 0.0015821456909179688 743 256 828 366
face 0.0015760958194732666 743 256 828 366
face 0.0015378296375274658 743 256 828 366
face 0.0015372931957244873 743 256 828 366
face 0.0015307366847991943 743 256 828 366
face 0.0015271306037902832 743 256 828 366
face 0.001525193452835083 743 256 828 366
face 0.0015143156051635742 743 256 828 366
face 0.0015138089656829834 743 256 828 366
face 0.0015127360820770264 743 256 828 366
face 0.0015018582344055176 743 256 828 366
face 0.0014919936656951904 743 256 828 366
face 0.001482933759689331 743 256 828 366
face 0.0014696717262268066 743 256 828 366
face 0.0014682114124298096 743 256 828 366
face 0.001454859972000122 743 256 828 366
face 0.0014522969722747803 743 256 828 366
face 0.0014472603797912598 743 256 828 366
face 0.0014306604862213135 743 256 828 366
face 0.0013970136642456055 743 256 828 366
face 0.0013911724090576172 743 256 828 366
face 0.0013640820980072021 743 256 828 366
face 0.0013577938079833984 743 256 828 366
face 0.0013453960418701172 743 256 828 366
face 0.0013180375099182129 743 256 828 366
face 0.0013147592544555664 743 256 828 366
face 0.0013048648834228516 743 256 828 366
face 0.0013009905815124512 743 256 828 366
face 0.0012986361980438232 743 256 828 366
face 0.001298278570175171 743 256 828 366
face 0.001285552978515625 743 256 828 366
face 0.0012731552124023438 743 256 828 366
face 0.0012729167938232422 743 256 828 366
face 0.0012704432010650635 743 256 828 366
face 0.0012642741203308105 743 256 828 366
face 0.0012513697147369385 743 256 828 366
face 0.0012512803077697754 743 256 828 366
face 0.0012500882148742676 743 256 828 366
face 0.0012494027614593506 743 256 828 366
face 0.001248687505722046 743 256 828 366
face 0.0012447237968444824 743 256 828 366
face 0.0012343823909759521 743 256 828 366
face 0.001229614019393921 743 256 828 366
face 0.0012252330780029297 743 256 828 366
face 0.0012248456478118896 743 256 828 366
face 0.001217573881149292 743 256 828 366
face 0.001208662986755371 743 256 828 366
face 0.00120583176612854 743 256 828 366
face 0.001202613115310669 743 256 828 366
face 0.0012018978595733643 743 256 828 366
face 0.0011962056159973145 743 256 828 366
face 0.0011956095695495605 743 256 828 366
face 0.0011890828609466553 743 256 828 366
face 0.001187056303024292 743 256 828 366
face 0.0011735856533050537 743 256 828 366
face 0.0011495351791381836 743 256 828 366
face 0.001149296760559082 743 256 828 366
face 0.0011488497257232666 743 256 828 366
face 0.0011406242847442627 743 256 828 366
face 0.0011357367038726807 743 256 828 366
face 0.0011323988437652588 743 256 828 366
face 0.0011269152164459229 743 256 828 366
face 0.001126408576965332 743 256 828 366
face 0.0011250972747802734 743 256 828 366
face 0.0011234283447265625 743 256 828 366
face 0.001115947961807251 743 256 828 366
face 0.0011093318462371826 743 256 828 366
face 0.0011050105094909668 743 256 828 366
face 0.0010976791381835938 743 256 828 366
face 0.0010969042778015137 743 256 828 366
face 0.0010963678359985352 743 256 828 366
face 0.0010952949523925781 743 256 828 366
