face 0.9860943555831909 624 321 644 352
face 0.976528525352478 190 347 206 374
face 0.9623992443084717 958 325 978 355
face 0.9568806886672974 580 334 597 361
face 0.9561275243759155 474 350 492 377
face 0.9235813617706299 815 315 838 348
face 0.9202162623405457 293 143 309 168
face 0.8929420113563538 129 368 145 394
face 0.8712718486785889 467 142 478 163
face 0.855521559715271 302 354 317 378
face 0.8305859565734863 215 143 231 167
face 0.8171359300613403 398 143 410 164
face 0.7470545172691345 375 146 388 167
face 0.6434183120727539 88 335 102 357
face 0.5364603400230408 132 334 146 357
face 0.5013562440872192 262 303 274 325
face 0.43301841616630554 262 303 274 325
face 0.43157172203063965 262 303 274 325
face 0.4306415319442749 262 303 274 325
face 0.4168182909488678 262 303 274 325
face 0.3379932641983032 262 303 274 325
face 0.32104384899139404 262 303 274 325
face 0.2803334593772888 262 303 274 325
face 0.27267923951148987 262 303 274 325
face 0.2460816204547882 262 303 274 325
face 0.18683692812919617 262 303 274 325
face 0.1852717399597168 262 303 274 325
face 0.1652655005455017 262 303 274 325
face 0.15490370988845825 262 303 274 325
face 0.15285423398017883 262 303 274 325
face 0.1483212113380432 262 303 274 325
face 0.13600438833236694 262 303 274 325
face 0.12577936053276062 262 303 274 325
face 0.11914807558059692 262 303 274 325
face 0.11686483025550842 262 303 274 325
face 0.11245226860046387 262 303 274 325
face 0.10849034786224365 262 303 274 325
face 0.08554935455322266 262 303 274 325
face 0.08425292372703552 262 303 274 325
face 0.0824800431728363 262 303 274 325
face 0.08199566602706909 262 303 274 325
face 0.07108333706855774 262 303 274 325
face 0.06990844011306763 262 303 274 325
face 0.06953144073486328 262 303 274 325
face 0.0541931688785553 262 303 274 325
face 0.053545475006103516 262 303 274 325
face 0.05256575345993042 262 303 274 325
face 0.05136534571647644 262 303 274 325
face 0.0459425151348114 262 303 274 325
face 0.044275254011154175 262 303 274 325
face 0.04392647743225098 262 303 274 325
face 0.0435023307800293 262 303 274 325
face 0.04310300946235657 262 303 274 325
face 0.04275462031364441 262 303 274 325
face 0.041715651750564575 262 303 274 325
face 0.04077637195587158 262 303 274 325
face 0.04041370749473572 262 303 274 325
face 0.039583563804626465 262 303 274 325
face 0.038562923669815063 262 303 274 325
face 0.03850817680358887 262 303 274 325
face 0.037581562995910645 262 303 274 325
face 0.03455984592437744 262 303 274 325
face 0.03353932499885559 262 303 274 325
face 0.03237658739089966 262 303 274 325
face 0.031043827533721924 262 303 274 325
face 0.029337167739868164 262 303 274 325
face 0.026005029678344727 262 303 274 325
face 0.02571272850036621 262 303 274 325
face 0.025565236806869507 262 303 274 325
face 0.02260822057723999 262 303 274 325
face 0.02208620309829712 262 303 274 325
face 0.021524101495742798 262 303 274 325
face 0.02138054370880127 262 303 274 325
face 0.01940697431564331 262 303 274 325
face 0.01934036612510681 262 303 274 325
face 0.0177212655544281 262 303 274 325
face 0.0173017680644989 262 303 274 325
face 0.01727154850959778 262 303 274 325
face 0.016796618700027466 262 303 274 325
face 0.01678672432899475 262 303 274 325
face 0.016240805387496948 262 303 274 325
face 0.016212373971939087 262 303 274 325
face 0.01616847515106201 262 303 274 325
face 0.015818119049072266 262 303 274 325
face 0.0149325430393219 262 303 274 325
face 0.014705091714859009 262 303 274 325
face 0.014655053615570068 262 303 274 325
face 0.014415830373764038 262 303 274 325
face 0.014134496450424194 262 303 274 325
face 0.013872116804122925 262 303 274 325
face 0.013603538274765015 262 303 274 325
face 0.013002485036849976 262 303 274 325
face 0.01280885934829712 262 303 274 325
face 0.010925829410552979 262 303 274 325
face 0.010352730751037598 262 303 274 325
face 0.0101604163646698 262 303 274 325
face 0.010011762380599976 262 303 274 325
face 0.009958833456039429 262 303 274 325
face 0.009887456893920898 262 303 274 325
face 0.00987192988395691 262 303 274 325
