face 0.9731993079185486 276 48 457 254
face 0.03494507074356079 276 48 457 254
face 0.024419307708740234 276 48 457 254
face 0.020022660493850708 276 48 457 254
face 0.019133567810058594 276 48 457 254
face 0.016992688179016113 276 48 457 254
face 0.01611688733100891 276 48 457 254
face 0.01590973138809204 276 48 457 254
face 0.01563975214958191 276 48 457 254
face 0.015538066625595093 276 48 457 254
face 0.015459626913070679 276 48 457 254
face 0.015045106410980225 276 48 457 254
face 0.014910280704498291 276 48 457 254
face 0.014834403991699219 276 48 457 254
face 0.01385587453842163 276 48 457 254
face 0.013531893491744995 276 48 457 254
face 0.013197004795074463 276 48 457 254
face 0.013043403625488281 276 48 457 254
face 0.012563884258270264 276 48 457 254
face 0.012311875820159912 276 48 457 254
face 0.011196166276931763 276 48 457 254
face 0.010858982801437378 276 48 457 254
face 0.010675042867660522 276 48 457 254
face 0.010570615530014038 276 48 457 254
face 0.0100613534450531 276 48 457 254
face 0.010013699531555176 276 48 457 254
face 0.009966075420379639 276 48 457 254
face 0.009603410959243774 276 48 457 254
face 0.009396135807037354 276 48 457 254
face 0.008948802947998047 276 48 457 254
face 0.00892665982246399 276 48 457 254
face 0.008720725774765015 276 48 457 254
face 0.00865975022315979 276 48 457 254
face 0.008372962474822998 276 48 457 254
face 0.008311718702316284 276 48 457 254
face 0.008196592330932617 276 48 457 254
face 0.008158564567565918 276 48 457 254
face 0.008122175931930542 276 48 457 254
face 0.008079558610916138 276 48 457 254
face 0.007949233055114746 276 48 457 254
face 0.007940024137496948 276 48 457 254
face 0.007614046335220337 276 48 457 254
face 0.007420063018798828 276 48 457 254
face 0.007325887680053711 276 48 457 254
face 0.007259100675582886 276 48 457 254
face 0.00723758339881897 276 48 457 254
face 0.007193207740783691 276 48 457 254
face 0.00718921422958374 276 48 457 254
face 0.007128298282623291 276 48 457 254
face 0.007000446319580078 276 48 457 254
face 0.006983757019042969 276 48 457 254
face 0.006969332695007324 276 48 457 254
face 0.006541043519973755 276 48 457 254
face 0.006530553102493286 276 48 457 254
face 0.006381392478942871 276 48 457 254
face 0.006378829479217529 276 48 457 254
face 0.006356298923492432 276 48 457 254
face 0.006335705518722534 276 48 457 254
face 0.006284862756729126 276 48 457 254
face 0.006221890449523926 276 48 457 254
face 0.006134927272796631 276 48 457 254
face 0.006090342998504639 276 48 457 254
face 0.006004840135574341 276 48 457 254
face 0.005990356206893921 276 48 457 254
face 0.005987644195556641 276 48 457 254
face 0.005960017442703247 276 48 457 254
face 0.0059011876583099365 276 48 457 254
face 0.005648195743560791 276 48 457 254
face 0.005436927080154419 276 48 457 254
face 0.005423843860626221 276 48 457 254
face 0.005376368761062622 276 48 457 254
face 0.005352288484573364 276 48 457 254
face 0.005272328853607178 276 48 457 254
face 0.005254894495010376 276 48 457 254
face 0.0052411556243896484 276 48 457 254
face 0.005229562520980835 276 48 457 254
face 0.005137592554092407 276 48 457 254
face 0.005078256130218506 276 48 457 254
face 0.005037903785705566 276 48 457 254
face 0.00503423810005188 276 48 457 254
face 0.004998266696929932 276 48 457 254
face 0.004988908767700195 276 48 457 254
face 0.00484195351600647 276 48 457 254
face 0.004815965890884399 276 48 457 254
face 0.0046956539154052734 276 48 457 254
face 0.004686832427978516 276 48 457 254
face 0.0046807825565338135 276 48 457 254
face 0.0046644508838653564 276 48 457 254
face 0.004663199186325073 276 48 457 254
face 0.004545748233795166 276 48 457 254
face 0.004523783922195435 276 48 457 254
face 0.004496753215789795 276 48 457 254
face 0.00449526309967041 276 48 457 254
face 0.004471719264984131 276 48 457 254
face 0.004452407360076904 276 48 457 254
face 0.00443759560585022 276 48 457 254
face 0.004363358020782471 276 48 457 254
face 0.004327923059463501 276 48 457 254
face 0.004306405782699585 276 48 457 254
face 0.0043045878410339355 276 48 457 254
