face 0.8525312542915344 406 94 478 191
face 0.6840746998786926 787 58 868 160
face 0.4286217987537384 787 58 868 160
face 0.1105000376701355 787 58 868 160
face 0.029069751501083374 787 58 868 160
face 0.027099549770355225 787 58 868 160
face 0.024878740310668945 787 58 868 160
face 0.023406773805618286 787 58 868 160
face 0.01915803551673889 787 58 868 160
face 0.01743832230567932 787 58 868 160
face 0.013499617576599121 787 58 868 160
face 0.013402789831161499 787 58 868 160
face 0.011694729328155518 787 58 868 160
face 0.011586576700210571 787 58 868 160
face 0.01150047779083252 787 58 868 160
face 0.011488527059555054 787 58 868 160
face 0.011254936456680298 787 58 868 160
face 0.01117977499961853 787 58 868 160
face 0.011041313409805298 787 58 868 160
face 0.010887891054153442 787 58 868 160
face 0.010857462882995605 787 58 868 160
face 0.010732769966125488 787 58 868 160
face 0.010539412498474121 787 58 868 160
face 0.010494351387023926 787 58 868 160
face 0.01033809781074524 787 58 868 160
face 0.01014941930770874 787 58 868 160
face 0.009232521057128906 787 58 868 160
face 0.008967101573944092 787 58 868 160
face 0.008499622344970703 787 58 868 160
face 0.008422791957855225 787 58 868 160
face 0.008067518472671509 787 58 868 160
face 0.007885605096817017 787 58 868 160
face 0.007433116436004639 787 58 868 160
face 0.007384985685348511 787 58 868 160
face 0.007356405258178711 787 58 868 160
face 0.007347732782363892 787 58 868 160
face 0.007235169410705566 787 58 868 160
face 0.0071957409381866455 787 58 868 160
face 0.007080197334289551 787 58 868 160
face 0.006994575262069702 787 58 868 160
face 0.006925135850906372 787 58 868 160
face 0.006726175546646118 787 58 868 160
face 0.00661507248878479 787 58 868 160
face 0.0066110193729400635 787 58 868 160
face 0.006598293781280518 787 58 868 160
face 0.006591171026229858 787 58 868 160
face 0.006571710109710693 787 58 868 160
face 0.0065250396728515625 787 58 868 160
face 0.0064206719398498535 787 58 868 160
face 0.006411492824554443 787 58 868 160
face 0.006398111581802368 787 58 868 160
face 0.006339430809020996 787 58 868 160
face 0.00625261664390564 787 58 868 160
face 0.006173640489578247 787 58 868 160
face 0.006167232990264893 787 58 868 160
face 0.005975455045700073 787 58 868 160
face 0.005933970212936401 787 58 868 160
face 0.005928307771682739 787 58 868 160
face 0.00588834285736084 787 58 868 160
face 0.005888074636459351 787 58 868 160
face 0.005787074565887451 787 58 868 160
face 0.005786329507827759 787 58 868 160
face 0.005761086940765381 787 58 868 160
face 0.005755871534347534 787 58 868 160
face 0.005669653415679932 787 58 868 160
face 0.005577802658081055 787 58 868 160
face 0.005540579557418823 787 58 868 160
face 0.005510836839675903 787 58 868 160
face 0.005485445261001587 787 58 868 160
face 0.005478113889694214 787 58 868 160
face 0.00545889139175415 787 58 868 160
face 0.005392968654632568 787 58 868 160
face 0.005308181047439575 787 58 868 160
face 0.00528407096862793 787 58 868 160
face 0.005253642797470093 787 58 868 160
face 0.005251288414001465 787 58 868 160
face 0.005241870880126953 787 58 868 160
face 0.005231589078903198 787 58 868 160
face 0.005220919847488403 787 58 868 160
face 0.005202978849411011 787 58 868 160
face 0.005174070596694946 787 58 868 160
face 0.005161672830581665 787 58 868 160
face 0.005126386880874634 787 58 868 160
face 0.005096107721328735 787 58 868 160
face 0.005078792572021484 787 58 868 160
face 0.005043476819992065 787 58 868 160
face 0.005036294460296631 787 58 868 160
face 0.0050244927406311035 787 58 868 160
face 0.00502246618270874 787 58 868 160
face 0.004978179931640625 787 58 868 160
face 0.0049603283405303955 787 58 868 160
face 0.004941493272781372 787 58 868 160
face 0.004939079284667969 787 58 868 160
face 0.004930973052978516 787 58 868 160
face 0.004911363124847412 787 58 868 160
face 0.00490763783454895 787 58 868 160
face 0.0048995912075042725 787 58 868 160
face 0.004897773265838623 787 58 868 160
face 0.004889100790023804 787 58 868 160
face 0.004876643419265747 787 58 868 160
