face 0.2277284860610962 532 263 662 445
face 0.10695186257362366 532 263 662 445
face 0.06813627481460571 532 263 662 445
face 0.06508439779281616 532 263 662 445
face 0.06496322154998779 532 263 662 445
face 0.05943584442138672 532 263 662 445
face 0.05837675929069519 532 263 662 445
face 0.055228084325790405 532 263 662 445
face 0.05377697944641113 532 263 662 445
face 0.0515056848526001 532 263 662 445
face 0.04965046048164368 532 263 662 445
face 0.0493236780166626 532 263 662 445
face 0.04851171374320984 532 263 662 445
face 0.04562807083129883 532 263 662 445
face 0.04466363787651062 532 263 662 445
face 0.04398813843727112 532 263 662 445
face 0.04337567090988159 532 263 662 445
face 0.04266282916069031 532 263 662 445
face 0.04193395376205444 532 263 662 445
face 0.041877031326293945 532 263 662 445
face 0.04060080647468567 532 263 662 445
face 0.04012170433998108 532 263 662 445
face 0.03896012902259827 532 263 662 445
face 0.03885716199874878 532 263 662 445
face 0.038394927978515625 532 263 662 445
face 0.03830087184906006 532 263 662 445
face 0.03822764754295349 532 263 662 445
face 0.037429481744766235 532 263 662 445
face 0.03726723790168762 532 263 662 445
face 0.03669455647468567 532 263 662 445
face 0.03633049130439758 532 263 662 445
face 0.03531366586685181 532 263 662 445
face 0.03525829315185547 532 263 662 445
face 0.034731775522232056 532 263 662 445
face 0.03438138961791992 532 263 662 445
face 0.03432661294937134 532 263 662 445
face 0.03404936194419861 532 263 662 445
face 0.03404480218887329 532 263 662 445
face 0.033756256103515625 532 263 662 445
face 0.033091604709625244 532 263 662 445
face 0.032823532819747925 532 263 662 445
face 0.032439231872558594 532 263 662 445
face 0.03231161832809448 532 263 662 445
face 0.03165709972381592 532 263 662 445
face 0.031539320945739746 532 263 662 445
face 0.03114721179008484 532 263 662 445
face 0.030915915966033936 532 263 662 445
face 0.030525654554367065 532 263 662 445
face 0.03044077754020691 532 263 662 445
face 0.030298233032226562 532 263 662 445
face 0.029517292976379395 532 263 662 445
face 0.029090046882629395 532 263 662 445
face 0.029066085815429688 532 263 662 445
face 0.028816521167755127 532 263 662 445
face 0.02837464213371277 532 263 662 445
face 0.028354108333587646 532 263 662 445
face 0.028289973735809326 532 263 662 445
face 0.028188586235046387 532 263 662 445
face 0.0281621515750885 532 263 662 445
face 0.028140902519226074 532 263 662 445
face 0.02790847420692444 532 263 662 445
face 0.02765291929244995 532 263 662 445
face 0.027479439973831177 532 263 662 445
face 0.027135372161865234 532 263 662 445
face 0.026960551738739014 532 263 662 445
face 0.02693033218383789 532 263 662 445
face 0.026846975088119507 532 263 662 445
face 0.02669692039489746 532 263 662 445
face 0.026561319828033447 532 263 662 445
face 0.02654215693473816 532 263 662 445
face 0.026494920253753662 532 263 662 445
face 0.026273459196090698 532 263 662 445
face 0.02617582678794861 532 263 662 445
face 0.02610442042350769 532 263 662 445
face 0.026043564081192017 532 263 662 445
face 0.025886327028274536 532 263 662 445
face 0.025713622570037842 532 263 662 445
face 0.0255720317363739 532 263 662 445
face 0.025563567876815796 532 263 662 445
face 0.025437146425247192 532 263 662 445
face 0.02537652850151062 532 263 662 445
face 0.02534651756286621 532 263 662 445
face 0.025279313325881958 532 263 662 445
face 0.025153547525405884 532 263 662 445
face 0.02459007501602173 532 263 662 445
face 0.02410745620727539 532 263 662 445
face 0.023837506771087646 532 263 662 445
face 0.023727625608444214 532 263 662 445
face 0.023473501205444336 532 263 662 445
face 0.02347320318222046 532 263 662 445
face 0.023396790027618408 532 263 662 445
face 0.023222506046295166 532 263 662 445
face 0.023084282875061035 532 263 662 445
face 0.022967219352722168 532 263 662 445
face 0.02284407615661621 532 263 662 445
face 0.022617578506469727 532 263 662 445
face 0.022577643394470215 532 263 662 445
face 0.02240276336669922 532 263 662 445
face 0.022140592336654663 532 263 662 445
face 0.022092074155807495 532 263 662 445
