face 0.9994304180145264 232 230 719 981
face 0.011788904666900635 232 230 719 981
face 0.008489996194839478 232 230 719 981
face 0.007692694664001465 232 230 719 981
face 0.007053971290588379 232 230 719 981
face 0.00676235556602478 232 230 719 981
face 0.005990475416183472 232 230 719 981
face 0.00559118390083313 232 230 719 981
face 0.005293756723403931 232 230 719 981
face 0.0051618218421936035 232 230 719 981
face 0.004830420017242432 232 230 719 981
face 0.004719525575637817 232 230 719 981
face 0.004671066999435425 232 230 719 981
face 0.004655659198760986 232 230 719 981
face 0.0045784711837768555 232 230 719 981
face 0.004549652338027954 232 230 719 981
face 0.004385620355606079 232 230 719 981
face 0.004189908504486084 232 230 719 981
face 0.004086315631866455 232 230 719 981
face 0.003912538290023804 232 230 719 981
face 0.0038531720638275146 232 230 719 981
face 0.0037286579608917236 232 230 719 981
face 0.0037204325199127197 232 230 719 981
face 0.0036719143390655518 232 230 719 981
face 0.003626525402069092 232 230 719 981
face 0.0035690665245056152 232 230 719 981
face 0.003542691469192505 232 230 719 981
face 0.0035019516944885254 232 230 719 981
face 0.003466665744781494 232 230 719 981
face 0.003383845090866089 232 230 719 981
face 0.0033825933933258057 232 230 719 981
face 0.0033782124519348145 232 230 719 981
face 0.0033663809299468994 232 230 719 981
face 0.003355264663696289 232 230 719 981
face 0.0033102035522460938 232 230 719 981
face 0.0033071935176849365 232 230 719 981
face 0.00327455997467041 232 230 719 981
face 0.0032078027725219727 232 230 719 981
face 0.003207564353942871 232 230 719 981
face 0.0031447112560272217 232 230 719 981
face 0.003085404634475708 232 230 719 981
face 0.0030070841312408447 232 230 719 981
face 0.0029960572719573975 232 230 719 981
face 0.002983689308166504 232 230 719 981
face 0.0029533207416534424 232 230 719 981
face 0.0029301345348358154 232 230 719 981
face 0.0028791725635528564 232 230 719 981
face 0.0028746426105499268 232 230 719 981
face 0.002860724925994873 232 230 719 981
face 0.0028542280197143555 232 230 719 981
face 0.0028023719787597656 232 230 719 981
face 0.0027661919593811035 232 230 719 981
face 0.0027401745319366455 232 230 719 981
face 0.002727895975112915 232 230 719 981
face 0.002699732780456543 232 230 719 981
face 0.00265580415725708 232 230 719 981
face 0.0026458799839019775 232 230 719 981
face 0.0026390254497528076 232 230 719 981
face 0.0026246309280395508 232 230 719 981
face 0.0026172995567321777 232 230 719 981
face 0.0025911927223205566 232 230 719 981
face 0.0025878548622131348 232 230 719 981
face 0.0025679469108581543 232 230 719 981
face 0.0025413930416107178 232 230 719 981
face 0.0025391876697540283 232 230 719 981
face 0.002525925636291504 232 230 719 981
face 0.0025045573711395264 232 230 719 981
face 0.0025017857551574707 232 230 719 981
face 0.0024972856044769287 232 230 719 981
face 0.002479851245880127 232 230 719 981
face 0.0024755895137786865 232 230 719 981
face 0.002468109130859375 232 230 719 981
face 0.0024515390396118164 232 230 719 981
face 0.002449631690979004 232 230 719 981
face 0.0024347901344299316 232 230 719 981
face 0.0024109482765197754 232 230 719 981
face 0.002406686544418335 232 230 719 981
face 0.0023716092109680176 232 230 719 981
face 0.002324998378753662 232 230 719 981
face 0.002287924289703369 232 230 719 981
face 0.0022848546504974365 232 230 719 981
face 0.002283066511154175 232 230 719 981
face 0.0022719204425811768 232 230 719 981
face 0.0022687911987304688 232 230 719 981
face 0.002267181873321533 232 230 719 981
face 0.002264082431793213 232 230 719 981
face 0.0022489726543426514 232 230 719 981
face 0.002194613218307495 232 230 719 981
face 0.0021571218967437744 232 230 719 981
face 0.0021376311779022217 232 230 719 981
face 0.002106398344039917 232 230 719 981
face 0.0021057724952697754 232 230 719 981
face 0.0021011531352996826 232 230 719 981
face 0.002083688974380493 232 230 719 981
face 0.0020819902420043945 232 230 719 981
face 0.0020779967308044434 232 230 719 981
face 0.0020731091499328613 232 230 719 981
face 0.0020519495010375977 232 230 719 981
face 0.0020397305488586426 232 230 719 981
face 0.0020191073417663574 232 230 719 981
