face 0.9439671039581299 672 104 821 297
face 0.013542860746383667 672 104 821 297
face 0.011287868022918701 672 104 821 297
face 0.009077697992324829 672 104 821 297
face 0.008202940225601196 672 104 821 297
face 0.007528215646743774 672 104 821 297
face 0.006774425506591797 672 104 821 297
face 0.006659388542175293 672 104 821 297
face 0.006113171577453613 672 104 821 297
face 0.00539553165435791 672 104 821 297
face 0.005273938179016113 672 104 821 297
face 0.00509372353553772 672 104 821 297
face 0.00503656268119812 672 104 821 297
face 0.004908651113510132 672 104 821 297
face 0.004766017198562622 672 104 821 297
face 0.004518479108810425 672 104 821 297
face 0.0043167173862457275 672 104 821 297
face 0.004290908575057983 672 104 821 297
face 0.004281908273696899 672 104 821 297
face 0.004274427890777588 672 104 821 297
face 0.00420650839805603 672 104 821 297
face 0.004136413335800171 672 104 821 297
face 0.0037542879581451416 672 104 821 297
face 0.003538787364959717 672 104 821 297
face 0.0034873485565185547 672 104 821 297
face 0.0033788681030273438 672 104 821 297
face 0.003377556800842285 672 104 821 297
face 0.003283977508544922 672 104 821 297
face 0.0032231807708740234 672 104 821 297
face 0.0031957626342773438 672 104 821 297
face 0.003179013729095459 672 104 821 297
face 0.003171563148498535 672 104 821 297
face 0.003119349479675293 672 104 821 297
face 0.0031166672706604004 672 104 821 297
face 0.0030311942100524902 672 104 821 297
face 0.003012746572494507 672 104 821 297
face 0.0030060410499572754 672 104 821 297
face 0.0029972493648529053 672 104 821 297
face 0.0029927492141723633 672 104 821 297
face 0.002975970506668091 672 104 821 297
face 0.002971827983856201 672 104 821 297
face 0.002959311008453369 672 104 821 297
face 0.002951115369796753 672 104 821 297
face 0.002923518419265747 672 104 821 297
face 0.002842128276824951 672 104 821 297
face 0.0027946531772613525 672 104 821 297
face 0.0027783215045928955 672 104 821 297
face 0.0027537643909454346 672 104 821 297
face 0.0027065277099609375 672 104 821 297
face 0.0026949048042297363 672 104 821 297
face 0.0026461780071258545 672 104 821 297
face 0.0026396512985229492 672 104 821 297
face 0.0026314854621887207 672 104 821 297
face 0.002591043710708618 672 104 821 297
face 0.0025832951068878174 672 104 821 297
face 0.002562969923019409 672 104 821 297
face 0.0025212466716766357 672 104 821 297
face 0.002480834722518921 672 104 821 297
face 0.002444446086883545 672 104 821 297
face 0.0024066567420959473 672 104 821 297
face 0.002377808094024658 672 104 821 297
face 0.0023774802684783936 672 104 821 297
face 0.002359718084335327 672 104 821 297
face 0.0023467540740966797 672 104 821 297
face 0.002334892749786377 672 104 821 297
face 0.0023234784603118896 672 104 821 297
face 0.0023222267627716064 672 104 821 297
face 0.0023119747638702393 672 104 821 297
face 0.0022785067558288574 672 104 821 297
face 0.0022586286067962646 672 104 821 297
face 0.0022560954093933105 672 104 821 297
face 0.002255082130432129 672 104 821 297
face 0.002254873514175415 672 104 821 297
face 0.0022460520267486572 672 104 821 297
face 0.0022438764572143555 672 104 821 297
face 0.002225220203399658 672 104 821 297
face 0.0022036731243133545 672 104 821 297
face 0.002190321683883667 672 104 821 297
face 0.0021886229515075684 672 104 821 297
face 0.0021783411502838135 672 104 821 297
face 0.002174973487854004 672 104 821 297
face 0.0021653473377227783 672 104 821 297
face 0.0021623075008392334 672 104 821 297
face 0.0021283626556396484 672 104 821 297
face 0.0021161139011383057 672 104 821 297
face 0.002115309238433838 672 104 821 297
face 0.002111464738845825 672 104 821 297
face 0.0021003782749176025 672 104 821 297
face 0.0020828545093536377 672 104 821 297
face 0.002072662115097046 672 104 821 297
face 0.002056807279586792 672 104 821 297
face 0.0020482242107391357 672 104 821 297
face 0.0020453333854675293 672 104 821 297
face 0.0020359158515930176 672 104 821 297
face 0.0020309388637542725 672 104 821 297
face 0.002026379108428955 672 104 821 297
face 0.002021610736846924 672 104 821 297
face 0.0020169615745544434 672 104 821 297
face 0.002001345157623291 672 104 821 297
face 0.001994520425796509 672 104 821 297
