face 0.9195690155029297 583 151 674 263
face 0.10081321001052856 583 151 674 263
face 0.06589093804359436 583 151 674 263
face 0.05636969208717346 583 151 674 263
face 0.04789459705352783 583 151 674 263
face 0.04168882966041565 583 151 674 263
face 0.03257542848587036 583 151 674 263
face 0.031177133321762085 583 151 674 263
face 0.02665919065475464 583 151 674 263
face 0.02397814393043518 583 151 674 263
face 0.023906350135803223 583 151 674 263
face 0.02357649803161621 583 151 674 263
face 0.02075672149658203 583 151 674 263
face 0.019035309553146362 583 151 674 263
face 0.01856282353401184 583 151 674 263
face 0.01810663938522339 583 151 674 263
face 0.01734781265258789 583 151 674 263
face 0.01733577251434326 583 151 674 263
face 0.016087234020233154 583 151 674 263
face 0.016072869300842285 583 151 674 263
face 0.01549258828163147 583 151 674 263
face 0.014606833457946777 583 151 674 263
face 0.013638585805892944 583 151 674 263
face 0.013056159019470215 583 151 674 263
face 0.012921661138534546 583 151 674 263
face 0.012608259916305542 583 151 674 263
face 0.01257699728012085 583 151 674 263
face 0.012352436780929565 583 151 674 263
face 0.012228131294250488 583 151 674 263
face 0.011724680662155151 583 151 674 263
face 0.01158452033996582 583 151 674 263
face 0.011447250843048096 583 151 674 263
face 0.011349618434906006 583 151 674 263
face 0.010703206062316895 583 151 674 263
face 0.01028674840927124 583 151 674 263
face 0.010030478239059448 583 151 674 263
face 0.009462833404541016 583 151 674 263
face 0.009352624416351318 583 151 674 263
face 0.009272724390029907 583 151 674 263
face 0.009153246879577637 583 151 674 263
face 0.008838921785354614 583 151 674 263
face 0.008548736572265625 583 151 674 263
face 0.008518844842910767 583 151 674 263
face 0.008382558822631836 583 151 674 263
face 0.008341878652572632 583 151 674 263
face 0.00828215479850769 583 151 674 263
face 0.008214086294174194 583 151 674 263
face 0.008020788431167603 583 151 674 263
face 0.007925748825073242 583 151 674 263
face 0.007831573486328125 583 151 674 263
face 0.007779479026794434 583 151 674 263
face 0.007642388343811035 583 151 674 263
face 0.007455766201019287 583 151 674 263
face 0.007380485534667969 583 151 674 263
face 0.0072212815284729 583 151 674 263
face 0.007139146327972412 583 151 674 263
face 0.007122457027435303 583 151 674 263
face 0.0070677995681762695 583 151 674 263
face 0.007062405347824097 583 151 674 263
face 0.007042020559310913 583 151 674 263
face 0.007041841745376587 583 151 674 263
face 0.00693926215171814 583 151 674 263
face 0.006847560405731201 583 151 674 263
face 0.006824523210525513 583 151 674 263
face 0.0068034827709198 583 151 674 263
face 0.006760895252227783 583 151 674 263
face 0.006701856851577759 583 151 674 263
face 0.006679922342300415 583 151 674 263
face 0.006586968898773193 583 151 674 263
face 0.0065187811851501465 583 151 674 263
face 0.006497472524642944 583 151 674 263
face 0.006459146738052368 583 151 674 263
face 0.006433695554733276 583 151 674 263
face 0.006375819444656372 583 151 674 263
face 0.006294280290603638 583 151 674 263
face 0.006163835525512695 583 151 674 263
face 0.006131023168563843 583 151 674 263
face 0.0060898661613464355 583 151 674 263
face 0.006089448928833008 583 151 674 263
face 0.0060707032680511475 583 151 674 263
face 0.0058820247650146484 583 151 674 263
face 0.005856215953826904 583 151 674 263
face 0.005853325128555298 583 151 674 263
face 0.005785048007965088 583 151 674 263
face 0.005770891904830933 583 151 674 263
face 0.005761951208114624 583 151 674 263
face 0.005761384963989258 583 151 674 263
face 0.005749732255935669 583 151 674 263
face 0.005653351545333862 583 151 674 263
face 0.005627691745758057 583 151 674 263
face 0.005606114864349365 583 151 674 263
face 0.005585789680480957 583 151 674 263
face 0.0055627524852752686 583 151 674 263
face 0.005509555339813232 583 151 674 263
face 0.005488544702529907 583 151 674 263
face 0.005397707223892212 583 151 674 263
face 0.005308568477630615 583 151 674 263
face 0.005238980054855347 583 151 674 263
face 0.005234748125076294 583 151 674 263
face 0.00521966814994812 583 151 674 263
