face 0.6581869125366211 242 80 256 97
face 0.1262660026550293 242 80 256 97
face 0.12272930145263672 242 80 256 97
face 0.11725476384162903 242 80 256 97
face 0.07297512888908386 242 80 256 97
face 0.05458956956863403 242 80 256 97
face 0.05142870545387268 242 80 256 97
face 0.04514014720916748 242 80 256 97
face 0.043020665645599365 242 80 256 97
face 0.041659384965896606 242 80 256 97
face 0.0368572473526001 242 80 256 97
face 0.03501728177070618 242 80 256 97
face 0.028668195009231567 242 80 256 97
face 0.02819153666496277 242 80 256 97
face 0.027670860290527344 242 80 256 97
face 0.027337193489074707 242 80 256 97
face 0.027198702096939087 242 80 256 97
face 0.025194764137268066 242 80 256 97
face 0.02334582805633545 242 80 256 97
face 0.02258625626564026 242 80 256 97
face 0.022520899772644043 242 80 256 97
face 0.022006988525390625 242 80 256 97
face 0.021917074918746948 242 80 256 97
face 0.02176845073699951 242 80 256 97
face 0.020420551300048828 242 80 256 97
face 0.020095229148864746 242 80 256 97
face 0.019941747188568115 242 80 256 97
face 0.0186634361743927 242 80 256 97
face 0.0181160569190979 242 80 256 97
face 0.01737314462661743 242 80 256 97
face 0.017279088497161865 242 80 256 97
face 0.017139136791229248 242 80 256 97
face 0.016843527555465698 242 80 256 97
face 0.01660996675491333 242 80 256 97
face 0.016128838062286377 242 80 256 97
face 0.016070812940597534 242 80 256 97
face 0.015939950942993164 242 80 256 97
face 0.015885740518569946 242 80 256 97
face 0.015839993953704834 242 80 256 97
face 0.0156823992729187 242 80 256 97
face 0.015553057193756104 242 80 256 97
face 0.015516906976699829 242 80 256 97
face 0.015204578638076782 242 80 256 97
face 0.014992892742156982 242 80 256 97
face 0.01464754343032837 242 80 256 97
face 0.014528900384902954 242 80 256 97
face 0.01431223750114441 242 80 256 97
face 0.014305651187896729 242 80 256 97
face 0.014129042625427246 242 80 256 97
face 0.013434737920761108 242 80 256 97
face 0.013290196657180786 242 80 256 97
face 0.012982100248336792 242 80 256 97
face 0.012962132692337036 242 80 256 97
face 0.012927323579788208 242 80 256 97
face 0.012796878814697266 242 80 256 97
face 0.012418597936630249 242 80 256 97
face 0.012387603521347046 242 80 256 97
face 0.012344449758529663 242 80 256 97
face 0.01208534836769104 242 80 256 97
face 0.01207125186920166 242 80 256 97
face 0.012070775032043457 242 80 256 97
face 0.012070775032043457 242 80 256 97
face 0.011939674615859985 242 80 256 97
face 0.0118904709815979 242 80 256 97
face 0.0118752121925354 242 80 256 97
face 0.01182052493095398 242 80 256 97
face 0.011727452278137207 242 80 256 97
face 0.011693775653839111 242 80 256 97
face 0.011466562747955322 242 80 256 97
face 0.011344194412231445 242 80 256 97
face 0.011294782161712646 242 80 256 97
face 0.01122257113456726 242 80 256 97
face 0.010898232460021973 242 80 256 97
face 0.010872721672058105 242 80 256 97
face 0.01080864667892456 242 80 256 97
face 0.010807514190673828 242 80 256 97
face 0.010484755039215088 242 80 256 97
face 0.010375648736953735 242 80 256 97
face 0.010366976261138916 242 80 256 97
face 0.010334670543670654 242 80 256 97
face 0.010204613208770752 242 80 256 97
face 0.010107219219207764 242 80 256 97
face 0.010074615478515625 242 80 256 97
face 0.010020196437835693 242 80 256 97
face 0.009999364614486694 242 80 256 97
face 0.00993257761001587 242 80 256 97
face 0.009741365909576416 242 80 256 97
face 0.00973421335220337 242 80 256 97
face 0.009640365839004517 242 80 256 97
face 0.009632676839828491 242 80 256 97
face 0.00959700345993042 242 80 256 97
face 0.009576618671417236 242 80 256 97
face 0.009549140930175781 242 80 256 97
face 0.009548157453536987 242 80 256 97
face 0.009511053562164307 242 80 256 97
face 0.009480327367782593 242 80 256 97
face 0.00947543978691101 242 80 256 97
face 0.009448140859603882 242 80 256 97
face 0.009437024593353271 242 80 256 97
face 0.00934705138206482 242 80 256 97
