face 0.7750733494758606 726 311 737 325
face 0.6793546080589294 845 293 858 312
face 0.5584811568260193 669 316 679 328
face 0.4812059700489044 669 316 679 328
face 0.3294909596443176 669 316 679 328
face 0.3023851215839386 669 316 679 328
face 0.24121016263961792 669 316 679 328
face 0.23108533024787903 669 316 679 328
face 0.19812780618667603 669 316 679 328
face 0.19027820229530334 669 316 679 328
face 0.17588135600090027 669 316 679 328
face 0.16823089122772217 669 316 679 328
face 0.15038132667541504 669 316 679 328
face 0.13202854990959167 669 316 679 328
face 0.11929777264595032 669 316 679 328
face 0.11402049660682678 669 316 679 328
face 0.10303398966789246 669 316 679 328
face 0.10291323065757751 669 316 679 328
face 0.1025751531124115 669 316 679 328
face 0.09970974922180176 669 316 679 328
face 0.08706584572792053 669 316 679 328
face 0.08017551898956299 669 316 679 328
face 0.07987499237060547 669 316 679 328
face 0.07843968272209167 669 316 679 328
face 0.07432708144187927 669 316 679 328
face 0.07218706607818604 669 316 679 328
face 0.07198721170425415 669 316 679 328
face 0.07116904854774475 669 316 679 328
face 0.06945884227752686 669 316 679 328
face 0.06754738092422485 669 316 679 328
face 0.06737416982650757 669 316 679 328
face 0.0638745129108429 669 316 679 328
face 0.06222447752952576 669 316 679 328
face 0.061600446701049805 669 316 679 328
face 0.0601995587348938 669 316 679 328
face 0.059907883405685425 669 316 679 328
face 0.058842480182647705 669 316 679 328
face 0.05739641189575195 669 316 679 328
face 0.057352423667907715 669 316 679 328
face 0.0565623939037323 669 316 679 328
face 0.053139328956604004 669 316 679 328
face 0.05313137173652649 669 316 679 328
face 0.05167186260223389 669 316 679 328
face 0.05166459083557129 669 316 679 328
face 0.05136638879776001 669 316 679 328
face 0.051329612731933594 669 316 679 328
face 0.04818001389503479 669 316 679 328
face 0.04745474457740784 669 316 679 328
face 0.045687466859817505 669 316 679 328
face 0.045284420251846313 669 316 679 328
face 0.0449184775352478 669 316 679 328
face 0.0434899628162384 669 316 679 328
face 0.042523980140686035 669 316 679 328
face 0.0421389639377594 669 316 679 328
face 0.03999099135398865 669 316 679 328
face 0.03891393542289734 669 316 679 328
face 0.03624403476715088 669 316 679 328
face 0.032821834087371826 669 316 679 328
face 0.032577186822891235 669 316 679 328
face 0.03213655948638916 669 316 679 328
face 0.030931025743484497 669 316 679 328
face 0.030540674924850464 669 316 679 328
face 0.02947363257408142 669 316 679 328
face 0.029156774282455444 669 316 679 328
face 0.029052644968032837 669 316 679 328
face 0.02861541509628296 669 316 679 328
face 0.028178870677947998 669 316 679 328
face 0.027591735124588013 669 316 679 328
face 0.02676934003829956 669 316 679 328
face 0.02492240071296692 669 316 679 328
face 0.024460256099700928 669 316 679 328
face 0.022647619247436523 669 316 679 328
face 0.022610872983932495 669 316 679 328
face 0.02225416898727417 669 316 679 328
face 0.021108508110046387 669 316 679 328
face 0.020986229181289673 669 316 679 328
face 0.020491451025009155 669 316 679 328
face 0.019609957933425903 669 316 679 328
face 0.0187971293926239 669 316 679 328
face 0.018567204475402832 669 316 679 328
face 0.01817670464515686 669 316 679 328
face 0.017758578062057495 669 316 679 328
face 0.01711365580558777 669 316 679 328
face 0.016766667366027832 669 316 679 328
face 0.016331881284713745 669 316 679 328
face 0.015952974557876587 669 316 679 328
face 0.014251500368118286 669 316 679 328
face 0.013718515634536743 669 316 679 328
face 0.013337165117263794 669 316 679 328
face 0.013320356607437134 669 316 679 328
face 0.013231873512268066 669 316 679 328
face 0.013116121292114258 669 316 679 328
face 0.013040900230407715 669 316 679 328
face 0.01276618242263794 669 316 679 328
face 0.012494146823883057 669 316 679 328
face 0.011905819177627563 669 316 679 328
face 0.011810749769210815 669 316 679 328
face 0.011731326580047607 669 316 679 328
face 0.011577695608139038 669 316 679 328
face 0.0115070641040802 669 316 679 328
