face 0.8868795037269592 499 329 758 871
face 0.09679731726646423 499 329 758 871
face 0.04944297671318054 499 329 758 871
face 0.02815607190132141 499 329 758 871
face 0.024221599102020264 499 329 758 871
face 0.02060738205909729 499 329 758 871
face 0.020421713590621948 499 329 758 871
face 0.019345253705978394 499 329 758 871
face 0.019317448139190674 499 329 758 871
face 0.01848927140235901 499 329 758 871
face 0.017907679080963135 499 329 758 871
face 0.017609506845474243 499 329 758 871
face 0.017292946577072144 499 329 758 871
face 0.017079025506973267 499 329 758 871
face 0.015638679265975952 499 329 758 871
face 0.01563549041748047 499 329 758 871
face 0.015448212623596191 499 329 758 871
face 0.01529279351234436 499 329 758 871
face 0.0146559476852417 499 329 758 871
face 0.014500051736831665 499 329 758 871
face 0.014317721128463745 499 329 758 871
face 0.014155447483062744 499 329 758 871
face 0.014153778553009033 499 329 758 871
face 0.013652503490447998 499 329 758 871
face 0.013191312551498413 499 329 758 871
face 0.012736409902572632 499 329 758 871
face 0.01247859001159668 499 329 758 871
face 0.01188725233078003 499 329 758 871
face 0.011599600315093994 499 329 758 871
face 0.011291354894638062 499 329 758 871
face 0.011034190654754639 499 329 758 871
face 0.011027276515960693 499 329 758 871
face 0.01100999116897583 499 329 758 871
face 0.010959833860397339 499 329 758 871
face 0.01093226671218872 499 329 758 871
face 0.010899841785430908 499 329 758 871
face 0.01084330677986145 499 329 758 871
face 0.01050347089767456 499 329 758 871
face 0.01037093997001648 499 329 758 871
face 0.010191261768341064 499 329 758 871
face 0.010044664144515991 499 329 758 871
face 0.009908586740493774 499 329 758 871
face 0.009680867195129395 499 329 758 871
face 0.00966644287109375 499 329 758 871
face 0.009599894285202026 499 329 758 871
face 0.009522885084152222 499 329 758 871
face 0.00911000370979309 499 329 758 871
face 0.009058922529220581 499 329 758 871
face 0.00869286060333252 499 329 758 871
face 0.008619040250778198 499 329 758 871
face 0.008617907762527466 499 329 758 871
face 0.008587509393692017 499 329 758 871
face 0.008467525243759155 499 329 758 871
face 0.008327186107635498 499 329 758 871
face 0.008190423250198364 499 329 758 871
face 0.008074343204498291 499 329 758 871
face 0.008066922426223755 499 329 758 871
face 0.008020609617233276 499 329 758 871
face 0.007750660181045532 499 329 758 871
face 0.007706582546234131 499 329 758 871
face 0.007653295993804932 499 329 758 871
face 0.007634013891220093 499 329 758 871
face 0.007623612880706787 499 329 758 871
face 0.0075966715812683105 499 329 758 871
face 0.007534146308898926 499 329 758 871
face 0.00752142071723938 499 329 758 871
face 0.007335633039474487 499 329 758 871
face 0.007328391075134277 499 329 758 871
face 0.0072647035121917725 499 329 758 871
face 0.00726318359375 499 329 758 871
face 0.007180243730545044 499 329 758 871
face 0.007166564464569092 499 329 758 871
face 0.00709649920463562 499 329 758 871
face 0.0070822834968566895 499 329 758 871
face 0.007040262222290039 499 329 758 871
face 0.006970047950744629 499 329 758 871
face 0.006959050893783569 499 329 758 871
face 0.006801247596740723 499 329 758 871
face 0.006797164678573608 499 329 758 871
face 0.00674709677696228 499 329 758 871
face 0.006721556186676025 499 329 758 871
face 0.006658792495727539 499 329 758 871
face 0.0066519081592559814 499 329 758 871
face 0.006567329168319702 499 329 758 871
face 0.006563812494277954 499 329 758 871
face 0.006483256816864014 499 329 758 871
face 0.006477028131484985 499 329 758 871
face 0.006467163562774658 499 329 758 871
face 0.006301790475845337 499 329 758 871
face 0.006272464990615845 499 329 758 871
face 0.006262332201004028 499 329 758 871
face 0.006201416254043579 499 329 758 871
face 0.006181299686431885 499 329 758 871
face 0.006021469831466675 499 329 758 871
face 0.005933165550231934 499 329 758 871
face 0.005932211875915527 499 329 758 871
face 0.005907803773880005 499 329 758 871
face 0.005894124507904053 499 329 758 871
face 0.005876719951629639 499 329 758 871
face 0.0058235228061676025 499 329 758 871
