face 0.9969618320465088 286 98 409 253
face 0.00470656156539917 286 98 409 253
face 0.004007905721664429 286 98 409 253
face 0.004005312919616699 286 98 409 253
face 0.003960639238357544 286 98 409 253
face 0.003518342971801758 286 98 409 253
face 0.00338706374168396 286 98 409 253
face 0.003349900245666504 286 98 409 253
face 0.0032630860805511475 286 98 409 253
face 0.003144204616546631 286 98 409 253
face 0.003110527992248535 286 98 409 253
face 0.003033846616744995 286 98 409 253
face 0.0027388036251068115 286 98 409 253
face 0.002640277147293091 286 98 409 253
face 0.002543151378631592 286 98 409 253
face 0.0025165677070617676 286 98 409 253
face 0.0025132596492767334 286 98 409 253
face 0.0024215877056121826 286 98 409 253
face 0.0024205446243286133 286 98 409 253
face 0.0022825896739959717 286 98 409 253
face 0.0022111833095550537 286 98 409 253
face 0.0021497607231140137 286 98 409 253
face 0.0020466148853302 286 98 409 253
face 0.0019300282001495361 286 98 409 253
face 0.001922518014907837 286 98 409 253
face 0.0018393099308013916 286 98 409 253
face 0.0018377304077148438 286 98 409 253
face 0.0017718076705932617 286 98 409 253
face 0.001704394817352295 286 98 409 253
face 0.0016941726207733154 286 98 409 253
face 0.00166359543800354 286 98 409 253
face 0.0016284286975860596 286 98 409 253
face 0.0016125738620758057 286 98 409 253
face 0.0016057789325714111 286 98 409 253
face 0.0015311241149902344 286 98 409 253
face 0.0015190541744232178 286 98 409 253
face 0.0015004873275756836 286 98 409 253
face 0.0014913976192474365 286 98 409 253
face 0.0014876127243041992 286 98 409 253
face 0.0014801025390625 286 98 409 253
face 0.0013948678970336914 286 98 409 253
face 0.001392453908920288 286 98 409 253
face 0.0013644397258758545 286 98 409 253
face 0.0013569295406341553 286 98 409 253
face 0.0013447403907775879 286 98 409 253
face 0.001344233751296997 286 98 409 253
face 0.0013266801834106445 286 98 409 253
face 0.001310497522354126 286 98 409 253
face 0.001305997371673584 286 98 409 253
face 0.0013057589530944824 286 98 409 253
face 0.0012905597686767578 286 98 409 253
face 0.0012840330600738525 286 98 409 253
face 0.0012739300727844238 286 98 409 253
face 0.0012617409229278564 286 98 409 253
face 0.0012613534927368164 286 98 409 253
face 0.0012561380863189697 286 98 409 253
face 0.0012527704238891602 286 98 409 253
face 0.0012520253658294678 286 98 409 253
face 0.0012502670288085938 286 98 409 253
face 0.0012491941452026367 286 98 409 253
face 0.0012468695640563965 286 98 409 253
face 0.0012368261814117432 286 98 409 253
face 0.0012288391590118408 286 98 409 253
face 0.001221984624862671 286 98 409 253
face 0.0012214481830596924 286 98 409 253
face 0.0011935234069824219 286 98 409 253
face 0.0011866390705108643 286 98 409 253
face 0.0011861920356750488 286 98 409 253
face 0.0011817216873168945 286 98 409 253
face 0.0011477470397949219 286 98 409 253
face 0.0011258721351623535 286 98 409 253
face 0.0011176466941833496 286 98 409 253
face 0.0011109411716461182 286 98 409 253
face 0.0011098682880401611 286 98 409 253
face 0.0011078119277954102 286 98 409 253
face 0.001088947057723999 286 98 409 253
face 0.0010873973369598389 286 98 409 253
face 0.0010785162448883057 286 98 409 253
face 0.0010692179203033447 286 98 409 253
face 0.0010647177696228027 286 98 409 253
face 0.0010601580142974854 286 98 409 253
face 0.0010546743869781494 286 98 409 253
face 0.0010544657707214355 286 98 409 253
face 0.0010393261909484863 286 98 409 253
face 0.0010281503200531006 286 98 409 253
face 0.0010276436805725098 286 98 409 253
face 0.0010061264038085938 286 98 409 253
face 0.001004636287689209 286 98 409 253
face 0.0010040104389190674 286 98 409 253
face 0.0009993016719818115 286 98 409 253
face 0.000997304916381836 286 98 409 253
face 0.0009966790676116943 286 98 409 253
face 0.0009940266609191895 286 98 409 253
face 0.0009872913360595703 286 98 409 253
face 0.0009785592555999756 286 98 409 253
face 0.00097617506980896 286 98 409 253
face 0.0009698271751403809 286 98 409 253
face 0.0009596645832061768 286 98 409 253
face 0.0009367465972900391 286 98 409 253
face 0.0009338855743408203 286 98 409 253
