face 0.7877470850944519 594 106 716 269
face 0.12829801440238953 594 106 716 269
face 0.09828564524650574 594 106 716 269
face 0.07560744881629944 594 106 716 269
face 0.07077628374099731 594 106 716 269
face 0.06842535734176636 594 106 716 269
face 0.06770280003547668 594 106 716 269
face 0.06592005491256714 594 106 716 269
face 0.0630943775177002 594 106 716 269
face 0.0591682493686676 594 106 716 269
face 0.05129289627075195 594 106 716 269
face 0.051244109869003296 594 106 716 269
face 0.04963847994804382 594 106 716 269
face 0.049023330211639404 594 106 716 269
face 0.045949578285217285 594 106 716 269
face 0.04563969373703003 594 106 716 269
face 0.045226991176605225 594 106 716 269
face 0.04219985008239746 594 106 716 269
face 0.041710615158081055 594 106 716 269
face 0.041015952825546265 594 106 716 269
face 0.040916502475738525 594 106 716 269
face 0.040201336145401 594 106 716 269
face 0.03991767764091492 594 106 716 269
face 0.036761730909347534 594 106 716 269
face 0.03576210141181946 594 106 716 269
face 0.033557772636413574 594 106 716 269
face 0.032900840044021606 594 106 716 269
face 0.03285878896713257 594 106 716 269
face 0.032140374183654785 594 106 716 269
face 0.031931400299072266 594 106 716 269
face 0.03139650821685791 594 106 716 269
face 0.03048408031463623 594 106 716 269
face 0.03048032522201538 594 106 716 269
face 0.030224382877349854 594 106 716 269
face 0.0286635160446167 594 106 716 269
face 0.026044785976409912 594 106 716 269
face 0.025979429483413696 594 106 716 269
face 0.025644779205322266 594 106 716 269
face 0.025015681982040405 594 106 716 269
face 0.024919241666793823 594 106 716 269
face 0.024472475051879883 594 106 716 269
face 0.023936152458190918 594 106 716 269
face 0.02384081482887268 594 106 716 269
face 0.023825228214263916 594 106 716 269
face 0.023261457681655884 594 106 716 269
face 0.0231778621673584 594 106 716 269
face 0.0228806734085083 594 106 716 269
face 0.022872596979141235 594 106 716 269
face 0.022756576538085938 594 106 716 269
face 0.02259722352027893 594 106 716 269
face 0.022478878498077393 594 106 716 269
face 0.022335588932037354 594 106 716 269
face 0.022130638360977173 594 106 716 269
face 0.022051125764846802 594 106 716 269
face 0.021632283926010132 594 106 716 269
face 0.021363943815231323 594 106 716 269
face 0.020480215549468994 594 106 716 269
face 0.020410388708114624 594 106 716 269
face 0.020192593336105347 594 106 716 269
face 0.020127058029174805 594 106 716 269
face 0.02002793550491333 594 106 716 269
face 0.020015239715576172 594 106 716 269
face 0.019128084182739258 594 106 716 269
face 0.018818378448486328 594 106 716 269
face 0.018748879432678223 594 106 716 269
face 0.018358170986175537 594 106 716 269
face 0.017933398485183716 594 106 716 269
face 0.01777145266532898 594 106 716 269
face 0.017473489046096802 594 106 716 269
face 0.01738712191581726 594 106 716 269
face 0.01719382405281067 594 106 716 269
face 0.016626805067062378 594 106 716 269
face 0.016614466905593872 594 106 716 269
face 0.016452431678771973 594 106 716 269
face 0.01635381579399109 594 106 716 269
face 0.016333043575286865 594 106 716 269
face 0.016083478927612305 594 106 716 269
face 0.015946507453918457 594 106 716 269
face 0.015855401754379272 594 106 716 269
face 0.015686362981796265 594 106 716 269
face 0.015355587005615234 594 106 716 269
face 0.015188276767730713 594 106 716 269
face 0.015143156051635742 594 106 716 269
face 0.015057981014251709 594 106 716 269
face 0.014885962009429932 594 106 716 269
face 0.014785319566726685 594 106 716 269
face 0.014773517847061157 594 106 716 269
face 0.014752805233001709 594 106 716 269
face 0.014611363410949707 594 106 716 269
face 0.01450812816619873 594 106 716 269
face 0.014476001262664795 594 106 716 269
face 0.014412939548492432 594 106 716 269
face 0.014337748289108276 594 106 716 269
face 0.014292985200881958 594 106 716 269
face 0.014092475175857544 594 106 716 269
face 0.014084875583648682 594 106 716 269
face 0.013904988765716553 594 106 716 269
face 0.013876140117645264 594 106 716 269
face 0.013697326183319092 594 106 716 269
face 0.0136089026927948 594 106 716 269
