face 0.9864898920059204 697 324 765 412
face 0.8995886445045471 124 341 191 428
face 0.7369970083236694 559 378 626 457
face 0.5693971514701843 349 367 408 433
face 0.03378725051879883 349 367 408 433
face 0.024897992610931396 349 367 408 433
face 0.020154446363449097 349 367 408 433
face 0.018435180187225342 349 367 408 433
face 0.017996549606323242 349 367 408 433
face 0.01734098792076111 349 367 408 433
face 0.016396641731262207 349 367 408 433
face 0.016259819269180298 349 367 408 433
face 0.0155506432056427 349 367 408 433
face 0.014491498470306396 349 367 408 433
face 0.014242231845855713 349 367 408 433
face 0.014019757509231567 349 367 408 433
face 0.013281315565109253 349 367 408 433
face 0.013098835945129395 349 367 408 433
face 0.012994259595870972 349 367 408 433
face 0.012034058570861816 349 367 408 433
face 0.011962652206420898 349 367 408 433
face 0.011659979820251465 349 367 408 433
face 0.01155504584312439 349 367 408 433
face 0.011512428522109985 349 367 408 433
face 0.011456936597824097 349 367 408 433
face 0.01139417290687561 349 367 408 433
face 0.010939627885818481 349 367 408 433
face 0.010600954294204712 349 367 408 433
face 0.010475516319274902 349 367 408 433
face 0.010384529829025269 349 367 408 433
face 0.010361552238464355 349 367 408 433
face 0.009790033102035522 349 367 408 433
face 0.009414881467819214 349 367 408 433
face 0.009240180253982544 349 367 408 433
face 0.00915643572807312 349 367 408 433
face 0.00897526741027832 349 367 408 433
face 0.008959382772445679 349 367 408 433
face 0.008935123682022095 349 367 408 433
face 0.008870214223861694 349 367 408 433
face 0.008772522211074829 349 367 408 433
face 0.008673489093780518 349 367 408 433
face 0.008668899536132812 349 367 408 433
face 0.008631765842437744 349 367 408 433
face 0.00852617621421814 349 367 408 433
face 0.008499324321746826 349 367 408 433
face 0.008266270160675049 349 367 408 433
face 0.008227348327636719 349 367 408 433
face 0.00821220874786377 349 367 408 433
face 0.0081900954246521 349 367 408 433
face 0.008173346519470215 349 367 408 433
face 0.00815802812576294 349 367 408 433
face 0.008114218711853027 349 367 408 433
face 0.00810939073562622 349 367 408 433
face 0.007775038480758667 349 367 408 433
face 0.007706969976425171 349 367 408 433
face 0.0075172483921051025 349 367 408 433
face 0.007479995489120483 349 367 408 433
face 0.007349461317062378 349 367 408 433
face 0.007333904504776001 349 367 408 433
face 0.0072994232177734375 349 367 408 433
face 0.007228583097457886 349 367 408 433
face 0.007207363843917847 349 367 408 433
face 0.007062971591949463 349 367 408 433
face 0.007023453712463379 349 367 408 433
face 0.006460219621658325 349 367 408 433
face 0.006380230188369751 349 367 408 433
face 0.006325364112854004 349 367 408 433
face 0.006315380334854126 349 367 408 433
face 0.006224215030670166 349 367 408 433
face 0.006188333034515381 349 367 408 433
face 0.00611722469329834 349 367 408 433
face 0.0061051249504089355 349 367 408 433
face 0.006051957607269287 349 367 408 433
face 0.005967229604721069 349 367 408 433
face 0.005851924419403076 349 367 408 433
face 0.005774110555648804 349 367 408 433
face 0.005743354558944702 349 367 408 433
face 0.0057392120361328125 349 367 408 433
face 0.0057392120361328125 349 367 408 433
face 0.0056428611278533936 349 367 408 433
face 0.00556066632270813 349 367 408 433
face 0.005547046661376953 349 367 408 433
face 0.005530744791030884 349 367 408 433
face 0.005411267280578613 349 367 408 433
face 0.0053965747356414795 349 367 408 433
face 0.005395561456680298 349 367 408 433
face 0.005313903093338013 349 367 408 433
face 0.005265146493911743 349 367 408 433
face 0.005251169204711914 349 367 408 433
face 0.0052498579025268555 349 367 408 433
face 0.005224019289016724 349 367 408 433
face 0.005142867565155029 349 367 408 433
face 0.00506591796875 349 367 408 433
face 0.005022227764129639 349 367 408 433
face 0.005015581846237183 349 367 408 433
face 0.004997730255126953 349 367 408 433
face 0.004959821701049805 349 367 408 433
face 0.004879385232925415 349 367 408 433
face 0.004820734262466431 349 367 408 433
face 0.004785865545272827 349 367 408 433
