face 0.9898992776870728 328 175 504 409
face 0.19513532519340515 328 175 504 409
face 0.167836993932724 328 175 504 409
face 0.09061089158058167 328 175 504 409
face 0.08401772379875183 328 175 504 409
face 0.08047023415565491 328 175 504 409
face 0.04945993423461914 328 175 504 409
face 0.04431989789009094 328 175 504 409
face 0.04315236210823059 328 175 504 409
face 0.0408499538898468 328 175 504 409
face 0.04028478264808655 328 175 504 409
face 0.035937607288360596 328 175 504 409
face 0.035792410373687744 328 175 504 409
face 0.03232651948928833 328 175 504 409
face 0.03110775351524353 328 175 504 409
face 0.030351608991622925 328 175 504 409
face 0.03013211488723755 328 175 504 409
face 0.02827608585357666 328 175 504 409
face 0.02771937847137451 328 175 504 409
face 0.027231484651565552 328 175 504 409
face 0.026981592178344727 328 175 504 409
face 0.024750888347625732 328 175 504 409
face 0.01859024167060852 328 175 504 409
face 0.017957866191864014 328 175 504 409
face 0.01748204231262207 328 175 504 409
face 0.017213135957717896 328 175 504 409
face 0.016535311937332153 328 175 504 409
face 0.016521573066711426 328 175 504 409
face 0.016334623098373413 328 175 504 409
face 0.016186803579330444 328 175 504 409
face 0.014961987733840942 328 175 504 409
face 0.01470300555229187 328 175 504 409
face 0.014601022005081177 328 175 504 409
face 0.014371752738952637 328 175 504 409
face 0.014355957508087158 328 175 504 409
face 0.014098167419433594 328 175 504 409
face 0.013880401849746704 328 175 504 409
face 0.013864308595657349 328 175 504 409
face 0.013533294200897217 328 175 504 409
face 0.013350188732147217 328 175 504 409
face 0.013264834880828857 328 175 504 409
face 0.013179212808609009 328 175 504 409
face 0.013109922409057617 328 175 504 409
face 0.012955993413925171 328 175 504 409
face 0.012942969799041748 328 175 504 409
face 0.012511134147644043 328 175 504 409
face 0.012431085109710693 328 175 504 409
face 0.012106180191040039 328 175 504 409
face 0.012048125267028809 328 175 504 409
face 0.012028604745864868 328 175 504 409
face 0.012002378702163696 328 175 504 409
face 0.011990934610366821 328 175 504 409
face 0.011886298656463623 328 175 504 409
face 0.011839151382446289 328 175 504 409
face 0.011659115552902222 328 175 504 409
face 0.011651456356048584 328 175 504 409
face 0.01155632734298706 328 175 504 409
face 0.01150330901145935 328 175 504 409
face 0.011200904846191406 328 175 504 409
face 0.011068522930145264 328 175 504 409
face 0.010652899742126465 328 175 504 409
face 0.010395318269729614 328 175 504 409
face 0.010240793228149414 328 175 504 409
face 0.01015356183052063 328 175 504 409
face 0.010021805763244629 328 175 504 409
face 0.010015755891799927 328 175 504 409
face 0.009565889835357666 328 175 504 409
face 0.009515047073364258 328 175 504 409
face 0.009263038635253906 328 175 504 409
face 0.009114950895309448 328 175 504 409
face 0.009114831686019897 328 175 504 409
face 0.009046435356140137 328 175 504 409
face 0.009043186902999878 328 175 504 409
face 0.008763521909713745 328 175 504 409
face 0.00875931978225708 328 175 504 409
face 0.00869789719581604 328 175 504 409
face 0.008638769388198853 328 175 504 409
face 0.008542418479919434 328 175 504 409
face 0.00852617621421814 328 175 504 409
face 0.008288979530334473 328 175 504 409
face 0.008232474327087402 328 175 504 409
face 0.008037179708480835 328 175 504 409
face 0.008036702871322632 328 175 504 409
face 0.007998555898666382 328 175 504 409
face 0.007856547832489014 328 175 504 409
face 0.0078029632568359375 328 175 504 409
face 0.007791250944137573 328 175 504 409
face 0.007723599672317505 328 175 504 409
face 0.007646799087524414 328 175 504 409
face 0.007645159959793091 328 175 504 409
face 0.0075855553150177 328 175 504 409
face 0.007578849792480469 328 175 504 409
face 0.007547646760940552 328 175 504 409
face 0.007523775100708008 328 175 504 409
face 0.007318347692489624 328 175 504 409
face 0.007269352674484253 328 175 504 409
face 0.007194399833679199 328 175 504 409
face 0.007185578346252441 328 175 504 409
face 0.0071728527545928955 328 175 504 409
face 0.007172375917434692 328 175 504 409
