face 0.9996013641357422 282 315 316 357
face 0.9994244575500488 616 279 649 321
face 0.998497486114502 141 281 172 319
face 0.9978491067886353 222 275 253 316
face 0.9956681728363037 382 275 415 314
face 0.9938238859176636 762 237 805 281
face 0.9894992113113403 875 253 919 305
face 0.9709185361862183 484 299 515 339
face 0.4038138687610626 484 299 515 339
face 0.062173157930374146 484 299 515 339
face 0.028145819902420044 484 299 515 339
face 0.024402737617492676 484 299 515 339
face 0.019936591386795044 484 299 515 339
face 0.01668030023574829 484 299 515 339
face 0.015504717826843262 484 299 515 339
face 0.01457226276397705 484 299 515 339
face 0.012996405363082886 484 299 515 339
face 0.011667460203170776 484 299 515 339
face 0.010082155466079712 484 299 515 339
face 0.00969049334526062 484 299 515 339
face 0.009269565343856812 484 299 515 339
face 0.009147822856903076 484 299 515 339
face 0.00894823670387268 484 299 515 339
face 0.008587926626205444 484 299 515 339
face 0.008560001850128174 484 299 515 339
face 0.0084572434425354 484 299 515 339
face 0.008013308048248291 484 299 515 339
face 0.007487982511520386 484 299 515 339
face 0.007427424192428589 484 299 515 339
face 0.007318824529647827 484 299 515 339
face 0.007178515195846558 484 299 515 339
face 0.006807804107666016 484 299 515 339
face 0.006535232067108154 484 299 515 339
face 0.0065177977085113525 484 299 515 339
face 0.006477296352386475 484 299 515 339
face 0.006379067897796631 484 299 515 339
face 0.006137192249298096 484 299 515 339
face 0.006106853485107422 484 299 515 339
face 0.006074279546737671 484 299 515 339
face 0.006041288375854492 484 299 515 339
face 0.005477398633956909 484 299 515 339
face 0.005440860986709595 484 299 515 339
face 0.005365937948226929 484 299 515 339
face 0.005123138427734375 484 299 515 339
face 0.004941433668136597 484 299 515 339
face 0.0049352943897247314 484 299 515 339
face 0.004856526851654053 484 299 515 339
face 0.004839181900024414 484 299 515 339
face 0.00481751561164856 484 299 515 339
face 0.004774749279022217 484 299 515 339
face 0.004715919494628906 484 299 515 339
face 0.004649043083190918 484 299 515 339
face 0.004633784294128418 484 299 515 339
face 0.00460439920425415 484 299 515 339
face 0.0045590996742248535 484 299 515 339
face 0.00447160005569458 484 299 515 339
face 0.00435250997543335 484 299 515 339
face 0.004350781440734863 484 299 515 339
face 0.0042848289012908936 484 299 515 339
face 0.004210382699966431 484 299 515 339
face 0.004160374402999878 484 299 515 339
face 0.004148244857788086 484 299 515 339
face 0.004135310649871826 484 299 515 339
face 0.0041252076625823975 484 299 515 339
face 0.004118889570236206 484 299 515 339
face 0.004105061292648315 484 299 515 339
face 0.004092216491699219 484 299 515 339
face 0.004042714834213257 484 299 515 339
face 0.004039674997329712 484 299 515 339
face 0.004001319408416748 484 299 515 339
face 0.003973573446273804 484 299 515 339
face 0.003967851400375366 484 299 515 339
face 0.00394788384437561 484 299 515 339
face 0.0039421021938323975 484 299 515 339
face 0.003922075033187866 484 299 515 339
face 0.0038499534130096436 484 299 515 339
face 0.0038389861583709717 484 299 515 339
face 0.0038163363933563232 484 299 515 339
face 0.0037703216075897217 484 299 515 339
face 0.0037473440170288086 484 299 515 339
face 0.0037183165550231934 484 299 515 339
face 0.0037017762660980225 484 299 515 339
face 0.003641873598098755 484 299 515 339
face 0.003624528646469116 484 299 515 339
face 0.003579258918762207 484 299 515 339
face 0.0035625696182250977 484 299 515 339
face 0.0035483837127685547 484 299 515 339
face 0.003534257411956787 484 299 515 339
face 0.003525346517562866 484 299 515 339
face 0.0034619271755218506 484 299 515 339
face 0.0034559965133666992 484 299 515 339
face 0.003451108932495117 484 299 515 339
face 0.003449469804763794 484 299 515 339
face 0.003361523151397705 484 299 515 339
face 0.003350287675857544 484 299 515 339
face 0.0033502280712127686 484 299 515 339
face 0.0033455491065979004 484 299 515 339
face 0.0033127665519714355 484 299 515 339
face 0.0032720863819122314 484 299 515 339
face 0.0032535791397094727 484 299 515 339
