face 0.9995251893997192 276 261 725 901
face 0.0071134865283966064 276 261 725 901
face 0.006491273641586304 276 261 725 901
face 0.004549115896224976 276 261 725 901
face 0.004133373498916626 276 261 725 901
face 0.003909558057785034 276 261 725 901
face 0.00318107008934021 276 261 725 901
face 0.0031431913375854492 276 261 725 901
face 0.003079742193222046 276 261 725 901
face 0.002980172634124756 276 261 725 901
face 0.002965778112411499 276 261 725 901
face 0.0029403269290924072 276 261 725 901
face 0.00286710262298584 276 261 725 901
face 0.0027316808700561523 276 261 725 901
face 0.0026962757110595703 276 261 725 901
face 0.0026705563068389893 276 261 725 901
face 0.002605646848678589 276 261 725 901
face 0.0026019513607025146 276 261 725 901
face 0.0025444328784942627 276 261 725 901
face 0.0025190412998199463 276 261 725 901
face 0.0025172531604766846 276 261 725 901
face 0.002450883388519287 276 261 725 901
face 0.002413511276245117 276 261 725 901
face 0.0023913681507110596 276 261 725 901
face 0.0023698806762695312 276 261 725 901
face 0.002293229103088379 276 261 725 901
face 0.002292633056640625 276 261 725 901
face 0.0022628307342529297 276 261 725 901
face 0.0022552311420440674 276 261 725 901
face 0.002253979444503784 276 261 725 901
face 0.0022411346435546875 276 261 725 901
face 0.0022360384464263916 276 261 725 901
face 0.0022000670433044434 276 261 725 901
face 0.0021879971027374268 276 261 725 901
face 0.0021740198135375977 276 261 725 901
face 0.002137988805770874 276 261 725 901
face 0.0021335184574127197 276 261 725 901
face 0.002118021249771118 276 261 725 901
face 0.0021061301231384277 276 261 725 901
face 0.0020775198936462402 276 261 725 901
face 0.002068072557449341 276 261 725 901
face 0.002043098211288452 276 261 725 901
face 0.002042829990386963 276 261 725 901
face 0.0020289719104766846 276 261 725 901
face 0.002005547285079956 276 261 725 901
face 0.002000093460083008 276 261 725 901
face 0.0019961893558502197 276 261 725 901
face 0.0019905567169189453 276 261 725 901
face 0.001989305019378662 276 261 725 901
face 0.0019870400428771973 276 261 725 901
face 0.0019584596157073975 276 261 725 901
face 0.001938939094543457 276 261 725 901
face 0.0019381046295166016 276 261 725 901
face 0.001933962106704712 276 261 725 901
face 0.0019230544567108154 276 261 725 901
face 0.0019073188304901123 276 261 725 901
face 0.0018983185291290283 276 261 725 901
face 0.001890033483505249 276 261 725 901
face 0.0018843412399291992 276 261 725 901
face 0.001875460147857666 276 261 725 901
face 0.0018506348133087158 276 261 725 901
face 0.001847982406616211 276 261 725 901
face 0.001839667558670044 276 261 725 901
face 0.0018372833728790283 276 261 725 901
face 0.0018312633037567139 276 261 725 901
face 0.0018174946308135986 276 261 725 901
face 0.0018118023872375488 276 261 725 901
face 0.0018082261085510254 276 261 725 901
face 0.00179368257522583 276 261 725 901
face 0.0017906427383422852 276 261 725 901
face 0.0017893612384796143 276 261 725 901
face 0.0017887651920318604 276 261 725 901
face 0.001785576343536377 276 261 725 901
face 0.0017813444137573242 276 261 725 901
face 0.001767873764038086 276 261 725 901
face 0.0017674267292022705 276 261 725 901
face 0.0017587840557098389 276 261 725 901
face 0.001741856336593628 276 261 725 901
face 0.0017094314098358154 276 261 725 901
face 0.001706540584564209 276 261 725 901
face 0.001651376485824585 276 261 725 901
face 0.00164794921875 276 261 725 901
face 0.0016367137432098389 276 261 725 901
face 0.001636117696762085 276 261 725 901
face 0.0016125142574310303 276 261 725 901
face 0.0016028881072998047 276 261 725 901
face 0.0015891790390014648 276 261 725 901
face 0.00158730149269104 276 261 725 901
face 0.0015855133533477783 276 261 725 901
face 0.0015598833560943604 276 261 725 901
face 0.0015537738800048828 276 261 725 901
face 0.0015177428722381592 276 261 725 901
face 0.0015156269073486328 276 261 725 901
face 0.0015091001987457275 276 261 725 901
face 0.0015009939670562744 276 261 725 901
face 0.0015004873275756836 276 261 725 901
face 0.0015003979206085205 276 261 725 901
face 0.001496642827987671 276 261 725 901
face 0.0014920532703399658 276 261 725 901
face 0.0014896392822265625 276 261 725 901
