face 0.994839072227478 469 463 488 486
face 0.9897139072418213 329 437 359 477
face 0.9650377631187439 403 428 423 453
face 0.9139022827148438 397 458 418 487
face 0.8284034729003906 187 442 236 499
face 0.7813112735748291 230 371 277 431
face 0.6438275575637817 52 370 142 458
face 0.5654486417770386 90 369 161 450
face 0.30492955446243286 90 369 161 450
face 0.21417224407196045 90 369 161 450
face 0.18352103233337402 90 369 161 450
face 0.1334376335144043 90 369 161 450
face 0.1185699999332428 90 369 161 450
face 0.10957774519920349 90 369 161 450
face 0.10260653495788574 90 369 161 450
face 0.09480205178260803 90 369 161 450
face 0.09404876828193665 90 369 161 450
face 0.08282351493835449 90 369 161 450
face 0.07533380389213562 90 369 161 450
face 0.07001057267189026 90 369 161 450
face 0.06136021018028259 90 369 161 450
face 0.0461592972278595 90 369 161 450
face 0.04304268956184387 90 369 161 450
face 0.03504830598831177 90 369 161 450
face 0.033955514430999756 90 369 161 450
face 0.033046722412109375 90 369 161 450
face 0.03241512179374695 90 369 161 450
face 0.03178820013999939 90 369 161 450
face 0.03128120303153992 90 369 161 450
face 0.031002551317214966 90 369 161 450
face 0.028919756412506104 90 369 161 450
face 0.02807384729385376 90 369 161 450
face 0.027597367763519287 90 369 161 450
face 0.023337602615356445 90 369 161 450
face 0.022841215133666992 90 369 161 450
face 0.022626936435699463 90 369 161 450
face 0.021441161632537842 90 369 161 450
face 0.0213659405708313 90 369 161 450
face 0.02112230658531189 90 369 161 450
face 0.020774126052856445 90 369 161 450
face 0.020685911178588867 90 369 161 450
face 0.020295381546020508 90 369 161 450
face 0.0195905864238739 90 369 161 450
face 0.01953902840614319 90 369 161 450
face 0.019505470991134644 90 369 161 450
face 0.019418954849243164 90 369 161 450
face 0.019136816263198853 90 369 161 450
face 0.018617630004882812 90 369 161 450
face 0.018485665321350098 90 369 161 450
face 0.01770097017288208 90 369 161 450
face 0.017601847648620605 90 369 161 450
face 0.017531096935272217 90 369 161 450
face 0.01661163568496704 90 369 161 450
face 0.0165480375289917 90 369 161 450
face 0.016529500484466553 90 369 161 450
face 0.016310304403305054 90 369 161 450
face 0.016218185424804688 90 369 161 450
face 0.016131877899169922 90 369 161 450
face 0.015862375497817993 90 369 161 450
face 0.015797317028045654 90 369 161 450
face 0.015744298696517944 90 369 161 450
face 0.01567751169204712 90 369 161 450
face 0.015559732913970947 90 369 161 450
face 0.015342921018600464 90 369 161 450
face 0.015134274959564209 90 369 161 450
face 0.014725267887115479 90 369 161 450
face 0.014460146427154541 90 369 161 450
face 0.01424834132194519 90 369 161 450
face 0.014165788888931274 90 369 161 450
face 0.01388627290725708 90 369 161 450
face 0.013749688863754272 90 369 161 450
face 0.013594001531600952 90 369 161 450
face 0.013194024562835693 90 369 161 450
face 0.012827515602111816 90 369 161 450
face 0.012598991394042969 90 369 161 450
face 0.012551695108413696 90 369 161 450
face 0.012507081031799316 90 369 161 450
face 0.01222294569015503 90 369 161 450
face 0.011920958757400513 90 369 161 450
face 0.01190871000289917 90 369 161 450
face 0.011585861444473267 90 369 161 450
face 0.011530131101608276 90 369 161 450
face 0.011484771966934204 90 369 161 450
face 0.01118558645248413 90 369 161 450
face 0.011172622442245483 90 369 161 450
face 0.011086642742156982 90 369 161 450
face 0.010371416807174683 90 369 161 450
face 0.01034882664680481 90 369 161 450
face 0.010288149118423462 90 369 161 450
face 0.01028546690940857 90 369 161 450
face 0.010014206171035767 90 369 161 450
face 0.009953200817108154 90 369 161 450
face 0.009847551584243774 90 369 161 450
face 0.009713917970657349 90 369 161 450
face 0.009628891944885254 90 369 161 450
face 0.009453177452087402 90 369 161 450
face 0.009379208087921143 90 369 161 450
face 0.00925949215888977 90 369 161 450
face 0.009167790412902832 90 369 161 450
face 0.009124994277954102 90 369 161 450
