face 0.9125083088874817 417 207 663 520
face 0.10808023810386658 417 207 663 520
face 0.051969438791275024 417 207 663 520
face 0.0449543297290802 417 207 663 520
face 0.01276940107345581 417 207 663 520
face 0.008741050958633423 417 207 663 520
face 0.008347362279891968 417 207 663 520
face 0.007323861122131348 417 207 663 520
face 0.006022840738296509 417 207 663 520
face 0.005924731492996216 417 207 663 520
face 0.005531877279281616 417 207 663 520
face 0.005463927984237671 417 207 663 520
face 0.0054416656494140625 417 207 663 520
face 0.005400568246841431 417 207 663 520
face 0.004968434572219849 417 207 663 520
face 0.004906803369522095 417 207 663 520
face 0.004345238208770752 417 207 663 520
face 0.004286706447601318 417 207 663 520
face 0.004262357950210571 417 207 663 520
face 0.004105716943740845 417 207 663 520
face 0.0037755072116851807 417 207 663 520
face 0.0036882758140563965 417 207 663 520
face 0.0036667287349700928 417 207 663 520
face 0.0035208165645599365 417 207 663 520
face 0.003427743911743164 417 207 663 520
face 0.003422945737838745 417 207 663 520
face 0.00320395827293396 417 207 663 520
face 0.003049999475479126 417 207 663 520
face 0.002931743860244751 417 207 663 520
face 0.0028673112392425537 417 207 663 520
face 0.0028274953365325928 417 207 663 520
face 0.002816110849380493 417 207 663 520
face 0.0027780532836914062 417 207 663 520
face 0.0026442408561706543 417 207 663 520
face 0.0026196539402008057 417 207 663 520
face 0.0025139451026916504 417 207 663 520
face 0.0024666786193847656 417 207 663 520
face 0.0024592578411102295 417 207 663 520
face 0.0024247169494628906 417 207 663 520
face 0.00239524245262146 417 207 663 520
face 0.002386152744293213 417 207 663 520
face 0.0023539960384368896 417 207 663 520
face 0.0023525357246398926 417 207 663 520
face 0.0023352205753326416 417 207 663 520
face 0.0023040771484375 417 207 663 520
face 0.0022597908973693848 417 207 663 520
face 0.0022521018981933594 417 207 663 520
face 0.002213805913925171 417 207 663 520
face 0.0021955370903015137 417 207 663 520
face 0.002175450325012207 417 207 663 520
face 0.0021623969078063965 417 207 663 520
face 0.0021459758281707764 417 207 663 520
face 0.0021362602710723877 417 207 663 520
face 0.002079695463180542 417 207 663 520
face 0.002019256353378296 417 207 663 520
face 0.002008497714996338 417 207 663 520
face 0.0019995272159576416 417 207 663 520
face 0.001985102891921997 417 207 663 520
face 0.0019630789756774902 417 207 663 520
face 0.0019462108612060547 417 207 663 520
face 0.001935511827468872 417 207 663 520
face 0.001903444528579712 417 207 663 520
face 0.0018813610076904297 417 207 663 520
face 0.0018805265426635742 417 207 663 520
face 0.0018722712993621826 417 207 663 520
face 0.0018721818923950195 417 207 663 520
face 0.0018717050552368164 417 207 663 520
face 0.0018661916255950928 417 207 663 520
face 0.0018497705459594727 417 207 663 520
face 0.001814514398574829 417 207 663 520
face 0.001814126968383789 417 207 663 520
face 0.001809149980545044 417 207 663 520
face 0.00180739164352417 417 207 663 520
face 0.0017921626567840576 417 207 663 520
face 0.0017798542976379395 417 207 663 520
face 0.0017787516117095947 417 207 663 520
face 0.0017643272876739502 417 207 663 520
face 0.0017474591732025146 417 207 663 520
face 0.001721799373626709 417 207 663 520
face 0.001705080270767212 417 207 663 520
face 0.001702815294265747 417 207 663 520
face 0.0016858577728271484 417 207 663 520
face 0.0016729235649108887 417 207 663 520
face 0.001670241355895996 417 207 663 520
face 0.0016359388828277588 417 207 663 520
face 0.0016100704669952393 417 207 663 520
face 0.0015999972820281982 417 207 663 520
face 0.0015778541564941406 417 207 663 520
face 0.0015438497066497803 417 207 663 520
face 0.001536726951599121 417 207 663 520
face 0.0015365183353424072 417 207 663 520
face 0.0015281140804290771 417 207 663 520
face 0.0015146434307098389 417 207 663 520
face 0.0015127360820770264 417 207 663 520
face 0.0014931857585906982 417 207 663 520
face 0.0014626383781433105 417 207 663 520
face 0.0014590620994567871 417 207 663 520
face 0.0014575421810150146 417 207 663 520
face 0.0014569461345672607 417 207 663 520
