face 0.9772042036056519 405 170 705 531
face 0.008193910121917725 405 170 705 531
face 0.006015956401824951 405 170 705 531
face 0.005303800106048584 405 170 705 531
face 0.005193352699279785 405 170 705 531
face 0.004917621612548828 405 170 705 531
face 0.0034720301628112793 405 170 705 531
face 0.003320634365081787 405 170 705 531
face 0.0033188164234161377 405 170 705 531
face 0.003208070993423462 405 170 705 531
face 0.0029780566692352295 405 170 705 531
face 0.0028742849826812744 405 170 705 531
face 0.0027099251747131348 405 170 705 531
face 0.002695232629776001 405 170 705 531
face 0.002642035484313965 405 170 705 531
face 0.0026286840438842773 405 170 705 531
face 0.0025902390480041504 405 170 705 531
face 0.002567201852798462 405 170 705 531
face 0.002565056085586548 405 170 705 531
face 0.0025542378425598145 405 170 705 531
face 0.0025542080402374268 405 170 705 531
face 0.0025453269481658936 405 170 705 531
face 0.002278834581375122 405 170 705 531
face 0.0022362470626831055 405 170 705 531
face 0.002219259738922119 405 170 705 531
face 0.002209991216659546 405 170 705 531
face 0.0021987855434417725 405 170 705 531
face 0.0021108388900756836 405 170 705 531
face 0.0020762383937835693 405 170 705 531
face 0.00207480788230896 405 170 705 531
face 0.002067744731903076 405 170 705 531
face 0.002031296491622925 405 170 705 531
face 0.0020226240158081055 405 170 705 531
face 0.0020155906677246094 405 170 705 531
face 0.0020134150981903076 405 170 705 531
face 0.0020091235637664795 405 170 705 531
face 0.001994580030441284 405 170 705 531
face 0.0019260048866271973 405 170 705 531
face 0.0019251704216003418 405 170 705 531
face 0.001895606517791748 405 170 705 531
face 0.0018735229969024658 405 170 705 531
face 0.0018649101257324219 405 170 705 531
face 0.0018232166767120361 405 170 705 531
face 0.001805722713470459 405 170 705 531
face 0.0018006861209869385 405 170 705 531
face 0.0017879903316497803 405 170 705 531
face 0.0017590522766113281 405 170 705 531
face 0.0017558932304382324 405 170 705 531
face 0.001751542091369629 405 170 705 531
face 0.0017002224922180176 405 170 705 531
face 0.0016870200634002686 405 170 705 531
face 0.001678377389907837 405 170 705 531
face 0.001651167869567871 405 170 705 531
face 0.001650094985961914 405 170 705 531
face 0.0016198158264160156 405 170 705 531
face 0.0016098618507385254 405 170 705 531
face 0.00160139799118042 405 170 705 531
face 0.0015922188758850098 405 170 705 531
face 0.0015921592712402344 405 170 705 531
face 0.0015873908996582031 405 170 705 531
face 0.0015635788440704346 405 170 705 531
face 0.0015541315078735352 405 170 705 531
face 0.0015463531017303467 405 170 705 531
face 0.0015459656715393066 405 170 705 531
face 0.001531451940536499 405 170 705 531
face 0.0015139579772949219 405 170 705 531
face 0.0015138685703277588 405 170 705 531
face 0.00151100754737854 405 170 705 531
face 0.001487135887145996 405 170 705 531
face 0.001487046480178833 405 170 705 531
face 0.0014851391315460205 405 170 705 531
face 0.001474142074584961 405 170 705 531
face 0.0014683306217193604 405 170 705 531
face 0.001459956169128418 405 170 705 531
face 0.0014557838439941406 405 170 705 531
face 0.001392275094985962 405 170 705 531
face 0.0013754665851593018 405 170 705 531
face 0.0013735294342041016 405 170 705 531
face 0.0013589859008789062 405 170 705 531
face 0.00135880708694458 405 170 705 531
face 0.0013222992420196533 405 170 705 531
face 0.0012987852096557617 405 170 705 531
face 0.0012700557708740234 405 170 705 531
face 0.0012597143650054932 405 170 705 531
face 0.001254647970199585 405 170 705 531
face 0.0012509524822235107 405 170 705 531
face 0.0012215077877044678 405 170 705 531
face 0.0012201964855194092 405 170 705 531
face 0.0012078285217285156 405 170 705 531
face 0.0012052357196807861 405 170 705 531
face 0.0011971592903137207 405 170 705 531
face 0.0011931955814361572 405 170 705 531
face 0.0011856555938720703 405 170 705 531
face 0.0011757314205169678 405 170 705 531
face 0.0011753439903259277 405 170 705 531
face 0.0011748671531677246 405 170 705 531
face 0.0011655688285827637 405 170 705 531
face 0.0011565983295440674 405 170 705 531
face 0.0011422336101531982 405 170 705 531
face 0.0011390447616577148 405 170 705 531
