face 0.9981118440628052 630 73 651 100
face 0.9975192546844482 87 67 106 95
face 0.9953994750976562 624 36 644 61
face 0.9938403367996216 618 150 650 192
face 0.9912965297698975 729 89 768 141
face 0.9860162734985352 681 32 699 57
face 0.985601544380188 723 34 743 61
face 0.9833299517631531 260 120 300 167
face 0.9823400974273682 454 44 474 70
face 0.9776715040206909 853 32 868 55
face 0.9759397506713867 406 146 440 189
face 0.975772500038147 578 69 599 95
face 0.9754423499107361 144 63 162 87
face 0.9667093753814697 343 33 362 57
face 0.9656842947006226 564 29 584 52
face 0.9646240472793579 698 5 715 26
face 0.9548960328102112 529 40 549 64
face 0.9227166175842285 62 50 79 72
face 0.9212620258331299 253 73 273 100
face 0.9180036187171936 789 32 804 54
face 0.9007461667060852 414 64 433 90
face 0.8948749303817749 581 1 599 22
face 0.8870449066162109 338 73 362 106
face 0.8849531412124634 17 73 34 98
face 0.8844720125198364 194 50 213 75
face 0.8633292317390442 894 31 907 51
face 0.8469753265380859 636 10 655 32
face 0.8465958833694458 984 33 1000 55
face 0.8357573747634888 735 5 752 24
face 0.8288534879684448 139 53 154 73
face 0.804115355014801 242 50 259 71
face 0.7757687568664551 780 0 795 17
face 0.7101366519927979 364 0 381 20
face 0.6991310119628906 909 2 921 18
face 0.6792733669281006 286 77 307 105
face 0.6541525721549988 994 4 1008 21
face 0.643324077129364 409 32 426 54
face 0.6433189511299133 508 62 527 86
face 0.637531042098999 510 0 527 17
face 0.6199303865432739 198 57 217 84
face 0.6104406118392944 474 11 493 32
face 0.5521101951599121 333 86 359 118
face 0.47751954197883606 333 86 359 118
face 0.47206419706344604 333 86 359 118
face 0.39677995443344116 333 86 359 118
face 0.3966687321662903 333 86 359 118
face 0.3916398882865906 333 86 359 118
face 0.39032140374183655 333 86 359 118
face 0.32486045360565186 333 86 359 118
face 0.28651589155197144 333 86 359 118
face 0.25861406326293945 333 86 359 118
face 0.22292602062225342 333 86 359 118
face 0.13355275988578796 333 86 359 118
face 0.12360158562660217 333 86 359 118
face 0.11505231261253357 333 86 359 118
face 0.08909979462623596 333 86 359 118
face 0.06518036127090454 333 86 359 118
face 0.0451989471912384 333 86 359 118
face 0.0415799617767334 333 86 359 118
face 0.034366101026535034 333 86 359 118
face 0.033694058656692505 333 86 359 118
face 0.03235247731208801 333 86 359 118
face 0.03167867660522461 333 86 359 118
face 0.031604886054992676 333 86 359 118
face 0.02912643551826477 333 86 359 118
face 0.027336806058883667 333 86 359 118
face 0.026066124439239502 333 86 359 118
face 0.023332923650741577 333 86 359 118
face 0.023153871297836304 333 86 359 118
face 0.021480053663253784 333 86 359 118
face 0.02135738730430603 333 86 359 118
face 0.020309537649154663 333 86 359 118
face 0.018830806016921997 333 86 359 118
face 0.01819196343421936 333 86 359 118
face 0.016769319772720337 333 86 359 118
face 0.013512790203094482 333 86 359 118
face 0.013064652681350708 333 86 359 118
face 0.01290389895439148 333 86 359 118
face 0.011462271213531494 333 86 359 118
face 0.01134878396987915 333 86 359 118
face 0.011075466871261597 333 86 359 118
face 0.011071264743804932 333 86 359 118
face 0.010318875312805176 333 86 359 118
face 0.010044515132904053 333 86 359 118
face 0.009550362825393677 333 86 359 118
face 0.009380519390106201 333 86 359 118
face 0.009052366018295288 333 86 359 118
face 0.009009629487991333 333 86 359 118
face 0.008803009986877441 333 86 359 118
face 0.008632451295852661 333 86 359 118
face 0.008542567491531372 333 86 359 118
face 0.008308053016662598 333 86 359 118
face 0.008281469345092773 333 86 359 118
face 0.008013218641281128 333 86 359 118
face 0.007985174655914307 333 86 359 118
face 0.007657676935195923 333 86 359 118
face 0.007598400115966797 333 86 359 118
face 0.00757288932800293 333 86 359 118
face 0.0074089765548706055 333 86 359 118
face 0.007346302270889282 333 86 359 118
