face 0.9998679757118225 197 109 978 1147
face 0.01836341619491577 197 109 978 1147
face 0.013425618410110474 197 109 978 1147
face 0.012326061725616455 197 109 978 1147
face 0.011837482452392578 197 109 978 1147
face 0.011805832386016846 197 109 978 1147
face 0.011759251356124878 197 109 978 1147
face 0.011451810598373413 197 109 978 1147
face 0.011060178279876709 197 109 978 1147
face 0.010652422904968262 197 109 978 1147
face 0.010043293237686157 197 109 978 1147
face 0.009916484355926514 197 109 978 1147
face 0.008057832717895508 197 109 978 1147
face 0.008001714944839478 197 109 978 1147
face 0.007847487926483154 197 109 978 1147
face 0.007692962884902954 197 109 978 1147
face 0.007264941930770874 197 109 978 1147
face 0.007238954305648804 197 109 978 1147
face 0.006962835788726807 197 109 978 1147
face 0.006958633661270142 197 109 978 1147
face 0.006870687007904053 197 109 978 1147
face 0.00660252571105957 197 109 978 1147
face 0.006580382585525513 197 109 978 1147
face 0.006549477577209473 197 109 978 1147
face 0.006544321775436401 197 109 978 1147
face 0.006337791681289673 197 109 978 1147
face 0.006208062171936035 197 109 978 1147
face 0.006206244230270386 197 109 978 1147
face 0.006157934665679932 197 109 978 1147
face 0.006122946739196777 197 109 978 1147
face 0.0060434043407440186 197 109 978 1147
face 0.006005287170410156 197 109 978 1147
face 0.005900055170059204 197 109 978 1147
face 0.005823194980621338 197 109 978 1147
face 0.005784094333648682 197 109 978 1147
face 0.005737990140914917 197 109 978 1147
face 0.005675375461578369 197 109 978 1147
face 0.0055113136768341064 197 109 978 1147
face 0.005484402179718018 197 109 978 1147
face 0.005471140146255493 197 109 978 1147
face 0.005423307418823242 197 109 978 1147
face 0.005363374948501587 197 109 978 1147
face 0.00534665584564209 197 109 978 1147
face 0.005285024642944336 197 109 978 1147
face 0.005223184823989868 197 109 978 1147
face 0.005137354135513306 197 109 978 1147
face 0.0051017701625823975 197 109 978 1147
face 0.005048394203186035 197 109 978 1147
face 0.005015820264816284 197 109 978 1147
face 0.005012214183807373 197 109 978 1147
face 0.004988908767700195 197 109 978 1147
face 0.004974812269210815 197 109 978 1147
face 0.0049703121185302734 197 109 978 1147
face 0.004929184913635254 197 109 978 1147
face 0.004897266626358032 197 109 978 1147
face 0.004808604717254639 197 109 978 1147
face 0.004784196615219116 197 109 978 1147
face 0.004682689905166626 197 109 978 1147
face 0.004680633544921875 197 109 978 1147
face 0.004613429307937622 197 109 978 1147
face 0.00461152195930481 197 109 978 1147
face 0.004594355821609497 197 109 978 1147
face 0.004594326019287109 197 109 978 1147
face 0.004575848579406738 197 109 978 1147
face 0.004570871591567993 197 109 978 1147
face 0.00454828143119812 197 109 978 1147
face 0.0045441389083862305 197 109 978 1147
face 0.004533976316452026 197 109 978 1147
face 0.004527151584625244 197 109 978 1147
face 0.004454106092453003 197 109 978 1147
face 0.00444599986076355 197 109 978 1147
face 0.004431486129760742 197 109 978 1147
face 0.004382461309432983 197 109 978 1147
face 0.004343926906585693 197 109 978 1147
face 0.004321038722991943 197 109 978 1147
face 0.0043184757232666016 197 109 978 1147
face 0.004312753677368164 197 109 978 1147
face 0.0043100714683532715 197 109 978 1147
face 0.004294693470001221 197 109 978 1147
face 0.004285335540771484 197 109 978 1147
face 0.004270702600479126 197 109 978 1147
face 0.004229217767715454 197 109 978 1147
face 0.004217177629470825 197 109 978 1147
face 0.004191040992736816 197 109 978 1147
face 0.00416642427444458 197 109 978 1147
face 0.0041544437408447266 197 109 978 1147
face 0.004146009683609009 197 109 978 1147
face 0.004142463207244873 197 109 978 1147
face 0.00409543514251709 197 109 978 1147
face 0.00408327579498291 197 109 978 1147
face 0.004076749086380005 197 109 978 1147
face 0.004067122936248779 197 109 978 1147
face 0.003971725702285767 197 109 978 1147
face 0.003956615924835205 197 109 978 1147
face 0.003940939903259277 197 109 978 1147
face 0.003938585519790649 197 109 978 1147
face 0.003933817148208618 197 109 978 1147
face 0.00391051173210144 197 109 978 1147
face 0.0038853883743286133 197 109 978 1147
face 0.003869563341140747 197 109 978 1147
