face 0.9995964765548706 359 216 724 692
face 0.005250364542007446 359 216 724 692
face 0.0026179254055023193 359 216 724 692
face 0.0024152398109436035 359 216 724 692
face 0.0021665096282958984 359 216 724 692
face 0.0021619796752929688 359 216 724 692
face 0.002064615488052368 359 216 724 692
face 0.002025395631790161 359 216 724 692
face 0.0020218193531036377 359 216 724 692
face 0.0020122528076171875 359 216 724 692
face 0.0019109845161437988 359 216 724 692
face 0.0018368959426879883 359 216 724 692
face 0.001836538314819336 359 216 724 692
face 0.0018365085124969482 359 216 724 692
face 0.0017695426940917969 359 216 724 692
face 0.0017670691013336182 359 216 724 692
face 0.0016465485095977783 359 216 724 692
face 0.0015792250633239746 359 216 724 692
face 0.0015747547149658203 359 216 724 692
face 0.0015422999858856201 359 216 724 692
face 0.0015073418617248535 359 216 724 692
face 0.0014739036560058594 359 216 724 692
face 0.0014387965202331543 359 216 724 692
face 0.0013930201530456543 359 216 724 692
face 0.0013781189918518066 359 216 724 692
face 0.0013685822486877441 359 216 724 692
face 0.0013492405414581299 359 216 724 692
face 0.0013335049152374268 359 216 724 692
face 0.0013269484043121338 359 216 724 692
face 0.0013267993927001953 359 216 724 692
face 0.0013207793235778809 359 216 724 692
face 0.0013188421726226807 359 216 724 692
face 0.001305609941482544 359 216 724 692
face 0.0012865960597991943 359 216 724 692
face 0.0012606680393218994 359 216 724 692
face 0.0012455880641937256 359 216 724 692
face 0.0012407004833221436 359 216 724 692
face 0.0012341737747192383 359 216 724 692
face 0.0012219548225402832 359 216 724 692
face 0.00119742751121521 359 216 724 692
face 0.001189500093460083 359 216 724 692
face 0.0011882185935974121 359 216 724 692
face 0.0011852085590362549 359 216 724 692
face 0.0011818408966064453 359 216 724 692
face 0.0011809766292572021 359 216 724 692
face 0.0011704862117767334 359 216 724 692
face 0.001138240098953247 359 216 724 692
face 0.0011305809020996094 359 216 724 692
face 0.001124948263168335 359 216 724 692
face 0.0011145174503326416 359 216 724 692
face 0.0010991096496582031 359 216 724 692
face 0.001088649034500122 359 216 724 692
face 0.0010878145694732666 359 216 724 692
face 0.0010858476161956787 359 216 724 692
face 0.001084357500076294 359 216 724 692
face 0.0010839998722076416 359 216 724 692
face 0.0010769367218017578 359 216 724 692
face 0.00107574462890625 359 216 724 692
face 0.0010729730129241943 359 216 724 692
face 0.001067519187927246 359 216 724 692
face 0.0010589361190795898 359 216 724 692
face 0.0010486245155334473 359 216 724 692
face 0.0010439753532409668 359 216 724 692
face 0.0010313689708709717 359 216 724 692
face 0.0010275542736053467 359 216 724 692
face 0.0010261237621307373 359 216 724 692
face 0.0010247230529785156 359 216 724 692
face 0.0010226070880889893 359 216 724 692
face 0.0010210871696472168 359 216 724 692
face 0.0009854435920715332 359 216 724 692
face 0.0009752511978149414 359 216 724 692
face 0.0009730756282806396 359 216 724 692
face 0.0009720027446746826 359 216 724 692
face 0.0009701848030090332 359 216 724 692
face 0.0009655356407165527 359 216 724 692
face 0.0009566843509674072 359 216 724 692
face 0.0009508132934570312 359 216 724 692
face 0.0009483993053436279 359 216 724 692
face 0.0009469687938690186 359 216 724 692
face 0.0009465217590332031 359 216 724 692
face 0.0009285807609558105 359 216 724 692
face 0.0009251832962036133 359 216 724 692
face 0.0009210109710693359 359 216 724 692
face 0.0009135603904724121 359 216 724 692
face 0.0009118616580963135 359 216 724 692
face 0.0009081065654754639 359 216 724 692
face 0.0009073615074157715 359 216 724 692
face 0.0009066164493560791 359 216 724 692
face 0.0009055733680725098 359 216 724 692
face 0.0008848309516906738 359 216 724 692
face 0.0008727014064788818 359 216 724 692
face 0.0008709430694580078 359 216 724 692
face 0.0008701980113983154 359 216 724 692
face 0.0008696019649505615 359 216 724 692
face 0.0008666515350341797 359 216 724 692
face 0.0008626878261566162 359 216 724 692
face 0.0008584856986999512 359 216 724 692
face 0.0008496344089508057 359 216 724 692
face 0.0008425116539001465 359 216 724 692
face 0.0008304417133331299 359 216 724 692
