face 0.99802565574646 213 880 292 999
face 0.7824144959449768 420 162 690 501
face 0.03939017653465271 420 162 690 501
face 0.038280367851257324 420 162 690 501
face 0.03525349497795105 420 162 690 501
face 0.034331053495407104 420 162 690 501
face 0.03163859248161316 420 162 690 501
face 0.028328031301498413 420 162 690 501
face 0.027416497468948364 420 162 690 501
face 0.02649933099746704 420 162 690 501
face 0.026217281818389893 420 162 690 501
face 0.026196211576461792 420 162 690 501
face 0.023486226797103882 420 162 690 501
face 0.02335226535797119 420 162 690 501
face 0.02249932289123535 420 162 690 501
face 0.02155435085296631 420 162 690 501
face 0.02146238088607788 420 162 690 501
face 0.021277576684951782 420 162 690 501
face 0.02000752091407776 420 162 690 501
face 0.019534915685653687 420 162 690 501
face 0.018750935792922974 420 162 690 501
face 0.018459081649780273 420 162 690 501
face 0.018165946006774902 420 162 690 501
face 0.017860829830169678 420 162 690 501
face 0.017655491828918457 420 162 690 501
face 0.01737147569656372 420 162 690 501
face 0.01690584421157837 420 162 690 501
face 0.01657852530479431 420 162 690 501
face 0.01646488904953003 420 162 690 501
face 0.016313940286636353 420 162 690 501
face 0.016003072261810303 420 162 690 501
face 0.01589009165763855 420 162 690 501
face 0.01560121774673462 420 162 690 501
face 0.015470236539840698 420 162 690 501
face 0.015388727188110352 420 162 690 501
face 0.015314936637878418 420 162 690 501
face 0.015207171440124512 420 162 690 501
face 0.01514551043510437 420 162 690 501
face 0.014480024576187134 420 162 690 501
face 0.014130085706710815 420 162 690 501
face 0.013811737298965454 420 162 690 501
face 0.013753414154052734 420 162 690 501
face 0.013739675283432007 420 162 690 501
face 0.013598144054412842 420 162 690 501
face 0.013337522745132446 420 162 690 501
face 0.013049781322479248 420 162 690 501
face 0.01300308108329773 420 162 690 501
face 0.012751787900924683 420 162 690 501
face 0.012729793787002563 420 162 690 501
face 0.012716412544250488 420 162 690 501
face 0.012600153684616089 420 162 690 501
face 0.01255461573600769 420 162 690 501
face 0.012546658515930176 420 162 690 501
face 0.012460947036743164 420 162 690 501
face 0.012429267168045044 420 162 690 501
face 0.012365490198135376 420 162 690 501
face 0.012306064367294312 420 162 690 501
face 0.012237101793289185 420 162 690 501
face 0.012197375297546387 420 162 690 501
face 0.01217961311340332 420 162 690 501
face 0.01212078332901001 420 162 690 501
face 0.01199379563331604 420 162 690 501
face 0.011918574571609497 420 162 690 501
face 0.011886358261108398 420 162 690 501
face 0.011844485998153687 420 162 690 501
face 0.011842459440231323 420 162 690 501
face 0.011670023202896118 420 162 690 501
face 0.011566996574401855 420 162 690 501
face 0.011545330286026001 420 162 690 501
face 0.011478275060653687 420 162 690 501
face 0.011421412229537964 420 162 690 501
face 0.011376380920410156 420 162 690 501
face 0.011360645294189453 420 162 690 501
face 0.011350095272064209 420 162 690 501
face 0.01122257113456726 420 162 690 501
face 0.011122375726699829 420 162 690 501
face 0.011114180088043213 420 162 690 501
face 0.010881423950195312 420 162 690 501
face 0.010517865419387817 420 162 690 501
face 0.010480344295501709 420 162 690 501
face 0.010436028242111206 420 162 690 501
face 0.010394394397735596 420 162 690 501
face 0.010323375463485718 420 162 690 501
face 0.010249286890029907 420 162 690 501
face 0.010248303413391113 420 162 690 501
face 0.010182380676269531 420 162 690 501
face 0.010034501552581787 420 162 690 501
face 0.010007113218307495 420 162 690 501
face 0.01000317931175232 420 162 690 501
face 0.009962230920791626 420 162 690 501
face 0.009913504123687744 420 162 690 501
face 0.009808957576751709 420 162 690 501
face 0.009767472743988037 420 162 690 501
face 0.009764760732650757 420 162 690 501
face 0.009757786989212036 420 162 690 501
face 0.009743601083755493 420 162 690 501
face 0.009733378887176514 420 162 690 501
face 0.009704053401947021 420 162 690 501
face 0.00969606637954712 420 162 690 501
face 0.009570032358169556 420 162 690 501
