face 0.9762927293777466 354 178 618 510
face 0.01779496669769287 354 178 618 510
face 0.012194424867630005 354 178 618 510
face 0.010414063930511475 354 178 618 510
face 0.009748756885528564 354 178 618 510
face 0.008735448122024536 354 178 618 510
face 0.008097052574157715 354 178 618 510
face 0.007865220308303833 354 178 618 510
face 0.007629692554473877 354 178 618 510
face 0.00755736231803894 354 178 618 510
face 0.00633653998374939 354 178 618 510
face 0.005751490592956543 354 178 618 510
face 0.005604952573776245 354 178 618 510
face 0.005451172590255737 354 178 618 510
face 0.005258023738861084 354 178 618 510
face 0.00524333119392395 354 178 618 510
face 0.005164921283721924 354 178 618 510
face 0.005157351493835449 354 178 618 510
face 0.005061119794845581 354 178 618 510
face 0.005021125078201294 354 178 618 510
face 0.004968523979187012 354 178 618 510
face 0.004951894283294678 354 178 618 510
face 0.004917234182357788 354 178 618 510
face 0.004834294319152832 354 178 618 510
face 0.004681527614593506 354 178 618 510
face 0.004649162292480469 354 178 618 510
face 0.0046236515045166016 354 178 618 510
face 0.004622817039489746 354 178 618 510
face 0.004519432783126831 354 178 618 510
face 0.004512667655944824 354 178 618 510
face 0.004379391670227051 354 178 618 510
face 0.004312485456466675 354 178 618 510
face 0.004306584596633911 354 178 618 510
face 0.0042962729930877686 354 178 618 510
face 0.004285246133804321 354 178 618 510
face 0.004280418157577515 354 178 618 510
face 0.004232943058013916 354 178 618 510
face 0.004227280616760254 354 178 618 510
face 0.004144132137298584 354 178 618 510
face 0.0041210949420928955 354 178 618 510
face 0.00411418080329895 354 178 618 510
face 0.004110544919967651 354 178 618 510
face 0.004094421863555908 354 178 618 510
face 0.004063278436660767 354 178 618 510
face 0.004046618938446045 354 178 618 510
face 0.004015982151031494 354 178 618 510
face 0.003975898027420044 354 178 618 510
face 0.0039727091789245605 354 178 618 510
face 0.003955096006393433 354 178 618 510
face 0.003954857587814331 354 178 618 510
face 0.003936737775802612 354 178 618 510
face 0.003922939300537109 354 178 618 510
face 0.003914505243301392 354 178 618 510
face 0.003809332847595215 354 178 618 510
face 0.003783494234085083 354 178 618 510
face 0.003781348466873169 354 178 618 510
face 0.0037432610988616943 354 178 618 510
face 0.0036878883838653564 354 178 618 510
face 0.0036158859729766846 354 178 618 510
face 0.0035848915576934814 354 178 618 510
face 0.003502100706100464 354 178 618 510
face 0.0034730732440948486 354 178 618 510
face 0.003460913896560669 354 178 618 510
face 0.003456979990005493 354 178 618 510
face 0.0034352242946624756 354 178 618 510
face 0.0033891797065734863 354 178 618 510
face 0.0033798515796661377 354 178 618 510
face 0.003355741500854492 354 178 618 510
face 0.003350496292114258 354 178 618 510
face 0.0033437609672546387 354 178 618 510
face 0.0033388733863830566 354 178 618 510
face 0.0033184289932250977 354 178 618 510
face 0.0033117830753326416 354 178 618 510
face 0.0033055245876312256 354 178 618 510
face 0.0032476186752319336 354 178 618 510
face 0.0031965970993041992 354 178 618 510
face 0.003183335065841675 354 178 618 510
face 0.0031662583351135254 354 178 618 510
face 0.0031596720218658447 354 178 618 510
face 0.0031434595584869385 354 178 618 510
face 0.003139197826385498 354 178 618 510
face 0.0031363368034362793 354 178 618 510
face 0.003124833106994629 354 178 618 510
face 0.0030735135078430176 354 178 618 510
face 0.0030716359615325928 354 178 618 510
face 0.0030694007873535156 354 178 618 510
face 0.003032773733139038 354 178 618 510
face 0.0030250847339630127 354 178 618 510
face 0.0030085742473602295 354 178 618 510
face 0.003001481294631958 354 178 618 510
face 0.0029964447021484375 354 178 618 510
face 0.002988845109939575 354 178 618 510
face 0.0029678642749786377 354 178 618 510
face 0.0029618442058563232 354 178 618 510
face 0.002954334020614624 354 178 618 510
face 0.002937883138656616 354 178 618 510
face 0.002916991710662842 354 178 618 510
face 0.0029119253158569336 354 178 618 510
face 0.0029045939445495605 354 178 618 510
face 0.002892524003982544 354 178 618 510
