face 0.9969847202301025 370 150 424 236
face 0.9182131290435791 132 134 201 223
face 0.6987544894218445 682 166 745 248
face 0.02808353304862976 682 166 745 248
face 0.013670206069946289 682 166 745 248
face 0.012731432914733887 682 166 745 248
face 0.01211458444595337 682 166 745 248
face 0.011743485927581787 682 166 745 248
face 0.01114499568939209 682 166 745 248
face 0.009039074182510376 682 166 745 248
face 0.008567959070205688 682 166 745 248
face 0.008319348096847534 682 166 745 248
face 0.0077190399169921875 682 166 745 248
face 0.0068794190883636475 682 166 745 248
face 0.006785660982131958 682 166 745 248
face 0.006667524576187134 682 166 745 248
face 0.006596893072128296 682 166 745 248
face 0.006551027297973633 682 166 745 248
face 0.006547123193740845 682 166 745 248
face 0.0062271952629089355 682 166 745 248
face 0.006134837865829468 682 166 745 248
face 0.006134748458862305 682 166 745 248
face 0.0060488879680633545 682 166 745 248
face 0.005959808826446533 682 166 745 248
face 0.005708634853363037 682 166 745 248
face 0.005615711212158203 682 166 745 248
face 0.00558549165725708 682 166 745 248
face 0.005581259727478027 682 166 745 248
face 0.005580216646194458 682 166 745 248
face 0.005490005016326904 682 166 745 248
face 0.0054852962493896484 682 166 745 248
face 0.005408793687820435 682 166 745 248
face 0.005357176065444946 682 166 745 248
face 0.005311816930770874 682 166 745 248
face 0.005268514156341553 682 166 745 248
face 0.005122750997543335 682 166 745 248
face 0.004967868328094482 682 166 745 248
face 0.00484052300453186 682 166 745 248
face 0.004829853773117065 682 166 745 248
face 0.004805892705917358 682 166 745 248
face 0.004775971174240112 682 166 745 248
face 0.00470396876335144 682 166 745 248
face 0.004670143127441406 682 166 745 248
face 0.004597902297973633 682 166 745 248
face 0.0045392513275146484 682 166 745 248
face 0.004448503255844116 682 166 745 248
face 0.0043680667877197266 682 166 745 248
face 0.004325985908508301 682 166 745 248
face 0.004302471876144409 682 166 745 248
face 0.004237711429595947 682 166 745 248
face 0.004235267639160156 682 166 745 248
face 0.00419577956199646 682 166 745 248
face 0.00417599081993103 682 166 745 248
face 0.004163920879364014 682 166 745 248
face 0.004095733165740967 682 166 745 248
face 0.004092395305633545 682 166 745 248
face 0.004087239503860474 682 166 745 248
face 0.004079848527908325 682 166 745 248
face 0.004070192575454712 682 166 745 248
face 0.004042267799377441 682 166 745 248
face 0.004024296998977661 682 166 745 248
face 0.0040149688720703125 682 166 745 248
face 0.003884553909301758 682 166 745 248
face 0.003761976957321167 682 166 745 248
face 0.003728121519088745 682 166 745 248
face 0.003719896078109741 682 166 745 248
face 0.0037032663822174072 682 166 745 248
face 0.0036727488040924072 682 166 745 248
face 0.003587871789932251 682 166 745 248
face 0.003576606512069702 682 166 745 248
face 0.0035739243030548096 682 166 745 248
face 0.003553062677383423 682 166 745 248
face 0.003505021333694458 682 166 745 248
face 0.003497570753097534 682 166 745 248
face 0.0034956037998199463 682 166 745 248
face 0.0034776926040649414 682 166 745 248
face 0.003468632698059082 682 166 745 248
face 0.0034500956535339355 682 166 745 248
face 0.003417074680328369 682 166 745 248
face 0.0034152865409851074 682 166 745 248
face 0.003407210111618042 682 166 745 248
face 0.0034016668796539307 682 166 745 248
face 0.00338861346244812 682 166 745 248
face 0.003355085849761963 682 166 745 248
face 0.00333520770072937 682 166 745 248
face 0.003328263759613037 682 166 745 248
face 0.003325909376144409 682 166 745 248
face 0.0033141374588012695 682 166 745 248
face 0.0033072829246520996 682 166 745 248
face 0.0033032596111297607 682 166 745 248
face 0.003283679485321045 682 166 745 248
face 0.003266662359237671 682 166 745 248
face 0.003265291452407837 682 166 745 248
face 0.0032556354999542236 682 166 745 248
face 0.0032374560832977295 682 166 745 248
face 0.0032215416431427 682 166 745 248
face 0.003210306167602539 682 166 745 248
face 0.003207981586456299 682 166 745 248
face 0.0031996965408325195 682 166 745 248
face 0.003199368715286255 682 166 745 248
