face 0.958950400352478 350 158 597 468
face 0.016914069652557373 350 158 597 468
face 0.013979077339172363 350 158 597 468
face 0.011956483125686646 350 158 597 468
face 0.009989738464355469 350 158 597 468
face 0.008820384740829468 350 158 597 468
face 0.008528560400009155 350 158 597 468
face 0.007157474756240845 350 158 597 468
face 0.005796343088150024 350 158 597 468
face 0.005768030881881714 350 158 597 468
face 0.005423933267593384 350 158 597 468
face 0.005280941724777222 350 158 597 468
face 0.005043894052505493 350 158 597 468
face 0.004752993583679199 350 158 597 468
face 0.004644215106964111 350 158 597 468
face 0.004333764314651489 350 158 597 468
face 0.004235684871673584 350 158 597 468
face 0.004158645868301392 350 158 597 468
face 0.00411716103553772 350 158 597 468
face 0.004109472036361694 350 158 597 468
face 0.00391775369644165 350 158 597 468
face 0.003832608461380005 350 158 597 468
face 0.0038129985332489014 350 158 597 468
face 0.003802686929702759 350 158 597 468
face 0.0036640167236328125 350 158 597 468
face 0.003638625144958496 350 158 597 468
face 0.003623872995376587 350 158 597 468
face 0.003474682569503784 350 158 597 468
face 0.0034672319889068604 350 158 597 468
face 0.003452122211456299 350 158 597 468
face 0.0033370256423950195 350 158 597 468
face 0.0032897591590881348 350 158 597 468
face 0.003274857997894287 350 158 597 468
face 0.0032713711261749268 350 158 597 468
face 0.003133416175842285 350 158 597 468
face 0.003078758716583252 350 158 597 468
face 0.003013432025909424 350 158 597 468
face 0.003000408411026001 350 158 597 468
face 0.0029618144035339355 350 158 597 468
face 0.002943962812423706 350 158 597 468
face 0.0029227733612060547 350 158 597 468
face 0.0028330981731414795 350 158 597 468
face 0.002800166606903076 350 158 597 468
face 0.002759397029876709 350 158 597 468
face 0.0027588307857513428 350 158 597 468
face 0.002721846103668213 350 158 597 468
face 0.0026652514934539795 350 158 597 468
face 0.0026303529739379883 350 158 597 468
face 0.0025803744792938232 350 158 597 468
face 0.0025628209114074707 350 158 597 468
face 0.00255429744720459 350 158 597 468
face 0.0025201141834259033 350 158 597 468
face 0.0025146305561065674 350 158 597 468
face 0.002504020929336548 350 158 597 468
face 0.002501070499420166 350 158 597 468
face 0.002480447292327881 350 158 597 468
face 0.002477020025253296 350 158 597 468
face 0.0024327337741851807 350 158 597 468
face 0.0023918449878692627 350 158 597 468
face 0.0023910105228424072 350 158 597 468
face 0.002379387617111206 350 158 597 468
face 0.0023781955242156982 350 158 597 468
face 0.0023531317710876465 350 158 597 468
face 0.00232774019241333 350 158 597 468
face 0.00230291485786438 350 158 597 468
face 0.0022795796394348145 350 158 597 468
face 0.0022780001163482666 350 158 597 468
face 0.0022656619548797607 350 158 597 468
face 0.0022082924842834473 350 158 597 468
face 0.002173304557800293 350 158 597 468
face 0.0021729469299316406 350 158 597 468
face 0.0021709799766540527 350 158 597 468
face 0.0021615028381347656 350 158 597 468
face 0.002157747745513916 350 158 597 468
face 0.0021536052227020264 350 158 597 468
face 0.0021089017391204834 350 158 597 468
face 0.0020897388458251953 350 158 597 468
face 0.002078622579574585 350 158 597 468
face 0.002072453498840332 350 158 597 468
face 0.0020331740379333496 350 158 597 468
face 0.0020257532596588135 350 158 597 468
face 0.0019967854022979736 350 158 597 468
face 0.0019866526126861572 350 158 597 468
face 0.0019587278366088867 350 158 597 468
face 0.0019268989562988281 350 158 597 468
face 0.001922518014907837 350 158 597 468
face 0.0019160807132720947 350 158 597 468
face 0.0019049346446990967 350 158 597 468
face 0.0018834173679351807 350 158 597 468
face 0.0018810629844665527 350 158 597 468
face 0.0018766820430755615 350 158 597 468
face 0.0018658638000488281 350 158 597 468
face 0.0018620193004608154 350 158 597 468
face 0.0018613636493682861 350 158 597 468
face 0.0018557906150817871 350 158 597 468
face 0.0018154382705688477 350 158 597 468
face 0.0018144547939300537 350 158 597 468
face 0.001809537410736084 350 158 597 468
face 0.001801133155822754 350 158 597 468
face 0.0017986297607421875 350 158 597 468
