face 0.8206127882003784 955 460 967 478
face 0.736939549446106 576 452 587 472
face 0.40064090490341187 576 452 587 472
face 0.3698851466178894 576 452 587 472
face 0.2964276075363159 576 452 587 472
face 0.21259182691574097 576 452 587 472
face 0.1970776617527008 576 452 587 472
face 0.17772379517555237 576 452 587 472
face 0.16819655895233154 576 452 587 472
face 0.15477347373962402 576 452 587 472
face 0.1524946689605713 576 452 587 472
face 0.1476043164730072 576 452 587 472
face 0.12525945901870728 576 452 587 472
face 0.11436879634857178 576 452 587 472
face 0.11045998334884644 576 452 587 472
face 0.10025390982627869 576 452 587 472
face 0.09998396039009094 576 452 587 472
face 0.09881854057312012 576 452 587 472
face 0.08973386883735657 576 452 587 472
face 0.0867604911327362 576 452 587 472
face 0.08561906218528748 576 452 587 472
face 0.08245125412940979 576 452 587 472
face 0.07825425267219543 576 452 587 472
face 0.07557207345962524 576 452 587 472
face 0.0742635726928711 576 452 587 472
face 0.07313823699951172 576 452 587 472
face 0.07198071479797363 576 452 587 472
face 0.07055023312568665 576 452 587 472
face 0.06945660710334778 576 452 587 472
face 0.06922021508216858 576 452 587 472
face 0.06781795620918274 576 452 587 472
face 0.06494426727294922 576 452 587 472
face 0.06449466943740845 576 452 587 472
face 0.06391921639442444 576 452 587 472
face 0.06199440360069275 576 452 587 472
face 0.06180742383003235 576 452 587 472
face 0.06121724843978882 576 452 587 472
face 0.06095227599143982 576 452 587 472
face 0.06073713302612305 576 452 587 472
face 0.060639411211013794 576 452 587 472
face 0.05987054109573364 576 452 587 472
face 0.05915972590446472 576 452 587 472
face 0.058658093214035034 576 452 587 472
face 0.054395318031311035 576 452 587 472
face 0.0541454553604126 576 452 587 472
face 0.05355590581893921 576 452 587 472
face 0.05113974213600159 576 452 587 472
face 0.04716375470161438 576 452 587 472
face 0.04675281047821045 576 452 587 472
face 0.04660552740097046 576 452 587 472
face 0.04631325602531433 576 452 587 472
face 0.0448911190032959 576 452 587 472
face 0.04325637221336365 576 452 587 472
face 0.04318046569824219 576 452 587 472
face 0.040854960680007935 576 452 587 472
face 0.04077371954917908 576 452 587 472
face 0.04074105620384216 576 452 587 472
face 0.03860899806022644 576 452 587 472
face 0.03730422258377075 576 452 587 472
face 0.03497910499572754 576 452 587 472
face 0.034095555543899536 576 452 587 472
face 0.033580631017684937 576 452 587 472
face 0.033453404903411865 576 452 587 472
face 0.03257960081100464 576 452 587 472
face 0.03227439522743225 576 452 587 472
face 0.031355857849121094 576 452 587 472
face 0.03075888752937317 576 452 587 472
face 0.030268192291259766 576 452 587 472
face 0.03026527166366577 576 452 587 472
face 0.029865533113479614 576 452 587 472
face 0.02961719036102295 576 452 587 472
face 0.029568344354629517 576 452 587 472
face 0.028255730867385864 576 452 587 472
face 0.028243571519851685 576 452 587 472
face 0.027784883975982666 576 452 587 472
face 0.027583688497543335 576 452 587 472
face 0.026470273733139038 576 452 587 472
face 0.026290535926818848 576 452 587 472
face 0.025302588939666748 576 452 587 472
face 0.02288818359375 576 452 587 472
face 0.022548586130142212 576 452 587 472
face 0.022126346826553345 576 452 587 472
face 0.021865099668502808 576 452 587 472
face 0.021728187799453735 576 452 587 472
face 0.021431058645248413 576 452 587 472
face 0.021165668964385986 576 452 587 472
face 0.021030336618423462 576 452 587 472
face 0.02029755711555481 576 452 587 472
face 0.02027583122253418 576 452 587 472
face 0.019864410161972046 576 452 587 472
face 0.019595414400100708 576 452 587 472
face 0.019199013710021973 576 452 587 472
face 0.017950505018234253 576 452 587 472
face 0.017845213413238525 576 452 587 472
face 0.017315328121185303 576 452 587 472
face 0.01719224452972412 576 452 587 472
face 0.01689329743385315 576 452 587 472
face 0.01579168438911438 576 452 587 472
face 0.015655070543289185 576 452 587 472
face 0.015642404556274414 576 452 587 472
