face 0.9832831025123596 164 252 193 288
face 0.9317768216133118 400 276 418 296
face 0.867033839225769 686 189 715 224
face 0.8466885089874268 5 371 21 394
face 0.8247020244598389 62 304 80 328
face 0.7220711708068848 789 335 801 352
face 0.6848684549331665 564 307 576 324
face 0.6410186290740967 518 291 534 312
face 0.5022900104522705 411 489 432 510
face 0.43152952194213867 411 489 432 510
face 0.4294433295726776 411 489 432 510
face 0.4254448413848877 411 489 432 510
face 0.42079612612724304 411 489 432 510
face 0.4129970073699951 411 489 432 510
face 0.3607560396194458 411 489 432 510
face 0.2822211980819702 411 489 432 510
face 0.2638610303401947 411 489 432 510
face 0.1745995283126831 411 489 432 510
face 0.17439261078834534 411 489 432 510
face 0.1739770770072937 411 489 432 510
face 0.1713254749774933 411 489 432 510
face 0.16696372628211975 411 489 432 510
face 0.15039855241775513 411 489 432 510
face 0.14902731776237488 411 489 432 510
face 0.13974690437316895 411 489 432 510
face 0.13945648074150085 411 489 432 510
face 0.12490501999855042 411 489 432 510
face 0.12202969193458557 411 489 432 510
face 0.10311555862426758 411 489 432 510
face 0.09810280799865723 411 489 432 510
face 0.09655553102493286 411 489 432 510
face 0.09565237164497375 411 489 432 510
face 0.09007659554481506 411 489 432 510
face 0.0834355354309082 411 489 432 510
face 0.08015435934066772 411 489 432 510
face 0.07981711626052856 411 489 432 510
face 0.07819938659667969 411 489 432 510
face 0.07599374651908875 411 489 432 510
face 0.07509440183639526 411 489 432 510
face 0.07385995984077454 411 489 432 510
face 0.07188168168067932 411 489 432 510
face 0.06910082697868347 411 489 432 510
face 0.06908395886421204 411 489 432 510
face 0.06886157393455505 411 489 432 510
face 0.0677216649055481 411 489 432 510
face 0.06528133153915405 411 489 432 510
face 0.06515449285507202 411 489 432 510
face 0.06395834684371948 411 489 432 510
face 0.0611041784286499 411 489 432 510
face 0.06075328588485718 411 489 432 510
face 0.060289591550827026 411 489 432 510
face 0.05764913558959961 411 489 432 510
face 0.05557498335838318 411 489 432 510
face 0.054874151945114136 411 489 432 510
face 0.05224478244781494 411 489 432 510
face 0.052016109228134155 411 489 432 510
face 0.05173727869987488 411 489 432 510
face 0.05079427361488342 411 489 432 510
face 0.05029293894767761 411 489 432 510
face 0.05010175704956055 411 489 432 510
face 0.04849737882614136 411 489 432 510
face 0.04601466655731201 411 489 432 510
face 0.04357883334159851 411 489 432 510
face 0.04341113567352295 411 489 432 510
face 0.04240944981575012 411 489 432 510
face 0.03905510902404785 411 489 432 510
face 0.03811362385749817 411 489 432 510
face 0.037550508975982666 411 489 432 510
face 0.036572009325027466 411 489 432 510
face 0.035285621881484985 411 489 432 510
face 0.03483551740646362 411 489 432 510
face 0.034403830766677856 411 489 432 510
face 0.034248918294906616 411 489 432 510
face 0.03255683183670044 411 489 432 510
face 0.02846527099609375 411 489 432 510
face 0.028159648180007935 411 489 432 510
face 0.026690632104873657 411 489 432 510
face 0.02667778730392456 411 489 432 510
face 0.02657681703567505 411 489 432 510
face 0.02648395299911499 411 489 432 510
face 0.02522444725036621 411 489 432 510
face 0.02521398663520813 411 489 432 510
face 0.02471381425857544 411 489 432 510
face 0.024012207984924316 411 489 432 510
face 0.02367284893989563 411 489 432 510
face 0.023326784372329712 411 489 432 510
face 0.02323281764984131 411 489 432 510
face 0.02304750680923462 411 489 432 510
face 0.022991657257080078 411 489 432 510
face 0.021814823150634766 411 489 432 510
face 0.021257102489471436 411 489 432 510
face 0.020548969507217407 411 489 432 510
face 0.02032676339149475 411 489 432 510
face 0.019974976778030396 411 489 432 510
face 0.018842190504074097 411 489 432 510
face 0.018610835075378418 411 489 432 510
face 0.018421947956085205 411 489 432 510
face 0.017964482307434082 411 489 432 510
face 0.017433136701583862 411 489 432 510
face 0.016972243785858154 411 489 432 510
