face 0.9993923902511597 389 23 431 85
face 0.9809917211532593 517 221 587 302
face 0.9154078364372253 483 19 523 80
face 0.8966357707977295 212 9 255 78
face 0.7275547981262207 47 1 98 51
face 0.6814056634902954 284 262 343 340
face 0.5904607772827148 886 189 983 314
face 0.15779951214790344 886 189 983 314
face 0.10062623023986816 886 189 983 314
face 0.07974189519882202 886 189 983 314
face 0.0728047788143158 886 189 983 314
face 0.053649723529815674 886 189 983 314
face 0.048818349838256836 886 189 983 314
face 0.048609018325805664 886 189 983 314
face 0.04857274889945984 886 189 983 314
face 0.048469752073287964 886 189 983 314
face 0.04451113939285278 886 189 983 314
face 0.041990578174591064 886 189 983 314
face 0.041805922985076904 886 189 983 314
face 0.04143694043159485 886 189 983 314
face 0.0383983850479126 886 189 983 314
face 0.036623209714889526 886 189 983 314
face 0.0344967246055603 886 189 983 314
face 0.03387811779975891 886 189 983 314
face 0.03264862298965454 886 189 983 314
face 0.03185960650444031 886 189 983 314
face 0.031801432371139526 886 189 983 314
face 0.031058043241500854 886 189 983 314
face 0.03091341257095337 886 189 983 314
face 0.03014141321182251 886 189 983 314
face 0.030131012201309204 886 189 983 314
face 0.029865115880966187 886 189 983 314
face 0.029648631811141968 886 189 983 314
face 0.029465168714523315 886 189 983 314
face 0.028653591871261597 886 189 983 314
face 0.028575986623764038 886 189 983 314
face 0.028422504663467407 886 189 983 314
face 0.02825036644935608 886 189 983 314
face 0.026535451412200928 886 189 983 314
face 0.026437461376190186 886 189 983 314
face 0.02605438232421875 886 189 983 314
face 0.02513948082923889 886 189 983 314
face 0.024586588144302368 886 189 983 314
face 0.023162901401519775 886 189 983 314
face 0.02175202965736389 886 189 983 314
face 0.02156895399093628 886 189 983 314
face 0.02135404944419861 886 189 983 314
face 0.021244466304779053 886 189 983 314
face 0.020359069108963013 886 189 983 314
face 0.01988762617111206 886 189 983 314
face 0.01972132921218872 886 189 983 314
face 0.01950201392173767 886 189 983 314
face 0.019449055194854736 886 189 983 314
face 0.01896953582763672 886 189 983 314
face 0.018661588430404663 886 189 983 314
face 0.018542468547821045 886 189 983 314
face 0.018347501754760742 886 189 983 314
face 0.01821291446685791 886 189 983 314
face 0.01815512776374817 886 189 983 314
face 0.017944127321243286 886 189 983 314
face 0.017933756113052368 886 189 983 314
face 0.017898350954055786 886 189 983 314
face 0.017705976963043213 886 189 983 314
face 0.01767122745513916 886 189 983 314
face 0.01745021343231201 886 189 983 314
face 0.016975343227386475 886 189 983 314
face 0.016971230506896973 886 189 983 314
face 0.016908377408981323 886 189 983 314
face 0.016901522874832153 886 189 983 314
face 0.016884982585906982 886 189 983 314
face 0.016824722290039062 886 189 983 314
face 0.01674899458885193 886 189 983 314
face 0.016697317361831665 886 189 983 314
face 0.01663285493850708 886 189 983 314
face 0.016594111919403076 886 189 983 314
face 0.01658344268798828 886 189 983 314
face 0.01615321636199951 886 189 983 314
face 0.016129255294799805 886 189 983 314
face 0.01611107587814331 886 189 983 314
face 0.01610204577445984 886 189 983 314
face 0.01582905650138855 886 189 983 314
face 0.01564037799835205 886 189 983 314
face 0.01563224196434021 886 189 983 314
face 0.015499740839004517 886 189 983 314
face 0.01537853479385376 886 189 983 314
face 0.015210211277008057 886 189 983 314
face 0.015003293752670288 886 189 983 314
face 0.014753103256225586 886 189 983 314
face 0.014692634344100952 886 189 983 314
face 0.01469150185585022 886 189 983 314
face 0.014681071043014526 886 189 983 314
face 0.014641433954238892 886 189 983 314
face 0.014636874198913574 886 189 983 314
face 0.01455715298652649 886 189 983 314
face 0.014267891645431519 886 189 983 314
face 0.014186948537826538 886 189 983 314
face 0.014186322689056396 886 189 983 314
face 0.014183372259140015 886 189 983 314
face 0.014137595891952515 886 189 983 314
face 0.01395222544670105 886 189 983 314
