face 0.9373077750205994 479 540 660 787
face 0.7455441951751709 395 198 516 371
face 0.011001557111740112 395 198 516 371
face 0.01046702265739441 395 198 516 371
face 0.009118139743804932 395 198 516 371
face 0.007081955671310425 395 198 516 371
face 0.007080495357513428 395 198 516 371
face 0.0070642828941345215 395 198 516 371
face 0.006568640470504761 395 198 516 371
face 0.006075024604797363 395 198 516 371
face 0.00605398416519165 395 198 516 371
face 0.0057059526443481445 395 198 516 371
face 0.005351811647415161 395 198 516 371
face 0.004976838827133179 395 198 516 371
face 0.004877626895904541 395 198 516 371
face 0.004536271095275879 395 198 516 371
face 0.004519015550613403 395 198 516 371
face 0.00448039174079895 395 198 516 371
face 0.004270762205123901 395 198 516 371
face 0.004245579242706299 395 198 516 371
face 0.004196912050247192 395 198 516 371
face 0.004141300916671753 395 198 516 371
face 0.0038732290267944336 395 198 516 371
face 0.0038579702377319336 395 198 516 371
face 0.003812640905380249 395 198 516 371
face 0.0037871897220611572 395 198 516 371
face 0.0037740767002105713 395 198 516 371
face 0.0037648677825927734 395 198 516 371
face 0.003684103488922119 395 198 516 371
face 0.0036717355251312256 395 198 516 371
face 0.00363922119140625 395 198 516 371
face 0.0036223232746124268 395 198 516 371
face 0.0035867393016815186 395 198 516 371
face 0.0035707950592041016 395 198 516 371
face 0.003567725419998169 395 198 516 371
face 0.003541707992553711 395 198 516 371
face 0.0035403668880462646 395 198 516 371
face 0.003352552652359009 395 198 516 371
face 0.0033482611179351807 395 198 516 371
face 0.0033089518547058105 395 198 516 371
face 0.0033042430877685547 395 198 516 371
face 0.0032885074615478516 395 198 516 371
face 0.003228992223739624 395 198 516 371
face 0.0031507909297943115 395 198 516 371
face 0.003145933151245117 395 198 516 371
face 0.0030837655067443848 395 198 516 371
face 0.0030702948570251465 395 198 516 371
face 0.0030327141284942627 395 198 516 371
face 0.0029982328414916992 395 198 516 371
face 0.0029864609241485596 395 198 516 371
face 0.002974003553390503 395 198 516 371
face 0.0029681921005249023 395 198 516 371
face 0.0029601454734802246 395 198 516 371
face 0.002952009439468384 395 198 516 371
face 0.002836674451828003 395 198 516 371
face 0.002811133861541748 395 198 516 371
face 0.0027904212474823 395 198 516 371
face 0.002784937620162964 395 198 516 371
face 0.0027835071086883545 395 198 516 371
face 0.0027722716331481934 395 198 516 371
face 0.0027596354484558105 395 198 516 371
face 0.0027514398097991943 395 198 516 371
face 0.002707928419113159 395 198 516 371
face 0.002688169479370117 395 198 516 371
face 0.002675950527191162 395 198 516 371
face 0.002663165330886841 395 198 516 371
face 0.002649068832397461 395 198 516 371
face 0.002641826868057251 395 198 516 371
face 0.0026217997074127197 395 198 516 371
face 0.0026052892208099365 395 198 516 371
face 0.002593696117401123 395 198 516 371
face 0.0025931894779205322 395 198 516 371
face 0.002582937479019165 395 198 516 371
face 0.002557694911956787 395 198 516 371
face 0.0025485455989837646 395 198 516 371
face 0.0025399625301361084 395 198 516 371
face 0.002536594867706299 395 198 516 371
face 0.002515345811843872 395 198 516 371
face 0.00250244140625 395 198 516 371
face 0.002478569746017456 395 198 516 371
face 0.002476602792739868 395 198 516 371
face 0.0024479925632476807 395 198 516 371
face 0.0024265050888061523 395 198 516 371
face 0.0023961663246154785 395 198 516 371
face 0.0023869574069976807 395 198 516 371
face 0.002368152141571045 395 198 516 371
face 0.0023473799228668213 395 198 516 371
face 0.00232502818107605 395 198 516 371
face 0.00232049822807312 395 198 516 371
face 0.002286255359649658 395 198 516 371
face 0.0022766590118408203 395 198 516 371
face 0.0022743940353393555 395 198 516 371
face 0.002273768186569214 395 198 516 371
face 0.0022645890712738037 395 198 516 371
face 0.002263695001602173 395 198 516 371
face 0.002260953187942505 395 198 516 371
face 0.002240896224975586 395 198 516 371
face 0.0022351741790771484 395 198 516 371
face 0.002225905656814575 395 198 516 371
face 0.0022125840187072754 395 198 516 371
