face 0.9996320009231567 278 98 317 142
face 0.9980286955833435 731 126 765 166
face 0.9495003819465637 906 167 947 206
face 0.942205548286438 126 107 159 152
face 0.7157823443412781 427 114 461 154
face 0.661928653717041 580 162 608 196
face 0.659065842628479 577 147 608 186
face 0.504900336265564 551 205 575 237
face 0.1032203733921051 551 205 575 237
face 0.06769520044326782 551 205 575 237
face 0.061252981424331665 551 205 575 237
face 0.05780214071273804 551 205 575 237
face 0.05704715847969055 551 205 575 237
face 0.04277396202087402 551 205 575 237
face 0.04081025719642639 551 205 575 237
face 0.030347168445587158 551 205 575 237
face 0.022389233112335205 551 205 575 237
face 0.02238669991493225 551 205 575 237
face 0.020948082208633423 551 205 575 237
face 0.018527716398239136 551 205 575 237
face 0.018479496240615845 551 205 575 237
face 0.01617369055747986 551 205 575 237
face 0.014641523361206055 551 205 575 237
face 0.014358997344970703 551 205 575 237
face 0.01196521520614624 551 205 575 237
face 0.011739879846572876 551 205 575 237
face 0.011062294244766235 551 205 575 237
face 0.010492146015167236 551 205 575 237
face 0.010484784841537476 551 205 575 237
face 0.009686321020126343 551 205 575 237
face 0.009517937898635864 551 205 575 237
face 0.009410977363586426 551 205 575 237
face 0.009339451789855957 551 205 575 237
face 0.008263081312179565 551 205 575 237
face 0.008108913898468018 551 205 575 237
face 0.007880836725234985 551 205 575 237
face 0.007749885320663452 551 205 575 237
face 0.007569074630737305 551 205 575 237
face 0.0068396031856536865 551 205 575 237
face 0.0067198872566223145 551 205 575 237
face 0.006620347499847412 551 205 575 237
face 0.006226003170013428 551 205 575 237
face 0.006169170141220093 551 205 575 237
face 0.006079226732254028 551 205 575 237
face 0.006018906831741333 551 205 575 237
face 0.005755513906478882 551 205 575 237
face 0.00551113486289978 551 205 575 237
face 0.00543445348739624 551 205 575 237
face 0.005323201417922974 551 205 575 237
face 0.005291759967803955 551 205 575 237
face 0.0051205456256866455 551 205 575 237
face 0.005023300647735596 551 205 575 237
face 0.004683434963226318 551 205 575 237
face 0.004648655652999878 551 205 575 237
face 0.004556894302368164 551 205 575 237
face 0.004489868879318237 551 205 575 237
face 0.004404902458190918 551 205 575 237
face 0.004223465919494629 551 205 575 237
face 0.004164159297943115 551 205 575 237
face 0.004041761159896851 551 205 575 237
face 0.004007220268249512 551 205 575 237
face 0.00381392240524292 551 205 575 237
face 0.0037491023540496826 551 205 575 237
face 0.003690361976623535 551 205 575 237
face 0.0036741793155670166 551 205 575 237
face 0.0036267340183258057 551 205 575 237
face 0.00359305739402771 551 205 575 237
face 0.0035930275917053223 551 205 575 237
face 0.0032900869846343994 551 205 575 237
face 0.0032017529010772705 551 205 575 237
face 0.0031842589378356934 551 205 575 237
face 0.0031692087650299072 551 205 575 237
face 0.0031629204750061035 551 205 575 237
face 0.003157287836074829 551 205 575 237
face 0.00313645601272583 551 205 575 237
face 0.003112494945526123 551 205 575 237
face 0.003107726573944092 551 205 575 237
face 0.0030272603034973145 551 205 575 237
face 0.0030005574226379395 551 205 575 237
face 0.0029910802841186523 551 205 575 237
face 0.0029808878898620605 551 205 575 237
face 0.002959132194519043 551 205 575 237
face 0.0028893649578094482 551 205 575 237
face 0.002884596586227417 551 205 575 237
face 0.002790898084640503 551 205 575 237
face 0.0027394890785217285 551 205 575 237
face 0.002716153860092163 551 205 575 237
face 0.002675175666809082 551 205 575 237
face 0.0026726126670837402 551 205 575 237
face 0.0026491284370422363 551 205 575 237
face 0.00261765718460083 551 205 575 237
face 0.002616405487060547 551 205 575 237
face 0.0026085376739501953 551 205 575 237
face 0.0025680065155029297 551 205 575 237
face 0.0025676488876342773 551 205 575 237
face 0.0025663673877716064 551 205 575 237
face 0.0025659799575805664 551 205 575 237
face 0.0024757683277130127 551 205 575 237
face 0.0024430453777313232 551 205 575 237
face 0.0024232566356658936 551 205 575 237
