face 0.9841100573539734 82 124 102 150
face 0.9790166616439819 269 143 288 169
face 0.8493878841400146 690 122 701 136
face 0.7827975153923035 456 134 470 150
face 0.635798990726471 752 242 760 254
face 0.1389235556125641 752 242 760 254
face 0.12457138299942017 752 242 760 254
face 0.11196267604827881 752 242 760 254
face 0.1046842634677887 752 242 760 254
face 0.1010352373123169 752 242 760 254
face 0.09856724739074707 752 242 760 254
face 0.09769055247306824 752 242 760 254
face 0.09646397829055786 752 242 760 254
face 0.0737130343914032 752 242 760 254
face 0.06565245985984802 752 242 760 254
face 0.05812031030654907 752 242 760 254
face 0.05287492275238037 752 242 760 254
face 0.05207717418670654 752 242 760 254
face 0.05107715725898743 752 242 760 254
face 0.03912457823753357 752 242 760 254
face 0.03499487042427063 752 242 760 254
face 0.030749797821044922 752 242 760 254
face 0.02355778217315674 752 242 760 254
face 0.022519022226333618 752 242 760 254
face 0.022206872701644897 752 242 760 254
face 0.01847979426383972 752 242 760 254
face 0.017558306455612183 752 242 760 254
face 0.016650885343551636 752 242 760 254
face 0.015781521797180176 752 242 760 254
face 0.015013366937637329 752 242 760 254
face 0.014886736869812012 752 242 760 254
face 0.014819085597991943 752 242 760 254
face 0.013740599155426025 752 242 760 254
face 0.013431251049041748 752 242 760 254
face 0.013253390789031982 752 242 760 254
face 0.012784957885742188 752 242 760 254
face 0.012200474739074707 752 242 760 254
face 0.011627197265625 752 242 760 254
face 0.011502563953399658 752 242 760 254
face 0.011362195014953613 752 242 760 254
face 0.0103798508644104 752 242 760 254
face 0.010342210531234741 752 242 760 254
face 0.010274022817611694 752 242 760 254
face 0.009231209754943848 752 242 760 254
face 0.009079813957214355 752 242 760 254
face 0.00883832573890686 752 242 760 254
face 0.0084153413772583 752 242 760 254
face 0.008388519287109375 752 242 760 254
face 0.008264273405075073 752 242 760 254
face 0.007990479469299316 752 242 760 254
face 0.007634580135345459 752 242 760 254
face 0.007632434368133545 752 242 760 254
face 0.007618904113769531 752 242 760 254
face 0.0075019001960754395 752 242 760 254
face 0.007491439580917358 752 242 760 254
face 0.007251918315887451 752 242 760 254
face 0.007058054208755493 752 242 760 254
face 0.006976336240768433 752 242 760 254
face 0.0068092942237854 752 242 760 254
face 0.006640732288360596 752 242 760 254
face 0.006257683038711548 752 242 760 254
face 0.006256133317947388 752 242 760 254
face 0.006247460842132568 752 242 760 254
face 0.006215900182723999 752 242 760 254
face 0.006130129098892212 752 242 760 254
face 0.0059920549392700195 752 242 760 254
face 0.005876213312149048 752 242 760 254
face 0.0058654844760894775 752 242 760 254
face 0.005666911602020264 752 242 760 254
face 0.005581557750701904 752 242 760 254
face 0.005427509546279907 752 242 760 254
face 0.005382269620895386 752 242 760 254
face 0.005341947078704834 752 242 760 254
face 0.005290865898132324 752 242 760 254
face 0.00524747371673584 752 242 760 254
face 0.005102574825286865 752 242 760 254
face 0.005102276802062988 752 242 760 254
face 0.004905194044113159 752 242 760 254
face 0.0048750340938568115 752 242 760 254
face 0.0048722028732299805 752 242 760 254
face 0.004835158586502075 752 242 760 254
face 0.004584789276123047 752 242 760 254
face 0.004580795764923096 752 242 760 254
face 0.004290789365768433 752 242 760 254
face 0.004250705242156982 752 242 760 254
face 0.004250586032867432 752 242 760 254
face 0.004210352897644043 752 242 760 254
face 0.004199504852294922 752 242 760 254
face 0.004128158092498779 752 242 760 254
face 0.004123866558074951 752 242 760 254
face 0.004119515419006348 752 242 760 254
face 0.004051178693771362 752 242 760 254
face 0.0038826167583465576 752 242 760 254
face 0.0038675665855407715 752 242 760 254
face 0.0038144290447235107 752 242 760 254
face 0.003707319498062134 752 242 760 254
face 0.0035915374755859375 752 242 760 254
face 0.00357016921043396 752 242 760 254
face 0.0035035908222198486 752 242 760 254
face 0.0034050941467285156 752 242 760 254
