face 0.999199628829956 429 138 467 190
face 0.9911049604415894 188 154 228 213
face 0.9832899570465088 599 147 640 201
face 0.9584115743637085 318 157 358 208
face 0.6045268774032593 730 135 773 189
face 0.05448982119560242 730 135 773 189
face 0.04848295450210571 730 135 773 189
face 0.04176241159439087 730 135 773 189
face 0.027158379554748535 730 135 773 189
face 0.02631664276123047 730 135 773 189
face 0.025894463062286377 730 135 773 189
face 0.02519586682319641 730 135 773 189
face 0.019029080867767334 730 135 773 189
face 0.01868879795074463 730 135 773 189
face 0.017663180828094482 730 135 773 189
face 0.016492903232574463 730 135 773 189
face 0.016179054975509644 730 135 773 189
face 0.014208614826202393 730 135 773 189
face 0.013581573963165283 730 135 773 189
face 0.013529211282730103 730 135 773 189
face 0.012932628393173218 730 135 773 189
face 0.012849241495132446 730 135 773 189
face 0.012819528579711914 730 135 773 189
face 0.012692362070083618 730 135 773 189
face 0.012367606163024902 730 135 773 189
face 0.012168705463409424 730 135 773 189
face 0.011420786380767822 730 135 773 189
face 0.01031598448753357 730 135 773 189
face 0.009957432746887207 730 135 773 189
face 0.00980183482170105 730 135 773 189
face 0.009414434432983398 730 135 773 189
face 0.009221941232681274 730 135 773 189
face 0.009005814790725708 730 135 773 189
face 0.008899122476577759 730 135 773 189
face 0.008690685033798218 730 135 773 189
face 0.008248776197433472 730 135 773 189
face 0.008026182651519775 730 135 773 189
face 0.007970869541168213 730 135 773 189
face 0.0071915388107299805 730 135 773 189
face 0.007150053977966309 730 135 773 189
face 0.007082611322402954 730 135 773 189
face 0.006954669952392578 730 135 773 189
face 0.006899476051330566 730 135 773 189
face 0.006854593753814697 730 135 773 189
face 0.0066450536251068115 730 135 773 189
face 0.0064494311809539795 730 135 773 189
face 0.006358981132507324 730 135 773 189
face 0.006277322769165039 730 135 773 189
face 0.006181657314300537 730 135 773 189
face 0.006098926067352295 730 135 773 189
face 0.006002098321914673 730 135 773 189
face 0.005994647741317749 730 135 773 189
face 0.005869030952453613 730 135 773 189
face 0.0057118237018585205 730 135 773 189
face 0.005679726600646973 730 135 773 189
face 0.005670309066772461 730 135 773 189
face 0.00556570291519165 730 135 773 189
face 0.005454838275909424 730 135 773 189
face 0.005400806665420532 730 135 773 189
face 0.005365103483200073 730 135 773 189
face 0.005346626043319702 730 135 773 189
face 0.005249589681625366 730 135 773 189
face 0.0051760077476501465 730 135 773 189
face 0.0051308274269104 730 135 773 189
face 0.004901409149169922 730 135 773 189
face 0.00488695502281189 730 135 773 189
face 0.004868924617767334 730 135 773 189
face 0.0048535168170928955 730 135 773 189
face 0.004825025796890259 730 135 773 189
face 0.0046430230140686035 730 135 773 189
face 0.00461229681968689 730 135 773 189
face 0.004567950963973999 730 135 773 189
face 0.004527032375335693 730 135 773 189
face 0.004488915205001831 730 135 773 189
face 0.004473984241485596 730 135 773 189
face 0.004472196102142334 730 135 773 189
face 0.004467695951461792 730 135 773 189
face 0.004401475191116333 730 135 773 189
face 0.004344135522842407 730 135 773 189
face 0.004275232553482056 730 135 773 189
face 0.004187643527984619 730 135 773 189
face 0.004074513912200928 730 135 773 189
face 0.004059106111526489 730 135 773 189
face 0.004039168357849121 730 135 773 189
face 0.003998845815658569 730 135 773 189
face 0.003914982080459595 730 135 773 189
face 0.0038820207118988037 730 135 773 189
face 0.003848522901535034 730 135 773 189
face 0.003831803798675537 730 135 773 189
face 0.0038179755210876465 730 135 773 189
face 0.0038098692893981934 730 135 773 189
face 0.0037938952445983887 730 135 773 189
face 0.0037907660007476807 730 135 773 189
face 0.003721684217453003 730 135 773 189
face 0.003652811050415039 730 135 773 189
face 0.003643125295639038 730 135 773 189
face 0.003603219985961914 730 135 773 189
face 0.0035920441150665283 730 135 773 189
face 0.003556549549102783 730 135 773 189
face 0.0035123229026794434 730 135 773 189
