face 0.9835455417633057 888 78 925 121
face 0.9554592370986938 83 52 115 92
face 0.7997099161148071 724 81 746 112
face 0.5844124555587769 650 94 668 118
face 0.4663824737071991 650 94 668 118
face 0.44219380617141724 650 94 668 118
face 0.26394975185394287 650 94 668 118
face 0.255440890789032 650 94 668 118
face 0.24637266993522644 650 94 668 118
face 0.19943425059318542 650 94 668 118
face 0.17865991592407227 650 94 668 118
face 0.15130895376205444 650 94 668 118
face 0.14097169041633606 650 94 668 118
face 0.13210409879684448 650 94 668 118
face 0.11301293969154358 650 94 668 118
face 0.10049030184745789 650 94 668 118
face 0.09895560145378113 650 94 668 118
face 0.09671878814697266 650 94 668 118
face 0.08364841341972351 650 94 668 118
face 0.0717366635799408 650 94 668 118
face 0.07126408815383911 650 94 668 118
face 0.06915342807769775 650 94 668 118
face 0.06817090511322021 650 94 668 118
face 0.06696218252182007 650 94 668 118
face 0.06688299775123596 650 94 668 118
face 0.06586280465126038 650 94 668 118
face 0.06565812230110168 650 94 668 118
face 0.06557422876358032 650 94 668 118
face 0.06537491083145142 650 94 668 118
face 0.06520310044288635 650 94 668 118
face 0.06430515646934509 650 94 668 118
face 0.060439616441726685 650 94 668 118
face 0.05657365918159485 650 94 668 118
face 0.056370049715042114 650 94 668 118
face 0.05629372596740723 650 94 668 118
face 0.05500349402427673 650 94 668 118
face 0.0544467568397522 650 94 668 118
face 0.05423659086227417 650 94 668 118
face 0.05374830961227417 650 94 668 118
face 0.05283695459365845 650 94 668 118
face 0.0526772141456604 650 94 668 118
face 0.05264046788215637 650 94 668 118
face 0.052132099866867065 650 94 668 118
face 0.05209082365036011 650 94 668 118
face 0.0520799458026886 650 94 668 118
face 0.051786184310913086 650 94 668 118
face 0.0513300895690918 650 94 668 118
face 0.0496082603931427 650 94 668 118
face 0.04889848828315735 650 94 668 118
face 0.04839333891868591 650 94 668 118
face 0.047424882650375366 650 94 668 118
face 0.047381430864334106 650 94 668 118
face 0.047086089849472046 650 94 668 118
face 0.046900659799575806 650 94 668 118
face 0.04620721936225891 650 94 668 118
face 0.04614183306694031 650 94 668 118
face 0.044494569301605225 650 94 668 118
face 0.04384693503379822 650 94 668 118
face 0.043809592723846436 650 94 668 118
face 0.043740659952163696 650 94 668 118
face 0.04288962483406067 650 94 668 118
face 0.04237589240074158 650 94 668 118
face 0.04187104105949402 650 94 668 118
face 0.04179176688194275 650 94 668 118
face 0.04106408357620239 650 94 668 118
face 0.041006386280059814 650 94 668 118
face 0.040426164865493774 650 94 668 118
face 0.040218204259872437 650 94 668 118
face 0.03985890746116638 650 94 668 118
face 0.03959298133850098 650 94 668 118
face 0.03937295079231262 650 94 668 118
face 0.037829846143722534 650 94 668 118
face 0.037724971771240234 650 94 668 118
face 0.037712275981903076 650 94 668 118
face 0.03738677501678467 650 94 668 118
face 0.0373610258102417 650 94 668 118
face 0.03580030798912048 650 94 668 118
face 0.03553462028503418 650 94 668 118
face 0.03547605872154236 650 94 668 118
face 0.03520536422729492 650 94 668 118
face 0.03511211276054382 650 94 668 118
face 0.034583061933517456 650 94 668 118
face 0.03388381004333496 650 94 668 118
face 0.03383916616439819 650 94 668 118
face 0.0333995521068573 650 94 668 118
face 0.03335723280906677 650 94 668 118
face 0.03333958983421326 650 94 668 118
face 0.03204867243766785 650 94 668 118
face 0.03190937638282776 650 94 668 118
face 0.03156396746635437 650 94 668 118
face 0.031100869178771973 650 94 668 118
face 0.030773848295211792 650 94 668 118
face 0.030710160732269287 650 94 668 118
face 0.030564725399017334 650 94 668 118
face 0.030482739210128784 650 94 668 118
face 0.03005164861679077 650 94 668 118
face 0.030031681060791016 650 94 668 118
face 0.029949665069580078 650 94 668 118
face 0.029689490795135498 650 94 668 118
face 0.02966591715812683 650 94 668 118
