face 0.9060508012771606 461 144 574 295
face 0.040111005306243896 461 144 574 295
face 0.039591431617736816 461 144 574 295
face 0.03864055871963501 461 144 574 295
face 0.03655242919921875 461 144 574 295
face 0.03578987717628479 461 144 574 295
face 0.03160279989242554 461 144 574 295
face 0.028889894485473633 461 144 574 295
face 0.027326315641403198 461 144 574 295
face 0.026417642831802368 461 144 574 295
face 0.026209622621536255 461 144 574 295
face 0.026199162006378174 461 144 574 295
face 0.02527657151222229 461 144 574 295
face 0.025232255458831787 461 144 574 295
face 0.024830281734466553 461 144 574 295
face 0.02455306053161621 461 144 574 295
face 0.024073362350463867 461 144 574 295
face 0.02344149351119995 461 144 574 295
face 0.020682424306869507 461 144 574 295
face 0.02027517557144165 461 144 574 295
face 0.020235836505889893 461 144 574 295
face 0.019606202840805054 461 144 574 295
face 0.018642127513885498 461 144 574 295
face 0.018329858779907227 461 144 574 295
face 0.017569780349731445 461 144 574 295
face 0.01696828007698059 461 144 574 295
face 0.016151905059814453 461 144 574 295
face 0.016066551208496094 461 144 574 295
face 0.015246987342834473 461 144 574 295
face 0.014333635568618774 461 144 574 295
face 0.014288246631622314 461 144 574 295
face 0.013493865728378296 461 144 574 295
face 0.01226109266281128 461 144 574 295
face 0.011485546827316284 461 144 574 295
face 0.01128321886062622 461 144 574 295
face 0.010769307613372803 461 144 574 295
face 0.010269999504089355 461 144 574 295
face 0.010079562664031982 461 144 574 295
face 0.010007381439208984 461 144 574 295
face 0.009990125894546509 461 144 574 295
face 0.009900331497192383 461 144 574 295
face 0.00960811972618103 461 144 574 295
face 0.009358644485473633 461 144 574 295
face 0.009199202060699463 461 144 574 295
face 0.009150326251983643 461 144 574 295
face 0.009088963270187378 461 144 574 295
face 0.009065091609954834 461 144 574 295
face 0.008975207805633545 461 144 574 295
face 0.008872926235198975 461 144 574 295
face 0.008561462163925171 461 144 574 295
face 0.008484989404678345 461 144 574 295
face 0.008463770151138306 461 144 574 295
face 0.008443951606750488 461 144 574 295
face 0.008428573608398438 461 144 574 295
face 0.008336156606674194 461 144 574 295
face 0.0082436203956604 461 144 574 295
face 0.008103728294372559 461 144 574 295
face 0.008065640926361084 461 144 574 295
face 0.007980108261108398 461 144 574 295
face 0.007946789264678955 461 144 574 295
face 0.007704019546508789 461 144 574 295
face 0.007659107446670532 461 144 574 295
face 0.007617771625518799 461 144 574 295
face 0.00760921835899353 461 144 574 295
face 0.0074935853481292725 461 144 574 295
face 0.007378071546554565 461 144 574 295
face 0.0073535144329071045 461 144 574 295
face 0.0073181986808776855 461 144 574 295
face 0.007172286510467529 461 144 574 295
face 0.00697094202041626 461 144 574 295
face 0.006966531276702881 461 144 574 295
face 0.006869107484817505 461 144 574 295
face 0.006822377443313599 461 144 574 295
face 0.006781160831451416 461 144 574 295
face 0.006707906723022461 461 144 574 295
face 0.006648212671279907 461 144 574 295
face 0.006613880395889282 461 144 574 295
face 0.006505131721496582 461 144 574 295
face 0.006304919719696045 461 144 574 295
face 0.006222248077392578 461 144 574 295
face 0.006174236536026001 461 144 574 295
face 0.006016641855239868 461 144 574 295
face 0.005975484848022461 461 144 574 295
face 0.005917012691497803 461 144 574 295
face 0.005825698375701904 461 144 574 295
face 0.005787968635559082 461 144 574 295
face 0.005774170160293579 461 144 574 295
face 0.005760073661804199 461 144 574 295
face 0.00570911169052124 461 144 574 295
face 0.005661755800247192 461 144 574 295
face 0.005629926919937134 461 144 574 295
face 0.005616813898086548 461 144 574 295
face 0.005615264177322388 461 144 574 295
face 0.005594700574874878 461 144 574 295
face 0.005544483661651611 461 144 574 295
face 0.0054496824741363525 461 144 574 295
face 0.005441755056381226 461 144 574 295
face 0.005421489477157593 461 144 574 295
face 0.005352646112442017 461 144 574 295
face 0.005330473184585571 461 144 574 295
