face 0.9619996547698975 902 510 912 525
face 0.9500409364700317 622 557 633 570
face 0.9410831928253174 614 600 628 618
face 0.9328548908233643 849 501 859 515
face 0.903450608253479 961 581 974 596
face 0.8658695816993713 998 508 1010 523
face 0.8488519191741943 756 554 768 569
face 0.8033985495567322 847 554 858 569
face 0.7595149278640747 941 519 952 532
face 0.7544045448303223 802 554 812 567
face 0.6558685898780823 995 598 1008 614
face 0.6294239163398743 756 619 771 637
face 0.598707377910614 907 558 918 573
face 0.5973378419876099 863 585 875 601
face 0.565240204334259 905 580 917 595
face 0.5213832259178162 753 577 766 594
face 0.4994077682495117 753 577 766 594
face 0.4982053339481354 753 577 766 594
face 0.3408341705799103 753 577 766 594
face 0.33001112937927246 753 577 766 594
face 0.2938586175441742 753 577 766 594
face 0.20982936024665833 753 577 766 594
face 0.19403254985809326 753 577 766 594
face 0.17518463730812073 753 577 766 594
face 0.17086991667747498 753 577 766 594
face 0.16558772325515747 753 577 766 594
face 0.14765694737434387 753 577 766 594
face 0.13788101077079773 753 577 766 594
face 0.11938551068305969 753 577 766 594
face 0.1163734495639801 753 577 766 594
face 0.10450762510299683 753 577 766 594
face 0.1024935245513916 753 577 766 594
face 0.09958502650260925 753 577 766 594
face 0.09431421756744385 753 577 766 594
face 0.07729938626289368 753 577 766 594
face 0.06701487302780151 753 577 766 594
face 0.06380543112754822 753 577 766 594
face 0.062207818031311035 753 577 766 594
face 0.06020405888557434 753 577 766 594
face 0.056609779596328735 753 577 766 594
face 0.05650898814201355 753 577 766 594
face 0.05329442024230957 753 577 766 594
face 0.052187055349349976 753 577 766 594
face 0.05205366015434265 753 577 766 594
face 0.04755881428718567 753 577 766 594
face 0.04752391576766968 753 577 766 594
face 0.045327186584472656 753 577 766 594
face 0.04508328437805176 753 577 766 594
face 0.04496842622756958 753 577 766 594
face 0.044732511043548584 753 577 766 594
face 0.04378888010978699 753 577 766 594
face 0.04357415437698364 753 577 766 594
face 0.04331275820732117 753 577 766 594
face 0.04145216941833496 753 577 766 594
face 0.04040011763572693 753 577 766 594
face 0.039592206478118896 753 577 766 594
face 0.039480507373809814 753 577 766 594
face 0.039011597633361816 753 577 766 594
face 0.03832066059112549 753 577 766 594
face 0.03606694936752319 753 577 766 594
face 0.03500291705131531 753 577 766 594
face 0.03369566798210144 753 577 766 594
face 0.033489376306533813 753 577 766 594
face 0.03288424015045166 753 577 766 594
face 0.03272411227226257 753 577 766 594
face 0.032467424869537354 753 577 766 594
face 0.03145551681518555 753 577 766 594
face 0.031135886907577515 753 577 766 594
face 0.031050264835357666 753 577 766 594
face 0.03101789951324463 753 577 766 594
face 0.030432432889938354 753 577 766 594
face 0.03041696548461914 753 577 766 594
face 0.030301570892333984 753 577 766 594
face 0.030103713274002075 753 577 766 594
face 0.02810204029083252 753 577 766 594
face 0.02794632315635681 753 577 766 594
face 0.02786239981651306 753 577 766 594
face 0.027697592973709106 753 577 766 594
face 0.02725699543952942 753 577 766 594
face 0.027034342288970947 753 577 766 594
face 0.0263994038105011 753 577 766 594
face 0.02579548954963684 753 577 766 594
face 0.02578851580619812 753 577 766 594
face 0.025042742490768433 753 577 766 594
face 0.025030016899108887 753 577 766 594
face 0.02496933937072754 753 577 766 594
face 0.02467513084411621 753 577 766 594
face 0.023793846368789673 753 577 766 594
face 0.023514628410339355 753 577 766 594
face 0.022752106189727783 753 577 766 594
face 0.022614389657974243 753 577 766 594
face 0.022566258907318115 753 577 766 594
face 0.022309988737106323 753 577 766 594
face 0.02215561270713806 753 577 766 594
face 0.021402508020401 753 577 766 594
face 0.02126181125640869 753 577 766 594
face 0.021245300769805908 753 577 766 594
face 0.020611971616744995 753 577 766 594
face 0.02047121524810791 753 577 766 594
face 0.020350903272628784 753 577 766 594
