face 0.998508095741272 289 187 809 838
face 0.03677961230278015 289 187 809 838
face 0.031173884868621826 289 187 809 838
face 0.023189276456832886 289 187 809 838
face 0.022396177053451538 289 187 809 838
face 0.021971583366394043 289 187 809 838
face 0.019081681966781616 289 187 809 838
face 0.015731126070022583 289 187 809 838
face 0.015011399984359741 289 187 809 838
face 0.01420736312866211 289 187 809 838
face 0.014189481735229492 289 187 809 838
face 0.012463122606277466 289 187 809 838
face 0.01241147518157959 289 187 809 838
face 0.011581003665924072 289 187 809 838
face 0.01115405559539795 289 187 809 838
face 0.010997205972671509 289 187 809 838
face 0.010744839906692505 289 187 809 838
face 0.010559260845184326 289 187 809 838
face 0.010191947221755981 289 187 809 838
face 0.009483158588409424 289 187 809 838
face 0.008205980062484741 289 187 809 838
face 0.008151531219482422 289 187 809 838
face 0.00796663761138916 289 187 809 838
face 0.007949352264404297 289 187 809 838
face 0.007862687110900879 289 187 809 838
face 0.007805913686752319 289 187 809 838
face 0.00766366720199585 289 187 809 838
face 0.007656902074813843 289 187 809 838
face 0.00742688775062561 289 187 809 838
face 0.007401853799819946 289 187 809 838
face 0.0071503520011901855 289 187 809 838
face 0.007133126258850098 289 187 809 838
face 0.007073432207107544 289 187 809 838
face 0.0070372819900512695 289 187 809 838
face 0.007035613059997559 289 187 809 838
face 0.006948530673980713 289 187 809 838
face 0.006675451993942261 289 187 809 838
face 0.006667435169219971 289 187 809 838
face 0.0066671669483184814 289 187 809 838
face 0.006666213274002075 289 187 809 838
face 0.006646513938903809 289 187 809 838
face 0.006590783596038818 289 187 809 838
face 0.006547451019287109 289 187 809 838
face 0.006402134895324707 289 187 809 838
face 0.006356745958328247 289 187 809 838
face 0.006277889013290405 289 187 809 838
face 0.006266117095947266 289 187 809 838
face 0.0062566399574279785 289 187 809 838
face 0.0062493085861206055 289 187 809 838
face 0.006065309047698975 289 187 809 838
face 0.0060291290283203125 289 187 809 838
face 0.005961388349533081 289 187 809 838
face 0.005958497524261475 289 187 809 838
face 0.00592195987701416 289 187 809 838
face 0.005894005298614502 289 187 809 838
face 0.005831897258758545 289 187 809 838
face 0.005812317132949829 289 187 809 838
face 0.005749791860580444 289 187 809 838
face 0.005725443363189697 289 187 809 838
face 0.005712717771530151 289 187 809 838
face 0.005646109580993652 289 187 809 838
face 0.00557747483253479 289 187 809 838
face 0.00553286075592041 289 187 809 838
face 0.005523622035980225 289 187 809 838
face 0.005443781614303589 289 187 809 838
face 0.005306720733642578 289 187 809 838
face 0.0053063929080963135 289 187 809 838
face 0.005271315574645996 289 187 809 838
face 0.005269467830657959 289 187 809 838
face 0.0052238404750823975 289 187 809 838
face 0.005218505859375 289 187 809 838
face 0.005126208066940308 289 187 809 838
face 0.005090057849884033 289 187 809 838
face 0.005089461803436279 289 187 809 838
face 0.005042135715484619 289 187 809 838
face 0.004976004362106323 289 187 809 838
face 0.00494992733001709 289 187 809 838
face 0.004910767078399658 289 187 809 838
face 0.0048905909061431885 289 187 809 838
face 0.004866093397140503 289 187 809 838
face 0.004860609769821167 289 187 809 838
face 0.004832923412322998 289 187 809 838
face 0.004798531532287598 289 187 809 838
face 0.00475919246673584 289 187 809 838
face 0.004757702350616455 289 187 809 838
face 0.004752844572067261 289 187 809 838
face 0.004671812057495117 289 187 809 838
face 0.004669487476348877 289 187 809 838
face 0.004631340503692627 289 187 809 838
face 0.0045735836029052734 289 187 809 838
face 0.004533678293228149 289 187 809 838
face 0.0044786036014556885 289 187 809 838
face 0.004460275173187256 289 187 809 838
face 0.00440487265586853 289 187 809 838
face 0.004357576370239258 289 187 809 838
face 0.004229992628097534 289 187 809 838
face 0.0042286217212677 289 187 809 838
face 0.004223525524139404 289 187 809 838
face 0.004217594861984253 289 187 809 838
face 0.004183650016784668 289 187 809 838
