face 0.9924778342247009 375 135 827 778
face 0.053129345178604126 375 135 827 778
face 0.044170111417770386 375 135 827 778
face 0.02889251708984375 375 135 827 778
face 0.028677046298980713 375 135 827 778
face 0.026490330696105957 375 135 827 778
face 0.023513495922088623 375 135 827 778
face 0.023086756467819214 375 135 827 778
face 0.021903306245803833 375 135 827 778
face 0.02110522985458374 375 135 827 778
face 0.01983720064163208 375 135 827 778
face 0.01793810725212097 375 135 827 778
face 0.01781889796257019 375 135 827 778
face 0.016188770532608032 375 135 827 778
face 0.015913307666778564 375 135 827 778
face 0.01584261655807495 375 135 827 778
face 0.01467081904411316 375 135 827 778
face 0.014492332935333252 375 135 827 778
face 0.014449447393417358 375 135 827 778
face 0.014347434043884277 375 135 827 778
face 0.014224141836166382 375 135 827 778
face 0.014056235551834106 375 135 827 778
face 0.013976812362670898 375 135 827 778
face 0.013750314712524414 375 135 827 778
face 0.013636022806167603 375 135 827 778
face 0.013303697109222412 375 135 827 778
face 0.013161659240722656 375 135 827 778
face 0.013118237257003784 375 135 827 778
face 0.012840569019317627 375 135 827 778
face 0.012680500745773315 375 135 827 778
face 0.012227386236190796 375 135 827 778
face 0.012214958667755127 375 135 827 778
face 0.012123256921768188 375 135 827 778
face 0.012106597423553467 375 135 827 778
face 0.011649131774902344 375 135 827 778
face 0.011641830205917358 375 135 827 778
face 0.011538892984390259 375 135 827 778
face 0.011533468961715698 375 135 827 778
face 0.011514544486999512 375 135 827 778
face 0.011466056108474731 375 135 827 778
face 0.011187583208084106 375 135 827 778
face 0.011088937520980835 375 135 827 778
face 0.010860204696655273 375 135 827 778
face 0.010827779769897461 375 135 827 778
face 0.010654211044311523 375 135 827 778
face 0.01064196228981018 375 135 827 778
face 0.010582774877548218 375 135 827 778
face 0.010564625263214111 375 135 827 778
face 0.010465890169143677 375 135 827 778
face 0.01041346788406372 375 135 827 778
face 0.010157287120819092 375 135 827 778
face 0.01010429859161377 375 135 827 778
face 0.010087251663208008 375 135 827 778
face 0.010067582130432129 375 135 827 778
face 0.010049045085906982 375 135 827 778
face 0.010035783052444458 375 135 827 778
face 0.01003175973892212 375 135 827 778
face 0.010010242462158203 375 135 827 778
face 0.009907662868499756 375 135 827 778
face 0.009713053703308105 375 135 827 778
face 0.00960850715637207 375 135 827 778
face 0.009571105241775513 375 135 827 778
face 0.009531021118164062 375 135 827 778
face 0.009471297264099121 375 135 827 778
face 0.009400427341461182 375 135 827 778
face 0.009390026330947876 375 135 827 778
face 0.009365260601043701 375 135 827 778
face 0.009243309497833252 375 135 827 778
face 0.009217441082000732 375 135 827 778
face 0.009163111448287964 375 135 827 778
face 0.009143531322479248 375 135 827 778
face 0.009110450744628906 375 135 827 778
face 0.0090370774269104 375 135 827 778
face 0.009030699729919434 375 135 827 778
face 0.009016931056976318 375 135 827 778
face 0.00900772213935852 375 135 827 778
face 0.008913397789001465 375 135 827 778
face 0.0088978111743927 375 135 827 778
face 0.008864402770996094 375 135 827 778
face 0.00884273648262024 375 135 827 778
face 0.008799046277999878 375 135 827 778
face 0.008776962757110596 375 135 827 778
face 0.008526146411895752 375 135 827 778
face 0.00851982831954956 375 135 827 778
face 0.008493572473526001 375 135 827 778
face 0.008488833904266357 375 135 827 778
face 0.008455514907836914 375 135 827 778
face 0.008445173501968384 375 135 827 778
face 0.008437395095825195 375 135 827 778
face 0.00841522216796875 375 135 827 778
face 0.008404314517974854 375 135 827 778
face 0.008332639932632446 375 135 827 778
face 0.008320868015289307 375 135 827 778
face 0.008315622806549072 375 135 827 778
face 0.008246123790740967 375 135 827 778
face 0.00821349024772644 375 135 827 778
face 0.00820910930633545 375 135 827 778
face 0.008190274238586426 375 135 827 778
face 0.008135855197906494 375 135 827 778
face 0.00810307264328003 375 135 827 778
