face 0.642264187335968 345 92 435 222
face 0.14042401313781738 345 92 435 222
face 0.10627800226211548 345 92 435 222
face 0.06773525476455688 345 92 435 222
face 0.06592816114425659 345 92 435 222
face 0.05315414071083069 345 92 435 222
face 0.04297274351119995 345 92 435 222
face 0.0364038348197937 345 92 435 222
face 0.03350058197975159 345 92 435 222
face 0.028092235326766968 345 92 435 222
face 0.027358829975128174 345 92 435 222
face 0.02708461880683899 345 92 435 222
face 0.02615538239479065 345 92 435 222
face 0.02546513080596924 345 92 435 222
face 0.025393962860107422 345 92 435 222
face 0.02466323971748352 345 92 435 222
face 0.023125678300857544 345 92 435 222
face 0.022642672061920166 345 92 435 222
face 0.02238565683364868 345 92 435 222
face 0.021768510341644287 345 92 435 222
face 0.02147573232650757 345 92 435 222
face 0.021182328462600708 345 92 435 222
face 0.021047353744506836 345 92 435 222
face 0.020792722702026367 345 92 435 222
face 0.020235836505889893 345 92 435 222
face 0.020215600728988647 345 92 435 222
face 0.019436180591583252 345 92 435 222
face 0.0182458758354187 345 92 435 222
face 0.01811733841896057 345 92 435 222
face 0.017616331577301025 345 92 435 222
face 0.01759466528892517 345 92 435 222
face 0.017178595066070557 345 92 435 222
face 0.017128735780715942 345 92 435 222
face 0.016996264457702637 345 92 435 222
face 0.01694229245185852 345 92 435 222
face 0.01690506935119629 345 92 435 222
face 0.0165979266166687 345 92 435 222
face 0.016351640224456787 345 92 435 222
face 0.01584610342979431 345 92 435 222
face 0.015840232372283936 345 92 435 222
face 0.015603959560394287 345 92 435 222
face 0.015510380268096924 345 92 435 222
face 0.015293478965759277 345 92 435 222
face 0.014926046133041382 345 92 435 222
face 0.014310896396636963 345 92 435 222
face 0.014124572277069092 345 92 435 222
face 0.013884872198104858 345 92 435 222
face 0.013592064380645752 345 92 435 222
face 0.013547241687774658 345 92 435 222
face 0.013393193483352661 345 92 435 222
face 0.013256102800369263 345 92 435 222
face 0.012867599725723267 345 92 435 222
face 0.012675374746322632 345 92 435 222
face 0.012660235166549683 345 92 435 222
face 0.012565791606903076 345 92 435 222
face 0.01254686713218689 345 92 435 222
face 0.012353867292404175 345 92 435 222
face 0.012159883975982666 345 92 435 222
face 0.01202741265296936 345 92 435 222
face 0.011985808610916138 345 92 435 222
face 0.011617690324783325 345 92 435 222
face 0.011329501867294312 345 92 435 222
face 0.011302798986434937 345 92 435 222
face 0.011183679103851318 345 92 435 222
face 0.011155664920806885 345 92 435 222
face 0.011061519384384155 345 92 435 222
face 0.010597676038742065 345 92 435 222
face 0.010414481163024902 345 92 435 222
face 0.010392934083938599 345 92 435 222
face 0.010285377502441406 345 92 435 222
face 0.01026269793510437 345 92 435 222
face 0.010094434022903442 345 92 435 222
face 0.010054826736450195 345 92 435 222
face 0.010006129741668701 345 92 435 222
face 0.00989559292793274 345 92 435 222
face 0.00939670205116272 345 92 435 222
face 0.009340614080429077 345 92 435 222
face 0.009176820516586304 345 92 435 222
face 0.009022682905197144 345 92 435 222
face 0.008980393409729004 345 92 435 222
face 0.008886456489562988 345 92 435 222
face 0.008826613426208496 345 92 435 222
face 0.00872272253036499 345 92 435 222
face 0.008643090724945068 345 92 435 222
face 0.008364826440811157 345 92 435 222
face 0.008314132690429688 345 92 435 222
face 0.008235692977905273 345 92 435 222
face 0.008142352104187012 345 92 435 222
face 0.007980674505233765 345 92 435 222
face 0.007972508668899536 345 92 435 222
face 0.007854223251342773 345 92 435 222
face 0.007822543382644653 345 92 435 222
face 0.007820546627044678 345 92 435 222
face 0.0076240599155426025 345 92 435 222
face 0.007578074932098389 345 92 435 222
face 0.007355988025665283 345 92 435 222
face 0.007324188947677612 345 92 435 222
face 0.007285356521606445 345 92 435 222
face 0.00721016526222229 345 92 435 222
face 0.007197290658950806 345 92 435 222
