face 0.9984301328659058 388 217 415 251
face 0.9883473515510559 806 268 842 314
face 0.984464168548584 437 259 474 305
face 0.9630129337310791 68 318 121 372
face 0.953363299369812 625 245 661 292
face 0.9517675638198853 197 244 230 288
face 0.9189421534538269 447 372 506 451
face 0.9061762094497681 638 421 700 493
face 0.8847804069519043 456 162 475 188
face 0.8477780818939209 417 188 437 214
face 0.8457971811294556 476 197 499 227
face 0.827865481376648 751 333 798 386
face 0.8022400140762329 204 319 259 380
face 0.7163403630256653 286 154 303 178
face 0.7095612287521362 509 164 529 191
face 0.6957912445068359 485 328 540 400
face 0.6948241591453552 370 153 388 179
face 0.6824857592582703 13 269 49 309
face 0.6463758945465088 506 179 530 211
face 0.6381922364234924 206 162 226 189
face 0.618661105632782 630 178 652 209
face 0.5900386571884155 184 319 231 369
face 0.5602037310600281 424 129 437 149
face 0.5369141697883606 341 184 362 213
face 0.4888744056224823 341 184 362 213
face 0.46847766637802124 341 184 362 213
face 0.4587569236755371 341 184 362 213
face 0.4534032344818115 341 184 362 213
face 0.4373191297054291 341 184 362 213
face 0.42365050315856934 341 184 362 213
face 0.4233967959880829 341 184 362 213
face 0.42179811000823975 341 184 362 213
face 0.41559553146362305 341 184 362 213
face 0.40402063727378845 341 184 362 213
face 0.3915434777736664 341 184 362 213
face 0.3728003203868866 341 184 362 213
face 0.36595481634140015 341 184 362 213
face 0.34999287128448486 341 184 362 213
face 0.3429233729839325 341 184 362 213
face 0.325585275888443 341 184 362 213
face 0.32089850306510925 341 184 362 213
face 0.3199465572834015 341 184 362 213
face 0.3123384714126587 341 184 362 213
face 0.3109975755214691 341 184 362 213
face 0.3023712635040283 341 184 362 213
face 0.2988530993461609 341 184 362 213
face 0.2971436381340027 341 184 362 213
face 0.26371902227401733 341 184 362 213
face 0.2601129412651062 341 184 362 213
face 0.2543320059776306 341 184 362 213
face 0.25274205207824707 341 184 362 213
face 0.24671012163162231 341 184 362 213
face 0.24085727334022522 341 184 362 213
face 0.2401142418384552 341 184 362 213
face 0.2400628924369812 341 184 362 213
face 0.2309061884880066 341 184 362 213
face 0.2283228635787964 341 184 362 213
face 0.22770774364471436 341 184 362 213
face 0.2263818085193634 341 184 362 213
face 0.22609591484069824 341 184 362 213
face 0.21538808941841125 341 184 362 213
face 0.215224951505661 341 184 362 213
face 0.2141706347465515 341 184 362 213
face 0.2134123146533966 341 184 362 213
face 0.20893347263336182 341 184 362 213
face 0.20534509420394897 341 184 362 213
face 0.2016834020614624 341 184 362 213
face 0.20046383142471313 341 184 362 213
face 0.2000398337841034 341 184 362 213
face 0.19346988201141357 341 184 362 213
face 0.19146117568016052 341 184 362 213
face 0.18241196870803833 341 184 362 213
face 0.1823807656764984 341 184 362 213
face 0.1778859794139862 341 184 362 213
face 0.17701435089111328 341 184 362 213
face 0.17654401063919067 341 184 362 213
face 0.17155691981315613 341 184 362 213
face 0.16871273517608643 341 184 362 213
face 0.16653570532798767 341 184 362 213
face 0.16574189066886902 341 184 362 213
face 0.16514763236045837 341 184 362 213
face 0.16158711910247803 341 184 362 213
face 0.15791720151901245 341 184 362 213
face 0.1519513726234436 341 184 362 213
face 0.14958468079566956 341 184 362 213
face 0.14642220735549927 341 184 362 213
face 0.14615920186042786 341 184 362 213
face 0.14570900797843933 341 184 362 213
face 0.14524659514427185 341 184 362 213
face 0.14326658844947815 341 184 362 213
face 0.13970181345939636 341 184 362 213
face 0.12604591250419617 341 184 362 213
face 0.12581419944763184 341 184 362 213
face 0.12287014722824097 341 184 362 213
face 0.1223670244216919 341 184 362 213
face 0.12230771780014038 341 184 362 213
face 0.1222657561302185 341 184 362 213
face 0.11814028024673462 341 184 362 213
face 0.11661776900291443 341 184 362 213
face 0.11521220207214355 341 184 362 213
