face 0.9854780435562134 66 409 99 453
face 0.973381519317627 761 395 788 434
face 0.8507860898971558 637 188 652 211
face 0.7751730680465698 567 196 577 212
face 0.7672067880630493 289 536 332 614
face 0.7667723894119263 564 361 585 393
face 0.7249852418899536 906 252 922 271
face 0.7116671800613403 731 291 748 315
face 0.6869829297065735 524 211 535 228
face 0.6754192113876343 863 229 875 246
face 0.6393548846244812 683 267 698 290
face 0.583173930644989 735 226 748 244
face 0.5777361392974854 460 220 472 235
face 0.5652963519096375 529 266 553 298
face 0.5349980592727661 136 322 157 356
face 0.5129137635231018 806 279 825 306
face 0.50229811668396 359 182 373 203
face 0.44419270753860474 359 182 373 203
face 0.44378453493118286 359 182 373 203
face 0.43035227060317993 359 182 373 203
face 0.4185372591018677 359 182 373 203
face 0.4052165746688843 359 182 373 203
face 0.3943609893321991 359 182 373 203
face 0.391432523727417 359 182 373 203
face 0.3800737261772156 359 182 373 203
face 0.3763575255870819 359 182 373 203
face 0.3621271848678589 359 182 373 203
face 0.34646886587142944 359 182 373 203
face 0.3426128625869751 359 182 373 203
face 0.32848578691482544 359 182 373 203
face 0.3244940936565399 359 182 373 203
face 0.31121301651000977 359 182 373 203
face 0.3084373474121094 359 182 373 203
face 0.30407118797302246 359 182 373 203
face 0.29876548051834106 359 182 373 203
face 0.2974252998828888 359 182 373 203
face 0.29461556673049927 359 182 373 203
face 0.2880110740661621 359 182 373 203
face 0.2854445278644562 359 182 373 203
face 0.27690058946609497 359 182 373 203
face 0.2681918144226074 359 182 373 203
face 0.2600454092025757 359 182 373 203
face 0.23357608914375305 359 182 373 203
face 0.22916200757026672 359 182 373 203
face 0.22484520077705383 359 182 373 203
face 0.2115994393825531 359 182 373 203
face 0.21099931001663208 359 182 373 203
face 0.20107680559158325 359 182 373 203
face 0.19494429230690002 359 182 373 203
face 0.19203481078147888 359 182 373 203
face 0.18863505125045776 359 182 373 203
face 0.18099245429039001 359 182 373 203
face 0.17232239246368408 359 182 373 203
face 0.16941142082214355 359 182 373 203
face 0.1670469045639038 359 182 373 203
face 0.1582094430923462 359 182 373 203
face 0.1565936803817749 359 182 373 203
face 0.15566259622573853 359 182 373 203
face 0.15107014775276184 359 182 373 203
face 0.15009453892707825 359 182 373 203
face 0.1497996747493744 359 182 373 203
face 0.14923888444900513 359 182 373 203
face 0.14026623964309692 359 182 373 203
face 0.13171601295471191 359 182 373 203
face 0.1273707151412964 359 182 373 203
face 0.10789573192596436 359 182 373 203
face 0.10172891616821289 359 182 373 203
face 0.10049253702163696 359 182 373 203
face 0.0941743552684784 359 182 373 203
face 0.09179702401161194 359 182 373 203
face 0.08686667680740356 359 182 373 203
face 0.0829978883266449 359 182 373 203
face 0.08239555358886719 359 182 373 203
face 0.08086106181144714 359 182 373 203
face 0.07999342679977417 359 182 373 203
face 0.079592764377594 359 182 373 203
face 0.07723638415336609 359 182 373 203
face 0.07651203870773315 359 182 373 203
face 0.07536175847053528 359 182 373 203
face 0.07245016098022461 359 182 373 203
face 0.07139340043067932 359 182 373 203
face 0.07107919454574585 359 182 373 203
face 0.07005691528320312 359 182 373 203
face 0.06984123587608337 359 182 373 203
face 0.06950193643569946 359 182 373 203
face 0.06907427310943604 359 182 373 203
face 0.06902679800987244 359 182 373 203
face 0.06344243884086609 359 182 373 203
face 0.06341677904129028 359 182 373 203
face 0.06081146001815796 359 182 373 203
face 0.06068164110183716 359 182 373 203
face 0.05766269564628601 359 182 373 203
face 0.056185513734817505 359 182 373 203
face 0.05607667565345764 359 182 373 203
face 0.05531272292137146 359 182 373 203
face 0.054843008518218994 359 182 373 203
face 0.05200794339179993 359 182 373 203
face 0.050236642360687256 359 182 373 203
face 0.04992571473121643 359 182 373 203
face 0.04933628439903259 359 182 373 203
