face 0.8715360164642334 391 286 621 600
face 0.012685537338256836 391 286 621 600
face 0.008413970470428467 391 286 621 600
face 0.007698118686676025 391 286 621 600
face 0.007627516984939575 391 286 621 600
face 0.007457613945007324 391 286 621 600
face 0.006799966096878052 391 286 621 600
face 0.006073474884033203 391 286 621 600
face 0.005523711442947388 391 286 621 600
face 0.00542256236076355 391 286 621 600
face 0.0053994059562683105 391 286 621 600
face 0.005185723304748535 391 286 621 600
face 0.005073189735412598 391 286 621 600
face 0.004957526922225952 391 286 621 600
face 0.004889011383056641 391 286 621 600
face 0.004881709814071655 391 286 621 600
face 0.004761248826980591 391 286 621 600
face 0.004534214735031128 391 286 621 600
face 0.004525333642959595 391 286 621 600
face 0.004342108964920044 391 286 621 600
face 0.004245847463607788 391 286 621 600
face 0.004221081733703613 391 286 621 600
face 0.004117369651794434 391 286 621 600
face 0.004115670919418335 391 286 621 600
face 0.00409051775932312 391 286 621 600
face 0.004052579402923584 391 286 621 600
face 0.004016369581222534 391 286 621 600
face 0.0038498640060424805 391 286 621 600
face 0.0038445591926574707 391 286 621 600
face 0.0038046836853027344 391 286 621 600
face 0.003769427537918091 391 286 621 600
face 0.0035933852195739746 391 286 621 600
face 0.0035879015922546387 391 286 621 600
face 0.0035802721977233887 391 286 621 600
face 0.0035652518272399902 391 286 621 600
face 0.0034225881099700928 391 286 621 600
face 0.0033507943153381348 391 286 621 600
face 0.003332078456878662 391 286 621 600
face 0.0032969415187835693 391 286 621 600
face 0.003273904323577881 391 286 621 600
face 0.0032353997230529785 391 286 621 600
face 0.0031908750534057617 391 286 621 600
face 0.003170520067214966 391 286 621 600
face 0.0031181275844573975 391 286 621 600
face 0.0030393004417419434 391 286 621 600
face 0.0030137598514556885 391 286 621 600
face 0.0029691755771636963 391 286 621 600
face 0.002963721752166748 391 286 621 600
face 0.0029625892639160156 391 286 621 600
face 0.002955615520477295 391 286 621 600
face 0.0028896331787109375 391 286 621 600
face 0.002773970365524292 391 286 621 600
face 0.0027421116828918457 391 286 621 600
face 0.0027177929878234863 391 286 621 600
face 0.0026805102825164795 391 286 621 600
face 0.0026635825634002686 391 286 621 600
face 0.00266343355178833 391 286 621 600
face 0.002641826868057251 391 286 621 600
face 0.002640366554260254 391 286 621 600
face 0.0026334822177886963 391 286 621 600
face 0.0026006102561950684 391 286 621 600
face 0.0025911331176757812 391 286 621 600
face 0.0025719404220581055 391 286 621 600
face 0.0025645196437835693 391 286 621 600
face 0.0025636255741119385 391 286 621 600
face 0.0025455057621002197 391 286 621 600
face 0.002531498670578003 391 286 621 600
face 0.0025067031383514404 391 286 621 600
face 0.0025062263011932373 391 286 621 600
face 0.002479076385498047 391 286 621 600
face 0.0024570822715759277 391 286 621 600
face 0.0024386346340179443 391 286 621 600
face 0.0024216175079345703 391 286 621 600
face 0.002346038818359375 391 286 621 600
face 0.002340555191040039 391 286 621 600
face 0.002308875322341919 391 286 621 600
face 0.002235889434814453 391 286 621 600
face 0.00221937894821167 391 286 621 600
face 0.0022142231464385986 391 286 621 600
face 0.0022124946117401123 391 286 621 600
face 0.0021843314170837402 391 286 621 600
face 0.0021826326847076416 391 286 621 600
face 0.0021722614765167236 391 286 621 600
face 0.0021469295024871826 391 286 621 600
face 0.0021219849586486816 391 286 621 600
face 0.0021038055419921875 391 286 621 600
face 0.0021034181118011475 391 286 621 600
face 0.0020717382431030273 391 286 621 600
face 0.0020377933979034424 391 286 621 600
face 0.002031773328781128 391 286 621 600
face 0.00202295184135437 391 286 621 600
face 0.00202217698097229 391 286 621 600
face 0.002016693353652954 391 286 621 600
face 0.0020117461681365967 391 286 621 600
face 0.0019878149032592773 391 286 621 600
face 0.001957416534423828 391 286 621 600
face 0.0019538402557373047 391 286 621 600
face 0.001934438943862915 391 286 621 600
face 0.0019278228282928467 391 286 621 600
face 0.0019133985042572021 391 286 621 600
