face 0.9976056218147278 199 368 570 841
face 0.00979962944984436 199 368 570 841
face 0.008698821067810059 199 368 570 841
face 0.007868856191635132 199 368 570 841
face 0.007288098335266113 199 368 570 841
face 0.0069081783294677734 199 368 570 841
face 0.006238460540771484 199 368 570 841
face 0.006193011999130249 199 368 570 841
face 0.0061109960079193115 199 368 570 841
face 0.006109684705734253 199 368 570 841
face 0.006032466888427734 199 368 570 841
face 0.006026953458786011 199 368 570 841
face 0.005933642387390137 199 368 570 841
face 0.005642354488372803 199 368 570 841
face 0.00562015175819397 199 368 570 841
face 0.005480676889419556 199 368 570 841
face 0.00544971227645874 199 368 570 841
face 0.00544169545173645 199 368 570 841
face 0.0053965747356414795 199 368 570 841
face 0.005351036787033081 199 368 570 841
face 0.0053324103355407715 199 368 570 841
face 0.005326360464096069 199 368 570 841
face 0.005246847867965698 199 368 570 841
face 0.005151540040969849 199 368 570 841
face 0.005133956670761108 199 368 570 841
face 0.005080223083496094 199 368 570 841
face 0.005072593688964844 199 368 570 841
face 0.004802107810974121 199 368 570 841
face 0.00479280948638916 199 368 570 841
face 0.0047692060470581055 199 368 570 841
face 0.004710972309112549 199 368 570 841
face 0.0047058165073394775 199 368 570 841
face 0.004702150821685791 199 368 570 841
face 0.004621773958206177 199 368 570 841
face 0.004555404186248779 199 368 570 841
face 0.004548370838165283 199 368 570 841
face 0.00454440712928772 199 368 570 841
face 0.004385262727737427 199 368 570 841
face 0.004367947578430176 199 368 570 841
face 0.0042768120765686035 199 368 570 841
face 0.004224032163619995 199 368 570 841
face 0.004209190607070923 199 368 570 841
face 0.004104405641555786 199 368 570 841
face 0.004101306200027466 199 368 570 841
face 0.003985583782196045 199 368 570 841
face 0.003949671983718872 199 368 570 841
face 0.0038984715938568115 199 368 570 841
face 0.0038440823554992676 199 368 570 841
face 0.003827512264251709 199 368 570 841
face 0.0037992894649505615 199 368 570 841
face 0.0037934482097625732 199 368 570 841
face 0.0037175118923187256 199 368 570 841
face 0.00369185209274292 199 368 570 841
face 0.0036843717098236084 199 368 570 841
face 0.0036798715591430664 199 368 570 841
face 0.003652721643447876 199 368 570 841
face 0.003627955913543701 199 368 570 841
face 0.003516554832458496 199 368 570 841
face 0.003484666347503662 199 368 570 841
face 0.0033891499042510986 199 368 570 841
face 0.003377288579940796 199 368 570 841
face 0.0032569016329944134 199 368 570 841
face 0.0032545924186706543 199 368 570 841
face 0.0032446086406707764 199 368 570 841
face 0.003221273422241211 199 368 570 841
face 0.003215104341506958 199 368 570 841
face 0.0031943917274475098 199 368 570 841
face 0.003193199634552002 199 368 570 841
face 0.0031907856464385986 199 368 570 841
face 0.0031520426273345947 199 368 570 841
face 0.0031302571296691895 199 368 570 841
face 0.0031163394451141357 199 368 570 841
face 0.0030978024005889893 199 368 570 841
face 0.003074467182159424 199 368 570 841
face 0.0030463039875030518 199 368 570 841
face 0.0030201077461242676 199 368 570 841
face 0.0030164122581481934 199 368 570 841
face 0.00299835205078125 199 368 570 841
face 0.002996683120727539 199 368 570 841
face 0.0029966235160827637 199 368 570 841
face 0.0029953718185424805 199 368 570 841
face 0.0029789507389068604 199 368 570 841
face 0.002935945987701416 199 368 570 841
face 0.002934873104095459 199 368 570 841
face 0.00292128324508667 199 368 570 841
face 0.002913534641265869 199 368 570 841
face 0.002901047468185425 199 368 570 841
face 0.002884775400161743 199 368 570 841
face 0.0028600692749023438 199 368 570 841
face 0.0028393566608428955 199 368 570 841
face 0.002835571765899658 199 368 570 841
face 0.002812296152114868 199 368 570 841
face 0.002797424793243408 199 368 570 841
face 0.0027663111686706543 199 368 570 841
face 0.002735733985900879 199 368 570 841
face 0.0027310550212860107 199 368 570 841
face 0.0027236640453338623 199 368 570 841
face 0.002723395824432373 199 368 570 841
face 0.0027205348014831543 199 368 570 841
face 0.002714604139328003 199 368 570 841
