face 0.9303433299064636 489 192 617 345
face 0.04132080078125 489 192 617 345
face 0.030418574810028076 489 192 617 345
face 0.028336673974990845 489 192 617 345
face 0.018572986125946045 489 192 617 345
face 0.018128514289855957 489 192 617 345
face 0.01812538504600525 489 192 617 345
face 0.0166817307472229 489 192 617 345
face 0.016678184270858765 489 192 617 345
face 0.0163801908493042 489 192 617 345
face 0.01497909426689148 489 192 617 345
face 0.014658600091934204 489 192 617 345
face 0.014626085758209229 489 192 617 345
face 0.01354929804801941 489 192 617 345
face 0.013356953859329224 489 192 617 345
face 0.013319194316864014 489 192 617 345
face 0.012677103281021118 489 192 617 345
face 0.012410938739776611 489 192 617 345
face 0.012190073728561401 489 192 617 345
face 0.012076884508132935 489 192 617 345
face 0.011792898178100586 489 192 617 345
face 0.011585026979446411 489 192 617 345
face 0.011454403400421143 489 192 617 345
face 0.011382251977920532 489 192 617 345
face 0.011301934719085693 489 192 617 345
face 0.011110365390777588 489 192 617 345
face 0.010969460010528564 489 192 617 345
face 0.010897606611251831 489 192 617 345
face 0.010839700698852539 489 192 617 345
face 0.010653823614120483 489 192 617 345
face 0.01051187515258789 489 192 617 345
face 0.010372459888458252 489 192 617 345
face 0.010321229696273804 489 192 617 345
face 0.010285526514053345 489 192 617 345
face 0.010254859924316406 489 192 617 345
face 0.010201692581176758 489 192 617 345
face 0.010190993547439575 489 192 617 345
face 0.009953618049621582 489 192 617 345
face 0.00978851318359375 489 192 617 345
face 0.009668469429016113 489 192 617 345
face 0.009550005197525024 489 192 617 345
face 0.00951838493347168 489 192 617 345
face 0.009473323822021484 489 192 617 345
face 0.009335041046142578 489 192 617 345
face 0.009180307388305664 489 192 617 345
face 0.009167760610580444 489 192 617 345
face 0.009046465158462524 489 192 617 345
face 0.009009957313537598 489 192 617 345
face 0.008981436491012573 489 192 617 345
face 0.008917910046875477 489 192 617 345
face 0.008833110332489014 489 192 617 345
face 0.008803904056549072 489 192 617 345
face 0.00877004861831665 489 192 617 345
face 0.008735299110412598 489 192 617 345
face 0.00872337818145752 489 192 617 345
face 0.008497059345245361 489 192 617 345
face 0.008471935987472534 489 192 617 345
face 0.008396714925765991 489 192 617 345
face 0.008385539054870605 489 192 617 345
face 0.008352547883987427 489 192 617 345
face 0.008337557315826416 489 192 617 345
face 0.008275538682937622 489 192 617 345
face 0.008165836334228516 489 192 617 345
face 0.008091539144515991 489 192 617 345
face 0.00804758071899414 489 192 617 345
face 0.008041828870773315 489 192 617 345
face 0.008020073175430298 489 192 617 345
face 0.007938176393508911 489 192 617 345
face 0.00788065791130066 489 192 617 345
face 0.007847100496292114 489 192 617 345
face 0.007668793201446533 489 192 617 345
face 0.0075865983963012695 489 192 617 345
face 0.007581859827041626 489 192 617 345
face 0.0075762271881103516 489 192 617 345
face 0.007546544075012207 489 192 617 345
face 0.00749930739402771 489 192 617 345
face 0.0074385106563568115 489 192 617 345
face 0.007394582033157349 489 192 617 345
face 0.007373064756393433 489 192 617 345
face 0.007266342639923096 489 192 617 345
face 0.007205873727798462 489 192 617 345
face 0.007175743579864502 489 192 617 345
face 0.007162988185882568 489 192 617 345
face 0.0071100592613220215 489 192 617 345
face 0.006930291652679443 489 192 617 345
face 0.006883203983306885 489 192 617 345
face 0.0067993998527526855 489 192 617 345
face 0.006773531436920166 489 192 617 345
face 0.006756246089935303 489 192 617 345
face 0.00674360990524292 489 192 617 345
face 0.006719499826431274 489 192 617 345
face 0.006685763597488403 489 192 617 345
face 0.006602346897125244 489 192 617 345
face 0.006521254777908325 489 192 617 345
face 0.006441652774810791 489 192 617 345
face 0.006348460912704468 489 192 617 345
face 0.006339013576507568 489 192 617 345
face 0.006322264671325684 489 192 617 345
face 0.006318718194961548 489 192 617 345
face 0.006207108497619629 489 192 617 345
