face 0.9722754955291748 75 13 213 177
face 0.41036173701286316 75 13 213 177
face 0.23862680792808533 75 13 213 177
face 0.05797484517097473 75 13 213 177
face 0.02640324831008911 75 13 213 177
face 0.025937050580978394 75 13 213 177
face 0.013397514820098877 75 13 213 177
face 0.010111063718795776 75 13 213 177
face 0.010047674179077148 75 13 213 177
face 0.00995609164237976 75 13 213 177
face 0.009633004665374756 75 13 213 177
face 0.009332478046417236 75 13 213 177
face 0.00913161039352417 75 13 213 177
face 0.00862780213356018 75 13 213 177
face 0.008543610572814941 75 13 213 177
face 0.00795680284500122 75 13 213 177
face 0.007777959108352661 75 13 213 177
face 0.007654756307601929 75 13 213 177
face 0.007499873638153076 75 13 213 177
face 0.007193833589553833 75 13 213 177
face 0.006876528263092041 75 13 213 177
face 0.006772905588150024 75 13 213 177
face 0.006588727235794067 75 13 213 177
face 0.006538510322570801 75 13 213 177
face 0.006437629461288452 75 13 213 177
face 0.006432890892028809 75 13 213 177
face 0.006180018186569214 75 13 213 177
face 0.005979627370834351 75 13 213 177
face 0.0055512189865112305 75 13 213 177
face 0.005543142557144165 75 13 213 177
face 0.005522817373275757 75 13 213 177
face 0.005495637655258179 75 13 213 177
face 0.005328953266143799 75 13 213 177
face 0.005279988050460815 75 13 213 177
face 0.005249351263046265 75 13 213 177
face 0.004973351955413818 75 13 213 177
face 0.004924148321151733 75 13 213 177
face 0.004875779151916504 75 13 213 177
face 0.004702389240264893 75 13 213 177
face 0.00467643141746521 75 13 213 177
face 0.004665195941925049 75 13 213 177
face 0.00464099645614624 75 13 213 177
face 0.00461125373840332 75 13 213 177
face 0.004606962203979492 75 13 213 177
face 0.004600435495376587 75 13 213 177
face 0.004588127136230469 75 13 213 177
face 0.0045833587646484375 75 13 213 177
face 0.0045043230056762695 75 13 213 177
face 0.004493147134780884 75 13 213 177
face 0.004486054182052612 75 13 213 177
face 0.004410922527313232 75 13 213 177
face 0.004408001899719238 75 13 213 177
face 0.004398524761199951 75 13 213 177
face 0.004340469837188721 75 13 213 177
face 0.004330039024353027 75 13 213 177
face 0.004311501979827881 75 13 213 177
face 0.004273414611816406 75 13 213 177
face 0.0042431652545928955 75 13 213 177
face 0.004154980182647705 75 13 213 177
face 0.004138588905334473 75 13 213 177
face 0.0041036903858184814 75 13 213 177
face 0.004098057746887207 75 13 213 177
face 0.0040697455406188965 75 13 213 177
face 0.004051834344863892 75 13 213 177
face 0.0040330588817596436 75 13 213 177
face 0.004029065370559692 75 13 213 177
face 0.004011780023574829 75 13 213 177
face 0.003986954689025879 75 13 213 177
face 0.003986954689025879 75 13 213 177
face 0.00396767258644104 75 13 213 177
face 0.003954946994781494 75 13 213 177
face 0.003931313753128052 75 13 213 177
face 0.003929436206817627 75 13 213 177
face 0.003913849592208862 75 13 213 177
face 0.003907531499862671 75 13 213 177
face 0.0038982033729553223 75 13 213 177
face 0.0038920938968658447 75 13 213 177
face 0.0038724541664123535 75 13 213 177
face 0.003841787576675415 75 13 213 177
face 0.003840506076812744 75 13 213 177
face 0.0038377344608306885 75 13 213 177
face 0.0038246512413024902 75 13 213 177
face 0.0037922263145446777 75 13 213 177
face 0.0037883222103118896 75 13 213 177
face 0.0037816762924194336 75 13 213 177
face 0.0037437379360198975 75 13 213 177
face 0.00372961163520813 75 13 213 177
face 0.003693997859954834 75 13 213 177
face 0.003692060708999634 75 13 213 177
face 0.003657996654510498 75 13 213 177
face 0.003621429204940796 75 13 213 177
face 0.0036052465438842773 75 13 213 177
face 0.0035972893238067627 75 13 213 177
face 0.003596752882003784 75 13 213 177
face 0.003595113754272461 75 13 213 177
face 0.0035731494426727295 75 13 213 177
face 0.003551483154296875 75 13 213 177
face 0.003539532423019409 75 13 213 177
face 0.0035264790058135986 75 13 213 177
face 0.0035114586353302 75 13 213 177
