face 0.9904739856719971 500 155 762 442
face 0.14130669832229614 500 155 762 442
face 0.04728972911834717 500 155 762 442
face 0.04712745547294617 500 155 762 442
face 0.04182198643684387 500 155 762 442
face 0.03791642189025879 500 155 762 442
face 0.031625837087631226 500 155 762 442
face 0.024706095457077026 500 155 762 442
face 0.023627251386642456 500 155 762 442
face 0.022323161363601685 500 155 762 442
face 0.019480258226394653 500 155 762 442
face 0.017554908990859985 500 155 762 442
face 0.017418712377548218 500 155 762 442
face 0.01720598340034485 500 155 762 442
face 0.01712319254875183 500 155 762 442
face 0.01707872748374939 500 155 762 442
face 0.01696917414665222 500 155 762 442
face 0.016801148653030396 500 155 762 442
face 0.016284793615341187 500 155 762 442
face 0.01615428924560547 500 155 762 442
face 0.01525142788887024 500 155 762 442
face 0.014805614948272705 500 155 762 442
face 0.014797866344451904 500 155 762 442
face 0.01404997706413269 500 155 762 442
face 0.0139864981174469 500 155 762 442
face 0.01393243670463562 500 155 762 442
face 0.013890087604522705 500 155 762 442
face 0.013657629489898682 500 155 762 442
face 0.013126254081726074 500 155 762 442
face 0.011816233396530151 500 155 762 442
face 0.011615455150604248 500 155 762 442
face 0.01147770881652832 500 155 762 442
face 0.011448055505752563 500 155 762 442
face 0.011136233806610107 500 155 762 442
face 0.01069614291191101 500 155 762 442
face 0.010436773300170898 500 155 762 442
face 0.010309308767318726 500 155 762 442
face 0.010273724794387817 500 155 762 442
face 0.010144025087356567 500 155 762 442
face 0.010132163763046265 500 155 762 442
face 0.01010143756866455 500 155 762 442
face 0.009999752044677734 500 155 762 442
face 0.009644776582717896 500 155 762 442
face 0.009634166955947876 500 155 762 442
face 0.009185105562210083 500 155 762 442
face 0.008983135223388672 500 155 762 442
face 0.008890330791473389 500 155 762 442
face 0.008498013019561768 500 155 762 442
face 0.008253872394561768 500 155 762 442
face 0.008243411779403687 500 155 762 442
face 0.008072137832641602 500 155 762 442
face 0.00791841745376587 500 155 762 442
face 0.007780730724334717 500 155 762 442
face 0.007433533668518066 500 155 762 442
face 0.007397085428237915 500 155 762 442
face 0.007259726524353027 500 155 762 442
face 0.007254600524902344 500 155 762 442
face 0.007227271795272827 500 155 762 442
face 0.007087409496307373 500 155 762 442
face 0.007032930850982666 500 155 762 442
face 0.006990551948547363 500 155 762 442
face 0.006978809833526611 500 155 762 442
face 0.006931006908416748 500 155 762 442
face 0.006902158260345459 500 155 762 442
face 0.0067059993743896484 500 155 762 442
face 0.006643831729888916 500 155 762 442
face 0.0066377222537994385 500 155 762 442
face 0.006628811359405518 500 155 762 442
face 0.006518155336380005 500 155 762 442
face 0.006435215473175049 500 155 762 442
face 0.006377816200256348 500 155 762 442
face 0.006358355283737183 500 155 762 442
face 0.006349325180053711 500 155 762 442
face 0.006292015314102173 500 155 762 442
face 0.006289482116699219 500 155 762 442
face 0.006238371133804321 500 155 762 442
face 0.0062181949615478516 500 155 762 442
face 0.005912959575653076 500 155 762 442
face 0.005708158016204834 500 155 762 442
face 0.005702972412109375 500 155 762 442
face 0.005696326494216919 500 155 762 442
face 0.005635559558868408 500 155 762 442
face 0.005581289529800415 500 155 762 442
face 0.005540192127227783 500 155 762 442
face 0.005517929792404175 500 155 762 442
face 0.005507737398147583 500 155 762 442
face 0.00543588399887085 500 155 762 442
face 0.005405038595199585 500 155 762 442
face 0.0054045021533966064 500 155 762 442
face 0.005401611328125 500 155 762 442
face 0.005396664142608643 500 155 762 442
face 0.0053449273109436035 500 155 762 442
face 0.005200505256652832 500 155 762 442
face 0.005162686109542847 500 155 762 442
face 0.005132794380187988 500 155 762 442
face 0.005099624395370483 500 155 762 442
face 0.0050938427448272705 500 155 762 442
face 0.005090862512588501 500 155 762 442
face 0.005000263452529907 500 155 762 442
face 0.004972577095031738 500 155 762 442
