face 0.9989356994628906 426 163 701 493
face 0.9941470623016357 178 124 442 489
face 0.04017484188079834 178 124 442 489
face 0.024022340774536133 178 124 442 489
face 0.023122578859329224 178 124 442 489
face 0.021285980939865112 178 124 442 489
face 0.016666442155838013 178 124 442 489
face 0.014549434185028076 178 124 442 489
face 0.01391485333442688 178 124 442 489
face 0.013903230428695679 178 124 442 489
face 0.012146681547164917 178 124 442 489
face 0.011610835790634155 178 124 442 489
face 0.010829001665115356 178 124 442 489
face 0.010228395462036133 178 124 442 489
face 0.01012200117111206 178 124 442 489
face 0.009261906147003174 178 124 442 489
face 0.009134143590927124 178 124 442 489
face 0.009091734886169434 178 124 442 489
face 0.009009480476379395 178 124 442 489
face 0.008516013622283936 178 124 442 489
face 0.008181571960449219 178 124 442 489
face 0.0078202486038208 178 124 442 489
face 0.007666528224945068 178 124 442 489
face 0.007586240768432617 178 124 442 489
face 0.007157057523727417 178 124 442 489
face 0.007127583026885986 178 124 442 489
face 0.006798982620239258 178 124 442 489
face 0.006670355796813965 178 124 442 489
face 0.0065916478633880615 178 124 442 489
face 0.006272077560424805 178 124 442 489
face 0.006011366844177246 178 124 442 489
face 0.005934983491897583 178 124 442 489
face 0.005719542503356934 178 124 442 489
face 0.005375802516937256 178 124 442 489
face 0.005331665277481079 178 124 442 489
face 0.005326509475708008 178 124 442 489
face 0.005272239446640015 178 124 442 489
face 0.005072832107543945 178 124 442 489
face 0.004990249872207642 178 124 442 489
face 0.004951149225234985 178 124 442 489
face 0.004794210195541382 178 124 442 489
face 0.004789590835571289 178 124 442 489
face 0.004685759544372559 178 124 442 489
face 0.004556834697723389 178 124 442 489
face 0.004368692636489868 178 124 442 489
face 0.004364043474197388 178 124 442 489
face 0.004301279783248901 178 124 442 489
face 0.004245370626449585 178 124 442 489
face 0.004196107387542725 178 124 442 489
face 0.004136025905609131 178 124 442 489
face 0.0040704309940338135 178 124 442 489
face 0.0038715004920959473 178 124 442 489
face 0.0037685930728912354 178 124 442 489
face 0.003743976354598999 178 124 442 489
face 0.0036332011222839355 178 124 442 489
face 0.0036315321922302246 178 124 442 489
face 0.0036146044731140137 178 124 442 489
face 0.0036000311374664307 178 124 442 489
face 0.003558218479156494 178 124 442 489
face 0.0035033226013183594 178 124 442 489
face 0.0034922659397125244 178 124 442 489
face 0.003484398126602173 178 124 442 489
face 0.0033936500549316406 178 124 442 489
face 0.0033878982067108154 178 124 442 489
face 0.0033695995807647705 178 124 442 489
face 0.0033595263957977295 178 124 442 489
face 0.003340810537338257 178 124 442 489
face 0.0032546520233154297 178 124 442 489
face 0.0032199621200561523 178 124 442 489
face 0.003197580575942993 178 124 442 489
face 0.0031352341175079346 178 124 442 489
face 0.0030193030834198 178 124 442 489
face 0.0030103325843811035 178 124 442 489
face 0.0030083060264587402 178 124 442 489
face 0.002946317195892334 178 124 442 489
face 0.002945035696029663 178 124 442 489
face 0.002929478883743286 178 124 442 489
face 0.0029222071170806885 178 124 442 489
face 0.002913355827331543 178 124 442 489
face 0.0029060542583465576 178 124 442 489
face 0.0028571784496307373 178 124 442 489
face 0.0027618408203125 178 124 442 489
face 0.0027548372745513916 178 124 442 489
face 0.0027408599853515625 178 124 442 489
face 0.0027312934398651123 178 124 442 489
face 0.0027143657207489014 178 124 442 489
face 0.002698063850402832 178 124 442 489
face 0.0026641488075256348 178 124 442 489
face 0.0026577413082122803 178 124 442 489
face 0.002655535936355591 178 124 442 489
face 0.0026515424251556396 178 124 442 489
face 0.002644866704940796 178 124 442 489
face 0.0026344358921051025 178 124 442 489
face 0.002600729465484619 178 124 442 489
face 0.002545773983001709 178 124 442 489
face 0.002544790506362915 178 124 442 489
face 0.0025345683097839355 178 124 442 489
face 0.00251123309135437 178 124 442 489
face 0.0025076568126678467 178 124 442 489
face 0.002481520175933838 178 124 442 489
