face 0.9870697259902954 682 106 814 291
face 0.9665298461914062 581 197 706 365
face 0.014224231243133545 581 197 706 365
face 0.007536560297012329 581 197 706 365
face 0.006693035364151001 581 197 706 365
face 0.006168574094772339 581 197 706 365
face 0.0057419538497924805 581 197 706 365
face 0.005596727132797241 581 197 706 365
face 0.005333572626113892 581 197 706 365
face 0.005195498466491699 581 197 706 365
face 0.0049391984939575195 581 197 706 365
face 0.004707127809524536 581 197 706 365
face 0.004514634609222412 581 197 706 365
face 0.004168510437011719 581 197 706 365
face 0.003952205181121826 581 197 706 365
face 0.0037719011306762695 581 197 706 365
face 0.003730177879333496 581 197 706 365
face 0.003627002239227295 581 197 706 365
face 0.0035821497440338135 581 197 706 365
face 0.0035796761512756348 581 197 706 365
face 0.003501415252685547 581 197 706 365
face 0.003482431173324585 581 197 706 365
face 0.003439605236053467 581 197 706 365
face 0.0033929049968719482 581 197 706 365
face 0.0033891797065734863 581 197 706 365
face 0.0033256113529205322 581 197 706 365
face 0.0032032132148742676 581 197 706 365
face 0.0031953752040863037 581 197 706 365
face 0.0031847357749938965 581 197 706 365
face 0.0031258463859558105 581 197 706 365
face 0.003112703561782837 581 197 706 365
face 0.003091663122177124 581 197 706 365
face 0.0030457675457000732 581 197 706 365
face 0.0030017495155334473 581 197 706 365
face 0.00294572114944458 581 197 706 365
face 0.002936810255050659 581 197 706 365
face 0.002812623977661133 581 197 706 365
face 0.0028019845485687256 581 197 706 365
face 0.002773761749267578 581 197 706 365
face 0.0027622580528259277 581 197 706 365
face 0.0027192234992980957 581 197 706 365
face 0.002691805362701416 581 197 706 365
face 0.0026845335960388184 581 197 706 365
face 0.0026583969593048096 581 197 706 365
face 0.002634406089782715 581 197 706 365
face 0.0026077628135681152 581 197 706 365
face 0.0025950372219085693 581 197 706 365
face 0.0025947988033294678 581 197 706 365
face 0.002586066722869873 581 197 706 365
face 0.0025810301303863525 581 197 706 365
face 0.002560734748840332 581 197 706 365
face 0.002557218074798584 581 197 706 365
face 0.0025143325328826904 581 197 706 365
face 0.0025088489055633545 581 197 706 365
face 0.0024920403957366943 581 197 706 365
face 0.002483576536178589 581 197 706 365
face 0.002459496259689331 581 197 706 365
face 0.0024592578411102295 581 197 706 365
face 0.002452552318572998 581 197 706 365
face 0.0024325549602508545 581 197 706 365
face 0.0024291276931762695 581 197 706 365
face 0.002401798963546753 581 197 706 365
face 0.002393275499343872 581 197 706 365
face 0.0023606717586517334 581 197 706 365
face 0.002352684736251831 581 197 706 365
face 0.0023245811462402344 581 197 706 365
face 0.0023233890533447266 581 197 706 365
face 0.0023050308227539062 581 197 706 365
face 0.002295881509780884 581 197 706 365
face 0.002288132905960083 581 197 706 365
face 0.0022682547569274902 581 197 706 365
face 0.002263695001602173 581 197 706 365
face 0.0022600293159484863 581 197 706 365
face 0.002241283655166626 581 197 706 365
face 0.00223541259765625 581 197 706 365
face 0.0022143125534057617 581 197 706 365
face 0.0022138655185699463 581 197 706 365
face 0.0022087693214416504 581 197 706 365
face 0.0022062361240386963 581 197 706 365
face 0.002170771360397339 581 197 706 365
face 0.0021670758724212646 581 197 706 365
face 0.002166271209716797 581 197 706 365
face 0.002157270908355713 581 197 706 365
face 0.0021544992923736572 581 197 706 365
face 0.002147167921066284 581 197 706 365
face 0.002145916223526001 581 197 706 365
face 0.002119779586791992 581 197 706 365
face 0.002115696668624878 581 197 706 365
face 0.0020696818828582764 581 197 706 365
face 0.0020506978034973145 581 197 706 365
face 0.0020416080951690674 581 197 706 365
face 0.002037346363067627 581 197 706 365
face 0.0020318925380706787 581 197 706 365
face 0.002028435468673706 581 197 706 365
face 0.0020280778408050537 581 197 706 365
face 0.0020213425159454346 581 197 706 365
face 0.00202062726020813 581 197 706 365
face 0.002018481492996216 581 197 706 365
face 0.002015233039855957 581 197 706 365
face 0.0020135045051574707 581 197 706 365
