face 0.9956240057945251 254 138 453 360
face 0.9841808080673218 620 82 782 298
face 0.009141802787780762 620 82 782 298
face 0.005937069654464722 620 82 782 298
face 0.00524863600730896 620 82 782 298
face 0.005215346813201904 620 82 782 298
face 0.004645496606826782 620 82 782 298
face 0.004589080810546875 620 82 782 298
face 0.004525929689407349 620 82 782 298
face 0.004152029752731323 620 82 782 298
face 0.003909051418304443 620 82 782 298
face 0.0038949251174926758 620 82 782 298
face 0.003892272710800171 620 82 782 298
face 0.0038524270057678223 620 82 782 298
face 0.0035717785358428955 620 82 782 298
face 0.003451049327850342 620 82 782 298
face 0.0034322738647460938 620 82 782 298
face 0.0034017860889434814 620 82 782 298
face 0.0033138394355773926 620 82 782 298
face 0.0033104419708251953 620 82 782 298
face 0.0032892227172851562 620 82 782 298
face 0.0031714439392089844 620 82 782 298
face 0.0029972493648529053 620 82 782 298
face 0.002906203269958496 620 82 782 298
face 0.002781212329864502 620 82 782 298
face 0.0027801096439361572 620 82 782 298
face 0.0027558505535125732 620 82 782 298
face 0.002746403217315674 620 82 782 298
face 0.00270119309425354 620 82 782 298
face 0.0026857852935791016 620 82 782 298
face 0.0026586055755615234 620 82 782 298
face 0.0025257468223571777 620 82 782 298
face 0.0025232434272766113 620 82 782 298
face 0.002483278512954712 620 82 782 298
face 0.0024476349353790283 620 82 782 298
face 0.0024293363094329834 620 82 782 298
face 0.0024083852767944336 620 82 782 298
face 0.002362668514251709 620 82 782 298
face 0.0023558437824249268 620 82 782 298
face 0.002321302890777588 620 82 782 298
face 0.0023120641708374023 620 82 782 298
face 0.002308875322341919 620 82 782 298
face 0.002305269241333008 620 82 782 298
face 0.002271324396133423 620 82 782 298
face 0.0022352933883666992 620 82 782 298
face 0.002217918634414673 620 82 782 298
face 0.0022144317626953125 620 82 782 298
face 0.0021995604038238525 620 82 782 298
face 0.002188175916671753 620 82 782 298
face 0.002119988203048706 620 82 782 298
face 0.002114921808242798 620 82 782 298
face 0.002113550901412964 620 82 782 298
face 0.0021021366119384766 620 82 782 298
face 0.002090662717819214 620 82 782 298
face 0.0020794570446014404 620 82 782 298
face 0.0020743608474731445 620 82 782 298
face 0.0020364224910736084 620 82 782 298
face 0.00202903151512146 620 82 782 298
face 0.0020103156566619873 620 82 782 298
face 0.0020100176334381104 620 82 782 298
face 0.0020063817501068115 620 82 782 298
face 0.0019913911819458008 620 82 782 298
face 0.001981973648071289 620 82 782 298
face 0.001969069242477417 620 82 782 298
face 0.0019049346446990967 620 82 782 298
face 0.0018880963325500488 620 82 782 298
face 0.001877903938293457 620 82 782 298
face 0.0018582940101623535 620 82 782 298
face 0.00181502103805542 620 82 782 298
face 0.001798391342163086 620 82 782 298
face 0.0017863214015960693 620 82 782 298
face 0.0017861425876617432 620 82 782 298
face 0.0017754435539245605 620 82 782 298
face 0.0017430484294891357 620 82 782 298
face 0.0017422139644622803 620 82 782 298
face 0.0017358064651489258 620 82 782 298
face 0.0017281174659729004 620 82 782 298
face 0.0017270147800445557 620 82 782 298
face 0.00171583890914917 620 82 782 298
face 0.0016964077949523926 620 82 782 298
face 0.0016934573650360107 620 82 782 298
face 0.0016885697841644287 620 82 782 298
face 0.0016795694828033447 620 82 782 298
face 0.0016748011112213135 620 82 782 298
face 0.0016697943210601807 620 82 782 298
face 0.001661539077758789 620 82 782 298
face 0.001640021800994873 620 82 782 298
face 0.0016239285469055176 620 82 782 298
face 0.0016112327575683594 620 82 782 298
face 0.0015956461429595947 620 82 782 298
face 0.0015645325183868408 620 82 782 298
face 0.0015581846237182617 620 82 782 298
face 0.001551985740661621 620 82 782 298
face 0.0015454292297363281 620 82 782 298
face 0.00154152512550354 620 82 782 298
face 0.0015381574630737305 620 82 782 298
face 0.0015294551849365234 620 82 782 298
face 0.0015267729759216309 620 82 782 298
face 0.001526176929473877 620 82 782 298
face 0.0015257596969604492 620 82 782 298
