face 0.9755277037620544 317 221 483 406
face 0.6768262386322021 387 146 554 299
face 0.04685598611831665 387 146 554 299
face 0.02263525128364563 387 146 554 299
face 0.020560234785079956 387 146 554 299
face 0.018416762351989746 387 146 554 299
face 0.017957329750061035 387 146 554 299
face 0.017723560333251953 387 146 554 299
face 0.01646476984024048 387 146 554 299
face 0.016192317008972168 387 146 554 299
face 0.015019208192825317 387 146 554 299
face 0.014130920171737671 387 146 554 299
face 0.013432323932647705 387 146 554 299
face 0.010829716920852661 387 146 554 299
face 0.010295510292053223 387 146 554 299
face 0.010175734758377075 387 146 554 299
face 0.009656846523284912 387 146 554 299
face 0.009571731090545654 387 146 554 299
face 0.009340405464172363 387 146 554 299
face 0.008695155382156372 387 146 554 299
face 0.008431732654571533 387 146 554 299
face 0.008362919092178345 387 146 554 299
face 0.008203834295272827 387 146 554 299
face 0.0077686309814453125 387 146 554 299
face 0.007630079984664917 387 146 554 299
face 0.007567286491394043 387 146 554 299
face 0.0074656009674072266 387 146 554 299
face 0.0074555277824401855 387 146 554 299
face 0.007369428873062134 387 146 554 299
face 0.007125407457351685 387 146 554 299
face 0.00709196925163269 387 146 554 299
face 0.0069821178913116455 387 146 554 299
face 0.006880462169647217 387 146 554 299
face 0.0064456164836883545 387 146 554 299
face 0.006415724754333496 387 146 554 299
face 0.006201624870300293 387 146 554 299
face 0.006190627813339233 387 146 554 299
face 0.006085902452468872 387 146 554 299
face 0.005980342626571655 387 146 554 299
face 0.005828261375427246 387 146 554 299
face 0.005784034729003906 387 146 554 299
face 0.005614757537841797 387 146 554 299
face 0.005388766527175903 387 146 554 299
face 0.0053580403327941895 387 146 554 299
face 0.00524100661277771 387 146 554 299
face 0.005192995071411133 387 146 554 299
face 0.005175203084945679 387 146 554 299
face 0.005137801170349121 387 146 554 299
face 0.0050682127475738525 387 146 554 299
face 0.004977583885192871 387 146 554 299
face 0.004940420389175415 387 146 554 299
face 0.004815280437469482 387 146 554 299
face 0.0046672523021698 387 146 554 299
face 0.0046100914478302 387 146 554 299
face 0.004602372646331787 387 146 554 299
face 0.00458759069442749 387 146 554 299
face 0.004501163959503174 387 146 554 299
face 0.004479080438613892 387 146 554 299
face 0.0043426454067230225 387 146 554 299
face 0.004321068525314331 387 146 554 299
face 0.004298537969589233 387 146 554 299
face 0.004229038953781128 387 146 554 299
face 0.004215985536575317 387 146 554 299
face 0.004186004400253296 387 146 554 299
face 0.004184156656265259 387 146 554 299
face 0.004145205020904541 387 146 554 299
face 0.004051864147186279 387 146 554 299
face 0.0039698779582977295 387 146 554 299
face 0.0039692223072052 387 146 554 299
face 0.003906041383743286 387 146 554 299
face 0.0038208067417144775 387 146 554 299
face 0.003798753023147583 387 146 554 299
face 0.003785252571105957 387 146 554 299
face 0.003766655921936035 387 146 554 299
face 0.0037339329719543457 387 146 554 299
face 0.003716081380844116 387 146 554 299
face 0.003701448440551758 387 146 554 299
face 0.0036757290363311768 387 146 554 299
face 0.0036537349224090576 387 146 554 299
face 0.0036498308181762695 387 146 554 299
face 0.0036276578903198242 387 146 554 299
face 0.003611922264099121 387 146 554 299
face 0.003532111644744873 387 146 554 299
face 0.0034369826316833496 387 146 554 299
face 0.0034324824810028076 387 146 554 299
face 0.0033801794052124023 387 146 554 299
face 0.0033767521381378174 387 146 554 299
face 0.0033742189407348633 387 146 554 299
face 0.0033731162548065186 387 146 554 299
face 0.0033480823040008545 387 146 554 299
face 0.0033376216888427734 387 146 554 299
face 0.0032568275928497314 387 146 554 299
face 0.0032515227794647217 387 146 554 299
face 0.0032331347465515137 387 146 554 299
face 0.0032237768173217773 387 146 554 299
face 0.003209322690963745 387 146 554 299
face 0.0031816065311431885 387 146 554 299
face 0.0031776661053299904 387 146 554 299
face 0.0031703710556030273 387 146 554 299
face 0.003163456916809082 387 146 554 299
