face 0.9023550748825073 695 225 882 472
face 0.8644042015075684 440 407 636 674
face 0.023988842964172363 440 407 636 674
face 0.015603512525558472 440 407 636 674
face 0.012763261795043945 440 407 636 674
face 0.012164533138275146 440 407 636 674
face 0.01160651445388794 440 407 636 674
face 0.011366814374923706 440 407 636 674
face 0.011359065771102905 440 407 636 674
face 0.011020779609680176 440 407 636 674
face 0.010895580053329468 440 407 636 674
face 0.010670185089111328 440 407 636 674
face 0.010056465864181519 440 407 636 674
face 0.009546339511871338 440 407 636 674
face 0.009456455707550049 440 407 636 674
face 0.009343147277832031 440 407 636 674
face 0.009330034255981445 440 407 636 674
face 0.009018868207931519 440 407 636 674
face 0.008962452411651611 440 407 636 674
face 0.008922606706619263 440 407 636 674
face 0.008903861045837402 440 407 636 674
face 0.008885174989700317 440 407 636 674
face 0.00884091854095459 440 407 636 674
face 0.0087604820728302 440 407 636 674
face 0.00873708724975586 440 407 636 674
face 0.00873422622680664 440 407 636 674
face 0.008664965629577637 440 407 636 674
face 0.008605778217315674 440 407 636 674
face 0.008416742086410522 440 407 636 674
face 0.00821685791015625 440 407 636 674
face 0.008079856634140015 440 407 636 674
face 0.00807654857635498 440 407 636 674
face 0.007683396339416504 440 407 636 674
face 0.00764349102973938 440 407 636 674
face 0.007532835006713867 440 407 636 674
face 0.007479846477508545 440 407 636 674
face 0.007299095392227173 440 407 636 674
face 0.007066905498504639 440 407 636 674
face 0.00703883171081543 440 407 636 674
face 0.007019668817520142 440 407 636 674
face 0.006871998310089111 440 407 636 674
face 0.006729066371917725 440 407 636 674
face 0.006726622581481934 440 407 636 674
face 0.006640583276748657 440 407 636 674
face 0.00660434365272522 440 407 636 674
face 0.006591081619262695 440 407 636 674
face 0.00650981068611145 440 407 636 674
face 0.0063686370849609375 440 407 636 674
face 0.006347715854644775 440 407 636 674
face 0.006221681833267212 440 407 636 674
face 0.006220042705535889 440 407 636 674
face 0.006213247776031494 440 407 636 674
face 0.006155133247375488 440 407 636 674
face 0.0060768723487854 440 407 636 674
face 0.00592157244682312 440 407 636 674
face 0.005823999643325806 440 407 636 674
face 0.005804002285003662 440 407 636 674
face 0.005655944347381592 440 407 636 674
face 0.005613386631011963 440 407 636 674
face 0.005609422922134399 440 407 636 674
face 0.005595386028289795 440 407 636 674
face 0.00554165244102478 440 407 636 674
face 0.005522280931472778 440 407 636 674
face 0.0054638683795928955 440 407 636 674
face 0.005441397428512573 440 407 636 674
face 0.005423039197921753 440 407 636 674
face 0.005421370267868042 440 407 636 674
face 0.005386471748352051 440 407 636 674
face 0.0053154826164245605 440 407 636 674
face 0.005306899547576904 440 407 636 674
face 0.00521436333656311 440 407 636 674
face 0.005173057317733765 440 407 636 674
face 0.0051434338092803955 440 407 636 674
face 0.004997432231903076 440 407 636 674
face 0.00495484471321106 440 407 636 674
face 0.00493428111076355 440 407 636 674
face 0.004932403564453125 440 407 636 674
face 0.004876226186752319 440 407 636 674
face 0.004857242107391357 440 407 636 674
face 0.004837304353713989 440 407 636 674
face 0.004759639501571655 440 407 636 674
face 0.004752099514007568 440 407 636 674
face 0.00470966100692749 440 407 636 674
face 0.004687279462814331 440 407 636 674
face 0.004625380039215088 440 407 636 674
face 0.0045743584632873535 440 407 636 674
face 0.00451168417930603 440 407 636 674
face 0.004481077194213867 440 407 636 674
face 0.004450976848602295 440 407 636 674
face 0.004419684410095215 440 407 636 674
face 0.0043942928314208984 440 407 636 674
face 0.004383265972137451 440 407 636 674
face 0.004345417022705078 440 407 636 674
face 0.004273861646652222 440 407 636 674
face 0.004271775484085083 440 407 636 674
face 0.004259198904037476 440 407 636 674
face 0.004229992628097534 440 407 636 674
face 0.0041716694831848145 440 407 636 674
face 0.0041678547859191895 440 407 636 674
face 0.004167437553405762 440 407 636 674
