face 0.9947997331619263 193 397 459 704
face 0.3131357431411743 193 397 459 704
face 0.0835888683795929 193 397 459 704
face 0.018069475889205933 193 397 459 704
face 0.013760775327682495 193 397 459 704
face 0.01177874207496643 193 397 459 704
face 0.01120668649673462 193 397 459 704
face 0.010740160942077637 193 397 459 704
face 0.00975888967514038 193 397 459 704
face 0.009516894817352295 193 397 459 704
face 0.008259713649749756 193 397 459 704
face 0.008090019226074219 193 397 459 704
face 0.007653623819351196 193 397 459 704
face 0.007310539484024048 193 397 459 704
face 0.007296621799468994 193 397 459 704
face 0.006661355495452881 193 397 459 704
face 0.005896389484405518 193 397 459 704
face 0.005683004856109619 193 397 459 704
face 0.00526195764541626 193 397 459 704
face 0.005200058221817017 193 397 459 704
face 0.004912078380584717 193 397 459 704
face 0.004671454429626465 193 397 459 704
face 0.004586637020111084 193 397 459 704
face 0.004585713148117065 193 397 459 704
face 0.004584014415740967 193 397 459 704
face 0.004432857036590576 193 397 459 704
face 0.004419207572937012 193 397 459 704
face 0.00424763560295105 193 397 459 704
face 0.004175275564193726 193 397 459 704
face 0.004070967435836792 193 397 459 704
face 0.004034489393234253 193 397 459 704
face 0.004032611846923828 193 397 459 704
face 0.0039497315883636475 193 397 459 704
face 0.00394284725189209 193 397 459 704
face 0.003935009241104126 193 397 459 704
face 0.0038478076457977295 193 397 459 704
face 0.003815561532974243 193 397 459 704
face 0.003780931234359741 193 397 459 704
face 0.003771066665649414 193 397 459 704
face 0.003718137741088867 193 397 459 704
face 0.003665447235107422 193 397 459 704
face 0.0036520063877105713 193 397 459 704
face 0.003632843494415283 193 397 459 704
face 0.0035929083824157715 193 397 459 704
face 0.0035897791385650635 193 397 459 704
face 0.003529369831085205 193 397 459 704
face 0.0035108327865600586 193 397 459 704
face 0.0034652650356292725 193 397 459 704
face 0.003413170576095581 193 397 459 704
face 0.0033537745475769043 193 397 459 704
face 0.0033227503299713135 193 397 459 704
face 0.0033165812492370605 193 397 459 704
face 0.003301560878753662 193 397 459 704
face 0.0032569468021392822 193 397 459 704
face 0.003245443105697632 193 397 459 704
face 0.0032406747341156006 193 397 459 704
face 0.003190338611602783 193 397 459 704
face 0.0031748414039611816 193 397 459 704
face 0.003158658742904663 193 397 459 704
face 0.0031506121158599854 193 397 459 704
face 0.0031489431858062744 193 397 459 704
face 0.0031456351280212402 193 397 459 704
face 0.0030871033668518066 193 397 459 704
face 0.0030607283115386963 193 397 459 704
face 0.0030174851417541504 193 397 459 704
face 0.0029868781566619873 193 397 459 704
face 0.002979665994644165 193 397 459 704
face 0.0029629766941070557 193 397 459 704
face 0.002909153699874878 193 397 459 704
face 0.0028661787509918213 193 397 459 704
face 0.0027882754802703857 193 397 459 704
face 0.0027754604816436768 193 397 459 704
face 0.002760648727416992 193 397 459 704
face 0.002746790647506714 193 397 459 704
face 0.002720862627029419 193 397 459 704
face 0.0026917755603790283 193 397 459 704
face 0.002679497003555298 193 397 459 704
face 0.00267714262008667 193 397 459 704
face 0.0026467740535736084 193 397 459 704
face 0.0026361942291259766 193 397 459 704
face 0.002632230520248413 193 397 459 704
face 0.002600729465484619 193 397 459 704
face 0.0025899112224578857 193 397 459 704
face 0.0025778114795684814 193 397 459 704
face 0.002560347318649292 193 397 459 704
face 0.002559751272201538 193 397 459 704
face 0.0025433003902435303 193 397 459 704
face 0.00254058837890625 193 397 459 704
face 0.002534329891204834 193 397 459 704
face 0.002527475357055664 193 397 459 704
face 0.0025086402893066406 193 397 459 704
face 0.002490013837814331 193 397 459 704
face 0.002485930919647217 193 397 459 704
face 0.002484530210494995 193 397 459 704
face 0.0024656057357788086 193 397 459 704
face 0.002462238073348999 193 397 459 704
face 0.0024616122245788574 193 397 459 704
face 0.0024294257164001465 193 397 459 704
face 0.002416282892227173 193 397 459 704
face 0.0024056732654571533 193 397 459 704
