face 0.8389872312545776 583 253 640 343
face 0.08198454976081848 583 253 640 343
face 0.08176642656326294 583 253 640 343
face 0.07470983266830444 583 253 640 343
face 0.06173166632652283 583 253 640 343
face 0.060997962951660156 583 253 640 343
face 0.059611618518829346 583 253 640 343
face 0.055428504943847656 583 253 640 343
face 0.055281609296798706 583 253 640 343
face 0.05479699373245239 583 253 640 343
face 0.05372488498687744 583 253 640 343
face 0.05298739671707153 583 253 640 343
face 0.05133289098739624 583 253 640 343
face 0.049214839935302734 583 253 640 343
face 0.048101842403411865 583 253 640 343
face 0.046880751848220825 583 253 640 343
face 0.04587644338607788 583 253 640 343
face 0.04483601450920105 583 253 640 343
face 0.043776750564575195 583 253 640 343
face 0.04342234134674072 583 253 640 343
face 0.04283037781715393 583 253 640 343
face 0.040040433406829834 583 253 640 343
face 0.03997063636779785 583 253 640 343
face 0.03984707593917847 583 253 640 343
face 0.03720968961715698 583 253 640 343
face 0.03705644607543945 583 253 640 343
face 0.036966472864151 583 253 640 343
face 0.036417871713638306 583 253 640 343
face 0.03559297323226929 583 253 640 343
face 0.03547742962837219 583 253 640 343
face 0.03440821170806885 583 253 640 343
face 0.03403055667877197 583 253 640 343
face 0.03357863426208496 583 253 640 343
face 0.03346416354179382 583 253 640 343
face 0.03310862183570862 583 253 640 343
face 0.03281593322753906 583 253 640 343
face 0.03227981925010681 583 253 640 343
face 0.032209426164627075 583 253 640 343
face 0.03132101893424988 583 253 640 343
face 0.031032562255859375 583 253 640 343
face 0.030528396368026733 583 253 640 343
face 0.030460059642791748 583 253 640 343
face 0.03038620948791504 583 253 640 343
face 0.029542624950408936 583 253 640 343
face 0.02903616428375244 583 253 640 343
face 0.029014945030212402 583 253 640 343
face 0.02896454930305481 583 253 640 343
face 0.028020203113555908 583 253 640 343
face 0.027778655290603638 583 253 640 343
face 0.02752670645713806 583 253 640 343
face 0.02699396014213562 583 253 640 343
face 0.026842445135116577 583 253 640 343
face 0.02655351161956787 583 253 640 343
face 0.02559947967529297 583 253 640 343
face 0.025512725114822388 583 253 640 343
face 0.02461153268814087 583 253 640 343
face 0.024014294147491455 583 253 640 343
face 0.023673176765441895 583 253 640 343
face 0.023312479257583618 583 253 640 343
face 0.022102653980255127 583 253 640 343
face 0.02183207869529724 583 253 640 343
face 0.02177208662033081 583 253 640 343
face 0.021668076515197754 583 253 640 343
face 0.021545708179473877 583 253 640 343
face 0.02137589454650879 583 253 640 343
face 0.02129998803138733 583 253 640 343
face 0.02109658718109131 583 253 640 343
face 0.020957976579666138 583 253 640 343
face 0.020916849374771118 583 253 640 343
face 0.02031877636909485 583 253 640 343
face 0.02010980248451233 583 253 640 343
face 0.02007201313972473 583 253 640 343
face 0.01955696940422058 583 253 640 343
face 0.019385576248168945 583 253 640 343
face 0.019290119409561157 583 253 640 343
face 0.01913592219352722 583 253 640 343
face 0.01887837052345276 583 253 640 343
face 0.01883101463317871 583 253 640 343
face 0.018590152263641357 583 253 640 343
face 0.018417149782180786 583 253 640 343
face 0.01821368932723999 583 253 640 343
face 0.01817542314529419 583 253 640 343
face 0.018068432807922363 583 253 640 343
face 0.017845332622528076 583 253 640 343
face 0.017845183610916138 583 253 640 343
face 0.017819732427597046 583 253 640 343
face 0.01769307255744934 583 253 640 343
face 0.017609775066375732 583 253 640 343
face 0.017531901597976685 583 253 640 343
face 0.017370253801345825 583 253 640 343
face 0.017318546772003174 583 253 640 343
face 0.017292380332946777 583 253 640 343
face 0.01661565899848938 583 253 640 343
face 0.01654881238937378 583 253 640 343
face 0.01649656891822815 583 253 640 343
face 0.016105622053146362 583 253 640 343
face 0.015867263078689575 583 253 640 343
face 0.015685737133026123 583 253 640 343
face 0.015397906303405762 583 253 640 343
face 0.01525828242301941 583 253 640 343
