face 0.9458268284797668 450 797 567 958
face 0.5362106561660767 301 721 447 915
face 0.031046956777572632 301 721 447 915
face 0.022920429706573486 301 721 447 915
face 0.021762490272521973 301 721 447 915
face 0.02147921919822693 301 721 447 915
face 0.02103036642074585 301 721 447 915
face 0.020680278539657593 301 721 447 915
face 0.019656866788864136 301 721 447 915
face 0.01931813359260559 301 721 447 915
face 0.019007861614227295 301 721 447 915
face 0.018991827964782715 301 721 447 915
face 0.018297821283340454 301 721 447 915
face 0.018174022436141968 301 721 447 915
face 0.017954528331756592 301 721 447 915
face 0.01732274889945984 301 721 447 915
face 0.017223238945007324 301 721 447 915
face 0.01615428924560547 301 721 447 915
face 0.016101837158203125 301 721 447 915
face 0.015809953212738037 301 721 447 915
face 0.015690237283706665 301 721 447 915
face 0.015536606311798096 301 721 447 915
face 0.015134811401367188 301 721 447 915
face 0.015112966299057007 301 721 447 915
face 0.015056103467941284 301 721 447 915
face 0.01499396562576294 301 721 447 915
face 0.014494568109512329 301 721 447 915
face 0.014219492673873901 301 721 447 915
face 0.014048784971237183 301 721 447 915
face 0.013973712921142578 301 721 447 915
face 0.013956427574157715 301 721 447 915
face 0.013956338167190552 301 721 447 915
face 0.013890624046325684 301 721 447 915
face 0.013786643743515015 301 721 447 915
face 0.01370251178741455 301 721 447 915
face 0.013440549373626709 301 721 447 915
face 0.013377785682678223 301 721 447 915
face 0.013155519962310791 301 721 447 915
face 0.012889653444290161 301 721 447 915
face 0.012542724609375 301 721 447 915
face 0.012526243925094604 301 721 447 915
face 0.01252126693725586 301 721 447 915
face 0.01251453161239624 301 721 447 915
face 0.012487798929214478 301 721 447 915
face 0.012486517429351807 301 721 447 915
face 0.01244470477104187 301 721 447 915
face 0.012397170066833496 301 721 447 915
face 0.012396484613418579 301 721 447 915
face 0.012310951948165894 301 721 447 915
face 0.01229444146156311 301 721 447 915
face 0.01225993037223816 301 721 447 915
face 0.012202441692352295 301 721 447 915
face 0.012184888124465942 301 721 447 915
face 0.012176096439361572 301 721 447 915
face 0.012069374322891235 301 721 447 915
face 0.011884719133377075 301 721 447 915
face 0.011798679828643799 301 721 447 915
face 0.011698365211486816 301 721 447 915
face 0.011595547199249268 301 721 447 915
face 0.011486172676086426 301 721 447 915
face 0.011406570672988892 301 721 447 915
face 0.011331170797348022 301 721 447 915
face 0.0112934410572052 301 721 447 915
face 0.011276423931121826 301 721 447 915
face 0.011265277862548828 301 721 447 915
face 0.011163979768753052 301 721 447 915
face 0.011157870292663574 301 721 447 915
face 0.011079013347625732 301 721 447 915
face 0.011068552732467651 301 721 447 915
face 0.010910511016845703 301 721 447 915
face 0.01075047254562378 301 721 447 915
face 0.010532587766647339 301 721 447 915
face 0.010529100894927979 301 721 447 915
face 0.010450690984725952 301 721 447 915
face 0.010401606559753418 301 721 447 915
face 0.010366708040237427 301 721 447 915
face 0.010278761386871338 301 721 447 915
face 0.010256081819534302 301 721 447 915
face 0.010143280029296875 301 721 447 915
face 0.010071247816085815 301 721 447 915
face 0.01000472903251648 301 721 447 915
face 0.009959131479263306 301 721 447 915
face 0.009904623031616211 301 721 447 915
face 0.009864985942840576 301 721 447 915
face 0.009806007146835327 301 721 447 915
face 0.009758859872817993 301 721 447 915
face 0.009696036577224731 301 721 447 915
face 0.009679824113845825 301 721 447 915
face 0.009678959846496582 301 721 447 915
face 0.009632229804992676 301 721 447 915
face 0.009597480297088623 301 721 447 915
face 0.009563416242599487 301 721 447 915
face 0.009554564952850342 301 721 447 915
face 0.009484857320785522 301 721 447 915
face 0.009467720985412598 301 721 447 915
face 0.009367942810058594 301 721 447 915
face 0.009331881999969482 301 721 447 915
face 0.009323269128799438 301 721 447 915
face 0.00923660397529602 301 721 447 915
face 0.009168475866317749 301 721 447 915
