face 0.9994224309921265 328 227 658 689
face 0.931586742401123 956 96 1006 165
face 0.7344529628753662 0 211 301 686
face 0.5110081434249878 697 284 778 383
face 0.03821367025375366 697 284 778 383
face 0.031625181436538696 697 284 778 383
face 0.02589738368988037 697 284 778 383
face 0.023700684309005737 697 284 778 383
face 0.020236432552337646 697 284 778 383
face 0.020082026720046997 697 284 778 383
face 0.01939496397972107 697 284 778 383
face 0.01878988742828369 697 284 778 383
face 0.01804906129837036 697 284 778 383
face 0.0169827938079834 697 284 778 383
face 0.016753941774368286 697 284 778 383
face 0.015695124864578247 697 284 778 383
face 0.014845103025436401 697 284 778 383
face 0.01481291651725769 697 284 778 383
face 0.014695674180984497 697 284 778 383
face 0.014589488506317139 697 284 778 383
face 0.014574766159057617 697 284 778 383
face 0.014551937580108643 697 284 778 383
face 0.014515131711959839 697 284 778 383
face 0.014357268810272217 697 284 778 383
face 0.014314770698547363 697 284 778 383
face 0.013955235481262207 697 284 778 383
face 0.013526320457458496 697 284 778 383
face 0.013165980577468872 697 284 778 383
face 0.012982487678527832 697 284 778 383
face 0.012703627347946167 697 284 778 383
face 0.012633025646209717 697 284 778 383
face 0.011935979127883911 697 284 778 383
face 0.011632531881332397 697 284 778 383
face 0.011586576700210571 697 284 778 383
face 0.011357873678207397 697 284 778 383
face 0.011308491230010986 697 284 778 383
face 0.011145472526550293 697 284 778 383
face 0.011044979095458984 697 284 778 383
face 0.010996580123901367 697 284 778 383
face 0.010983049869537354 697 284 778 383
face 0.010952740907669067 697 284 778 383
face 0.01093447208404541 697 284 778 383
face 0.010932326316833496 697 284 778 383
face 0.010612040758132935 697 284 778 383
face 0.010589778423309326 697 284 778 383
face 0.010237276554107666 697 284 778 383
face 0.010115325450897217 697 284 778 383
face 0.010070055723190308 697 284 778 383
face 0.009941309690475464 697 284 778 383
face 0.009584546089172363 697 284 778 383
face 0.009551525115966797 697 284 778 383
face 0.009437024593353271 697 284 778 383
face 0.009399861097335815 697 284 778 383
face 0.009396761655807495 697 284 778 383
face 0.009316623210906982 697 284 778 383
face 0.009151756763458252 697 284 778 383
face 0.009048938751220703 697 284 778 383
face 0.008786678314208984 697 284 778 383
face 0.00870424509048462 697 284 778 383
face 0.008572280406951904 697 284 778 383
face 0.008566558361053467 697 284 778 383
face 0.008326172828674316 697 284 778 383
face 0.008280694484710693 697 284 778 383
face 0.008249521255493164 697 284 778 383
face 0.008248507976531982 697 284 778 383
face 0.008000403642654419 697 284 778 383
face 0.00791814923286438 697 284 778 383
face 0.007817268371582031 697 284 778 383
face 0.007801026105880737 697 284 778 383
face 0.007641226053237915 697 284 778 383
face 0.007595449686050415 697 284 778 383
face 0.0075477659702301025 697 284 778 383
face 0.007528483867645264 697 284 778 383
face 0.007431685924530029 697 284 778 383
face 0.00735810399055481 697 284 778 383
face 0.007302820682525635 697 284 778 383
face 0.007291436195373535 697 284 778 383
face 0.007275283336639404 697 284 778 383
face 0.0072355568408966064 697 284 778 383
face 0.007221966981887817 697 284 778 383
face 0.007030576467514038 697 284 778 383
face 0.0069734156131744385 697 284 778 383
face 0.006944537162780762 697 284 778 383
face 0.006937503814697266 697 284 778 383
face 0.006896913051605225 697 284 778 383
face 0.006838738918304443 697 284 778 383
face 0.006829321384429932 697 284 778 383
face 0.006827503442764282 697 284 778 383
face 0.006773829460144043 697 284 778 383
face 0.00663447380065918 697 284 778 383
face 0.006628572940826416 697 284 778 383
face 0.006522089242935181 697 284 778 383
face 0.006501346826553345 697 284 778 383
face 0.006404995918273926 697 284 778 383
face 0.006364256143569946 697 284 778 383
face 0.00634881854057312 697 284 778 383
face 0.006307423114776611 697 284 778 383
face 0.006248742341995239 697 284 778 383
face 0.006245285272598267 697 284 778 383
face 0.006221979856491089 697 284 778 383
