face 0.9963843822479248 447 310 476 348
face 0.9756991863250732 623 318 648 346
face 0.9733031988143921 524 279 554 317
face 0.9585580825805664 131 310 160 353
face 0.7548945546150208 683 394 710 433
face 0.6726396679878235 273 409 299 446
face 0.5975556373596191 170 463 201 503
face 0.5795841217041016 698 404 728 442
face 0.5795435309410095 829 307 855 340
face 0.5795072317123413 881 317 904 344
face 0.515689492225647 407 300 436 340
face 0.46080243587493896 407 300 436 340
face 0.4188685417175293 407 300 436 340
face 0.3880457580089569 407 300 436 340
face 0.38724496960639954 407 300 436 340
face 0.31897157430648804 407 300 436 340
face 0.30549395084381104 407 300 436 340
face 0.2812011241912842 407 300 436 340
face 0.23756760358810425 407 300 436 340
face 0.19001489877700806 407 300 436 340
face 0.11890989542007446 407 300 436 340
face 0.11286967992782593 407 300 436 340
face 0.10417762398719788 407 300 436 340
face 0.0960516631603241 407 300 436 340
face 0.09139463305473328 407 300 436 340
face 0.08954891562461853 407 300 436 340
face 0.08359208703041077 407 300 436 340
face 0.08186644315719604 407 300 436 340
face 0.07958784699440002 407 300 436 340
face 0.07778996229171753 407 300 436 340
face 0.07559219002723694 407 300 436 340
face 0.07403522729873657 407 300 436 340
face 0.07391321659088135 407 300 436 340
face 0.06409671902656555 407 300 436 340
face 0.06289127469062805 407 300 436 340
face 0.0597262978553772 407 300 436 340
face 0.05490276217460632 407 300 436 340
face 0.052707672119140625 407 300 436 340
face 0.05090165138244629 407 300 436 340
face 0.05033808946609497 407 300 436 340
face 0.04670232534408569 407 300 436 340
face 0.04553946852684021 407 300 436 340
face 0.04410874843597412 407 300 436 340
face 0.04347744584083557 407 300 436 340
face 0.0408473014831543 407 300 436 340
face 0.03639635443687439 407 300 436 340
face 0.03562629222869873 407 300 436 340
face 0.03541645407676697 407 300 436 340
face 0.03363272547721863 407 300 436 340
face 0.03207051753997803 407 300 436 340
face 0.0318760871887207 407 300 436 340
face 0.029875844717025757 407 300 436 340
face 0.02979913353919983 407 300 436 340
face 0.029444724321365356 407 300 436 340
face 0.028774261474609375 407 300 436 340
face 0.02857711911201477 407 300 436 340
face 0.02847960591316223 407 300 436 340
face 0.027576088905334473 407 300 436 340
face 0.026926279067993164 407 300 436 340
face 0.026099056005477905 407 300 436 340
face 0.025703251361846924 407 300 436 340
face 0.02417433261871338 407 300 436 340
face 0.024009257555007935 407 300 436 340
face 0.02271091938018799 407 300 436 340
face 0.022620797157287598 407 300 436 340
face 0.02250218391418457 407 300 436 340
face 0.022200167179107666 407 300 436 340
face 0.0221366286277771 407 300 436 340
face 0.021797537803649902 407 300 436 340
face 0.021326541900634766 407 300 436 340
face 0.02072042226791382 407 300 436 340
face 0.02057117223739624 407 300 436 340
face 0.018994539976119995 407 300 436 340
face 0.018908023834228516 407 300 436 340
face 0.01872152090072632 407 300 436 340
face 0.01869294047355652 407 300 436 340
face 0.018666118383407593 407 300 436 340
face 0.018151700496673584 407 300 436 340
face 0.017525315284729004 407 300 436 340
face 0.01729905605316162 407 300 436 340
face 0.01713317632675171 407 300 436 340
face 0.017090022563934326 407 300 436 340
face 0.016542375087738037 407 300 436 340
face 0.016534894704818726 407 300 436 340
face 0.016392618417739868 407 300 436 340
face 0.016289442777633667 407 300 436 340
face 0.016192644834518433 407 300 436 340
face 0.016155153512954712 407 300 436 340
face 0.016094714403152466 407 300 436 340
face 0.01604628562927246 407 300 436 340
face 0.016012847423553467 407 300 436 340
face 0.01596224308013916 407 300 436 340
face 0.01562616229057312 407 300 436 340
face 0.015540540218353271 407 300 436 340
face 0.015310078859329224 407 300 436 340
face 0.015072435140609741 407 300 436 340
face 0.014653056859970093 407 300 436 340
face 0.014088600873947144 407 300 436 340
face 0.013905644416809082 407 300 436 340
face 0.01365119218826294 407 300 436 340
