face 0.9936932325363159 78 132 437 622
face 0.9903821349143982 380 146 714 608
face 0.04187232255935669 380 146 714 608
face 0.04070037603378296 380 146 714 608
face 0.0325322151184082 380 146 714 608
face 0.030398964881896973 380 146 714 608
face 0.02842351794242859 380 146 714 608
face 0.026583820581436157 380 146 714 608
face 0.024819880723953247 380 146 714 608
face 0.02395683526992798 380 146 714 608
face 0.023054689168930054 380 146 714 608
face 0.022183626890182495 380 146 714 608
face 0.021525174379348755 380 146 714 608
face 0.0212918221950531 380 146 714 608
face 0.019801408052444458 380 146 714 608
face 0.01934012770652771 380 146 714 608
face 0.018403708934783936 380 146 714 608
face 0.017201125621795654 380 146 714 608
face 0.01705893874168396 380 146 714 608
face 0.016897499561309814 380 146 714 608
face 0.016627103090286255 380 146 714 608
face 0.016622811555862427 380 146 714 608
face 0.0164831280708313 380 146 714 608
face 0.016098052263259888 380 146 714 608
face 0.015992969274520874 380 146 714 608
face 0.015619874000549316 380 146 714 608
face 0.015257984399795532 380 146 714 608
face 0.014855682849884033 380 146 714 608
face 0.01474115252494812 380 146 714 608
face 0.014576852321624756 380 146 714 608
face 0.014129161834716797 380 146 714 608
face 0.014127224683761597 380 146 714 608
face 0.013409614562988281 380 146 714 608
face 0.013270169496536255 380 146 714 608
face 0.013238340616226196 380 146 714 608
face 0.012970507144927979 380 146 714 608
face 0.012901365756988525 380 146 714 608
face 0.012878090143203735 380 146 714 608
face 0.01256483793258667 380 146 714 608
face 0.01248025894165039 380 146 714 608
face 0.01241302490234375 380 146 714 608
face 0.01235690712928772 380 146 714 608
face 0.012297064065933228 380 146 714 608
face 0.01225823163986206 380 146 714 608
face 0.012059956789016724 380 146 714 608
face 0.012015163898468018 380 146 714 608
face 0.012011677026748657 380 146 714 608
face 0.0116347074508667 380 146 714 608
face 0.011499643325805664 380 146 714 608
face 0.011351346969604492 380 146 714 608
face 0.011286914348602295 380 146 714 608
face 0.011261075735092163 380 146 714 608
face 0.011229395866394043 380 146 714 608
face 0.010836243629455566 380 146 714 608
face 0.010830014944076538 380 146 714 608
face 0.010683685541152954 380 146 714 608
face 0.010619819164276123 380 146 714 608
face 0.01043441891670227 380 146 714 608
face 0.010242104530334473 380 146 714 608
face 0.010196089744567871 380 146 714 608
face 0.010185390710830688 380 146 714 608
face 0.01014360785484314 380 146 714 608
face 0.010123491287231445 380 146 714 608
face 0.010117113590240479 380 146 714 608
face 0.0100783109664917 380 146 714 608
face 0.010061115026473999 380 146 714 608
face 0.009987801313400269 380 146 714 608
face 0.009895920753479004 380 146 714 608
face 0.009885549545288086 380 146 714 608
face 0.009717285633087158 380 146 714 608
face 0.009627670049667358 380 146 714 608
face 0.0095500648021698 380 146 714 608
face 0.00938868522644043 380 146 714 608
face 0.009216755628585815 380 146 714 608
face 0.00921332836151123 380 146 714 608
face 0.009154170751571655 380 146 714 608
face 0.009081870317459106 380 146 714 608
face 0.008874118328094482 380 146 714 608
face 0.00878337025642395 380 146 714 608
face 0.008733659982681274 380 146 714 608
face 0.008676528930664062 380 146 714 608
face 0.008637487888336182 380 146 714 608
face 0.008554011583328247 380 146 714 608
face 0.008531123399734497 380 146 714 608
face 0.008472263813018799 380 146 714 608
face 0.00829342007637024 380 146 714 608
face 0.008277744054794312 380 146 714 608
face 0.00827556848526001 380 146 714 608
face 0.00816875696182251 380 146 714 608
face 0.008094370365142822 380 146 714 608
face 0.008045732975006104 380 146 714 608
face 0.008022844791412354 380 146 714 608
face 0.0078963041305542 380 146 714 608
face 0.007841497659683228 380 146 714 608
face 0.007816523313522339 380 146 714 608
face 0.0077762603759765625 380 146 714 608
face 0.00772210955619812 380 146 714 608
face 0.0076560378074646 380 146 714 608
face 0.0076100826263427734 380 146 714 608
face 0.007501840591430664 380 146 714 608
