face 0.9962641000747681 432 549 819 974
face 0.8562486171722412 223 278 591 665
face 0.014219880104064941 223 278 591 665
face 0.012930214405059814 223 278 591 665
face 0.011570870876312256 223 278 591 665
face 0.011265367269515991 223 278 591 665
face 0.010092109441757202 223 278 591 665
face 0.008372604846954346 223 278 591 665
face 0.0077745914459228516 223 278 591 665
face 0.0074770450592041016 223 278 591 665
face 0.0073535144329071045 223 278 591 665
face 0.006985962390899658 223 278 591 665
face 0.006641507148742676 223 278 591 665
face 0.006594806909561157 223 278 591 665
face 0.006351888179779053 223 278 591 665
face 0.006204098463058472 223 278 591 665
face 0.006048113107681274 223 278 591 665
face 0.006009012460708618 223 278 591 665
face 0.005839794874191284 223 278 591 665
face 0.0057912468910217285 223 278 591 665
face 0.0056657493114471436 223 278 591 665
face 0.005368351936340332 223 278 591 665
face 0.0053261518478393555 223 278 591 665
face 0.005157411098480225 223 278 591 665
face 0.005131334066390991 223 278 591 665
face 0.004968881607055664 223 278 591 665
face 0.004871875047683716 223 278 591 665
face 0.004496961832046509 223 278 591 665
face 0.004419207572937012 223 278 591 665
face 0.004373699426651001 223 278 591 665
face 0.004350751638412476 223 278 591 665
face 0.004323840141296387 223 278 591 665
face 0.004309922456741333 223 278 591 665
face 0.004302114248275757 223 278 591 665
face 0.0042969584465026855 223 278 591 665
face 0.00425603985786438 223 278 591 665
face 0.0042250752449035645 223 278 591 665
face 0.00421750545501709 223 278 591 665
face 0.0041394829750061035 223 278 591 665
face 0.004104912281036377 223 278 591 665
face 0.004064500331878662 223 278 591 665
face 0.004040241241455078 223 278 591 665
face 0.004036515951156616 223 278 591 665
face 0.004012763500213623 223 278 591 665
face 0.003951162099838257 223 278 591 665
face 0.0038647353649139404 223 278 591 665
face 0.0038392245769500732 223 278 591 665
face 0.0037581026554107666 223 278 591 665
face 0.0037538111209869385 223 278 591 665
face 0.0037471652030944824 223 278 591 665
face 0.00369378924369812 223 278 591 665
face 0.0036825835704803467 223 278 591 665
face 0.0036022067070007324 223 278 591 665
face 0.0035976767539978027 223 278 591 665
face 0.003483027219772339 223 278 591 665
face 0.0034672915935516357 223 278 591 665
face 0.0034384429454803467 223 278 591 665
face 0.0034254491329193115 223 278 591 665
face 0.0033940672874450684 223 278 591 665
face 0.0033900439739227295 223 278 591 665
face 0.0033766329288482666 223 278 591 665
face 0.003193467855453491 223 278 591 665
face 0.003188490867614746 223 278 591 665
face 0.0031789541244506836 223 278 591 665
face 0.0031662583351135254 223 278 591 665
face 0.003161609172821045 223 278 591 665
face 0.003159135580062866 223 278 591 665
face 0.003109872341156006 223 278 591 665
face 0.003108769655227661 223 278 591 665
face 0.003095269203186035 223 278 591 665
face 0.003075510263442993 223 278 591 665
face 0.003070652484893799 223 278 591 665
face 0.003046095371246338 223 278 591 665
face 0.003031104803085327 223 278 591 665
face 0.003009617328643799 223 278 591 665
face 0.003006190061569214 223 278 591 665
face 0.0029619038105010986 223 278 591 665
face 0.0029317140579223633 223 278 591 665
face 0.002899348735809326 223 278 591 665
face 0.0028701424598693848 223 278 591 665
face 0.0028479397296905518 223 278 591 665
face 0.002826005220413208 223 278 591 665
face 0.002809196710586548 223 278 591 665
face 0.0027526915073394775 223 278 591 665
face 0.002731889486312866 223 278 591 665
face 0.002660900354385376 223 278 591 665
face 0.0026525259017944336 223 278 591 665
face 0.0026425719261169434 223 278 591 665
face 0.0026340484619140625 223 278 591 665
face 0.0026316940784454346 223 278 591 665
face 0.0026292800903320312 223 278 591 665
face 0.00262489914894104 223 278 591 665
face 0.002567470073699951 223 278 591 665
face 0.0025631487369537354 223 278 591 665
face 0.0025418102741241455 223 278 591 665
face 0.002523750066757202 223 278 591 665
face 0.0025117099285125732 223 278 591 665
face 0.002508819103240967 223 278 591 665
face 0.0024876296520233154 223 278 591 665
face 0.0024612843990325928 223 278 591 665
