face 0.9043530225753784 597 44 719 201
face 0.4715018570423126 597 44 719 201
face 0.2713749408721924 597 44 719 201
face 0.04154214262962341 597 44 719 201
face 0.033390164375305176 597 44 719 201
face 0.032539695501327515 597 44 719 201
face 0.028583228588104248 597 44 719 201
face 0.027135401964187622 597 44 719 201
face 0.026448577642440796 597 44 719 201
face 0.024830013513565063 597 44 719 201
face 0.022725969552993774 597 44 719 201
face 0.022709161043167114 597 44 719 201
face 0.022630512714385986 597 44 719 201
face 0.022374272346496582 597 44 719 201
face 0.021196812391281128 597 44 719 201
face 0.019222140312194824 597 44 719 201
face 0.01730307936668396 597 44 719 201
face 0.01545935869216919 597 44 719 201
face 0.015415608882904053 597 44 719 201
face 0.014968812465667725 597 44 719 201
face 0.01465710997581482 597 44 719 201
face 0.013774573802947998 597 44 719 201
face 0.013767421245574951 597 44 719 201
face 0.013740003108978271 597 44 719 201
face 0.013712555170059204 597 44 719 201
face 0.013466715812683105 597 44 719 201
face 0.013067424297332764 597 44 719 201
face 0.012591272592544556 597 44 719 201
face 0.012505382299423218 597 44 719 201
face 0.012325882911682129 597 44 719 201
face 0.012109071016311646 597 44 719 201
face 0.012026041746139526 597 44 719 201
face 0.011780500411987305 597 44 719 201
face 0.011572450399398804 597 44 719 201
face 0.011541485786437988 597 44 719 201
face 0.011392921209335327 597 44 719 201
face 0.01133716106414795 597 44 719 201
face 0.010984361171722412 597 44 719 201
face 0.010828554630279541 597 44 719 201
face 0.010655850172042847 597 44 719 201
face 0.010522127151489258 597 44 719 201
face 0.01039212942123413 597 44 719 201
face 0.010351449251174927 597 44 719 201
face 0.010294079780578613 597 44 719 201
face 0.009933799505233765 597 44 719 201
face 0.009798645973205566 597 44 719 201
face 0.009616345167160034 597 44 719 201
face 0.009567975997924805 597 44 719 201
face 0.00954294204711914 597 44 719 201
face 0.009455591440200806 597 44 719 201
face 0.00943097472190857 597 44 719 201
face 0.009389609098434448 597 44 719 201
face 0.00937199592590332 597 44 719 201
face 0.00937187671661377 597 44 719 201
face 0.009368330240249634 597 44 719 201
face 0.009355813264846802 597 44 719 201
face 0.009177207946777344 597 44 719 201
face 0.009157180786132812 597 44 719 201
face 0.009072273969650269 597 44 719 201
face 0.009052544832229614 597 44 719 201
face 0.008894115686416626 597 44 719 201
face 0.008873611688613892 597 44 719 201
face 0.008842844516038895 597 44 719 201
face 0.008718997240066528 597 44 719 201
face 0.008717000484466553 597 44 719 201
face 0.008682459592819214 597 44 719 201
face 0.008534818887710571 597 44 719 201
face 0.008437931537628174 597 44 719 201
face 0.008316576480865479 597 44 719 201
face 0.008216768503189087 597 44 719 201
face 0.008160144090652466 597 44 719 201
face 0.0081576406955719 597 44 719 201
face 0.008152753114700317 597 44 719 201
face 0.00812464952468872 597 44 719 201
face 0.008097946643829346 597 44 719 201
face 0.007972866296768188 597 44 719 201
face 0.007785439491271973 597 44 719 201
face 0.007779181003570557 597 44 719 201
face 0.007736325263977051 597 44 719 201
face 0.007705658674240112 597 44 719 201
face 0.007671564817428589 597 44 719 201
face 0.007659703493118286 597 44 719 201
face 0.00760805606842041 597 44 719 201
face 0.00755801796913147 597 44 719 201
face 0.007472306489944458 597 44 719 201
face 0.007384002208709717 597 44 719 201
face 0.007378518581390381 597 44 719 201
face 0.007324278354644775 597 44 719 201
face 0.007287770509719849 597 44 719 201
face 0.0072197020053863525 597 44 719 201
face 0.007216393947601318 597 44 719 201
face 0.007215261459350586 597 44 719 201
face 0.007094472646713257 597 44 719 201
face 0.0070739686489105225 597 44 719 201
face 0.007061630487442017 597 44 719 201
face 0.007056206464767456 597 44 719 201
face 0.007019847631454468 597 44 719 201
face 0.006996095180511475 597 44 719 201
face 0.006965577602386475 597 44 719 201
face 0.006900161504745483 597 44 719 201
