face 0.9794661998748779 128 328 269 490
face 0.976680338382721 758 143 985 268
face 0.05243632197380066 758 143 985 268
face 0.04398810863494873 758 143 985 268
face 0.034704893827438354 758 143 985 268
face 0.029389500617980957 758 143 985 268
face 0.028044849634170532 758 143 985 268
face 0.02669847011566162 758 143 985 268
face 0.024050891399383545 758 143 985 268
face 0.02314046025276184 758 143 985 268
face 0.02181735634803772 758 143 985 268
face 0.020659297704696655 758 143 985 268
face 0.020258665084838867 758 143 985 268
face 0.019224226474761963 758 143 985 268
face 0.018640905618667603 758 143 985 268
face 0.018624335527420044 758 143 985 268
face 0.016399413347244263 758 143 985 268
face 0.016378015279769897 758 143 985 268
face 0.016272693872451782 758 143 985 268
face 0.015404164791107178 758 143 985 268
face 0.015167772769927979 758 143 985 268
face 0.015135020017623901 758 143 985 268
face 0.014670908451080322 758 143 985 268
face 0.013900905847549438 758 143 985 268
face 0.013636142015457153 758 143 985 268
face 0.01341894268989563 758 143 985 268
face 0.013407856225967407 758 143 985 268
face 0.012965172529220581 758 143 985 268
face 0.012184113264083862 758 143 985 268
face 0.01195669174194336 758 143 985 268
face 0.01190909743309021 758 143 985 268
face 0.011367231607437134 758 143 985 268
face 0.01119956374168396 758 143 985 268
face 0.011105060577392578 758 143 985 268
face 0.010942041873931885 758 143 985 268
face 0.010454058647155762 758 143 985 268
face 0.010203331708908081 758 143 985 268
face 0.010167062282562256 758 143 985 268
face 0.01013520359992981 758 143 985 268
face 0.010108202695846558 758 143 985 268
face 0.009948045015335083 758 143 985 268
face 0.009883731603622437 758 143 985 268
face 0.009824901819229126 758 143 985 268
face 0.00981670618057251 758 143 985 268
face 0.009804397821426392 758 143 985 268
face 0.009799420833587646 758 143 985 268
face 0.009686440229415894 758 143 985 268
face 0.00947880744934082 758 143 985 268
face 0.009343892335891724 758 143 985 268
face 0.00916755199432373 758 143 985 268
face 0.009132742881774902 758 143 985 268
face 0.009068548679351807 758 143 985 268
face 0.009054958820343018 758 143 985 268
face 0.009052574634552002 758 143 985 268
face 0.008965522050857544 758 143 985 268
face 0.008869826793670654 758 143 985 268
face 0.008828073740005493 758 143 985 268
face 0.008785337209701538 758 143 985 268
face 0.008437752723693848 758 143 985 268
face 0.008418738842010498 758 143 985 268
face 0.008362680673599243 758 143 985 268
face 0.00819617509841919 758 143 985 268
face 0.008166909217834473 758 143 985 268
face 0.00808367133140564 758 143 985 268
face 0.007928788661956787 758 143 985 268
face 0.007914692163467407 758 143 985 268
face 0.007881134748458862 758 143 985 268
face 0.007842540740966797 758 143 985 268
face 0.00784185528755188 758 143 985 268
face 0.007734477519989014 758 143 985 268
face 0.007711529731750488 758 143 985 268
face 0.007675975561141968 758 143 985 268
face 0.007652848958969116 758 143 985 268
face 0.007575243711471558 758 143 985 268
face 0.007493555545806885 758 143 985 268
face 0.00743141770362854 758 143 985 268
face 0.007418513298034668 758 143 985 268
face 0.007350623607635498 758 143 985 268
face 0.007300227880477905 758 143 985 268
face 0.007222294807434082 758 143 985 268
face 0.00713193416595459 758 143 985 268
face 0.00712236762046814 758 143 985 268
face 0.007093966007232666 758 143 985 268
face 0.0070140063762664795 758 143 985 268
face 0.006984889507293701 758 143 985 268
face 0.006977826356887817 758 143 985 268
face 0.006971210241317749 758 143 985 268
face 0.00690189003944397 758 143 985 268
face 0.006900817155838013 758 143 985 268
face 0.006880998611450195 758 143 985 268
face 0.006868124008178711 758 143 985 268
face 0.006825685501098633 758 143 985 268
face 0.006777375936508179 758 143 985 268
face 0.006770819425582886 758 143 985 268
face 0.006739258766174316 758 143 985 268
face 0.006697714328765869 758 143 985 268
face 0.006647229194641113 758 143 985 268
face 0.0065400004386901855 758 143 985 268
face 0.006475239992141724 758 143 985 268
face 0.00643610954284668 758 143 985 268
