face 0.3951776623725891 425 121 652 394
face 0.3731907308101654 425 121 652 394
face 0.04649847745895386 425 121 652 394
face 0.044420719146728516 425 121 652 394
face 0.040007054805755615 425 121 652 394
face 0.03475549817085266 425 121 652 394
face 0.017672717571258545 425 121 652 394
face 0.017635077238082886 425 121 652 394
face 0.01696339249610901 425 121 652 394
face 0.016200393438339233 425 121 652 394
face 0.014156430959701538 425 121 652 394
face 0.013088196516036987 425 121 652 394
face 0.01274070143699646 425 121 652 394
face 0.012465626001358032 425 121 652 394
face 0.0123349130153656 425 121 652 394
face 0.011733025312423706 425 121 652 394
face 0.011726301163434982 425 121 652 394
face 0.010930418968200684 425 121 652 394
face 0.0108603835105896 425 121 652 394
face 0.010658502578735352 425 121 652 394
face 0.01015239953994751 425 121 652 394
face 0.010107427835464478 425 121 652 394
face 0.00990256667137146 425 121 652 394
face 0.00977972149848938 425 121 652 394
face 0.009553879499435425 425 121 652 394
face 0.00916704535484314 425 121 652 394
face 0.00884905457496643 425 121 652 394
face 0.008798539638519287 425 121 652 394
face 0.008743762969970703 425 121 652 394
face 0.008445650339126587 425 121 652 394
face 0.008400321006774902 425 121 652 394
face 0.008292704820632935 425 121 652 394
face 0.008236974477767944 425 121 652 394
face 0.008179128170013428 425 121 652 394
face 0.008110791444778442 425 121 652 394
face 0.008022129535675049 425 121 652 394
face 0.007930964231491089 425 121 652 394
face 0.007890820503234863 425 121 652 394
face 0.007836014032363892 425 121 652 394
face 0.007824450731277466 425 121 652 394
face 0.007595568895339966 425 121 652 394
face 0.007537394762039185 425 121 652 394
face 0.007419228553771973 425 121 652 394
face 0.007257014513015747 425 121 652 394
face 0.007187753915786743 425 121 652 394
face 0.007174462080001831 425 121 652 394
face 0.00706365704536438 425 121 652 394
face 0.0070500969886779785 425 121 652 394
face 0.007008016109466553 425 121 652 394
face 0.006888926029205322 425 121 652 394
face 0.006867051124572754 425 121 652 394
face 0.006765305995941162 425 121 652 394
face 0.00675550103187561 425 121 652 394
face 0.006740152835845947 425 121 652 394
face 0.006682753562927246 425 121 652 394
face 0.006651580333709717 425 121 652 394
face 0.00656619668006897 425 121 652 394
face 0.006530851125717163 425 121 652 394
face 0.006517082452774048 425 121 652 394
face 0.0064830780029296875 425 121 652 394
face 0.0064393579959869385 425 121 652 394
face 0.006426364183425903 425 121 652 394
face 0.006192564964294434 425 121 652 394
face 0.006177991628646851 425 121 652 394
face 0.006143122911453247 425 121 652 394
face 0.006132721900939941 425 121 652 394
face 0.006117343902587891 425 121 652 394
face 0.006055116653442383 425 121 652 394
face 0.006047338247299194 425 121 652 394
face 0.006031006574630737 425 121 652 394
face 0.0060128867626190186 425 121 652 394
face 0.006003618240356445 425 121 652 394
face 0.005961358547210693 425 121 652 394
face 0.005908370018005371 425 121 652 394
face 0.005878627300262451 425 121 652 394
face 0.005859583616256714 425 121 652 394
face 0.005786895751953125 425 121 652 394
face 0.005784124135971069 425 121 652 394
face 0.005775928497314453 425 121 652 394
face 0.005702793598175049 425 121 652 394
face 0.005677759647369385 425 121 652 394
face 0.005562275648117065 425 121 652 394
face 0.00551488995552063 425 121 652 394
face 0.0053885579109191895 425 121 652 394
face 0.005346387624740601 425 121 652 394
face 0.005296260118484497 425 121 652 394
face 0.005273014307022095 425 121 652 394
face 0.005185753107070923 425 121 652 394
face 0.005162149667739868 425 121 652 394
face 0.0051129162311553955 425 121 652 394
face 0.005110204219818115 425 121 652 394
face 0.005078911781311035 425 121 652 394
face 0.005067557096481323 425 121 652 394
face 0.00498729944229126 425 121 652 394
face 0.004967987537384033 425 121 652 394
face 0.004966795444488525 425 121 652 394
face 0.004956841468811035 425 121 652 394
face 0.0049273669719696045 425 121 652 394
face 0.004865080118179321 425 121 652 394
face 0.004855811595916748 425 121 652 394
