face 0.974057137966156 734 119 748 137
face 0.9295872449874878 859 23 902 79
face 0.6879753470420837 671 110 686 129
face 0.23448637127876282 671 110 686 129
face 0.1324661672115326 671 110 686 129
face 0.10232117772102356 671 110 686 129
face 0.09317997097969055 671 110 686 129
face 0.09132453799247742 671 110 686 129
face 0.07953673601150513 671 110 686 129
face 0.05729115009307861 671 110 686 129
face 0.04661497473716736 671 110 686 129
face 0.04413515329360962 671 110 686 129
face 0.03072524070739746 671 110 686 129
face 0.030153393745422363 671 110 686 129
face 0.029664814472198486 671 110 686 129
face 0.028393536806106567 671 110 686 129
face 0.027924150228500366 671 110 686 129
face 0.02699682116508484 671 110 686 129
face 0.025286078453063965 671 110 686 129
face 0.02450019121170044 671 110 686 129
face 0.024440616369247437 671 110 686 129
face 0.02442076802253723 671 110 686 129
face 0.024351835250854492 671 110 686 129
face 0.02429366111755371 671 110 686 129
face 0.024121910333633423 671 110 686 129
face 0.023821353912353516 671 110 686 129
face 0.02376648783683777 671 110 686 129
face 0.02310800552368164 671 110 686 129
face 0.022981464862823486 671 110 686 129
face 0.022446542978286743 671 110 686 129
face 0.021390557289123535 671 110 686 129
face 0.021023958921432495 671 110 686 129
face 0.020878523588180542 671 110 686 129
face 0.020741641521453857 671 110 686 129
face 0.019993752241134644 671 110 686 129
face 0.019876837730407715 671 110 686 129
face 0.019557952880859375 671 110 686 129
face 0.01948520541191101 671 110 686 129
face 0.018442988395690918 671 110 686 129
face 0.01822081208229065 671 110 686 129
face 0.018209487199783325 671 110 686 129
face 0.017825007438659668 671 110 686 129
face 0.01776498556137085 671 110 686 129
face 0.017484724521636963 671 110 686 129
face 0.017246931791305542 671 110 686 129
face 0.017213672399520874 671 110 686 129
face 0.01716899871826172 671 110 686 129
face 0.016524910926818848 671 110 686 129
face 0.01649889349937439 671 110 686 129
face 0.016330987215042114 671 110 686 129
face 0.01630336046218872 671 110 686 129
face 0.01629352569580078 671 110 686 129
face 0.015997976064682007 671 110 686 129
face 0.01591968536376953 671 110 686 129
face 0.01580670475959778 671 110 686 129
face 0.01566597819328308 671 110 686 129
face 0.01540258526802063 671 110 686 129
face 0.015368461608886719 671 110 686 129
face 0.01528051495552063 671 110 686 129
face 0.015135705471038818 671 110 686 129
face 0.014991402626037598 671 110 686 129
face 0.014981091022491455 671 110 686 129
face 0.014972984790802002 671 110 686 129
face 0.014969289302825928 671 110 686 129
face 0.014625370502471924 671 110 686 129
face 0.014611780643463135 671 110 686 129
face 0.014468759298324585 671 110 686 129
face 0.01431170105934143 671 110 686 129
face 0.014054417610168457 671 110 686 129
face 0.01403135061264038 671 110 686 129
face 0.01391446590423584 671 110 686 129
face 0.01369941234588623 671 110 686 129
face 0.013596028089523315 671 110 686 129
face 0.013482719659805298 671 110 686 129
face 0.013393580913543701 671 110 686 129
face 0.013265401124954224 671 110 686 129
face 0.013154774904251099 671 110 686 129
face 0.01310056447982788 671 110 686 129
face 0.013078063726425171 671 110 686 129
face 0.012907683849334717 671 110 686 129
face 0.012819528579711914 671 110 686 129
face 0.012809008359909058 671 110 686 129
face 0.01273566484451294 671 110 686 129
face 0.012468606233596802 671 110 686 129
face 0.012388080358505249 671 110 686 129
face 0.012308776378631592 671 110 686 129
face 0.01222914457321167 671 110 686 129
face 0.012196898460388184 671 110 686 129
face 0.012170910835266113 671 110 686 129
face 0.012163907289505005 671 110 686 129
face 0.012123793363571167 671 110 686 129
face 0.012110590934753418 671 110 686 129
face 0.0120525062084198 671 110 686 129
face 0.011825889348983765 671 110 686 129
face 0.011751562356948853 671 110 686 129
face 0.011703073978424072 671 110 686 129
face 0.011668980121612549 671 110 686 129
face 0.01157689094543457 671 110 686 129
face 0.011530846357345581 671 110 686 129
face 0.011480569839477539 671 110 686 129
