face 0.9222139120101929 391 171 568 427
face 0.007854849100112915 391 171 568 427
face 0.0077405571937561035 391 171 568 427
face 0.006642460823059082 391 171 568 427
face 0.0056420862674713135 391 171 568 427
face 0.005150943994522095 391 171 568 427
face 0.005029559135437012 391 171 568 427
face 0.004920542240142822 391 171 568 427
face 0.004754543304443359 391 171 568 427
face 0.004747241735458374 391 171 568 427
face 0.004581570625305176 391 171 568 427
face 0.004072219133377075 391 171 568 427
face 0.004031479358673096 391 171 568 427
face 0.004019737243652344 391 171 568 427
face 0.003919154405593872 391 171 568 427
face 0.003910809755325317 391 171 568 427
face 0.0038214921951293945 391 171 568 427
face 0.003788471221923828 391 171 568 427
face 0.003635108470916748 391 171 568 427
face 0.0036009252071380615 391 171 568 427
face 0.0035274922847747803 391 171 568 427
face 0.0033364295959472656 391 171 568 427
face 0.003300696611404419 391 171 568 427
face 0.0031670331954956055 391 171 568 427
face 0.0031547844409942627 391 171 568 427
face 0.0031115710735321045 391 171 568 427
face 0.0030789971351623535 391 171 568 427
face 0.002935439348220825 391 171 568 427
face 0.002842843532562256 391 171 568 427
face 0.0027748048305511475 391 171 568 427
face 0.00274088978767395 391 171 568 427
face 0.002713024616241455 391 171 568 427
face 0.002708226442337036 391 171 568 427
face 0.0026349127292633057 391 171 568 427
face 0.002572387456893921 391 171 568 427
face 0.002531707286834717 391 171 568 427
face 0.0025039315223693848 391 171 568 427
face 0.002485036849975586 391 171 568 427
face 0.0024819374084472656 391 171 568 427
face 0.0024802982807159424 391 171 568 427
face 0.0024699270725250244 391 171 568 427
face 0.0024622082710266113 391 171 568 427
face 0.0024511516094207764 391 171 568 427
face 0.002314954996109009 391 171 568 427
face 0.0022747814655303955 391 171 568 427
face 0.002219587564468384 391 171 568 427
face 0.0022048354148864746 391 171 568 427
face 0.0021862387657165527 391 171 568 427
face 0.002183079719543457 391 171 568 427
face 0.002178788185119629 391 171 568 427
face 0.002155512571334839 391 171 568 427
face 0.002144426107406616 391 171 568 427
face 0.0021431148052215576 391 171 568 427
face 0.002127319574356079 391 171 568 427
face 0.0021214187145233154 391 171 568 427
face 0.0021100640296936035 391 171 568 427
face 0.002105921506881714 391 171 568 427
face 0.0020949840545654297 391 171 568 427
face 0.0020800530910491943 391 171 568 427
face 0.002032637596130371 391 171 568 427
face 0.0020030438899993896 391 171 568 427
face 0.001978546380996704 391 171 568 427
face 0.001948714256286621 391 171 568 427
face 0.0019355714321136475 391 171 568 427
face 0.0019276440143585205 391 171 568 427
face 0.0019270479679107666 391 171 568 427
face 0.0019131004810333252 391 171 568 427
face 0.0018426477909088135 391 171 568 427
face 0.001826256513595581 391 171 568 427
face 0.0018093585968017578 391 171 568 427
face 0.0018037259578704834 391 171 568 427
face 0.0017828941345214844 391 171 568 427
face 0.0017666816711425781 391 171 568 427
face 0.0017610490322113037 391 171 568 427
face 0.0017500221729278564 391 171 568 427
face 0.0016765296459197998 391 171 568 427
face 0.001644521951675415 391 171 568 427
face 0.0016350746154785156 391 171 568 427
face 0.0016345679759979248 391 171 568 427
face 0.0016328394412994385 391 171 568 427
face 0.0015897750854492188 391 171 568 427
face 0.0015736222267150879 391 171 568 427
face 0.0015544891357421875 391 171 568 427
face 0.0015456974506378174 391 171 568 427
face 0.0015417039394378662 391 171 568 427
face 0.0015336871147155762 391 171 568 427
face 0.0015314221382141113 391 171 568 427
face 0.0015280544757843018 391 171 568 427
face 0.0015214979648590088 391 171 568 427
face 0.001515030860900879 391 171 568 427
face 0.0015076994895935059 391 171 568 427
face 0.001496821641921997 391 171 568 427
face 0.001489102840423584 391 171 568 427
face 0.0014856159687042236 391 171 568 427
face 0.0014817416667938232 391 171 568 427
face 0.0014784932136535645 391 171 568 427
face 0.001473456621170044 391 171 568 427
face 0.001468569040298462 391 171 568 427
face 0.0014513134956359863 391 171 568 427
face 0.0014463961124420166 391 171 568 427
