face 0.9973605871200562 703 101 760 166
face 0.9956847429275513 305 98 362 179
face 0.9816830158233643 100 77 162 161
face 0.8250622749328613 493 75 549 154
face 0.8055241107940674 886 90 938 149
face 0.021569252014160156 886 90 938 149
face 0.018309086561203003 886 90 938 149
face 0.017662912607192993 886 90 938 149
face 0.01587042212486267 886 90 938 149
face 0.015566974878311157 886 90 938 149
face 0.01273295283317566 886 90 938 149
face 0.012123405933380127 886 90 938 149
face 0.012017220258712769 886 90 938 149
face 0.012003391981124878 886 90 938 149
face 0.010708779096603394 886 90 938 149
face 0.0077066123485565186 886 90 938 149
face 0.0077062249183654785 886 90 938 149
face 0.006822735071182251 886 90 938 149
face 0.006819993257522583 886 90 938 149
face 0.006736427545547485 886 90 938 149
face 0.0065697431564331055 886 90 938 149
face 0.00635683536529541 886 90 938 149
face 0.006304621696472168 886 90 938 149
face 0.0062187910079956055 886 90 938 149
face 0.006155431270599365 886 90 938 149
face 0.006139814853668213 886 90 938 149
face 0.006018161773681641 886 90 938 149
face 0.005938678979873657 886 90 938 149
face 0.005811840295791626 886 90 938 149
face 0.005794495344161987 886 90 938 149
face 0.005615025758743286 886 90 938 149
face 0.005508333444595337 886 90 938 149
face 0.005360662937164307 886 90 938 149
face 0.0052103400230407715 886 90 938 149
face 0.004940718412399292 886 90 938 149
face 0.004855036735534668 886 90 938 149
face 0.004766523838043213 886 90 938 149
face 0.004651308059692383 886 90 938 149
face 0.0046457648277282715 886 90 938 149
face 0.0046346187591552734 886 90 938 149
face 0.004621267318725586 886 90 938 149
face 0.004527390003204346 886 90 938 149
face 0.0044300854206085205 886 90 938 149
face 0.004210799932479858 886 90 938 149
face 0.004015296697616577 886 90 938 149
face 0.003970593214035034 886 90 938 149
face 0.003901749849319458 886 90 938 149
face 0.0038919448852539062 886 90 938 149
face 0.0038541853427886963 886 90 938 149
face 0.003769397735595703 886 90 938 149
face 0.0037529170513153076 886 90 938 149
face 0.003702908754348755 886 90 938 149
face 0.003567993640899658 886 90 938 149
face 0.0034692585468292236 886 90 938 149
face 0.003377765417098999 886 90 938 149
face 0.003290414810180664 886 90 938 149
face 0.0032051503658294678 886 90 938 149
face 0.0031775236129760742 886 90 938 149
face 0.003167182207107544 886 90 938 149
face 0.0031552824657410383 886 90 938 149
face 0.003121018409729004 886 90 938 149
face 0.003111600875854492 886 90 938 149
face 0.003097236156463623 886 90 938 149
face 0.0030894875526428223 886 90 938 149
face 0.003068685531616211 886 90 938 149
face 0.003027588129043579 886 90 938 149
face 0.0029938817024230957 886 90 938 149
face 0.0029824376106262207 886 90 938 149
face 0.002969503402709961 886 90 938 149
face 0.0029692351818084717 886 90 938 149
face 0.002963423728942871 886 90 938 149
face 0.0028905272483825684 886 90 938 149
face 0.0028663277626037598 886 90 938 149
face 0.0028460025787353516 886 90 938 149
face 0.0026491880416870117 886 90 938 149
face 0.0026424527168273926 886 90 938 149
face 0.0026060640811920166 886 90 938 149
face 0.0025820136070251465 886 90 938 149
face 0.002535909414291382 886 90 938 149
face 0.0024792253971099854 886 90 938 149
face 0.002478271722793579 886 90 938 149
face 0.002467930316925049 886 90 938 149
face 0.0024480819702148438 886 90 938 149
face 0.002447783946990967 886 90 938 149
face 0.002443283796310425 886 90 938 149
face 0.002436995506286621 886 90 938 149
face 0.002434462308883667 886 90 938 149
face 0.0024245381355285645 886 90 938 149
face 0.002399057149887085 886 90 938 149
face 0.0023929178714752197 886 90 938 149
face 0.002370983362197876 886 90 938 149
face 0.002310127019882202 886 90 938 149
face 0.002304375171661377 886 90 938 149
face 0.0022732019424438477 886 90 938 149
face 0.0022714734077453613 886 90 938 149
face 0.0022707581520080566 886 90 938 149
face 0.002268284559249878 886 90 938 149
face 0.002264261245727539 886 90 938 149
face 0.0022436678409576416 886 90 938 149
face 0.0022240877151489258 886 90 938 149
