face 0.964794397354126 367 243 622 543
face 0.0046472251415252686 367 243 622 543
face 0.003262758255004883 367 243 622 543
face 0.002997279167175293 367 243 622 543
face 0.0029214024543762207 367 243 622 543
face 0.0027950406074523926 367 243 622 543
face 0.0027853846549987793 367 243 622 543
face 0.0026496946811676025 367 243 622 543
face 0.0025516748428344727 367 243 622 543
face 0.0025429725646972656 367 243 622 543
face 0.0025183260440826416 367 243 622 543
face 0.0024905502796173096 367 243 622 543
face 0.00244218111038208 367 243 622 543
face 0.0023411214351654053 367 243 622 543
face 0.0023359060287475586 367 243 622 543
face 0.0022964775562286377 367 243 622 543
face 0.0022817254066467285 367 243 622 543
face 0.0022749006748199463 367 243 622 543
face 0.0022078752517700195 367 243 622 543
face 0.002083688974380493 367 243 622 543
face 0.002063453197479248 367 243 622 543
face 0.0019933581352233887 367 243 622 543
face 0.0019562244415283203 367 243 622 543
face 0.0019407868385314941 367 243 622 543
face 0.0019249916076660156 367 243 622 543
face 0.001870959997177124 367 243 622 543
face 0.001855611801147461 367 243 622 543
face 0.0018482804298400879 367 243 622 543
face 0.0018107295036315918 367 243 622 543
face 0.0018049180507659912 367 243 622 543
face 0.0018031597137451172 367 243 622 543
face 0.001793503761291504 367 243 622 543
face 0.0017924904823303223 367 243 622 543
face 0.0017906427383422852 367 243 622 543
face 0.0017745494842529297 367 243 622 543
face 0.001766800880432129 367 243 622 543
face 0.0017569959163665771 367 243 622 543
face 0.0017132163047790527 367 243 622 543
face 0.001706153154373169 367 243 622 543
face 0.00169333815574646 367 243 622 543
face 0.0016897916793823242 367 243 622 543
face 0.001686394214630127 367 243 622 543
face 0.001665264368057251 367 243 622 543
face 0.0016474127769470215 367 243 622 543
face 0.0016465187072753906 367 243 622 543
face 0.0015715062618255615 367 243 622 543
face 0.0015328526496887207 367 243 622 543
face 0.0015257596969604492 367 243 622 543
face 0.0015079975128173828 367 243 622 543
face 0.0014882981777191162 367 243 622 543
face 0.001482844352722168 367 243 622 543
face 0.001480787992477417 367 243 622 543
face 0.0014806389808654785 367 243 622 543
face 0.0014653503894805908 367 243 622 543
face 0.0014643371105194092 367 243 622 543
face 0.0014612078666687012 367 243 622 543
face 0.0014390945434570312 367 243 622 543
face 0.001424342393875122 367 243 622 543
face 0.00140380859375 367 243 622 543
face 0.0014001429080963135 367 243 622 543
face 0.0013842582702636719 367 243 622 543
face 0.0013790428638458252 367 243 622 543
face 0.0013734996318817139 367 243 622 543
face 0.0013604462146759033 367 243 622 543
face 0.0013522505760192871 367 243 622 543
face 0.0013489127159118652 367 243 622 543
face 0.0013470947742462158 367 243 622 543
face 0.0013470649719238281 367 243 622 543
face 0.001323014497756958 367 243 622 543
face 0.0013225376605987549 367 243 622 543
face 0.0013152062892913818 367 243 622 543
face 0.001313924789428711 367 243 622 543
face 0.00129622220993042 367 243 622 543
face 0.0012789666652679443 367 243 622 543
face 0.0012730658054351807 367 243 622 543
face 0.001267760992050171 367 243 622 543
face 0.001257181167602539 367 243 622 543
face 0.0012517571449279785 367 243 622 543
face 0.0012479126453399658 367 243 622 543
face 0.0012392401695251465 367 243 622 543
face 0.0012333691120147705 367 243 622 543
face 0.001225888729095459 367 243 622 543
face 0.0012118816375732422 367 243 622 543
face 0.0012089908123016357 367 243 622 543
face 0.0012074410915374756 367 243 622 543
face 0.0012026429176330566 367 243 622 543
face 0.0011888742446899414 367 243 622 543
face 0.0011844336986541748 367 243 622 543
face 0.0011767745018005371 367 243 622 543
face 0.0011747181415557861 367 243 622 543
face 0.0011744499206542969 367 243 622 543
face 0.0011722743511199951 367 243 622 543
face 0.0011702477931976318 367 243 622 543
face 0.001169741153717041 367 243 622 543
face 0.0011649727821350098 367 243 622 543
face 0.001164764165878296 367 243 622 543
face 0.001162022352218628 367 243 622 543
face 0.0011605322360992432 367 243 622 543
face 0.0011589527130126953 367 243 622 543
face 0.001144498586654663 367 243 622 543
