face 0.9477124810218811 615 49 714 203
face 0.8430659174919128 185 141 293 279
face 0.028950363397598267 185 141 293 279
face 0.016190916299819946 185 141 293 279
face 0.014212071895599365 185 141 293 279
face 0.012572020292282104 185 141 293 279
face 0.012281060218811035 185 141 293 279
face 0.01108473539352417 185 141 293 279
face 0.010524719953536987 185 141 293 279
face 0.009097099304199219 185 141 293 279
face 0.008234381675720215 185 141 293 279
face 0.007687419652938843 185 141 293 279
face 0.006342649459838867 185 141 293 279
face 0.006231099367141724 185 141 293 279
face 0.006196200847625732 185 141 293 279
face 0.005902796983718872 185 141 293 279
face 0.005745142698287964 185 141 293 279
face 0.005490779876708984 185 141 293 279
face 0.005118846893310547 185 141 293 279
face 0.004975259304046631 185 141 293 279
face 0.004927217960357666 185 141 293 279
face 0.0048482418060302734 185 141 293 279
face 0.004772186279296875 185 141 293 279
face 0.004628300666809082 185 141 293 279
face 0.004559755325317383 185 141 293 279
face 0.0044291019439697266 185 141 293 279
face 0.004344075918197632 185 141 293 279
face 0.0042028725147247314 185 141 293 279
face 0.00417664647102356 185 141 293 279
face 0.0040825605392456055 185 141 293 279
face 0.0040794312953948975 185 141 293 279
face 0.004001915454864502 185 141 293 279
face 0.0038242340087890625 185 141 293 279
face 0.003811776638031006 185 141 293 279
face 0.003784477710723877 185 141 293 279
face 0.003752380609512329 185 141 293 279
face 0.003722250461578369 185 141 293 279
face 0.0036804676055908203 185 141 293 279
face 0.0033930540084838867 185 141 293 279
face 0.0033516883850097656 185 141 293 279
face 0.0033407509326934814 185 141 293 279
face 0.003287971019744873 185 141 293 279
face 0.003286421298980713 185 141 293 279
face 0.0032486021518707275 185 141 293 279
face 0.0032285451889038086 185 141 293 279
face 0.0030811429023742676 185 141 293 279
face 0.0030736029148101807 185 141 293 279
face 0.0030049383640289307 185 141 293 279
face 0.0029847323894500732 185 141 293 279
face 0.002786576747894287 185 141 293 279
face 0.0027614235877990723 185 141 293 279
face 0.0026901066303253174 185 141 293 279
face 0.0026359260082244873 185 141 293 279
face 0.0026176869869232178 185 141 293 279
face 0.0026166141033172607 185 141 293 279
face 0.0026057958602905273 185 141 293 279
face 0.002546936273574829 185 141 293 279
face 0.002450406551361084 185 141 293 279
face 0.0024090707302093506 185 141 293 279
face 0.002398461103439331 185 141 293 279
face 0.002396613359451294 185 141 293 279
face 0.0023923516273498535 185 141 293 279
face 0.002368927001953125 185 141 293 279
face 0.0023666322231292725 185 141 293 279
face 0.0023553967475891113 185 141 293 279
face 0.0023453235626220703 185 141 293 279
face 0.002328544855117798 185 141 293 279
face 0.0022939741611480713 185 141 293 279
face 0.0022521018981933594 185 141 293 279
face 0.0022215545177459717 185 141 293 279
face 0.002205878496170044 185 141 293 279
face 0.0021911263465881348 185 141 293 279
face 0.0021608471870422363 185 141 293 279
face 0.002153456211090088 185 141 293 279
face 0.0021519362926483154 185 141 293 279
face 0.002130746841430664 185 141 293 279
face 0.002096363576129079 185 141 293 279
face 0.0020957589149475098 185 141 293 279
face 0.0020841658115386963 185 141 293 279
face 0.002047419548034668 185 141 293 279
face 0.0020353198051452637 185 141 293 279
face 0.0019973814487457275 185 141 293 279
face 0.001978367567062378 185 141 293 279
face 0.0019528865814208984 185 141 293 279
face 0.0019519627094268799 185 141 293 279
face 0.0019508004188537598 185 141 293 279
face 0.0019233226776123047 185 141 293 279
face 0.0019206404685974121 185 141 293 279
face 0.001896679401397705 185 141 293 279
face 0.001889050006866455 185 141 293 279
face 0.001882404088973999 185 141 293 279
face 0.0018676817417144775 185 141 293 279
face 0.0018471777439117432 185 141 293 279
face 0.0018394291400909424 185 141 293 279
face 0.0018327832221984863 185 141 293 279
face 0.0018234848976135254 185 141 293 279
face 0.0018052756786346436 185 141 293 279
face 0.0017991065979003906 185 141 293 279
face 0.0017717182636260986 185 141 293 279
face 0.001766890287399292 185 141 293 279
