face 0.9980170130729675 375 91 648 457
face 0.011536121368408203 375 91 648 457
face 0.007527440786361694 375 91 648 457
face 0.007374554872512817 375 91 648 457
face 0.006376117467880249 375 91 648 457
face 0.006227612495422363 375 91 648 457
face 0.006201982498168945 375 91 648 457
face 0.006192266941070557 375 91 648 457
face 0.006165921688079834 375 91 648 457
face 0.006014466285705566 375 91 648 457
face 0.0058654360473155975 375 91 648 457
face 0.005455136299133301 375 91 648 457
face 0.005423873662948608 375 91 648 457
face 0.005322813987731934 375 91 648 457
face 0.005186647176742554 375 91 648 457
face 0.0051850080490112305 375 91 648 457
face 0.005029231309890747 375 91 648 457
face 0.004714787006378174 375 91 648 457
face 0.004513055086135864 375 91 648 457
face 0.00425991415977478 375 91 648 457
face 0.004244118928909302 375 91 648 457
face 0.004165768623352051 375 91 648 457
face 0.004123777151107788 375 91 648 457
face 0.0041168928146362305 375 91 648 457
face 0.0040846168994903564 375 91 648 457
face 0.00405508279800415 375 91 648 457
face 0.003976613283157349 375 91 648 457
face 0.0039670467376708984 375 91 648 457
face 0.003936082124710083 375 91 648 457
face 0.003899604082107544 375 91 648 457
face 0.003864079713821411 375 91 648 457
face 0.003716021776199341 375 91 648 457
face 0.003632783889770508 375 91 648 457
face 0.0036025643348693848 375 91 648 457
face 0.0035813748836517334 375 91 648 457
face 0.0035460293292999268 375 91 648 457
face 0.0035188496112823486 375 91 648 457
face 0.003482639789581299 375 91 648 457
face 0.0034303665161132812 375 91 648 457
face 0.0033233463764190674 375 91 648 457
face 0.003292292356491089 375 91 648 457
face 0.003255903720855713 375 91 648 457
face 0.003251582384109497 375 91 648 457
face 0.00323370099067688 375 91 648 457
face 0.0032023191452026367 375 91 648 457
face 0.003197222948074341 375 91 648 457
face 0.0031456947326660156 375 91 648 457
face 0.0031437277793884277 375 91 648 457
face 0.0031411349773406982 375 91 648 457
face 0.003125995397567749 375 91 648 457
face 0.003118187189102173 375 91 648 457
face 0.0031169652938842773 375 91 648 457
face 0.003113389015197754 375 91 648 457
face 0.003083258867263794 375 91 648 457
face 0.003072082996368408 375 91 648 457
face 0.003030061721801758 375 91 648 457
face 0.0030115246772766113 375 91 648 457
face 0.0029754936695098877 375 91 648 457
face 0.0029715299606323242 375 91 648 457
face 0.0029636621475219727 375 91 648 457
face 0.002951890230178833 375 91 648 457
face 0.0029466748237609863 375 91 648 457
face 0.002932220697402954 375 91 648 457
face 0.0029171109199523926 375 91 648 457
face 0.002855449914932251 375 91 648 457
face 0.0028544962406158447 375 91 648 457
face 0.0028520524501800537 375 91 648 457
face 0.002840191125869751 375 91 648 457
face 0.0028189122676849365 375 91 648 457
face 0.0028144419193267822 375 91 648 457
face 0.002781987190246582 375 91 648 457
face 0.002766221761703491 375 91 648 457
face 0.002765059471130371 375 91 648 457
face 0.0027511119842529297 375 91 648 457
face 0.0027194321155548096 375 91 648 457
face 0.0026879310607910156 375 91 648 457
face 0.0026631057262420654 375 91 648 457
face 0.002661585807800293 375 91 648 457
face 0.0026566386222839355 375 91 648 457
face 0.0026265084743499756 375 91 648 457
face 0.0026230812072753906 375 91 648 457
face 0.0026120543479919434 375 91 648 457
face 0.002611786127090454 375 91 648 457
face 0.0026065707206726074 375 91 648 457
face 0.0026006996631622314 375 91 648 457
face 0.002598315477371216 375 91 648 457
face 0.002593994140625 375 91 648 457
face 0.0025937259197235107 375 91 648 457
face 0.002583324909210205 375 91 648 457
face 0.002582937479019165 375 91 648 457
face 0.00257912278175354 375 91 648 457
face 0.00257265567779541 375 91 648 457
face 0.002559065818786621 375 91 648 457
face 0.002539008855819702 375 91 648 457
face 0.0025318264961242676 375 91 648 457
face 0.002524644136428833 375 91 648 457
face 0.002520829439163208 375 91 648 457
face 0.002506464719772339 375 91 648 457
face 0.0024934113025665283 375 91 648 457
face 0.002491891384124756 375 91 648 457
