face 0.955873966217041 425 121 652 394
face 0.07642152905464172 425 121 652 394
face 0.04053157567977905 425 121 652 394
face 0.038168519735336304 425 121 652 394
face 0.035925596952438354 425 121 652 394
face 0.032997459173202515 425 121 652 394
face 0.023139148950576782 425 121 652 394
face 0.023080378770828247 425 121 652 394
face 0.019203543663024902 425 121 652 394
face 0.0185052752494812 425 121 652 394
face 0.017622292041778564 425 121 652 394
face 0.016383111476898193 425 121 652 394
face 0.014727860689163208 425 121 652 394
face 0.013941079378128052 425 121 652 394
face 0.012963354587554932 425 121 652 394
face 0.012258440256118774 425 121 652 394
face 0.01190096139907837 425 121 652 394
face 0.011149287223815918 425 121 652 394
face 0.010942190885543823 425 121 652 394
face 0.010468065738677979 425 121 652 394
face 0.01043739914894104 425 121 652 394
face 0.010135054588317871 425 121 652 394
face 0.009860217571258545 425 121 652 394
face 0.008963733911514282 425 121 652 394
face 0.008760660886764526 425 121 652 394
face 0.008703291416168213 425 121 652 394
face 0.008562535047531128 425 121 652 394
face 0.008331745862960815 425 121 652 394
face 0.00815284252166748 425 121 652 394
face 0.008087724447250366 425 121 652 394
face 0.007690906524658203 425 121 652 394
face 0.007349282503128052 425 121 652 394
face 0.007245659828186035 425 121 652 394
face 0.007081538438796997 425 121 652 394
face 0.0069239139556884766 425 121 652 394
face 0.006916224956512451 425 121 652 394
face 0.006616145372390747 425 121 652 394
face 0.0064826905727386475 425 121 652 394
face 0.006441622972488403 425 121 652 394
face 0.0064262449741363525 425 121 652 394
face 0.006362348794937134 425 121 652 394
face 0.006347358226776123 425 121 652 394
face 0.0062988996505737305 425 121 652 394
face 0.006246596574783325 425 121 652 394
face 0.006217241287231445 425 121 652 394
face 0.006069839000701904 425 121 652 394
face 0.006029367446899414 425 121 652 394
face 0.005945533514022827 425 121 652 394
face 0.005936384201049805 425 121 652 394
face 0.005927771329879761 425 121 652 394
face 0.0058557987213134766 425 121 652 394
face 0.005785167217254639 425 121 652 394
face 0.005682140588760376 425 121 652 394
face 0.0056206583976745605 425 121 652 394
face 0.005509793758392334 425 121 652 394
face 0.005473405122756958 425 121 652 394
face 0.005390644073486328 425 121 652 394
face 0.00538104772567749 425 121 652 394
face 0.005286157131195068 425 121 652 394
face 0.005285412073135376 425 121 652 394
face 0.005074232816696167 425 121 652 394
face 0.0050057172775268555 425 121 652 394
face 0.005002111196517944 425 121 652 394
face 0.004993468523025513 425 121 652 394
face 0.004870355129241943 425 121 652 394
face 0.0048272013664245605 425 121 652 394
face 0.004772752523422241 425 121 652 394
face 0.004759430885314941 425 121 652 394
face 0.004757702350616455 425 121 652 394
face 0.0046803951263427734 425 121 652 394
face 0.004678934812545776 425 121 652 394
face 0.004644036293029785 425 121 652 394
face 0.004636317491531372 425 121 652 394
face 0.004602789878845215 425 121 652 394
face 0.004501014947891235 425 121 652 394
face 0.0043534040451049805 425 121 652 394
face 0.004242539405822754 425 121 652 394
face 0.004224002361297607 425 121 652 394
face 0.004155576229095459 425 121 652 394
face 0.0041348934173583984 425 121 652 394
face 0.004134625196456909 425 121 652 394
face 0.004095673561096191 425 121 652 394
face 0.004039794206619263 425 121 652 394
face 0.003988742828369141 425 121 652 394
face 0.003976553678512573 425 121 652 394
face 0.003964275121688843 425 121 652 394
face 0.003954023122787476 425 121 652 394
face 0.003917664289474487 425 121 652 394
face 0.0038961172103881836 425 121 652 394
face 0.0038711726665496826 425 121 652 394
face 0.0038689374923706055 425 121 652 394
face 0.0038598179817199707 425 121 652 394
face 0.003854513168334961 425 121 652 394
face 0.0038454532623291016 425 121 652 394
face 0.0038423240184783936 425 121 652 394
face 0.003816545009613037 425 121 652 394
face 0.003815561532974243 425 121 652 394
face 0.003786712884902954 425 121 652 394
face 0.003774404525756836 425 121 652 394
face 0.0037459731101989746 425 121 652 394
