face 0.9970883131027222 204 279 675 959
face 0.01619783043861389 204 279 675 959
face 0.016138464212417603 204 279 675 959
face 0.012713968753814697 204 279 675 959
face 0.010387390851974487 204 279 675 959
face 0.009879589080810547 204 279 675 959
face 0.008482486009597778 204 279 675 959
face 0.008339762687683105 204 279 675 959
face 0.0081712007522583 204 279 675 959
face 0.008089900016784668 204 279 675 959
face 0.007664591073989868 204 279 675 959
face 0.007568925619125366 204 279 675 959
face 0.0075318217277526855 204 279 675 959
face 0.007497847080230713 204 279 675 959
face 0.007291704416275024 204 279 675 959
face 0.0072653889656066895 204 279 675 959
face 0.007187008857727051 204 279 675 959
face 0.0070765018463134766 204 279 675 959
face 0.006978839635848999 204 279 675 959
face 0.00696718692779541 204 279 675 959
face 0.0067376792430877686 204 279 675 959
face 0.006576120853424072 204 279 675 959
face 0.006534278392791748 204 279 675 959
face 0.006492316722869873 204 279 675 959
face 0.006398141384124756 204 279 675 959
face 0.006295353174209595 204 279 675 959
face 0.006282329559326172 204 279 675 959
face 0.006266862154006958 204 279 675 959
face 0.006222665309906006 204 279 675 959
face 0.006086885929107666 204 279 675 959
face 0.006040632724761963 204 279 675 959
face 0.0057981908321380615 204 279 675 959
face 0.005782485008239746 204 279 675 959
face 0.0057662129402160645 204 279 675 959
face 0.0057562291622161865 204 279 675 959
face 0.005694299936294556 204 279 675 959
face 0.00564730167388916 204 279 675 959
face 0.005550116300582886 204 279 675 959
face 0.005541861057281494 204 279 675 959
face 0.005527198314666748 204 279 675 959
face 0.005464464426040649 204 279 675 959
face 0.00542178750038147 204 279 675 959
face 0.005403310060501099 204 279 675 959
face 0.005375951528549194 204 279 675 959
face 0.005352586507797241 204 279 675 959
face 0.005344003438949585 204 279 675 959
face 0.005232810974121094 204 279 675 959
face 0.005209177732467651 204 279 675 959
face 0.0051431357860565186 204 279 675 959
face 0.005115896463394165 204 279 675 959
face 0.005106508731842041 204 279 675 959
face 0.005078315734863281 204 279 675 959
face 0.005057692527770996 204 279 675 959
face 0.0050445497035980225 204 279 675 959
face 0.00502777099609375 204 279 675 959
face 0.005008876323699951 204 279 675 959
face 0.004905045032501221 204 279 675 959
face 0.004900515079498291 204 279 675 959
face 0.004893511533737183 204 279 675 959
face 0.004879951477050781 204 279 675 959
face 0.004824429750442505 204 279 675 959
face 0.004812300205230713 204 279 675 959
face 0.004712700843811035 204 279 675 959
face 0.004676848649978638 204 279 675 959
face 0.004673093557357788 204 279 675 959
face 0.004624724388122559 204 279 675 959
face 0.004571378231048584 204 279 675 959
face 0.0044959187507629395 204 279 675 959
face 0.004467576742172241 204 279 675 959
face 0.00445440411567688 204 279 675 959
face 0.004428893327713013 204 279 675 959
face 0.0044255852699279785 204 279 675 959
face 0.0043925940990448 204 279 675 959
face 0.004313856363296509 204 279 675 959
face 0.004292160272598267 204 279 675 959
face 0.004291057586669922 204 279 675 959
face 0.004216492176055908 204 279 675 959
face 0.004194736480712891 204 279 675 959
face 0.004162728786468506 204 279 675 959
face 0.004139512777328491 204 279 675 959
face 0.0041349828243255615 204 279 675 959
face 0.004118233919143677 204 279 675 959
face 0.004115432500839233 204 279 675 959
face 0.004105925559997559 204 279 675 959
face 0.004077911376953125 204 279 675 959
face 0.004046052694320679 204 279 675 959
face 0.00399819016456604 204 279 675 959
face 0.00398680567741394 204 279 675 959
face 0.003961145877838135 204 279 675 959
face 0.0039588212966918945 204 279 675 959
face 0.003958225250244141 204 279 675 959
face 0.003942698240280151 204 279 675 959
face 0.00393262505531311 204 279 675 959
face 0.003930985927581787 204 279 675 959
face 0.003921568393707275 204 279 675 959
face 0.003914684057235718 204 279 675 959
face 0.003914445638656616 204 279 675 959
face 0.003891587257385254 204 279 675 959
face 0.0038858354091644287 204 279 675 959
face 0.0038847625255584717 204 279 675 959
