face 0.9995486736297607 437 153 472 199
face 0.9980863332748413 873 305 914 353
face 0.9976296424865723 214 301 255 348
face 0.9970723390579224 188 223 227 266
face 0.9967591762542725 349 1021 381 1056
face 0.99654221534729 449 1020 483 1059
face 0.9958041906356812 283 219 318 263
face 0.9945496320724487 393 878 422 910
face 0.9936661720275879 662 151 697 195
face 0.9926230907440186 756 342 795 389
face 0.9911261200904846 673 855 703 891
face 0.9904824495315552 273 291 313 336
face 0.9900293350219727 239 496 274 538
face 0.9798190593719482 385 228 421 270
face 0.9781547784805298 353 220 388 262
face 0.9746272563934326 572 493 611 538
face 0.9743279218673706 710 183 744 225
face 0.9738792181015015 122 265 171 315
face 0.9733768701553345 563 269 600 316
face 0.9732531309127808 648 234 686 281
face 0.9685387015342712 444 815 472 847
face 0.9682085514068604 256 862 283 893
face 0.9679454565048218 615 217 648 261
face 0.9649268388748169 496 933 524 963
face 0.9612873792648315 813 1023 846 1059
face 0.9598531723022461 113 483 152 529
face 0.954495906829834 788 872 818 910
face 0.9523626565933228 565 872 595 905
face 0.9425040483474731 204 853 233 888
face 0.9356610774993896 302 819 328 850
face 0.9316555261611938 735 885 765 920
face 0.9308215379714966 91 853 119 889
face 0.9234615564346313 307 137 340 182
face 0.8854180574417114 840 837 872 879
face 0.8795312643051147 749 223 784 266
face 0.8663883209228516 250 1024 281 1058
face 0.8436498641967773 178 485 211 529
face 0.8383160829544067 734 1038 765 1072
face 0.8291136026382446 801 290 838 335
face 0.8136962056159973 127 857 152 887
face 0.8042142391204834 690 271 729 322
face 0.7855575084686279 522 204 556 247
face 0.7827587127685547 358 279 396 326
face 0.7694631814956665 609 824 636 855
face 0.7520893812179565 373 353 409 393
face 0.7341622114181519 309 870 336 903
face 0.6527480483055115 646 1028 678 1062
face 0.6514780521392822 537 219 572 263
face 0.6336952447891235 587 349 624 393
face 0.577603280544281 501 853 528 882
face 0.573091983795166 435 268 474 315
face 0.4985145628452301 435 268 474 315
face 0.48694050312042236 435 268 474 315
face 0.4834408164024353 435 268 474 315
face 0.4761848449707031 435 268 474 315
face 0.4283751845359802 435 268 474 315
face 0.42415595054626465 435 268 474 315
face 0.3997281789779663 435 268 474 315
face 0.37323257327079773 435 268 474 315
face 0.36118394136428833 435 268 474 315
face 0.3562871515750885 435 268 474 315
face 0.31987065076828003 435 268 474 315
face 0.28972238302230835 435 268 474 315
face 0.2888963520526886 435 268 474 315
face 0.2845868468284607 435 268 474 315
face 0.28360021114349365 435 268 474 315
face 0.2823173701763153 435 268 474 315
face 0.28009968996047974 435 268 474 315
face 0.27345985174179077 435 268 474 315
face 0.27192211151123047 435 268 474 315
face 0.2653539180755615 435 268 474 315
face 0.264478862285614 435 268 474 315
face 0.18343296647071838 435 268 474 315
face 0.17542970180511475 435 268 474 315
face 0.17012161016464233 435 268 474 315
face 0.16757488250732422 435 268 474 315
face 0.16320928931236267 435 268 474 315
face 0.1610407829284668 435 268 474 315
face 0.15553498268127441 435 268 474 315
face 0.1554487943649292 435 268 474 315
face 0.1486077904701233 435 268 474 315
face 0.14486172795295715 435 268 474 315
face 0.133996844291687 435 268 474 315
face 0.12815380096435547 435 268 474 315
face 0.12255868315696716 435 268 474 315
face 0.10080170631408691 435 268 474 315
face 0.09588590264320374 435 268 474 315
face 0.09496837854385376 435 268 474 315
face 0.09285742044448853 435 268 474 315
face 0.08432671427726746 435 268 474 315
face 0.0760069489479065 435 268 474 315
face 0.07574385404586792 435 268 474 315
face 0.07010182738304138 435 268 474 315
face 0.06800368428230286 435 268 474 315
face 0.06733429431915283 435 268 474 315
face 0.06706538796424866 435 268 474 315
face 0.06652098894119263 435 268 474 315
face 0.06510606408119202 435 268 474 315
face 0.06365078687667847 435 268 474 315
face 0.06313824653625488 435 268 474 315
