face 0.9981658458709717 577 268 628 325
face 0.993602454662323 425 254 472 310
face 0.9752448797225952 700 222 748 273
face 0.8814802765846252 220 238 255 290
face 0.6991314888000488 475 166 527 227
face 0.6912375092506409 326 201 366 258
face 0.3537368178367615 326 201 366 258
face 0.31761372089385986 326 201 366 258
face 0.2658854126930237 326 201 366 258
face 0.1638871729373932 326 201 366 258
face 0.14133232831954956 326 201 366 258
face 0.06771889328956604 326 201 366 258
face 0.056954652070999146 326 201 366 258
face 0.056488364934921265 326 201 366 258
face 0.049707233905792236 326 201 366 258
face 0.041250079870224 326 201 366 258
face 0.03998631238937378 326 201 366 258
face 0.03826072812080383 326 201 366 258
face 0.03320962190628052 326 201 366 258
face 0.03220340609550476 326 201 366 258
face 0.031571656465530396 326 201 366 258
face 0.029246270656585693 326 201 366 258
face 0.029032528400421143 326 201 366 258
face 0.026838362216949463 326 201 366 258
face 0.025686055421829224 326 201 366 258
face 0.02555420994758606 326 201 366 258
face 0.025229066610336304 326 201 366 258
face 0.02248743176460266 326 201 366 258
face 0.021675139665603638 326 201 366 258
face 0.020619958639144897 326 201 366 258
face 0.020020991563796997 326 201 366 258
face 0.019082218408584595 326 201 366 258
face 0.018812894821166992 326 201 366 258
face 0.017541497945785522 326 201 366 258
face 0.017531931400299072 326 201 366 258
face 0.01748490333557129 326 201 366 258
face 0.016572117805480957 326 201 366 258
face 0.01576206088066101 326 201 366 258
face 0.014350414276123047 326 201 366 258
face 0.01379498839378357 326 201 366 258
face 0.01373705267906189 326 201 366 258
face 0.013548463582992554 326 201 366 258
face 0.013256430625915527 326 201 366 258
face 0.013046115636825562 326 201 366 258
face 0.012188524007797241 326 201 366 258
face 0.011493861675262451 326 201 366 258
face 0.011393547058105469 326 201 366 258
face 0.011191695928573608 326 201 366 258
face 0.010380953550338745 326 201 366 258
face 0.01000252366065979 326 201 366 258
face 0.009414583444595337 326 201 366 258
face 0.008987247943878174 326 201 366 258
face 0.008753597736358643 326 201 366 258
face 0.008403509855270386 326 201 366 258
face 0.008356630802154541 326 201 366 258
face 0.007738292217254639 326 201 366 258
face 0.007427632808685303 326 201 366 258
face 0.007406383752822876 326 201 366 258
face 0.007074505090713501 326 201 366 258
face 0.006987631320953369 326 201 366 258
face 0.006951510906219482 326 201 366 258
face 0.0067390501499176025 326 201 366 258
face 0.00668787956237793 326 201 366 258
face 0.0066249072551727295 326 201 366 258
face 0.006481945514678955 326 201 366 258
face 0.006382256746292114 326 201 366 258
face 0.006325453519821167 326 201 366 258
face 0.00613558292388916 326 201 366 258
face 0.005913287401199341 326 201 366 258
face 0.005715221166610718 326 201 366 258
face 0.005667060613632202 326 201 366 258
face 0.005533725023269653 326 201 366 258
face 0.005513817071914673 326 201 366 258
face 0.005498528480529785 326 201 366 258
face 0.005476653575897217 326 201 366 258
face 0.005426734685897827 326 201 366 258
face 0.005406588315963745 326 201 366 258
face 0.00531613826751709 326 201 366 258
face 0.005307286977767944 326 201 366 258
face 0.005304872989654541 326 201 366 258
face 0.005288958549499512 326 201 366 258
face 0.005247563123703003 326 201 366 258
face 0.0052273571491241455 326 201 366 258
face 0.0052044689655303955 326 201 366 258
face 0.005192428827285767 326 201 366 258
face 0.005143880844116211 326 201 366 258
face 0.005129098892211914 326 201 366 258
face 0.005008697509765625 326 201 366 258
face 0.004930585622787476 326 201 366 258
face 0.0049179792404174805 326 201 366 258
face 0.004853159189224243 326 201 366 258
face 0.004827737808227539 326 201 366 258
face 0.004799962043762207 326 201 366 258
face 0.004775345325469971 326 201 366 258
face 0.004766345024108887 326 201 366 258
face 0.004679262638092041 326 201 366 258
face 0.004544109106063843 326 201 366 258
face 0.004480123519897461 326 201 366 258
face 0.0044509172439575195 326 201 366 258
face 0.004413008689880371 326 201 366 258
