face 0.9993690252304077 471 326 561 426
face 0.9993671178817749 789 318 881 426
face 0.9978259801864624 636 310 719 413
face 0.9851816892623901 378 408 468 519
face 0.9691079258918762 552 563 640 660
face 0.9086491465568542 113 388 201 500
face 0.9034384489059448 257 290 358 408
face 0.09653672575950623 257 290 358 408
face 0.053143441677093506 257 290 358 408
face 0.04202219843864441 257 290 358 408
face 0.04193022847175598 257 290 358 408
face 0.028711140155792236 257 290 358 408
face 0.025177955627441406 257 290 358 408
face 0.020554304122924805 257 290 358 408
face 0.01900431513786316 257 290 358 408
face 0.01637333631515503 257 290 358 408
face 0.01364096999168396 257 290 358 408
face 0.012582361698150635 257 290 358 408
face 0.012210994958877563 257 290 358 408
face 0.011632204055786133 257 290 358 408
face 0.011294275522232056 257 290 358 408
face 0.010869592428207397 257 290 358 408
face 0.010841727256774902 257 290 358 408
face 0.010560482740402222 257 290 358 408
face 0.01040312647819519 257 290 358 408
face 0.010231763124465942 257 290 358 408
face 0.00997096300125122 257 290 358 408
face 0.00991705060005188 257 290 358 408
face 0.00988912582397461 257 290 358 408
face 0.009835362434387207 257 290 358 408
face 0.009580045938491821 257 290 358 408
face 0.009306013584136963 257 290 358 408
face 0.009206980466842651 257 290 358 408
face 0.008937478065490723 257 290 358 408
face 0.008849114179611206 257 290 358 408
face 0.008512526750564575 257 290 358 408
face 0.00795280933380127 257 290 358 408
face 0.007878482341766357 257 290 358 408
face 0.007810533046722412 257 290 358 408
face 0.007650852203369141 257 290 358 408
face 0.007224738597869873 257 290 358 408
face 0.00719180703163147 257 290 358 408
face 0.0070770978927612305 257 290 358 408
face 0.006921827793121338 257 290 358 408
face 0.006805539131164551 257 290 358 408
face 0.006710082292556763 257 290 358 408
face 0.00670960545539856 257 290 358 408
face 0.006537318229675293 257 290 358 408
face 0.006451934576034546 257 290 358 408
face 0.00610506534576416 257 290 358 408
face 0.00608515739440918 257 290 358 408
face 0.006075263023376465 257 290 358 408
face 0.006072133779525757 257 290 358 408
face 0.0060097575187683105 257 290 358 408
face 0.005986273288726807 257 290 358 408
face 0.005975961685180664 257 290 358 408
face 0.005938172340393066 257 290 358 408
face 0.005917221307754517 257 290 358 408
face 0.0059049129486083984 257 290 358 408
face 0.005887418985366821 257 290 358 408
face 0.0056622326374053955 257 290 358 408
face 0.005635589361190796 257 290 358 408
face 0.005595356225967407 257 290 358 408
face 0.00553479790687561 257 290 358 408
face 0.005533158779144287 257 290 358 408
face 0.005373120307922363 257 290 358 408
face 0.005360245704650879 257 290 358 408
face 0.005312025547027588 257 290 358 408
face 0.005307495594024658 257 290 358 408
face 0.005287379026412964 257 290 358 408
face 0.005274742841720581 257 290 358 408
face 0.005269467830657959 257 290 358 408
face 0.005248367786407471 257 290 358 408
face 0.005243092775344849 257 290 358 408
face 0.005242377519607544 257 290 358 408
face 0.005214720964431763 257 290 358 408
face 0.005188345909118652 257 290 358 408
face 0.005153745412826538 257 290 358 408
face 0.005125313997268677 257 290 358 408
face 0.0050719380378723145 257 290 358 408
face 0.005060344934463501 257 290 358 408
face 0.005056440830230713 257 290 358 408
face 0.005025327205657959 257 290 358 408
face 0.005001544952392578 257 290 358 408
face 0.00489652156829834 257 290 358 408
face 0.004858851432800293 257 290 358 408
face 0.004819959402084351 257 290 358 408
face 0.004815399646759033 257 290 358 408
face 0.004772454500198364 257 290 358 408
face 0.004771232604980469 257 290 358 408
face 0.004674851894378662 257 290 358 408
face 0.004671156406402588 257 290 358 408
face 0.0046572089195251465 257 290 358 408
face 0.004640400409698486 257 290 358 408
face 0.004520386457443237 257 290 358 408
face 0.004511117935180664 257 290 358 408
face 0.0044786036014556885 257 290 358 408
face 0.004471927881240845 257 290 358 408
face 0.004464238882064819 257 290 358 408
face 0.004363149404525757 257 290 358 408
