face 0.9927699565887451 720 177 860 355
face 0.7522326707839966 319 492 419 612
face 0.6161295175552368 103 490 226 640
face 0.5919512510299683 580 277 685 431
face 0.533660352230072 449 472 562 621
face 0.02539128065109253 449 472 562 621
face 0.016269266605377197 449 472 562 621
face 0.014199584722518921 449 472 562 621
face 0.014135777950286865 449 472 562 621
face 0.011706352233886719 449 472 562 621
face 0.011337071657180786 449 472 562 621
face 0.011336535215377808 449 472 562 621
face 0.010644018650054932 449 472 562 621
face 0.01025739312171936 449 472 562 621
face 0.00968584418296814 449 472 562 621
face 0.009664952754974365 449 472 562 621
face 0.009355783462524414 449 472 562 621
face 0.00917273759841919 449 472 562 621
face 0.009047150611877441 449 472 562 621
face 0.008837252855300903 449 472 562 621
face 0.008560329675674438 449 472 562 621
face 0.008093863725662231 449 472 562 621
face 0.007930636405944824 449 472 562 621
face 0.007838606834411621 449 472 562 621
face 0.007658481597900391 449 472 562 621
face 0.007473587989807129 449 472 562 621
face 0.007199466228485107 449 472 562 621
face 0.007076948881149292 449 472 562 621
face 0.006957978010177612 449 472 562 621
face 0.006940573453903198 449 472 562 621
face 0.006921350955963135 449 472 562 621
face 0.006864428520202637 449 472 562 621
face 0.006858885288238525 449 472 562 621
face 0.006858229637145996 449 472 562 621
face 0.006830990314483643 449 472 562 621
face 0.0067945122718811035 449 472 562 621
face 0.006726384162902832 449 472 562 621
face 0.006686359643936157 449 472 562 621
face 0.006656467914581299 449 472 562 621
face 0.0066003501415252686 449 472 562 621
face 0.006492316722869873 449 472 562 621
face 0.006459861993789673 449 472 562 621
face 0.006338328123092651 449 472 562 621
face 0.006147950887680054 449 472 562 621
face 0.0059840381145477295 449 472 562 621
face 0.005958259105682373 449 472 562 621
face 0.005821913480758667 449 472 562 621
face 0.005801796913146973 449 472 562 621
face 0.005796581506729126 449 472 562 621
face 0.005742788314819336 449 472 562 621
face 0.005633294582366943 449 472 562 621
face 0.00561794638633728 449 472 562 621
face 0.0056035518646240234 449 472 562 621
face 0.005580097436904907 449 472 562 621
face 0.0055345892906188965 449 472 562 621
face 0.005524933338165283 449 472 562 621
face 0.005524009466171265 449 472 562 621
face 0.0054999589920043945 449 472 562 621
face 0.005461186170578003 449 472 562 621
face 0.005357623100280762 449 472 562 621
face 0.00528794527053833 449 472 562 621
face 0.0052020251750946045 449 472 562 621
face 0.005199313163757324 449 472 562 621
face 0.00513911247253418 449 472 562 621
face 0.005138218402862549 449 472 562 621
face 0.005137383937835693 449 472 562 621
face 0.005045890808105469 449 472 562 621
face 0.0050068199634552 449 472 562 621
face 0.004905134439468384 449 472 562 621
face 0.004899889230728149 449 472 562 621
face 0.004861712455749512 449 472 562 621
face 0.004838854074478149 449 472 562 621
face 0.004838347434997559 449 472 562 621
face 0.004804939031600952 449 472 562 621
face 0.004730284214019775 449 472 562 621
face 0.004670679569244385 449 472 562 621
face 0.004665672779083252 449 472 562 621
face 0.004648476839065552 449 472 562 621
face 0.004613608121871948 449 472 562 621
face 0.004556804895401001 449 472 562 621
face 0.004505366086959839 449 472 562 621
face 0.004423677921295166 449 472 562 621
face 0.004382491111755371 449 472 562 621
face 0.004376411437988281 449 472 562 621
face 0.0043523311614990234 449 472 562 621
face 0.004336535930633545 449 472 562 621
face 0.004326671361923218 449 472 562 621
face 0.004297435283660889 449 472 562 621
face 0.00428926944732666 449 472 562 621
face 0.004258900880813599 449 472 562 621
face 0.004257708787918091 449 472 562 621
face 0.004238724708557129 449 472 562 621
face 0.004205673933029175 449 472 562 621
face 0.004140794277191162 449 472 562 621
face 0.00413590669631958 449 472 562 621
face 0.004065454006195068 449 472 562 621
face 0.004053235054016113 449 472 562 621
face 0.004045426845550537 449 472 562 621
face 0.004014462232589722 449 472 562 621
face 0.00400012731552124 449 472 562 621
