face 0.9997049570083618 495 278 539 327
face 0.9996073246002197 934 240 974 287
face 0.9992379546165466 120 312 167 369
face 0.9988421201705933 270 323 317 375
face 0.9987092614173889 179 235 222 288
face 0.9981928467750549 729 355 769 406
face 0.9975844025611877 603 431 647 481
face 0.9974873065948486 622 269 665 318
face 0.9960124492645264 412 356 462 409
face 0.9950259923934937 237 293 278 338
face 0.9948878884315491 667 252 708 296
face 0.9893442988395691 207 488 252 537
face 0.9717631340026855 753 239 793 284
face 0.9687724113464355 349 312 387 354
face 0.9640121459960938 128 240 176 301
face 0.7823987007141113 431 254 476 307
face 0.5327568650245667 364 260 404 308
face 0.4642336070537567 364 260 404 308
face 0.18439459800720215 364 260 404 308
face 0.10178601741790771 364 260 404 308
face 0.0980212390422821 364 260 404 308
face 0.06867215037345886 364 260 404 308
face 0.06562691926956177 364 260 404 308
face 0.06327232718467712 364 260 404 308
face 0.050692081451416016 364 260 404 308
face 0.03183490037918091 364 260 404 308
face 0.028732359409332275 364 260 404 308
face 0.02468624711036682 364 260 404 308
face 0.022716164588928223 364 260 404 308
face 0.022081822156906128 364 260 404 308
face 0.02156725525856018 364 260 404 308
face 0.017346113920211792 364 260 404 308
face 0.01669919490814209 364 260 404 308
face 0.015590429306030273 364 260 404 308
face 0.015336543321609497 364 260 404 308
face 0.015288472175598145 364 260 404 308
face 0.014911770820617676 364 260 404 308
face 0.014392733573913574 364 260 404 308
face 0.014194399118423462 364 260 404 308
face 0.01327553391456604 364 260 404 308
face 0.012789994478225708 364 260 404 308
face 0.012785881757736206 364 260 404 308
face 0.012760519981384277 364 260 404 308
face 0.01267915964126587 364 260 404 308
face 0.01230311393737793 364 260 404 308
face 0.012119174003601074 364 260 404 308
face 0.011747002601623535 364 260 404 308
face 0.011650234460830688 364 260 404 308
face 0.010898321866989136 364 260 404 308
face 0.010892659425735474 364 260 404 308
face 0.009814560413360596 364 260 404 308
face 0.009392857551574707 364 260 404 308
face 0.0089493989944458 364 260 404 308
face 0.008910000324249268 364 260 404 308
face 0.008388310670852661 364 260 404 308
face 0.008002161979675293 364 260 404 308
face 0.00791582465171814 364 260 404 308
face 0.007862001657485962 364 260 404 308
face 0.007846415042877197 364 260 404 308
face 0.007716834545135498 364 260 404 308
face 0.007698774337768555 364 260 404 308
face 0.007430374622344971 364 260 404 308
face 0.007233113050460815 364 260 404 308
face 0.007200807332992554 364 260 404 308
face 0.007014334201812744 364 260 404 308
face 0.006886601448059082 364 260 404 308
face 0.0067313313484191895 364 260 404 308
face 0.006566464900970459 364 260 404 308
face 0.006510406732559204 364 260 404 308
face 0.006497412919998169 364 260 404 308
face 0.006461083889007568 364 260 404 308
face 0.006382107734680176 364 260 404 308
face 0.005863279104232788 364 260 404 308
face 0.005602151155471802 364 260 404 308
face 0.005554705858230591 364 260 404 308
face 0.005325049161911011 364 260 404 308
face 0.00528833270072937 364 260 404 308
face 0.005080908536911011 364 260 404 308
face 0.005029469728469849 364 260 404 308
face 0.0049839019775390625 364 260 404 308
face 0.004921942949295044 364 260 404 308
face 0.004889041185379028 364 260 404 308
face 0.004794031381607056 364 260 404 308
face 0.004781663417816162 364 260 404 308
face 0.004609107971191406 364 260 404 308
face 0.004557520151138306 364 260 404 308
face 0.00449758768081665 364 260 404 308
face 0.0044144392013549805 364 260 404 308
face 0.004323303699493408 364 260 404 308
face 0.004238873720169067 364 260 404 308
face 0.004223138093948364 364 260 404 308
face 0.004013806581497192 364 260 404 308
face 0.003945410251617432 364 260 404 308
face 0.003931641578674316 364 260 404 308
face 0.003913909196853638 364 260 404 308
face 0.003888845443725586 364 260 404 308
face 0.0038320422172546387 364 260 404 308
face 0.0037732720375061035 364 260 404 308
face 0.003731280565261841 364 260 404 308
face 0.003702223300933838 364 260 404 308
