face 0.9995399713516235 757 153 798 210
face 0.9994845390319824 382 113 425 176
face 0.9978637099266052 223 306 271 369
face 0.9944599866867065 619 142 663 204
face 0.9925538301467896 871 109 911 177
face 0.9891419410705566 565 100 607 162
face 0.9236463308334351 246 129 285 177
face 0.8497434854507446 222 169 258 211
face 0.5122568011283875 12 180 57 233
face 0.2366010546684265 12 180 57 233
face 0.2322658896446228 12 180 57 233
face 0.08053487539291382 12 180 57 233
face 0.06234404444694519 12 180 57 233
face 0.06049242615699768 12 180 57 233
face 0.03891006112098694 12 180 57 233
face 0.037779271602630615 12 180 57 233
face 0.033479779958724976 12 180 57 233
face 0.03016120195388794 12 180 57 233
face 0.02743116021156311 12 180 57 233
face 0.025414317846298218 12 180 57 233
face 0.025066852569580078 12 180 57 233
face 0.024637937545776367 12 180 57 233
face 0.024475306272506714 12 180 57 233
face 0.02294212579727173 12 180 57 233
face 0.022258490324020386 12 180 57 233
face 0.02198028564453125 12 180 57 233
face 0.02087649703025818 12 180 57 233
face 0.020566105842590332 12 180 57 233
face 0.019485294818878174 12 180 57 233
face 0.019190698862075806 12 180 57 233
face 0.019086331129074097 12 180 57 233
face 0.018353551626205444 12 180 57 233
face 0.017996668815612793 12 180 57 233
face 0.017966002225875854 12 180 57 233
face 0.017640680074691772 12 180 57 233
face 0.01764056086540222 12 180 57 233
face 0.017283141613006592 12 180 57 233
face 0.016948282718658447 12 180 57 233
face 0.016855448484420776 12 180 57 233
face 0.01684686541557312 12 180 57 233
face 0.01636672019958496 12 180 57 233
face 0.016241788864135742 12 180 57 233
face 0.016175538301467896 12 180 57 233
face 0.015854179859161377 12 180 57 233
face 0.01579776406288147 12 180 57 233
face 0.015455693006515503 12 180 57 233
face 0.015182703733444214 12 180 57 233
face 0.01475822925567627 12 180 57 233
face 0.014454007148742676 12 180 57 233
face 0.01441413164138794 12 180 57 233
face 0.014288455247879028 12 180 57 233
face 0.01423916220664978 12 180 57 233
face 0.013985931873321533 12 180 57 233
face 0.013977199792861938 12 180 57 233
face 0.013828694820404053 12 180 57 233
face 0.013738453388214111 12 180 57 233
face 0.012809783220291138 12 180 57 233
face 0.01218724250793457 12 180 57 233
face 0.012164205312728882 12 180 57 233
face 0.011953949928283691 12 180 57 233
face 0.011933624744415283 12 180 57 233
face 0.011825263500213623 12 180 57 233
face 0.011483043432235718 12 180 57 233
face 0.011273771524429321 12 180 57 233
face 0.01119089126586914 12 180 57 233
face 0.011143982410430908 12 180 57 233
face 0.011049151420593262 12 180 57 233
face 0.010983705520629883 12 180 57 233
face 0.010870784521102905 12 180 57 233
face 0.010799527168273926 12 180 57 233
face 0.010719895362854004 12 180 57 233
face 0.010393708944320679 12 180 57 233
face 0.010235399007797241 12 180 57 233
face 0.010185539722442627 12 180 57 233
face 0.009919315576553345 12 180 57 233
face 0.009750455617904663 12 180 57 233
face 0.009549498558044434 12 180 57 233
face 0.00951838493347168 12 180 57 233
face 0.009517669677734375 12 180 57 233
face 0.00943678617477417 12 180 57 233
face 0.00929144024848938 12 180 57 233
face 0.009245812892913818 12 180 57 233
face 0.009188026189804077 12 180 57 233
face 0.009008288383483887 12 180 57 233
face 0.008976548910140991 12 180 57 233
face 0.008878529071807861 12 180 57 233
face 0.008576661348342896 12 180 57 233
face 0.008545845746994019 12 180 57 233
face 0.008212655782699585 12 180 57 233
face 0.00817030668258667 12 180 57 233
face 0.008161306381225586 12 180 57 233
face 0.008123308420181274 12 180 57 233
face 0.007821053266525269 12 180 57 233
face 0.007730662822723389 12 180 57 233
face 0.007651209831237793 12 180 57 233
face 0.007636934518814087 12 180 57 233
face 0.00744020938873291 12 180 57 233
face 0.007429897785186768 12 180 57 233
face 0.007396072149276733 12 180 57 233
face 0.007358074188232422 12 180 57 233
