face 0.614704966545105 372 275 447 390
face 0.48960810899734497 372 275 447 390
face 0.3482089638710022 372 275 447 390
face 0.1569828987121582 372 275 447 390
face 0.12994694709777832 372 275 447 390
face 0.125899076461792 372 275 447 390
face 0.10780388116836548 372 275 447 390
face 0.085257887840271 372 275 447 390
face 0.08418941497802734 372 275 447 390
face 0.08328074216842651 372 275 447 390
face 0.06120374798774719 372 275 447 390
face 0.05945301055908203 372 275 447 390
face 0.05842411518096924 372 275 447 390
face 0.05825647711753845 372 275 447 390
face 0.05730602145195007 372 275 447 390
face 0.05535396933555603 372 275 447 390
face 0.0548187792301178 372 275 447 390
face 0.05418193340301514 372 275 447 390
face 0.053843945264816284 372 275 447 390
face 0.05303394794464111 372 275 447 390
face 0.0509699285030365 372 275 447 390
face 0.045600056648254395 372 275 447 390
face 0.04523298144340515 372 275 447 390
face 0.04209473729133606 372 275 447 390
face 0.04189977049827576 372 275 447 390
face 0.04136499762535095 372 275 447 390
face 0.041014909744262695 372 275 447 390
face 0.040777355432510376 372 275 447 390
face 0.03865066170692444 372 275 447 390
face 0.036793023347854614 372 275 447 390
face 0.03638961911201477 372 275 447 390
face 0.03607553243637085 372 275 447 390
face 0.03598037362098694 372 275 447 390
face 0.03589680790901184 372 275 447 390
face 0.035515815019607544 372 275 447 390
face 0.03519129753112793 372 275 447 390
face 0.034688472747802734 372 275 447 390
face 0.032095491886138916 372 275 447 390
face 0.0313895046710968 372 275 447 390
face 0.03034764528274536 372 275 447 390
face 0.02930593490600586 372 275 447 390
face 0.028515875339508057 372 275 447 390
face 0.02842944860458374 372 275 447 390
face 0.02840268611907959 372 275 447 390
face 0.027405589818954468 372 275 447 390
face 0.026161611080169678 372 275 447 390
face 0.02613392472267151 372 275 447 390
face 0.025090336799621582 372 275 447 390
face 0.024979829788208008 372 275 447 390
face 0.024915695190429688 372 275 447 390
face 0.02483457326889038 372 275 447 390
face 0.02481791377067566 372 275 447 390
face 0.024522781372070312 372 275 447 390
face 0.024166375398635864 372 275 447 390
face 0.02409154176712036 372 275 447 390
face 0.023651450872421265 372 275 447 390
face 0.023417294025421143 372 275 447 390
face 0.02298438549041748 372 275 447 390
face 0.022815555334091187 372 275 447 390
face 0.02225273847579956 372 275 447 390
face 0.022091269493103027 372 275 447 390
face 0.022004008293151855 372 275 447 390
face 0.02157112956047058 372 275 447 390
face 0.021386325359344482 372 275 447 390
face 0.02127397060394287 372 275 447 390
face 0.020748764276504517 372 275 447 390
face 0.019806355237960815 372 275 447 390
face 0.019676536321640015 372 275 447 390
face 0.01962617039680481 372 275 447 390
face 0.019373983144760132 372 275 447 390
face 0.01907673478126526 372 275 447 390
face 0.019060611724853516 372 275 447 390
face 0.018651753664016724 372 275 447 390
face 0.018217504024505615 372 275 447 390
face 0.018194884061813354 372 275 447 390
face 0.018065154552459717 372 275 447 390
face 0.017655223608016968 372 275 447 390
face 0.017638474702835083 372 275 447 390
face 0.017388343811035156 372 275 447 390
face 0.0170212984085083 372 275 447 390
face 0.01637551188468933 372 275 447 390
face 0.01629963517189026 372 275 447 390
face 0.016259461641311646 372 275 447 390
face 0.016152560710906982 372 275 447 390
face 0.016015172004699707 372 275 447 390
face 0.016004890203475952 372 275 447 390
face 0.015997737646102905 372 275 447 390
face 0.015897661447525024 372 275 447 390
face 0.015552282333374023 372 275 447 390
face 0.015311121940612793 372 275 447 390
face 0.015195310115814209 372 275 447 390
face 0.014845579862594604 372 275 447 390
face 0.014691382646560669 372 275 447 390
face 0.014566242694854736 372 275 447 390
face 0.014418333768844604 372 275 447 390
face 0.014130353927612305 372 275 447 390
face 0.013840794563293457 372 275 447 390
face 0.013797581195831299 372 275 447 390
face 0.013754338026046753 372 275 447 390
face 0.013721048831939697 372 275 447 390
