face 0.9763311147689819 82 378 415 771
face 0.9210671186447144 630 809 851 1031
face 0.683230459690094 484 73 769 383
face 0.08975645899772644 484 73 769 383
face 0.0832529067993164 484 73 769 383
face 0.05469444394111633 484 73 769 383
face 0.040765196084976196 484 73 769 383
face 0.03565642237663269 484 73 769 383
face 0.030898720026016235 484 73 769 383
face 0.025481998920440674 484 73 769 383
face 0.025133728981018066 484 73 769 383
face 0.023438364267349243 484 73 769 383
face 0.021729111671447754 484 73 769 383
face 0.0216008722782135 484 73 769 383
face 0.02056872844696045 484 73 769 383
face 0.018827050924301147 484 73 769 383
face 0.018494248390197754 484 73 769 383
face 0.018463045358657837 484 73 769 383
face 0.017896205186843872 484 73 769 383
face 0.017870724201202393 484 73 769 383
face 0.016168326139450073 484 73 769 383
face 0.016164779663085938 484 73 769 383
face 0.01616370677947998 484 73 769 383
face 0.015800833702087402 484 73 769 383
face 0.01482689380645752 484 73 769 383
face 0.014814138412475586 484 73 769 383
face 0.014535903930664062 484 73 769 383
face 0.014482378959655762 484 73 769 383
face 0.014311999082565308 484 73 769 383
face 0.013384371995925903 484 73 769 383
face 0.013236194849014282 484 73 769 383
face 0.013117313385009766 484 73 769 383
face 0.013104498386383057 484 73 769 383
face 0.012981951236724854 484 73 769 383
face 0.012978732585906982 484 73 769 383
face 0.012524276971817017 484 73 769 383
face 0.011979490518569946 484 73 769 383
face 0.011738508939743042 484 73 769 383
face 0.011674255132675171 484 73 769 383
face 0.011563986539840698 484 73 769 383
face 0.011356890201568604 484 73 769 383
face 0.011330246925354004 484 73 769 383
face 0.011138290166854858 484 73 769 383
face 0.011027872562408447 484 73 769 383
face 0.011020451784133911 484 73 769 383
face 0.010985702276229858 484 73 769 383
face 0.010859459638595581 484 73 769 383
face 0.010615915060043335 484 73 769 383
face 0.01061055064201355 484 73 769 383
face 0.010559946298599243 484 73 769 383
face 0.010424971580505371 484 73 769 383
face 0.010387271642684937 484 73 769 383
face 0.010331273078918457 484 73 769 383
face 0.010314971208572388 484 73 769 383
face 0.010293453931808472 484 73 769 383
face 0.010217100381851196 484 73 769 383
face 0.01013249158859253 484 73 769 383
face 0.009976118803024292 484 73 769 383
face 0.009892106056213379 484 73 769 383
face 0.009860336780548096 484 73 769 383
face 0.009851902723312378 484 73 769 383
face 0.009632229804992676 484 73 769 383
face 0.009605824947357178 484 73 769 383
face 0.009586870670318604 484 73 769 383
face 0.009545773267745972 484 73 769 383
face 0.00938427448272705 484 73 769 383
face 0.009363383054733276 484 73 769 383
face 0.009363055229187012 484 73 769 383
face 0.009287327527999878 484 73 769 383
face 0.00928264856338501 484 73 769 383
face 0.00911971926689148 484 73 769 383
face 0.009066492319107056 484 73 769 383
face 0.009031832218170166 484 73 769 383
face 0.00898316502571106 484 73 769 383
face 0.008970379829406738 484 73 769 383
face 0.008493393659591675 484 73 769 383
face 0.008464604616165161 484 73 769 383
face 0.008298784494400024 484 73 769 383
face 0.008143335580825806 484 73 769 383
face 0.008125603199005127 484 73 769 383
face 0.008111953735351562 484 73 769 383
face 0.00793871283531189 484 73 769 383
face 0.007923752069473267 484 73 769 383
face 0.007894247770309448 484 73 769 383
face 0.007847368717193604 484 73 769 383
face 0.00773775577545166 484 73 769 383
face 0.0077069103717803955 484 73 769 383
face 0.007594436407089233 484 73 769 383
face 0.0075855553150177 484 73 769 383
face 0.007559537887573242 484 73 769 383
face 0.007520347833633423 484 73 769 383
face 0.007499635219573975 484 73 769 383
face 0.007406353950500488 484 73 769 383
face 0.007337093353271484 484 73 769 383
face 0.007328540086746216 484 73 769 383
face 0.007321715354919434 484 73 769 383
face 0.007295280694961548 484 73 769 383
face 0.007233977317810059 484 73 769 383
face 0.007218152284622192 484 73 769 383
face 0.007217049598693848 484 73 769 383
