face 0.9988635778427124 651 361 681 400
face 0.9981746673583984 238 333 268 370
face 0.9979220628738403 553 354 581 393
face 0.9978431463241577 137 389 173 436
face 0.9977123737335205 217 234 250 275
face 0.9962475299835205 840 255 869 295
face 0.9959210157394409 564 275 595 313
face 0.9922963380813599 790 190 817 228
face 0.991811215877533 482 206 516 250
face 0.9894677996635437 286 207 318 245
face 0.9872931241989136 124 254 153 291
face 0.974678099155426 390 314 417 351
face 0.9735321998596191 784 272 812 310
face 0.9720609188079834 357 229 387 270
face 0.969182014465332 464 296 496 338
face 0.9673395156860352 655 209 684 246
face 0.9502222537994385 742 244 769 279
face 0.9078465700149536 678 260 706 295
face 0.8801642656326294 397 182 430 219
face 0.819739043712616 701 191 729 226
face 0.804824948310852 176 178 208 216
face 0.7524389028549194 539 173 570 212
face 0.7209897041320801 990 216 1003 240
face 0.6439321041107178 613 247 639 281
face 0.6117848753929138 380 228 410 267
face 0.4684028923511505 380 228 410 267
face 0.41724008321762085 380 228 410 267
face 0.3986072540283203 380 228 410 267
face 0.36516207456588745 380 228 410 267
face 0.3385077118873596 380 228 410 267
face 0.19396701455116272 380 228 410 267
face 0.18141871690750122 380 228 410 267
face 0.11049562692642212 380 228 410 267
face 0.09588953852653503 380 228 410 267
face 0.08586308360099792 380 228 410 267
face 0.06189614534378052 380 228 410 267
face 0.05800366401672363 380 228 410 267
face 0.04562780261039734 380 228 410 267
face 0.039915263652801514 380 228 410 267
face 0.03958728909492493 380 228 410 267
face 0.039053887128829956 380 228 410 267
face 0.03295493125915527 380 228 410 267
face 0.03125140070915222 380 228 410 267
face 0.02844315767288208 380 228 410 267
face 0.02778717875480652 380 228 410 267
face 0.027714699506759644 380 228 410 267
face 0.027214497327804565 380 228 410 267
face 0.02695930004119873 380 228 410 267
face 0.024798065423965454 380 228 410 267
face 0.02230733633041382 380 228 410 267
face 0.021374046802520752 380 228 410 267
face 0.021276921033859253 380 228 410 267
face 0.020503908395767212 380 228 410 267
face 0.020015239715576172 380 228 410 267
face 0.019367516040802002 380 228 410 267
face 0.01763322949409485 380 228 410 267
face 0.016942650079727173 380 228 410 267
face 0.015287816524505615 380 228 410 267
face 0.014781445264816284 380 228 410 267
face 0.014063447713851929 380 228 410 267
face 0.012449264526367188 380 228 410 267
face 0.012422025203704834 380 228 410 267
face 0.011907488107681274 380 228 410 267
face 0.011415868997573853 380 228 410 267
face 0.011181116104125977 380 228 410 267
face 0.010234981775283813 380 228 410 267
face 0.009764492511749268 380 228 410 267
face 0.009520024061203003 380 228 410 267
face 0.009020060300827026 380 228 410 267
face 0.008130550384521484 380 228 410 267
face 0.007996946573257446 380 228 410 267
face 0.007784545421600342 380 228 410 267
face 0.007689952850341797 380 228 410 267
face 0.007155418395996094 380 228 410 267
face 0.007112652063369751 380 228 410 267
face 0.006892412900924683 380 228 410 267
face 0.006874054670333862 380 228 410 267
face 0.006867855787277222 380 228 410 267
face 0.006727993488311768 380 228 410 267
face 0.006662547588348389 380 228 410 267
face 0.006416916847229004 380 228 410 267
face 0.006263703107833862 380 228 410 267
face 0.00607571005821228 380 228 410 267
face 0.005836218595504761 380 228 410 267
face 0.00583532452583313 380 228 410 267
face 0.005696088075637817 380 228 410 267
face 0.005627334117889404 380 228 410 267
face 0.005417883396148682 380 228 410 267
face 0.0053931474685668945 380 228 410 267
face 0.005362749099731445 380 228 410 267
face 0.0052870213985443115 380 228 410 267
face 0.005219757556915283 380 228 410 267
face 0.005219101905822754 380 228 410 267
face 0.0049835145473480225 380 228 410 267
face 0.004855245351791382 380 228 410 267
face 0.0047075748443603516 380 228 410 267
face 0.004684031009674072 380 228 410 267
face 0.004654794931411743 380 228 410 267
face 0.004647672176361084 380 228 410 267
face 0.004401564598083496 380 228 410 267
