face 0.9969725608825684 337 105 477 282
face 0.9962419271469116 194 66 326 210
face 0.9945507049560547 617 141 736 287
face 0.9744488000869751 476 118 612 304
face 0.021058380603790283 476 118 612 304
face 0.020903170108795166 476 118 612 304
face 0.017668873071670532 476 118 612 304
face 0.014864116907119751 476 118 612 304
face 0.01093590259552002 476 118 612 304
face 0.009667038917541504 476 118 612 304
face 0.009649574756622314 476 118 612 304
face 0.007665038108825684 476 118 612 304
face 0.00756460428237915 476 118 612 304
face 0.007272541522979736 476 118 612 304
face 0.007221788167953491 476 118 612 304
face 0.0069304704666137695 476 118 612 304
face 0.0066325366497039795 476 118 612 304
face 0.006425648927688599 476 118 612 304
face 0.006386846303939819 476 118 612 304
face 0.006217360496520996 476 118 612 304
face 0.006213873624801636 476 118 612 304
face 0.006108492612838745 476 118 612 304
face 0.0059812963008880615 476 118 612 304
face 0.005790919065475464 476 118 612 304
face 0.005299210548400879 476 118 612 304
face 0.005292326211929321 476 118 612 304
face 0.005167961120605469 476 118 612 304
face 0.005102634429931641 476 118 612 304
face 0.005043298006057739 476 118 612 304
face 0.005041778087615967 476 118 612 304
face 0.004943400621414185 476 118 612 304
face 0.004921942949295044 476 118 612 304
face 0.004921853542327881 476 118 612 304
face 0.00489315390586853 476 118 612 304
face 0.004865407943725586 476 118 612 304
face 0.004808217287063599 476 118 612 304
face 0.004807978868484497 476 118 612 304
face 0.0047446489334106445 476 118 612 304
face 0.004634857177734375 476 118 612 304
face 0.004589855670928955 476 118 612 304
face 0.004587501287460327 476 118 612 304
face 0.004547595977783203 476 118 612 304
face 0.004537671804428101 476 118 612 304
face 0.004528015851974487 476 118 612 304
face 0.004317730665206909 476 118 612 304
face 0.004243940114974976 476 118 612 304
face 0.004241347312927246 476 118 612 304
face 0.004181414842605591 476 118 612 304
face 0.004179805517196655 476 118 612 304
face 0.004173487424850464 476 118 612 304
face 0.004141271114349365 476 118 612 304
face 0.004075556993484497 476 118 612 304
face 0.004010200500488281 476 118 612 304
face 0.003993511199951172 476 118 612 304
face 0.0038819313049316406 476 118 612 304
face 0.003880113363265991 476 118 612 304
face 0.003836125135421753 476 118 612 304
face 0.003832697868347168 476 118 612 304
face 0.0037880241870880127 476 118 612 304
face 0.003781050443649292 476 118 612 304
face 0.0037735700607299805 476 118 612 304
face 0.003756612539291382 476 118 612 304
face 0.00374487042427063 476 118 612 304
face 0.003727436065673828 476 118 612 304
face 0.0036953091621398926 476 118 612 304
face 0.0036320090293884277 476 118 612 304
face 0.0036262869834899902 476 118 612 304
face 0.003612995147705078 476 118 612 304
face 0.003591865301132202 476 118 612 304
face 0.003552943468093872 476 118 612 304
face 0.0035163462162017822 476 118 612 304
face 0.0035156607627868652 476 118 612 304
face 0.0034905970096588135 476 118 612 304
face 0.0034433305263519287 476 118 612 304
face 0.0034363269805908203 476 118 612 304
face 0.0034351348876953125 476 118 612 304
face 0.003416210412979126 476 118 612 304
face 0.0033577382564544678 476 118 612 304
face 0.0033184587955474854 476 118 612 304
face 0.003308236598968506 476 118 612 304
face 0.0032780468463897705 476 118 612 304
face 0.003273308277130127 476 118 612 304
face 0.003259718418121338 476 118 612 304
face 0.0032223165035247803 476 118 612 304
face 0.0031849443912506104 476 118 612 304
face 0.0031829476356506348 476 118 612 304
face 0.0031785666942596436 476 118 612 304
face 0.0031645596027374268 476 118 612 304
face 0.003130882978439331 476 118 612 304
face 0.0031137168407440186 476 118 612 304
face 0.0030996501445770264 476 118 612 304
face 0.003086000680923462 476 118 612 304
face 0.0030180811882019043 476 118 612 304
face 0.0030108988285064697 476 118 612 304
face 0.0030066072940826416 476 118 612 304
face 0.0029995739459991455 476 118 612 304
face 0.0029850900173187256 476 118 612 304
face 0.002968132495880127 476 118 612 304
face 0.0029375553131103516 476 118 612 304
face 0.002936065196990967 476 118 612 304
