face 0.9317427277565002 335 56 530 321
face 0.8931083083152771 542 214 729 453
face 0.01353996992111206 542 214 729 453
face 0.013117402791976929 542 214 729 453
face 0.012704342603683472 542 214 729 453
face 0.011575639247894287 542 214 729 453
face 0.009563297033309937 542 214 729 453
face 0.009106934070587158 542 214 729 453
face 0.00900992751121521 542 214 729 453
face 0.007880747318267822 542 214 729 453
face 0.007413238286972046 542 214 729 453
face 0.007123291492462158 542 214 729 453
face 0.007062196731567383 542 214 729 453
face 0.007058054208755493 542 214 729 453
face 0.006938934326171875 542 214 729 453
face 0.006816864013671875 542 214 729 453
face 0.006775557994842529 542 214 729 453
face 0.006699979305267334 542 214 729 453
face 0.006475299596786499 542 214 729 453
face 0.006472378969192505 542 214 729 453
face 0.006425350904464722 542 214 729 453
face 0.006354928016662598 542 214 729 453
face 0.005681872367858887 542 214 729 453
face 0.005514234304428101 542 214 729 453
face 0.005470961332321167 542 214 729 453
face 0.005285024642944336 542 214 729 453
face 0.004894345998764038 542 214 729 453
face 0.004811227321624756 542 214 729 453
face 0.00465315580368042 542 214 729 453
face 0.004623860120773315 542 214 729 453
face 0.0045816898345947266 542 214 729 453
face 0.004477083683013916 542 214 729 453
face 0.004461944103240967 542 214 729 453
face 0.004272043704986572 542 214 729 453
face 0.004234939813613892 542 214 729 453
face 0.004225283861160278 542 214 729 453
face 0.004210621118545532 542 214 729 453
face 0.0040697455406188965 542 214 729 453
face 0.0040108561515808105 542 214 729 453
face 0.00391000509262085 542 214 729 453
face 0.0038658976554870605 542 214 729 453
face 0.00385284423828125 542 214 729 453
face 0.0036906898021698 542 214 729 453
face 0.003672301769256592 542 214 729 453
face 0.003646165132522583 542 214 729 453
face 0.003590196371078491 542 214 729 453
face 0.003502875566482544 542 214 729 453
face 0.003402799367904663 542 214 729 453
face 0.0031845271587371826 542 214 729 453
face 0.0031307339668273926 542 214 729 453
face 0.0030534565448760986 542 214 729 453
face 0.003020554780960083 542 214 729 453
face 0.0029801130294799805 542 214 729 453
face 0.002934277057647705 542 214 729 453
face 0.0029009878635406494 542 214 729 453
face 0.0028883814811706543 542 214 729 453
face 0.0028844475746154785 542 214 729 453
face 0.00287628173828125 542 214 729 453
face 0.0028456449508666992 542 214 729 453
face 0.00267183780670166 542 214 729 453
face 0.002669990062713623 542 214 729 453
face 0.0025829672813415527 542 214 729 453
face 0.0025638937950134277 542 214 729 453
face 0.0025484561920166016 542 214 729 453
face 0.0025065839290618896 542 214 729 453
face 0.002472788095474243 542 214 729 453
face 0.0024459660053253174 542 214 729 453
face 0.0024185776710510254 542 214 729 453
face 0.0024136006832122803 542 214 729 453
face 0.0024069249629974365 542 214 729 453
face 0.0023898184299468994 542 214 729 453
face 0.002372443675994873 542 214 729 453
face 0.0023655295372009277 542 214 729 453
face 0.002332061529159546 542 214 729 453
face 0.0023267269134521484 542 214 729 453
face 0.0023160576820373535 542 214 729 453
face 0.0022937357425689697 542 214 729 453
face 0.002249211072921753 542 214 729 453
face 0.002245575189590454 542 214 729 453
face 0.002240896224975586 542 214 729 453
face 0.002097994089126587 542 214 729 453
face 0.0020782947540283203 542 214 729 453
face 0.0020758509635925293 542 214 729 453
face 0.002044975757598877 542 214 729 453
face 0.002007037401199341 542 214 729 453
face 0.002001523971557617 542 214 729 453
face 0.0019922852516174316 542 214 729 453
face 0.0019167661666870117 542 214 729 453
face 0.001886814832687378 542 214 729 453
face 0.0018641352653503418 542 214 729 453
face 0.0018404126167297363 542 214 729 453
face 0.0018332898616790771 542 214 729 453
face 0.0018304288387298584 542 214 729 453
face 0.0018059909343719482 542 214 729 453
face 0.0018000602722167969 542 214 729 453
face 0.0017901957035064697 542 214 729 453
face 0.001770704984664917 542 214 729 453
face 0.0017705261707305908 542 214 729 453
face 0.0017703771591186523 542 214 729 453
face 0.00174027681350708 542 214 729 453
