face 0.9939680695533752 412 165 474 253
face 0.9809783697128296 254 153 323 247
face 0.9035372734069824 660 270 721 351
face 0.13795438408851624 660 270 721 351
face 0.12390285730361938 660 270 721 351
face 0.10639402270317078 660 270 721 351
face 0.07320931553840637 660 270 721 351
face 0.06464448571205139 660 270 721 351
face 0.059880971908569336 660 270 721 351
face 0.05161973834037781 660 270 721 351
face 0.03327125310897827 660 270 721 351
face 0.031078696250915527 660 270 721 351
face 0.030548572540283203 660 270 721 351
face 0.03027370572090149 660 270 721 351
face 0.030148029327392578 660 270 721 351
face 0.02772986888885498 660 270 721 351
face 0.025547534227371216 660 270 721 351
face 0.02526193857192993 660 270 721 351
face 0.025006473064422607 660 270 721 351
face 0.024674534797668457 660 270 721 351
face 0.024587661027908325 660 270 721 351
face 0.024105459451675415 660 270 721 351
face 0.02272215485572815 660 270 721 351
face 0.022029370069503784 660 270 721 351
face 0.02196657657623291 660 270 721 351
face 0.021739661693572998 660 270 721 351
face 0.021624654531478882 660 270 721 351
face 0.020813733339309692 660 270 721 351
face 0.020300239324569702 660 270 721 351
face 0.01980343461036682 660 270 721 351
face 0.019736260175704956 660 270 721 351
face 0.019329190254211426 660 270 721 351
face 0.019195258617401123 660 270 721 351
face 0.019192397594451904 660 270 721 351
face 0.019047051668167114 660 270 721 351
face 0.018868178129196167 660 270 721 351
face 0.018485307693481445 660 270 721 351
face 0.018370985984802246 660 270 721 351
face 0.0182969868183136 660 270 721 351
face 0.0182512104511261 660 270 721 351
face 0.017811834812164307 660 270 721 351
face 0.017551690340042114 660 270 721 351
face 0.01744312047958374 660 270 721 351
face 0.01741930842399597 660 270 721 351
face 0.0171126127243042 660 270 721 351
face 0.017085015773773193 660 270 721 351
face 0.017019271850585938 660 270 721 351
face 0.016591131687164307 660 270 721 351
face 0.01640784740447998 660 270 721 351
face 0.016405850648880005 660 270 721 351
face 0.016362160444259644 660 270 721 351
face 0.016313374042510986 660 270 721 351
face 0.01606839895248413 660 270 721 351
face 0.01596662402153015 660 270 721 351
face 0.015883803367614746 660 270 721 351
face 0.015323609113693237 660 270 721 351
face 0.015288859605789185 660 270 721 351
face 0.015259534120559692 660 270 721 351
face 0.014880627393722534 660 270 721 351
face 0.014853745698928833 660 270 721 351
face 0.014804482460021973 660 270 721 351
face 0.014645397663116455 660 270 721 351
face 0.014616906642913818 660 270 721 351
face 0.014598250389099121 660 270 721 351
face 0.01452288031578064 660 270 721 351
face 0.01403355598449707 660 270 721 351
face 0.013905256986618042 660 270 721 351
face 0.013649731874465942 660 270 721 351
face 0.0136013925075531 660 270 721 351
face 0.013535350561141968 660 270 721 351
face 0.01346561312675476 660 270 721 351
face 0.013447791337966919 660 270 721 351
face 0.013118982315063477 660 270 721 351
face 0.013100773096084595 660 270 721 351
face 0.01309099793434143 660 270 721 351
face 0.012923240661621094 660 270 721 351
face 0.012869507074356079 660 270 721 351
face 0.012815535068511963 660 270 721 351
face 0.012763112783432007 660 270 721 351
face 0.012722015380859375 660 270 721 351
face 0.012651979923248291 660 270 721 351
face 0.01258876919746399 660 270 721 351
face 0.012541145086288452 660 270 721 351
face 0.01247704029083252 660 270 721 351
face 0.01239079236984253 660 270 721 351
face 0.012322545051574707 660 270 721 351
face 0.012176960706710815 660 270 721 351
face 0.012072354555130005 660 270 721 351
face 0.01194918155670166 660 270 721 351
face 0.011947929859161377 660 270 721 351
face 0.011713296175003052 660 270 721 351
face 0.011615395545959473 660 270 721 351
face 0.011563509702682495 660 270 721 351
face 0.011562317609786987 660 270 721 351
face 0.011552542448043823 660 270 721 351
face 0.011508017778396606 660 270 721 351
face 0.011453509330749512 660 270 721 351
face 0.011439025402069092 660 270 721 351
face 0.011400073766708374 660 270 721 351
face 0.01138421893119812 660 270 721 351
