face 0.9996311664581299 660 116 699 166
face 0.9995630979537964 222 154 263 205
face 0.9994201064109802 445 309 483 359
face 0.9993822574615479 761 228 808 286
face 0.9990335702896118 499 82 536 134
face 0.9973564147949219 99 102 144 159
face 0.9691839218139648 797 98 839 154
face 0.898205041885376 312 291 354 347
face 0.7486380338668823 577 301 612 350
face 0.6702731847763062 104 258 151 318
face 0.6671862602233887 364 68 406 125
face 0.5150098204612732 602 384 637 428
face 0.45394644141197205 602 384 637 428
face 0.2856845259666443 602 384 637 428
face 0.12289947271347046 602 384 637 428
face 0.1207200288772583 602 384 637 428
face 0.08680590987205505 602 384 637 428
face 0.05775785446166992 602 384 637 428
face 0.041564494371414185 602 384 637 428
face 0.03875276446342468 602 384 637 428
face 0.034585386514663696 602 384 637 428
face 0.033648550510406494 602 384 637 428
face 0.03195258975028992 602 384 637 428
face 0.028473317623138428 602 384 637 428
face 0.027497559785842896 602 384 637 428
face 0.025312572717666626 602 384 637 428
face 0.023024320602416992 602 384 637 428
face 0.021839112043380737 602 384 637 428
face 0.020299702882766724 602 384 637 428
face 0.020252734422683716 602 384 637 428
face 0.019864559173583984 602 384 637 428
face 0.019381284713745117 602 384 637 428
face 0.01848435401916504 602 384 637 428
face 0.01838904619216919 602 384 637 428
face 0.018192291259765625 602 384 637 428
face 0.017919033765792847 602 384 637 428
face 0.01790827512741089 602 384 637 428
face 0.01790565252304077 602 384 637 428
face 0.017345726490020752 602 384 637 428
face 0.017217189073562622 602 384 637 428
face 0.016371935606002808 602 384 637 428
face 0.01600208878517151 602 384 637 428
face 0.015168070793151855 602 384 637 428
face 0.01464909315109253 602 384 637 428
face 0.014373213052749634 602 384 637 428
face 0.014303833246231079 602 384 637 428
face 0.013649970293045044 602 384 637 428
face 0.013017475605010986 602 384 637 428
face 0.012377709150314331 602 384 637 428
face 0.012095123529434204 602 384 637 428
face 0.012057483196258545 602 384 637 428
face 0.011908918619155884 602 384 637 428
face 0.011737823486328125 602 384 637 428
face 0.011473864316940308 602 384 637 428
face 0.01132136583328247 602 384 637 428
face 0.011292904615402222 602 384 637 428
face 0.011128336191177368 602 384 637 428
face 0.01109093427658081 602 384 637 428
face 0.010871976613998413 602 384 637 428
face 0.01077735424041748 602 384 637 428
face 0.010546088218688965 602 384 637 428
face 0.010544955730438232 602 384 637 428
face 0.010308146476745605 602 384 637 428
face 0.010199189186096191 602 384 637 428
face 0.010131984949111938 602 384 637 428
face 0.010058373212814331 602 384 637 428
face 0.009901940822601318 602 384 637 428
face 0.009762078523635864 602 384 637 428
face 0.009594380855560303 602 384 637 428
face 0.009332716464996338 602 384 637 428
face 0.009242624044418335 602 384 637 428
face 0.00923144817352295 602 384 637 428
face 0.009061872959136963 602 384 637 428
face 0.008971750736236572 602 384 637 428
face 0.008938252925872803 602 384 637 428
face 0.00882217288017273 602 384 637 428
face 0.008782237768173218 602 384 637 428
face 0.008733093738555908 602 384 637 428
face 0.008729726076126099 602 384 637 428
face 0.008700817823410034 602 384 637 428
face 0.008490711450576782 602 384 637 428
face 0.008334726095199585 602 384 637 428
face 0.00823521614074707 602 384 637 428
face 0.008149594068527222 602 384 637 428
face 0.008113175630569458 602 384 637 428
face 0.008025825023651123 602 384 637 428
face 0.007969051599502563 602 384 637 428
face 0.007849395275115967 602 384 637 428
face 0.00777861475944519 602 384 637 428
face 0.0077210962772369385 602 384 637 428
face 0.0077149271965026855 602 384 637 428
face 0.007653474807739258 602 384 637 428
face 0.007467925548553467 602 384 637 428
face 0.007276743650436401 602 384 637 428
face 0.007213115692138672 602 384 637 428
face 0.007206320762634277 602 384 637 428
face 0.007113754749298096 602 384 637 428
face 0.006983727216720581 602 384 637 428
face 0.006809592247009277 602 384 637 428
face 0.006766706705093384 602 384 637 428
