face 0.997878909111023 411 664 473 752
face 0.9974403381347656 682 473 762 574
face 0.9967628717422485 216 673 292 777
face 0.9520952701568604 385 242 480 361
face 0.435563325881958 385 242 480 361
face 0.16107606887817383 385 242 480 361
face 0.03831872344017029 385 242 480 361
face 0.03497406840324402 385 242 480 361
face 0.031019359827041626 385 242 480 361
face 0.030247628688812256 385 242 480 361
face 0.029792845249176025 385 242 480 361
face 0.027611851692199707 385 242 480 361
face 0.027294427156448364 385 242 480 361
face 0.018963217735290527 385 242 480 361
face 0.018361300230026245 385 242 480 361
face 0.017504841089248657 385 242 480 361
face 0.016710728406906128 385 242 480 361
face 0.016553550958633423 385 242 480 361
face 0.0162983238697052 385 242 480 361
face 0.015535235404968262 385 242 480 361
face 0.015227943658828735 385 242 480 361
face 0.014892756938934326 385 242 480 361
face 0.013479113578796387 385 242 480 361
face 0.013452023267745972 385 242 480 361
face 0.01336681842803955 385 242 480 361
face 0.012709468603134155 385 242 480 361
face 0.0123177170753479 385 242 480 361
face 0.01176878809928894 385 242 480 361
face 0.011348366737365723 385 242 480 361
face 0.010885030031204224 385 242 480 361
face 0.01035204529762268 385 242 480 361
face 0.01015692949295044 385 242 480 361
face 0.00912448763847351 385 242 480 361
face 0.00909474492073059 385 242 480 361
face 0.008731991052627563 385 242 480 361
face 0.008492201566696167 385 242 480 361
face 0.008450955152511597 385 242 480 361
face 0.008382141590118408 385 242 480 361
face 0.008228778839111328 385 242 480 361
face 0.00806969404220581 385 242 480 361
face 0.00793522596359253 385 242 480 361
face 0.007702082395553589 385 242 480 361
face 0.007688283920288086 385 242 480 361
face 0.007606029510498047 385 242 480 361
face 0.007487446069717407 385 242 480 361
face 0.007348686456680298 385 242 480 361
face 0.00724223256111145 385 242 480 361
face 0.007129281759262085 385 242 480 361
face 0.007057249546051025 385 242 480 361
face 0.006984502077102661 385 242 480 361
face 0.006925076246261597 385 242 480 361
face 0.006660431623458862 385 242 480 361
face 0.006275534629821777 385 242 480 361
face 0.006245672702789307 385 242 480 361
face 0.006191462278366089 385 242 480 361
face 0.0061161816120147705 385 242 480 361
face 0.006092816591262817 385 242 480 361
face 0.0060517191886901855 385 242 480 361
face 0.005954086780548096 385 242 480 361
face 0.005951434373855591 385 242 480 361
face 0.005945146083831787 385 242 480 361
face 0.005930095911026001 385 242 480 361
face 0.005808979272842407 385 242 480 361
face 0.0057728588581085205 385 242 480 361
face 0.005712628364562988 385 242 480 361
face 0.005676984786987305 385 242 480 361
face 0.005663573741912842 385 242 480 361
face 0.005653291940689087 385 242 480 361
face 0.005646437406539917 385 242 480 361
face 0.005558431148529053 385 242 480 361
face 0.0054947733879089355 385 242 480 361
face 0.00542294979095459 385 242 480 361
face 0.005412846803665161 385 242 480 361
face 0.005405724048614502 385 242 480 361
face 0.005368471145629883 385 242 480 361
face 0.005216628313064575 385 242 480 361
face 0.005169659852981567 385 242 480 361
face 0.005166143178939819 385 242 480 361
face 0.005129218101501465 385 242 480 361
face 0.005115538835525513 385 242 480 361
face 0.005032330751419067 385 242 480 361
face 0.005031377077102661 385 242 480 361
face 0.005019009113311768 385 242 480 361
face 0.0050043463706970215 385 242 480 361
face 0.004968374967575073 385 242 480 361
face 0.00496181845664978 385 242 480 361
face 0.004931658506393433 385 242 480 361
face 0.0049048662185668945 385 242 480 361
face 0.004901677370071411 385 242 480 361
face 0.004854023456573486 385 242 480 361
face 0.004796475172042847 385 242 480 361
face 0.004696249961853027 385 242 480 361
face 0.0046371519565582275 385 242 480 361
face 0.004602104425430298 385 242 480 361
face 0.004587024450302124 385 242 480 361
face 0.004512369632720947 385 242 480 361
face 0.004491627216339111 385 242 480 361
face 0.004474133253097534 385 242 480 361
face 0.004465013742446899 385 242 480 361
face 0.004459112882614136 385 242 480 361
