face 0.9376199245452881 78 548 97 573
face 0.9346040487289429 91 441 107 458
face 0.9151454567909241 840 446 854 465
face 0.9148465394973755 12 540 30 564
face 0.890448808670044 962 454 976 472
face 0.8897272348403931 136 486 151 505
face 0.8812353014945984 199 487 214 508
face 0.8677600622177124 151 446 166 463
face 0.8639603853225708 56 483 71 501
face 0.8566449284553528 896 440 909 457
face 0.8529155850410461 18 487 33 504
face 0.8502578735351562 856 484 870 504
face 0.8440999388694763 71 514 88 535
face 0.8432466983795166 62 417 75 430
face 0.8301070928573608 145 414 157 428
face 0.8270484209060669 952 412 964 428
face 0.8128472566604614 15 449 29 465
face 0.8108072280883789 625 444 639 465
face 0.8025344610214233 945 521 962 543
face 0.7891107797622681 149 547 166 571
face 0.7827334403991699 253 480 267 500
face 0.7814239263534546 681 407 694 425
face 0.77252596616745 899 412 909 426
face 0.7636052370071411 670 453 685 474
face 0.758088231086731 204 433 218 452
face 0.7566723227500916 354 448 369 465
face 0.7516208291053772 740 435 753 454
face 0.7498750686645508 728 417 741 435
face 0.7444964647293091 891 480 905 499
face 0.7396726012229919 998 418 1011 434
face 0.7299214601516724 683 505 697 526
face 0.7264294624328613 13 413 25 426
face 0.7137186527252197 253 449 267 467
face 0.713005781173706 298 448 312 465
face 0.711848795413971 736 475 750 494
face 0.6893814206123352 68 584 89 609
face 0.6801741719245911 338 479 354 500
face 0.677171528339386 414 449 428 467
face 0.6732344627380371 999 448 1012 466
face 0.6712372303009033 291 482 306 502
face 0.6711936593055725 795 475 810 494
face 0.6543135643005371 87 386 97 398
face 0.6476047039031982 999 472 1013 492
face 0.644263505935669 851 413 862 428
face 0.6408355236053467 206 619 225 649
face 0.6354344487190247 792 502 807 525
face 0.6346492171287537 506 444 518 462
face 0.6322731375694275 307 512 323 535
face 0.6237118244171143 794 445 807 463
face 0.6211299300193787 1011 532 1024 558
face 0.6203223466873169 798 419 811 436
face 0.6200891733169556 201 421 213 436
face 0.5903459787368774 396 477 411 496
face 0.5882534980773926 134 580 152 606
face 0.5774773359298706 248 552 264 576
face 0.5734836459159851 145 385 154 396
face 0.5553920865058899 364 518 382 541
face 0.5479892492294312 791 647 808 671
face 0.5420364141464233 750 379 766 399
face 0.536322295665741 248 373 259 386
face 0.523187518119812 572 348 584 364
face 0.5230814814567566 259 418 272 433
face 0.5204014778137207 292 616 310 644
face 0.5117193460464478 196 383 206 395
face 0.4918239712715149 196 383 206 395
face 0.48377710580825806 196 383 206 395
face 0.4774700403213501 196 383 206 395
face 0.46964824199676514 196 383 206 395
face 0.4566572904586792 196 383 206 395
face 0.4488047659397125 196 383 206 395
face 0.44684138894081116 196 383 206 395
face 0.44657495617866516 196 383 206 395
face 0.44333821535110474 196 383 206 395
face 0.4400672912597656 196 383 206 395
face 0.43148186802864075 196 383 206 395
face 0.41520580649375916 196 383 206 395
face 0.41290584206581116 196 383 206 395
face 0.4027266800403595 196 383 206 395
face 0.39530444145202637 196 383 206 395
face 0.38435205817222595 196 383 206 395
face 0.38169535994529724 196 383 206 395
face 0.3801535964012146 196 383 206 395
face 0.3768746852874756 196 383 206 395
face 0.3760365843772888 196 383 206 395
face 0.3507832884788513 196 383 206 395
face 0.3403925895690918 196 383 206 395
face 0.3288796544075012 196 383 206 395
face 0.327484130859375 196 383 206 395
face 0.32358384132385254 196 383 206 395
face 0.3229966163635254 196 383 206 395
face 0.31972241401672363 196 383 206 395
face 0.3188321590423584 196 383 206 395
face 0.3039575517177582 196 383 206 395
face 0.2982614040374756 196 383 206 395
face 0.2935163378715515 196 383 206 395
face 0.271325021982193 196 383 206 395
face 0.2662833333015442 196 383 206 395
face 0.2608863115310669 196 383 206 395
face 0.2551988661289215 196 383 206 395
face 0.2537740468978882 196 383 206 395
