face 0.40235358476638794 661 459 687 503
face 0.31364965438842773 661 459 687 503
face 0.2732813358306885 661 459 687 503
face 0.25678014755249023 661 459 687 503
face 0.22848278284072876 661 459 687 503
face 0.22242727875709534 661 459 687 503
face 0.21785491704940796 661 459 687 503
face 0.21721673011779785 661 459 687 503
face 0.2164015769958496 661 459 687 503
face 0.21390175819396973 661 459 687 503
face 0.21257919073104858 661 459 687 503
face 0.21031230688095093 661 459 687 503
face 0.20931556820869446 661 459 687 503
face 0.1846446692943573 661 459 687 503
face 0.1743345856666565 661 459 687 503
face 0.16936880350112915 661 459 687 503
face 0.1633269488811493 661 459 687 503
face 0.1626056730747223 661 459 687 503
face 0.15741562843322754 661 459 687 503
face 0.1559736430644989 661 459 687 503
face 0.14965319633483887 661 459 687 503
face 0.13872841000556946 661 459 687 503
face 0.13313037157058716 661 459 687 503
face 0.1328214704990387 661 459 687 503
face 0.12899178266525269 661 459 687 503
face 0.128930002450943 661 459 687 503
face 0.12607261538505554 661 459 687 503
face 0.1260637640953064 661 459 687 503
face 0.1259639859199524 661 459 687 503
face 0.1236920952796936 661 459 687 503
face 0.11996409296989441 661 459 687 503
face 0.11944404244422913 661 459 687 503
face 0.1113237738609314 661 459 687 503
face 0.11026465892791748 661 459 687 503
face 0.10917982459068298 661 459 687 503
face 0.10695046186447144 661 459 687 503
face 0.10684651136398315 661 459 687 503
face 0.10496637225151062 661 459 687 503
face 0.10276731848716736 661 459 687 503
face 0.10077312588691711 661 459 687 503
face 0.10053291916847229 661 459 687 503
face 0.09942448139190674 661 459 687 503
face 0.09890544414520264 661 459 687 503
face 0.0976332426071167 661 459 687 503
face 0.09401968121528625 661 459 687 503
face 0.0936104953289032 661 459 687 503
face 0.09166359901428223 661 459 687 503
face 0.0912109911441803 661 459 687 503
face 0.09075146913528442 661 459 687 503
face 0.08991828560829163 661 459 687 503
face 0.08965510129928589 661 459 687 503
face 0.08945870399475098 661 459 687 503
face 0.08864977955818176 661 459 687 503
face 0.08842012286186218 661 459 687 503
face 0.08506673574447632 661 459 687 503
face 0.08504730463027954 661 459 687 503
face 0.07983732223510742 661 459 687 503
face 0.0780130922794342 661 459 687 503
face 0.07778415083885193 661 459 687 503
face 0.07748985290527344 661 459 687 503
face 0.0768805742263794 661 459 687 503
face 0.07226607203483582 661 459 687 503
face 0.07146337628364563 661 459 687 503
face 0.07082360982894897 661 459 687 503
face 0.0688847005367279 661 459 687 503
face 0.06795406341552734 661 459 687 503
face 0.06789454817771912 661 459 687 503
face 0.06776311993598938 661 459 687 503
face 0.06763574481010437 661 459 687 503
face 0.06747663021087646 661 459 687 503
face 0.06703758239746094 661 459 687 503
face 0.06701874732971191 661 459 687 503
face 0.06464400887489319 661 459 687 503
face 0.06398385763168335 661 459 687 503
face 0.06334075331687927 661 459 687 503
face 0.06301972270011902 661 459 687 503
face 0.06295585632324219 661 459 687 503
face 0.06253024935722351 661 459 687 503
face 0.06057018041610718 661 459 687 503
face 0.05963391065597534 661 459 687 503
face 0.059324800968170166 661 459 687 503
face 0.058665454387664795 661 459 687 503
face 0.05531799793243408 661 459 687 503
face 0.05453234910964966 661 459 687 503
face 0.05447927117347717 661 459 687 503
face 0.05363103747367859 661 459 687 503
face 0.05314704775810242 661 459 687 503
face 0.052792489528656006 661 459 687 503
face 0.049829721450805664 661 459 687 503
face 0.04975345730781555 661 459 687 503
face 0.04971781373023987 661 459 687 503
face 0.04961034655570984 661 459 687 503
face 0.04878845810890198 661 459 687 503
face 0.04863506555557251 661 459 687 503
face 0.04769328236579895 661 459 687 503
face 0.04765421152114868 661 459 687 503
face 0.047245025634765625 661 459 687 503
face 0.046891868114471436 661 459 687 503
face 0.04617995023727417 661 459 687 503
face 0.045463234186172485 661 459 687 503
