face 0.9981039762496948 264 171 699 664
face 0.2656053900718689 264 171 699 664
face 0.04063385725021362 264 171 699 664
face 0.018780767917633057 264 171 699 664
face 0.016240954399108887 264 171 699 664
face 0.016192257404327393 264 171 699 664
face 0.015494942665100098 264 171 699 664
face 0.01490810513496399 264 171 699 664
face 0.014466196298599243 264 171 699 664
face 0.013059526681900024 264 171 699 664
face 0.01166340708732605 264 171 699 664
face 0.011349320411682129 264 171 699 664
face 0.010850787162780762 264 171 699 664
face 0.010546058416366577 264 171 699 664
face 0.010465025901794434 264 171 699 664
face 0.010131984949111938 264 171 699 664
face 0.010106265544891357 264 171 699 664
face 0.00999218225479126 264 171 699 664
face 0.009817749261856079 264 171 699 664
face 0.009541571140289307 264 171 699 664
face 0.009515643119812012 264 171 699 664
face 0.009403586387634277 264 171 699 664
face 0.009199917316436768 264 171 699 664
face 0.00918126106262207 264 171 699 664
face 0.008590847253799438 264 171 699 664
face 0.008493661880493164 264 171 699 664
face 0.008444458246231079 264 171 699 664
face 0.008392125368118286 264 171 699 664
face 0.008308231830596924 264 171 699 664
face 0.008146792650222778 264 171 699 664
face 0.008071482181549072 264 171 699 664
face 0.007833361625671387 264 171 699 664
face 0.007794439792633057 264 171 699 664
face 0.0077668726444244385 264 171 699 664
face 0.007699400186538696 264 171 699 664
face 0.007665485143661499 264 171 699 664
face 0.007533758878707886 264 171 699 664
face 0.007500797510147095 264 171 699 664
face 0.007473081350326538 264 171 699 664
face 0.00745999813079834 264 171 699 664
face 0.007310271263122559 264 171 699 664
face 0.007272988557815552 264 171 699 664
face 0.007245272397994995 264 171 699 664
face 0.007181912660598755 264 171 699 664
face 0.007018238306045532 264 171 699 664
face 0.006955057382583618 264 171 699 664
face 0.006952375173568726 264 171 699 664
face 0.006831705570220947 264 171 699 664
face 0.006786704063415527 264 171 699 664
face 0.006679415702819824 264 171 699 664
face 0.006674379110336304 264 171 699 664
face 0.00666394829750061 264 171 699 664
face 0.00665697455406189 264 171 699 664
face 0.0066412389278411865 264 171 699 664
face 0.0064972639083862305 264 171 699 664
face 0.006486028432846069 264 171 699 664
face 0.00644230842590332 264 171 699 664
face 0.006396681070327759 264 171 699 664
face 0.006267935037612915 264 171 699 664
face 0.006231039762496948 264 171 699 664
face 0.006173580884933472 264 171 699 664
face 0.006139010190963745 264 171 699 664
face 0.006062567234039307 264 171 699 664
face 0.006056785583496094 264 171 699 664
face 0.006045401096343994 264 171 699 664
face 0.006027638912200928 264 171 699 664
face 0.0060080885887146 264 171 699 664
face 0.005969822406768799 264 171 699 664
face 0.005838245153427124 264 171 699 664
face 0.005782574415206909 264 171 699 664
face 0.005778789520263672 264 171 699 664
face 0.00576356053352356 264 171 699 664
face 0.00574764609336853 264 171 699 664
face 0.005623072385787964 264 171 699 664
face 0.005602121353149414 264 171 699 664
face 0.005546599626541138 264 171 699 664
face 0.0055387914180755615 264 171 699 664
face 0.005522042512893677 264 171 699 664
face 0.005509555339813232 264 171 699 664
face 0.0054779052734375 264 171 699 664
face 0.005418628454208374 264 171 699 664
face 0.005412250757217407 264 171 699 664
face 0.005409032106399536 264 171 699 664
face 0.005371838808059692 264 171 699 664
face 0.005356401205062866 264 171 699 664
face 0.005295127630233765 264 171 699 664
face 0.005292117595672607 264 171 699 664
face 0.005245894193649292 264 171 699 664
face 0.0051918625831604 264 171 699 664
face 0.0051562488079071045 264 171 699 664
face 0.005154430866241455 264 171 699 664
face 0.005139529705047607 264 171 699 664
face 0.005131542682647705 264 171 699 664
face 0.005127608776092529 264 171 699 664
face 0.005122929811477661 264 171 699 664
face 0.005111247301101685 264 171 699 664
face 0.00509151816368103 264 171 699 664
face 0.005075931549072266 264 171 699 664
face 0.005049347877502441 264 171 699 664
face 0.005024045705795288 264 171 699 664
