face 0.8898603320121765 481 678 748 923
face 0.09138086438179016 481 678 748 923
face 0.07635149359703064 481 678 748 923
face 0.053813278675079346 481 678 748 923
face 0.050753772258758545 481 678 748 923
face 0.0456184446811676 481 678 748 923
face 0.044590145349502563 481 678 748 923
face 0.04162704944610596 481 678 748 923
face 0.02936294674873352 481 678 748 923
face 0.029327958822250366 481 678 748 923
face 0.027939051389694214 481 678 748 923
face 0.025428593158721924 481 678 748 923
face 0.02514868974685669 481 678 748 923
face 0.02393472194671631 481 678 748 923
face 0.023358017206192017 481 678 748 923
face 0.01975846290588379 481 678 748 923
face 0.019182562828063965 481 678 748 923
face 0.019170135259628296 481 678 748 923
face 0.018884658813476562 481 678 748 923
face 0.01836639642715454 481 678 748 923
face 0.018325090408325195 481 678 748 923
face 0.017776429653167725 481 678 748 923
face 0.01760333776473999 481 678 748 923
face 0.01737290620803833 481 678 748 923
face 0.01728007197380066 481 678 748 923
face 0.017158418893814087 481 678 748 923
face 0.016814112663269043 481 678 748 923
face 0.016699165105819702 481 678 748 923
face 0.016559720039367676 481 678 748 923
face 0.016511529684066772 481 678 748 923
face 0.0159892737865448 481 678 748 923
face 0.015926659107208252 481 678 748 923
face 0.015830248594284058 481 678 748 923
face 0.015780270099639893 481 678 748 923
face 0.01568189263343811 481 678 748 923
face 0.015525221824645996 481 678 748 923
face 0.015037059783935547 481 678 748 923
face 0.01443624496459961 481 678 748 923
face 0.014295250177383423 481 678 748 923
face 0.014193713665008545 481 678 748 923
face 0.01415964961051941 481 678 748 923
face 0.01415783166885376 481 678 748 923
face 0.01387321949005127 481 678 748 923
face 0.013545721769332886 481 678 748 923
face 0.013325721025466919 481 678 748 923
face 0.013255178928375244 481 678 748 923
face 0.012859642505645752 481 678 748 923
face 0.012837886810302734 481 678 748 923
face 0.012695252895355225 481 678 748 923
face 0.012642651796340942 481 678 748 923
face 0.012633532285690308 481 678 748 923
face 0.012460768222808838 481 678 748 923
face 0.012416183948516846 481 678 748 923
face 0.012383729219436646 481 678 748 923
face 0.0122966468334198 481 678 748 923
face 0.012192755937576294 481 678 748 923
face 0.012045860290527344 481 678 748 923
face 0.01200324296951294 481 678 748 923
face 0.011996656656265259 481 678 748 923
face 0.011882543563842773 481 678 748 923
face 0.011819779872894287 481 678 748 923
face 0.01181703805923462 481 678 748 923
face 0.011815935373306274 481 678 748 923
face 0.011805891990661621 481 678 748 923
face 0.011788994073867798 481 678 748 923
face 0.011736065149307251 481 678 748 923
face 0.011634141206741333 481 678 748 923
face 0.011606812477111816 481 678 748 923
face 0.01152116060256958 481 678 748 923
face 0.011346042156219482 481 678 748 923
face 0.011015087366104126 481 678 748 923
face 0.010968536138534546 481 678 748 923
face 0.010961562395095825 481 678 748 923
face 0.010735094547271729 481 678 748 923
face 0.010657519102096558 481 678 748 923
face 0.010618269443511963 481 678 748 923
face 0.01041296124458313 481 678 748 923
face 0.01026684045791626 481 678 748 923
face 0.010259121656417847 481 678 748 923
face 0.010120511054992676 481 678 748 923
face 0.01006847620010376 481 678 748 923
face 0.009963274002075195 481 678 748 923
face 0.009894043207168579 481 678 748 923
face 0.009850740432739258 481 678 748 923
face 0.009761542081832886 481 678 748 923
face 0.009745895862579346 481 678 748 923
face 0.00963813066482544 481 678 748 923
face 0.009523630142211914 481 678 748 923
face 0.009460270404815674 481 678 748 923
face 0.009104758501052856 481 678 748 923
face 0.00880897045135498 481 678 748 923
face 0.008757621049880981 481 678 748 923
face 0.008750736713409424 481 678 748 923
face 0.008624851703643799 481 678 748 923
face 0.008617371320724487 481 678 748 923
face 0.00856354832649231 481 678 748 923
face 0.008534938097000122 481 678 748 923
face 0.00846526026725769 481 678 748 923
face 0.008432835340499878 481 678 748 923
face 0.008399248123168945 481 678 748 923
