face 0.9973641633987427 215 113 287 215
face 0.9530220627784729 509 100 583 198
face 0.9265803098678589 62 173 101 225
face 0.370840460062027 62 173 101 225
face 0.33819884061813354 62 173 101 225
face 0.22298574447631836 62 173 101 225
face 0.19732093811035156 62 173 101 225
face 0.175345778465271 62 173 101 225
face 0.13586539030075073 62 173 101 225
face 0.13293644785881042 62 173 101 225
face 0.1267496943473816 62 173 101 225
face 0.11906906962394714 62 173 101 225
face 0.10816466808319092 62 173 101 225
face 0.10705289244651794 62 173 101 225
face 0.08876204490661621 62 173 101 225
face 0.08319196105003357 62 173 101 225
face 0.07911151647567749 62 173 101 225
face 0.07137396931648254 62 173 101 225
face 0.059098273515701294 62 173 101 225
face 0.05093073844909668 62 173 101 225
face 0.04735204577445984 62 173 101 225
face 0.046925246715545654 62 173 101 225
face 0.04446452856063843 62 173 101 225
face 0.04231545329093933 62 173 101 225
face 0.04027155041694641 62 173 101 225
face 0.03975003957748413 62 173 101 225
face 0.03885212540626526 62 173 101 225
face 0.038698941469192505 62 173 101 225
face 0.0376681387424469 62 173 101 225
face 0.0347960889339447 62 173 101 225
face 0.03337383270263672 62 173 101 225
face 0.030038416385650635 62 173 101 225
face 0.029643982648849487 62 173 101 225
face 0.028824299573898315 62 173 101 225
face 0.028764396905899048 62 173 101 225
face 0.02567705512046814 62 173 101 225
face 0.023746639490127563 62 173 101 225
face 0.022324293851852417 62 173 101 225
face 0.02148348093032837 62 173 101 225
face 0.01952904462814331 62 173 101 225
face 0.019434422254562378 62 173 101 225
face 0.019344091415405273 62 173 101 225
face 0.01878291368484497 62 173 101 225
face 0.01877725124359131 62 173 101 225
face 0.018182724714279175 62 173 101 225
face 0.017844557762145996 62 173 101 225
face 0.017419248819351196 62 173 101 225
face 0.017321467399597168 62 173 101 225
face 0.017178982496261597 62 173 101 225
face 0.016638249158859253 62 173 101 225
face 0.015388250350952148 62 173 101 225
face 0.015042543411254883 62 173 101 225
face 0.014530479907989502 62 173 101 225
face 0.013358771800994873 62 173 101 225
face 0.013346344232559204 62 173 101 225
face 0.013065218925476074 62 173 101 225
face 0.012580633163452148 62 173 101 225
face 0.012089282274246216 62 173 101 225
face 0.011986732482910156 62 173 101 225
face 0.011978596448898315 62 173 101 225
face 0.011782646179199219 62 173 101 225
face 0.01170647144317627 62 173 101 225
face 0.011102855205535889 62 173 101 225
face 0.010810047388076782 62 173 101 225
face 0.01025313138961792 62 173 101 225
face 0.010047286748886108 62 173 101 225
face 0.009876817464828491 62 173 101 225
face 0.009794801473617554 62 173 101 225
face 0.009682685136795044 62 173 101 225
face 0.009613245725631714 62 173 101 225
face 0.00951501727104187 62 173 101 225
face 0.009472578763961792 62 173 101 225
face 0.009374469518661499 62 173 101 225
face 0.009056508541107178 62 173 101 225
face 0.008086353540420532 62 173 101 225
face 0.008082687854766846 62 173 101 225
face 0.008056730031967163 62 173 101 225
face 0.007629215717315674 62 173 101 225
face 0.007134586572647095 62 173 101 225
face 0.007123291492462158 62 173 101 225
face 0.00710335373878479 62 173 101 225
face 0.006969809532165527 62 173 101 225
face 0.006948351860046387 62 173 101 225
face 0.006880909204483032 62 173 101 225
face 0.006857872009277344 62 173 101 225
face 0.006783515214920044 62 173 101 225
face 0.006657540798187256 62 173 101 225
face 0.006390988826751709 62 173 101 225
face 0.0063578784465789795 62 173 101 225
face 0.006301283836364746 62 173 101 225
face 0.006297022104263306 62 173 101 225
face 0.006249487400054932 62 173 101 225
face 0.006093531847000122 62 173 101 225
face 0.006029486656188965 62 173 101 225
face 0.005908846855163574 62 173 101 225
face 0.005670487880706787 62 173 101 225
face 0.0056164562702178955 62 173 101 225
face 0.005517393350601196 62 173 101 225
face 0.005366623401641846 62 173 101 225
face 0.0053517818450927734 62 173 101 225
