face 0.9249265789985657 798 288 813 306
face 0.8766218423843384 733 290 747 308
face 0.872734546661377 154 283 165 296
face 0.810420036315918 949 318 963 337
face 0.8014997243881226 854 288 869 306
face 0.7833765745162964 99 280 108 292
face 0.7699060440063477 676 508 695 539
face 0.765117883682251 900 313 914 332
face 0.7639756202697754 634 282 646 299
face 0.7227888703346252 17 316 33 335
face 0.6646089553833008 134 269 141 277
face 0.6488158702850342 13 285 23 298
face 0.6442794799804688 905 281 918 296
face 0.634667158126831 1004 314 1016 331
face 0.6157962083816528 179 504 201 537
face 0.6114333868026733 263 319 275 335
face 0.5951932668685913 92 269 99 277
face 0.5920451879501343 677 292 690 308
face 0.5811851620674133 940 398 958 420
face 0.5802897214889526 883 377 898 396
face 0.5760665535926819 943 376 959 396
face 0.5704119205474854 586 287 598 303
face 0.5676055550575256 958 288 970 305
face 0.5606561303138733 945 431 963 454
face 0.5400077104568481 262 287 274 300
face 0.5303785800933838 361 288 371 302
face 0.5221554040908813 1005 394 1021 417
face 0.5218361616134644 316 265 325 276
face 0.5194999575614929 996 342 1011 361
face 0.5079299211502075 200 268 207 276
face 0.5023564100265503 144 510 171 544
face 0.49893635511398315 144 510 171 544
face 0.49220678210258484 144 510 171 544
face 0.47833627462387085 144 510 171 544
face 0.4665790796279907 144 510 171 544
face 0.4637097418308258 144 510 171 544
face 0.46273496747016907 144 510 171 544
face 0.45157092809677124 144 510 171 544
face 0.4469996690750122 144 510 171 544
face 0.43821635842323303 144 510 171 544
face 0.43255937099456787 144 510 171 544
face 0.42893943190574646 144 510 171 544
face 0.4161296486854553 144 510 171 544
face 0.4041353464126587 144 510 171 544
face 0.4014137387275696 144 510 171 544
face 0.39342957735061646 144 510 171 544
face 0.39072829484939575 144 510 171 544
face 0.37961703538894653 144 510 171 544
face 0.37579378485679626 144 510 171 544
face 0.37259232997894287 144 510 171 544
face 0.37036776542663574 144 510 171 544
face 0.358441561460495 144 510 171 544
face 0.3446325659751892 144 510 171 544
face 0.342716783285141 144 510 171 544
face 0.342528760433197 144 510 171 544
face 0.3326236605644226 144 510 171 544
face 0.32605552673339844 144 510 171 544
face 0.3242737054824829 144 510 171 544
face 0.32417577505111694 144 510 171 544
face 0.3195475935935974 144 510 171 544
face 0.3179888129234314 144 510 171 544
face 0.3152264356613159 144 510 171 544
face 0.30987975001335144 144 510 171 544
face 0.30169421434402466 144 510 171 544
face 0.2991337776184082 144 510 171 544
face 0.29210737347602844 144 510 171 544
face 0.28744325041770935 144 510 171 544
face 0.28241264820098877 144 510 171 544
face 0.27909308671951294 144 510 171 544
face 0.2757648527622223 144 510 171 544
face 0.27272307872772217 144 510 171 544
face 0.27061232924461365 144 510 171 544
face 0.26190584897994995 144 510 171 544
face 0.25763341784477234 144 510 171 544
face 0.2546616196632385 144 510 171 544
face 0.2527768611907959 144 510 171 544
face 0.24452155828475952 144 510 171 544
face 0.24245694279670715 144 510 171 544
face 0.23993664979934692 144 510 171 544
face 0.22597119212150574 144 510 171 544
face 0.2207840085029602 144 510 171 544
face 0.21792331337928772 144 510 171 544
face 0.21637368202209473 144 510 171 544
face 0.21532750129699707 144 510 171 544
face 0.2114238440990448 144 510 171 544
face 0.20596444606781006 144 510 171 544
face 0.20255833864212036 144 510 171 544
face 0.20009544491767883 144 510 171 544
face 0.19899216294288635 144 510 171 544
face 0.1987459659576416 144 510 171 544
face 0.19341006875038147 144 510 171 544
face 0.1927819550037384 144 510 171 544
face 0.1886536180973053 144 510 171 544
face 0.1883663535118103 144 510 171 544
face 0.1860923171043396 144 510 171 544
face 0.1838139295578003 144 510 171 544
face 0.1830909252166748 144 510 171 544
face 0.18285179138183594 144 510 171 544
face 0.1815846860408783 144 510 171 544
face 0.1737504005432129 144 510 171 544
