face 0.9956280589103699 551 202 584 253
face 0.8710767030715942 946 141 986 185
face 0.6088446974754333 315 183 344 221
face 0.5528940558433533 107 153 140 197
face 0.4853394627571106 107 153 140 197
face 0.45991435647010803 107 153 140 197
face 0.4498559832572937 107 153 140 197
face 0.4223771095275879 107 153 140 197
face 0.42089876532554626 107 153 140 197
face 0.3762429654598236 107 153 140 197
face 0.3603302240371704 107 153 140 197
face 0.30517086386680603 107 153 140 197
face 0.26973265409469604 107 153 140 197
face 0.2613714337348938 107 153 140 197
face 0.24243304133415222 107 153 140 197
face 0.2115052342414856 107 153 140 197
face 0.1893472671508789 107 153 140 197
face 0.18738499283790588 107 153 140 197
face 0.18391060829162598 107 153 140 197
face 0.1821354627609253 107 153 140 197
face 0.1669679880142212 107 153 140 197
face 0.1575787365436554 107 153 140 197
face 0.156100332736969 107 153 140 197
face 0.15153780579566956 107 153 140 197
face 0.10499879717826843 107 153 140 197
face 0.10271424055099487 107 153 140 197
face 0.09807491302490234 107 153 140 197
face 0.0911785364151001 107 153 140 197
face 0.0851258635520935 107 153 140 197
face 0.08458226919174194 107 153 140 197
face 0.082583487033844 107 153 140 197
face 0.0813203752040863 107 153 140 197
face 0.07873386144638062 107 153 140 197
face 0.07383355498313904 107 153 140 197
face 0.07045695185661316 107 153 140 197
face 0.06953164935112 107 153 140 197
face 0.06623202562332153 107 153 140 197
face 0.06423237919807434 107 153 140 197
face 0.06288370490074158 107 153 140 197
face 0.061264872550964355 107 153 140 197
face 0.06120386719703674 107 153 140 197
face 0.057859718799591064 107 153 140 197
face 0.05371251702308655 107 153 140 197
face 0.053479522466659546 107 153 140 197
face 0.05105632543563843 107 153 140 197
face 0.0503925085067749 107 153 140 197
face 0.049365729093551636 107 153 140 197
face 0.04613089561462402 107 153 140 197
face 0.04594293236732483 107 153 140 197
face 0.04544490575790405 107 153 140 197
face 0.04234415292739868 107 153 140 197
face 0.040793657302856445 107 153 140 197
face 0.04015308618545532 107 153 140 197
face 0.039129793643951416 107 153 140 197
face 0.03904128074645996 107 153 140 197
face 0.0387478768825531 107 153 140 197
face 0.03766635060310364 107 153 140 197
face 0.03590211272239685 107 153 140 197
face 0.035556644201278687 107 153 140 197
face 0.03530526161193848 107 153 140 197
face 0.0345606803894043 107 153 140 197
face 0.03425288200378418 107 153 140 197
face 0.033914923667907715 107 153 140 197
face 0.03366410732269287 107 153 140 197
face 0.03356975317001343 107 153 140 197
face 0.03230172395706177 107 153 140 197
face 0.03165975213050842 107 153 140 197
face 0.030977606773376465 107 153 140 197
face 0.030798137187957764 107 153 140 197
face 0.030686140060424805 107 153 140 197
face 0.030218273401260376 107 153 140 197
face 0.029826581478118896 107 153 140 197
face 0.029764145612716675 107 153 140 197
face 0.02918452024459839 107 153 140 197
face 0.028681427240371704 107 153 140 197
face 0.026805520057678223 107 153 140 197
face 0.026500403881072998 107 153 140 197
face 0.026396363973617554 107 153 140 197
face 0.025625020265579224 107 153 140 197
face 0.024919182062149048 107 153 140 197
face 0.024918973445892334 107 153 140 197
face 0.024361073970794678 107 153 140 197
face 0.023746401071548462 107 153 140 197
face 0.02339160442352295 107 153 140 197
face 0.02293679118156433 107 153 140 197
face 0.022555768489837646 107 153 140 197
face 0.02251899242401123 107 153 140 197
face 0.022304952144622803 107 153 140 197
face 0.021991729736328125 107 153 140 197
face 0.021943509578704834 107 153 140 197
face 0.02163425087928772 107 153 140 197
face 0.02149149775505066 107 153 140 197
face 0.021099209785461426 107 153 140 197
face 0.020814090967178345 107 153 140 197
face 0.020630180835723877 107 153 140 197
face 0.0205400288105011 107 153 140 197
face 0.02047973871231079 107 153 140 197
face 0.020306885242462158 107 153 140 197
face 0.02025321125984192 107 153 140 197
face 0.02022242546081543 107 153 140 197
