face 0.9488829374313354 512 503 551 561
face 0.7265253067016602 436 459 461 489
face 0.6780978441238403 381 522 408 561
face 0.6072683334350586 59 475 82 517
face 0.4866723120212555 59 475 82 517
face 0.47372257709503174 59 475 82 517
face 0.4611307978630066 59 475 82 517
face 0.3563441336154938 59 475 82 517
face 0.3524138331413269 59 475 82 517
face 0.35067054629325867 59 475 82 517
face 0.34829556941986084 59 475 82 517
face 0.3476657271385193 59 475 82 517
face 0.32733461260795593 59 475 82 517
face 0.32581639289855957 59 475 82 517
face 0.3089390695095062 59 475 82 517
face 0.28721103072166443 59 475 82 517
face 0.27963924407958984 59 475 82 517
face 0.2560631036758423 59 475 82 517
face 0.2556392252445221 59 475 82 517
face 0.23099589347839355 59 475 82 517
face 0.16065984964370728 59 475 82 517
face 0.15717419981956482 59 475 82 517
face 0.15511947870254517 59 475 82 517
face 0.15276119112968445 59 475 82 517
face 0.13825812935829163 59 475 82 517
face 0.11685493588447571 59 475 82 517
face 0.11439067125320435 59 475 82 517
face 0.11315366625785828 59 475 82 517
face 0.10233879089355469 59 475 82 517
face 0.10137486457824707 59 475 82 517
face 0.09679251909255981 59 475 82 517
face 0.09313082695007324 59 475 82 517
face 0.0915687084197998 59 475 82 517
face 0.09124311804771423 59 475 82 517
face 0.09013104438781738 59 475 82 517
face 0.08851155638694763 59 475 82 517
face 0.08181461691856384 59 475 82 517
face 0.08025577664375305 59 475 82 517
face 0.07716470956802368 59 475 82 517
face 0.07409211993217468 59 475 82 517
face 0.0705171525478363 59 475 82 517
face 0.06965076923370361 59 475 82 517
face 0.0682399570941925 59 475 82 517
face 0.06548932194709778 59 475 82 517
face 0.06459569931030273 59 475 82 517
face 0.06391414999961853 59 475 82 517
face 0.06319168210029602 59 475 82 517
face 0.062466561794281006 59 475 82 517
face 0.062266647815704346 59 475 82 517
face 0.0621565580368042 59 475 82 517
face 0.06193751096725464 59 475 82 517
face 0.05945578217506409 59 475 82 517
face 0.057176679372787476 59 475 82 517
face 0.053299933671951294 59 475 82 517
face 0.052665531635284424 59 475 82 517
face 0.05128288269042969 59 475 82 517
face 0.050753235816955566 59 475 82 517
face 0.050588011741638184 59 475 82 517
face 0.04569891095161438 59 475 82 517
face 0.04526433348655701 59 475 82 517
face 0.043666958808898926 59 475 82 517
face 0.043343156576156616 59 475 82 517
face 0.04276815056800842 59 475 82 517
face 0.0424170196056366 59 475 82 517
face 0.040674686431884766 59 475 82 517
face 0.03686875104904175 59 475 82 517
face 0.036427855491638184 59 475 82 517
face 0.03595009446144104 59 475 82 517
face 0.03474926948547363 59 475 82 517
face 0.03456971049308777 59 475 82 517
face 0.032717108726501465 59 475 82 517
face 0.032693713903427124 59 475 82 517
face 0.0324476957321167 59 475 82 517
face 0.03162243962287903 59 475 82 517
face 0.03104516863822937 59 475 82 517
face 0.030942589044570923 59 475 82 517
face 0.028079181909561157 59 475 82 517
face 0.026981621980667114 59 475 82 517
face 0.024602264165878296 59 475 82 517
face 0.02448117733001709 59 475 82 517
face 0.024322301149368286 59 475 82 517
face 0.023467600345611572 59 475 82 517
face 0.022006094455718994 59 475 82 517
face 0.02021944522857666 59 475 82 517
face 0.019730806350708008 59 475 82 517
face 0.019601672887802124 59 475 82 517
face 0.019347727298736572 59 475 82 517
face 0.019084513187408447 59 475 82 517
face 0.018791794776916504 59 475 82 517
face 0.01865735650062561 59 475 82 517
face 0.018630415201187134 59 475 82 517
face 0.01859799027442932 59 475 82 517
face 0.018221914768218994 59 475 82 517
face 0.01766541600227356 59 475 82 517
face 0.017322927713394165 59 475 82 517
face 0.017222583293914795 59 475 82 517
face 0.01638895273208618 59 475 82 517
face 0.015991508960723877 59 475 82 517
face 0.015795379877090454 59 475 82 517
face 0.015445828437805176 59 475 82 517
