face 0.9946637153625488 475 304 528 376
face 0.9921923279762268 305 219 364 323
face 0.9885548949241638 558 282 610 358
face 0.9614349603652954 107 194 194 332
face 0.5674994587898254 990 264 1008 299
face 0.5511366128921509 833 322 867 419
face 0.42757266759872437 833 322 867 419
face 0.2842007875442505 833 322 867 419
face 0.2588442862033844 833 322 867 419
face 0.1786593794822693 833 322 867 419
face 0.1572222113609314 833 322 867 419
face 0.15207147598266602 833 322 867 419
face 0.14639949798583984 833 322 867 419
face 0.12883508205413818 833 322 867 419
face 0.1239987313747406 833 322 867 419
face 0.10363355278968811 833 322 867 419
face 0.09637081623077393 833 322 867 419
face 0.08447328209877014 833 322 867 419
face 0.07627862691879272 833 322 867 419
face 0.07526636123657227 833 322 867 419
face 0.07233434915542603 833 322 867 419
face 0.07085177302360535 833 322 867 419
face 0.06116172671318054 833 322 867 419
face 0.0595126748085022 833 322 867 419
face 0.05913245677947998 833 322 867 419
face 0.058215945959091187 833 322 867 419
face 0.05482324957847595 833 322 867 419
face 0.05169418454170227 833 322 867 419
face 0.0504571795463562 833 322 867 419
face 0.04964473843574524 833 322 867 419
face 0.04270857572555542 833 322 867 419
face 0.04240870475769043 833 322 867 419
face 0.041038691997528076 833 322 867 419
face 0.040171027183532715 833 322 867 419
face 0.03886908292770386 833 322 867 419
face 0.03870317339897156 833 322 867 419
face 0.03859227895736694 833 322 867 419
face 0.03782784938812256 833 322 867 419
face 0.03734907507896423 833 322 867 419
face 0.03249898552894592 833 322 867 419
face 0.03208157420158386 833 322 867 419
face 0.031118780374526978 833 322 867 419
face 0.0290372371673584 833 322 867 419
face 0.026564329862594604 833 322 867 419
face 0.025066643953323364 833 322 867 419
face 0.024260252714157104 833 322 867 419
face 0.0237257182598114 833 322 867 419
face 0.023611128330230713 833 322 867 419
face 0.02309596538543701 833 322 867 419
face 0.022861987352371216 833 322 867 419
face 0.022804170846939087 833 322 867 419
face 0.022769838571548462 833 322 867 419
face 0.02250465750694275 833 322 867 419
face 0.02243068814277649 833 322 867 419
face 0.02202928066253662 833 322 867 419
face 0.020677000284194946 833 322 867 419
face 0.02032145857810974 833 322 867 419
face 0.01948094367980957 833 322 867 419
face 0.01935446262359619 833 322 867 419
face 0.019049793481826782 833 322 867 419
face 0.019020825624465942 833 322 867 419
face 0.018905460834503174 833 322 867 419
face 0.01876416802406311 833 322 867 419
face 0.018477290868759155 833 322 867 419
face 0.018298953771591187 833 322 867 419
face 0.01753401756286621 833 322 867 419
face 0.01737356185913086 833 322 867 419
face 0.016976147890090942 833 322 867 419
face 0.016275763511657715 833 322 867 419
face 0.015997469425201416 833 322 867 419
face 0.015932589769363403 833 322 867 419
face 0.015713244676589966 833 322 867 419
face 0.015600025653839111 833 322 867 419
face 0.014840930700302124 833 322 867 419
face 0.014769315719604492 833 322 867 419
face 0.014751166105270386 833 322 867 419
face 0.013768374919891357 833 322 867 419
face 0.013498276472091675 833 322 867 419
face 0.013135015964508057 833 322 867 419
face 0.01294398307800293 833 322 867 419
face 0.012794286012649536 833 322 867 419
face 0.01261243224143982 833 322 867 419
face 0.012583941221237183 833 322 867 419
face 0.012469857931137085 833 322 867 419
face 0.012257099151611328 833 322 867 419
face 0.012090325355529785 833 322 867 419
face 0.011927485466003418 833 322 867 419
face 0.011880308389663696 833 322 867 419
face 0.011839896440505981 833 322 867 419
face 0.01181173324584961 833 322 867 419
face 0.011700540781021118 833 322 867 419
face 0.011502116918563843 833 322 867 419
face 0.011425197124481201 833 322 867 419
face 0.011344045400619507 833 322 867 419
face 0.010996371507644653 833 322 867 419
face 0.010490179061889648 833 322 867 419
face 0.010227441787719727 833 322 867 419
face 0.010137945413589478 833 322 867 419
face 0.00987023115158081 833 322 867 419
face 0.00979834794998169 833 322 867 419
