face 0.9095066785812378 441 532 659 765
face 0.16575568914413452 441 532 659 765
face 0.1448734700679779 441 532 659 765
face 0.11511704325675964 441 532 659 765
face 0.1032804548740387 441 532 659 765
face 0.10315823554992676 441 532 659 765
face 0.09038782119750977 441 532 659 765
face 0.08538252115249634 441 532 659 765
face 0.07266440987586975 441 532 659 765
face 0.07223302125930786 441 532 659 765
face 0.07220074534416199 441 532 659 765
face 0.06264057755470276 441 532 659 765
face 0.0620826780796051 441 532 659 765
face 0.06033480167388916 441 532 659 765
face 0.05556100606918335 441 532 659 765
face 0.05253139138221741 441 532 659 765
face 0.052402883768081665 441 532 659 765
face 0.05089327692985535 441 532 659 765
face 0.04991373419761658 441 532 659 765
face 0.049591511487960815 441 532 659 765
face 0.049534618854522705 441 532 659 765
face 0.046264439821243286 441 532 659 765
face 0.04514271020889282 441 532 659 765
face 0.04505416750907898 441 532 659 765
face 0.04146289825439453 441 532 659 765
face 0.04111289978027344 441 532 659 765
face 0.04010769724845886 441 532 659 765
face 0.04000040888786316 441 532 659 765
face 0.03964772820472717 441 532 659 765
face 0.03849154710769653 441 532 659 765
face 0.03777796030044556 441 532 659 765
face 0.03748437762260437 441 532 659 765
face 0.03729715943336487 441 532 659 765
face 0.03677397966384888 441 532 659 765
face 0.034546494483947754 441 532 659 765
face 0.03436538577079773 441 532 659 765
face 0.03389135003089905 441 532 659 765
face 0.033769309520721436 441 532 659 765
face 0.033233642578125 441 532 659 765
face 0.03316378593444824 441 532 659 765
face 0.032985180616378784 441 532 659 765
face 0.0327109694480896 441 532 659 765
face 0.03170567750930786 441 532 659 765
face 0.03135281801223755 441 532 659 765
face 0.03092941641807556 441 532 659 765
face 0.030707627534866333 441 532 659 765
face 0.030596017837524414 441 532 659 765
face 0.030179500579833984 441 532 659 765
face 0.02958032488822937 441 532 659 765
face 0.02949008345603943 441 532 659 765
face 0.0288124680519104 441 532 659 765
face 0.028620123863220215 441 532 659 765
face 0.02793857455253601 441 532 659 765
face 0.027801483869552612 441 532 659 765
face 0.027624070644378662 441 532 659 765
face 0.027492135763168335 441 532 659 765
face 0.026584357023239136 441 532 659 765
face 0.02624449133872986 441 532 659 765
face 0.025342345237731934 441 532 659 765
face 0.025240659713745117 441 532 659 765
face 0.024932175874710083 441 532 659 765
face 0.024854332208633423 441 532 659 765
face 0.024590373039245605 441 532 659 765
face 0.02424141764640808 441 532 659 765
face 0.024204760789871216 441 532 659 765
face 0.024124860763549805 441 532 659 765
face 0.02404448390007019 441 532 659 765
face 0.024037718772888184 441 532 659 765
face 0.024009287357330322 441 532 659 765
face 0.02389347553253174 441 532 659 765
face 0.02339974045753479 441 532 659 765
face 0.022822320461273193 441 532 659 765
face 0.022674083709716797 441 532 659 765
face 0.022665351629257202 441 532 659 765
face 0.021303385496139526 441 532 659 765
face 0.020815342664718628 441 532 659 765
face 0.020756274461746216 441 532 659 765
face 0.020378202199935913 441 532 659 765
face 0.019822031259536743 441 532 659 765
face 0.01974886655807495 441 532 659 765
face 0.019731760025024414 441 532 659 765
face 0.019307702779769897 441 532 659 765
face 0.019013643264770508 441 532 659 765
face 0.018920689821243286 441 532 659 765
face 0.018761098384857178 441 532 659 765
face 0.018625468015670776 441 532 659 765
face 0.01854926347732544 441 532 659 765
face 0.018487483263015747 441 532 659 765
face 0.01847204566001892 441 532 659 765
face 0.018429070711135864 441 532 659 765
face 0.018150031566619873 441 532 659 765
face 0.017930537462234497 441 532 659 765
face 0.01781204342842102 441 532 659 765
face 0.017778605222702026 441 532 659 765
face 0.017744779586791992 441 532 659 765
face 0.017668873071670532 441 532 659 765
face 0.017440617084503174 441 532 659 765
face 0.017319440841674805 441 532 659 765
face 0.017269015312194824 441 532 659 765
face 0.017141789197921753 441 532 659 765
