face 0.971910297870636 405 342 428 369
face 0.9478641748428345 933 314 958 346
face 0.8279117345809937 306 335 330 360
face 0.7807211875915527 767 329 785 355
face 0.7657001614570618 505 364 523 387
face 0.67473304271698 639 344 656 365
face 0.6292708516120911 869 327 889 353
face 0.533897876739502 11 328 30 349
face 0.23790708184242249 11 328 30 349
face 0.19604218006134033 11 328 30 349
face 0.186838299036026 11 328 30 349
face 0.17770430445671082 11 328 30 349
face 0.17122572660446167 11 328 30 349
face 0.16607201099395752 11 328 30 349
face 0.13979893922805786 11 328 30 349
face 0.09527578949928284 11 328 30 349
face 0.06760096549987793 11 328 30 349
face 0.06480959057807922 11 328 30 349
face 0.04561170935630798 11 328 30 349
face 0.040450453758239746 11 328 30 349
face 0.037257492542266846 11 328 30 349
face 0.03666597604751587 11 328 30 349
face 0.033472269773483276 11 328 30 349
face 0.033255189657211304 11 328 30 349
face 0.032609134912490845 11 328 30 349
face 0.03148224949836731 11 328 30 349
face 0.029753416776657104 11 328 30 349
face 0.028729766607284546 11 328 30 349
face 0.028062909841537476 11 328 30 349
face 0.02612510323524475 11 328 30 349
face 0.023850351572036743 11 328 30 349
face 0.021829932928085327 11 328 30 349
face 0.021399378776550293 11 328 30 349
face 0.020519226789474487 11 328 30 349
face 0.019787490367889404 11 328 30 349
face 0.019516348838806152 11 328 30 349
face 0.018008679151535034 11 328 30 349
face 0.017717868089675903 11 328 30 349
face 0.017254173755645752 11 328 30 349
face 0.01702919602394104 11 328 30 349
face 0.015925705432891846 11 328 30 349
face 0.014653146266937256 11 328 30 349
face 0.013598144054412842 11 328 30 349
face 0.012758582830429077 11 328 30 349
face 0.012608587741851807 11 328 30 349
face 0.012178391218185425 11 328 30 349
face 0.011743813753128052 11 328 30 349
face 0.011374026536941528 11 328 30 349
face 0.010823071002960205 11 328 30 349
face 0.010801047086715698 11 328 30 349
face 0.010013818740844727 11 328 30 349
face 0.009977191686630249 11 328 30 349
face 0.00990968942642212 11 328 30 349
face 0.009601742029190063 11 328 30 349
face 0.009332865476608276 11 328 30 349
face 0.00864371657371521 11 328 30 349
face 0.008507966995239258 11 328 30 349
face 0.00850781798362732 11 328 30 349
face 0.008269548416137695 11 328 30 349
face 0.008135855197906494 11 328 30 349
face 0.007677197456359863 11 328 30 349
face 0.007673472166061401 11 328 30 349
face 0.007669985294342041 11 328 30 349
face 0.0076299309730529785 11 328 30 349
face 0.007559478282928467 11 328 30 349
face 0.007448762655258179 11 328 30 349
face 0.007254093885421753 11 328 30 349
face 0.0072154700756073 11 328 30 349
face 0.0071454644203186035 11 328 30 349
face 0.007135480642318726 11 328 30 349
face 0.007048934698104858 11 328 30 349
face 0.00681641697883606 11 328 30 349
face 0.006789296865463257 11 328 30 349
face 0.006770342588424683 11 328 30 349
face 0.006751388311386108 11 328 30 349
face 0.006600439548492432 11 328 30 349
face 0.006347030401229858 11 328 30 349
face 0.006259828805923462 11 328 30 349
face 0.006198853254318237 11 328 30 349
face 0.0061209797859191895 11 328 30 349
face 0.006110459566116333 11 328 30 349
face 0.006058484315872192 11 328 30 349
face 0.0060416460037231445 11 328 30 349
face 0.0058479905128479 11 328 30 349
face 0.005825519561767578 11 328 30 349
face 0.005728393793106079 11 328 30 349
face 0.005727857351303101 11 328 30 349
face 0.005727559328079224 11 328 30 349
face 0.005706846714019775 11 328 30 349
face 0.005663454532623291 11 328 30 349
face 0.005537241697311401 11 328 30 349
face 0.005518406629562378 11 328 30 349
face 0.005463212728500366 11 328 30 349
face 0.005363821983337402 11 328 30 349
face 0.005363106727600098 11 328 30 349
face 0.005346477031707764 11 328 30 349
face 0.005331367254257202 11 328 30 349
face 0.005290687084197998 11 328 30 349
face 0.005212932825088501 11 328 30 349
face 0.005135595798492432 11 328 30 349
