face 0.3298848271369934 369 268 381 284
face 0.3037434220314026 369 268 381 284
face 0.29256564378738403 369 268 381 284
face 0.2891339957714081 369 268 381 284
face 0.28746652603149414 369 268 381 284
face 0.25996094942092896 369 268 381 284
face 0.25775855779647827 369 268 381 284
face 0.25625479221343994 369 268 381 284
face 0.24245309829711914 369 268 381 284
face 0.23216277360916138 369 268 381 284
face 0.22809112071990967 369 268 381 284
face 0.22404897212982178 369 268 381 284
face 0.21658894419670105 369 268 381 284
face 0.2094549536705017 369 268 381 284
face 0.20781099796295166 369 268 381 284
face 0.20550701022148132 369 268 381 284
face 0.18538472056388855 369 268 381 284
face 0.18038621544837952 369 268 381 284
face 0.1784074306488037 369 268 381 284
face 0.17698347568511963 369 268 381 284
face 0.17658841609954834 369 268 381 284
face 0.17618125677108765 369 268 381 284
face 0.17395281791687012 369 268 381 284
face 0.16968312859535217 369 268 381 284
face 0.16619864106178284 369 268 381 284
face 0.16581392288208008 369 268 381 284
face 0.16460201144218445 369 268 381 284
face 0.16296985745429993 369 268 381 284
face 0.16146600246429443 369 268 381 284
face 0.1609950065612793 369 268 381 284
face 0.15349191427230835 369 268 381 284
face 0.15258148312568665 369 268 381 284
face 0.15129154920578003 369 268 381 284
face 0.14892655611038208 369 268 381 284
face 0.14867299795150757 369 268 381 284
face 0.14732864499092102 369 268 381 284
face 0.14659443497657776 369 268 381 284
face 0.146305650472641 369 268 381 284
face 0.14304670691490173 369 268 381 284
face 0.1429136097431183 369 268 381 284
face 0.14228537678718567 369 268 381 284
face 0.14204281568527222 369 268 381 284
face 0.14182785153388977 369 268 381 284
face 0.14108878374099731 369 268 381 284
face 0.1354447901248932 369 268 381 284
face 0.13353568315505981 369 268 381 284
face 0.13221201300621033 369 268 381 284
face 0.12940746545791626 369 268 381 284
face 0.12779754400253296 369 268 381 284
face 0.1258370280265808 369 268 381 284
face 0.12344327569007874 369 268 381 284
face 0.11941671371459961 369 268 381 284
face 0.11889132857322693 369 268 381 284
face 0.11806654930114746 369 268 381 284
face 0.11731904745101929 369 268 381 284
face 0.11716896295547485 369 268 381 284
face 0.11571085453033447 369 268 381 284
face 0.1133788526058197 369 268 381 284
face 0.11264342069625854 369 268 381 284
face 0.112489253282547 369 268 381 284
face 0.1098184883594513 369 268 381 284
face 0.10913220047950745 369 268 381 284
face 0.10815289616584778 369 268 381 284
face 0.10691535472869873 369 268 381 284
face 0.10644790530204773 369 268 381 284
face 0.10250470042228699 369 268 381 284
face 0.10026520490646362 369 268 381 284
face 0.09628286957740784 369 268 381 284
face 0.09604048728942871 369 268 381 284
face 0.09325549006462097 369 268 381 284
face 0.09185099601745605 369 268 381 284
face 0.09088209271430969 369 268 381 284
face 0.08952030539512634 369 268 381 284
face 0.08598792552947998 369 268 381 284
face 0.08592912554740906 369 268 381 284
face 0.08585891127586365 369 268 381 284
face 0.08381378650665283 369 268 381 284
face 0.0835253894329071 369 268 381 284
face 0.08277985453605652 369 268 381 284
face 0.08257675170898438 369 268 381 284
face 0.0813089907169342 369 268 381 284
face 0.08078166842460632 369 268 381 284
face 0.08000457286834717 369 268 381 284
face 0.0799725353717804 369 268 381 284
face 0.07851481437683105 369 268 381 284
face 0.07684400677680969 369 268 381 284
face 0.07488107681274414 369 268 381 284
face 0.07302731275558472 369 268 381 284
face 0.0729680061340332 369 268 381 284
face 0.071592777967453 369 268 381 284
face 0.07085388898849487 369 268 381 284
face 0.07018759846687317 369 268 381 284
face 0.0693964958190918 369 268 381 284
face 0.0671064555644989 369 268 381 284
face 0.06527304649353027 369 268 381 284
face 0.06406036019325256 369 268 381 284
face 0.06390127539634705 369 268 381 284
face 0.06333240866661072 369 268 381 284
face 0.06318530440330505 369 268 381 284
face 0.061710745096206665 369 268 381 284
