face 0.9711089134216309 369 194 677 583
face 0.4424971044063568 369 194 677 583
face 0.355334997177124 369 194 677 583
face 0.2042999565601349 369 194 677 583
face 0.12759006023406982 369 194 677 583
face 0.11830601096153259 369 194 677 583
face 0.0788649320602417 369 194 677 583
face 0.0729428231716156 369 194 677 583
face 0.07177349925041199 369 194 677 583
face 0.07099384069442749 369 194 677 583
face 0.0699719786643982 369 194 677 583
face 0.06123030185699463 369 194 677 583
face 0.05669870972633362 369 194 677 583
face 0.05549591779708862 369 194 677 583
face 0.052148908376693726 369 194 677 583
face 0.05154061317443848 369 194 677 583
face 0.049606919288635254 369 194 677 583
face 0.047073811292648315 369 194 677 583
face 0.045242488384246826 369 194 677 583
face 0.04415103793144226 369 194 677 583
face 0.040932923555374146 369 194 677 583
face 0.039445310831069946 369 194 677 583
face 0.03840777277946472 369 194 677 583
face 0.03721916675567627 369 194 677 583
face 0.037130892276763916 369 194 677 583
face 0.03491860628128052 369 194 677 583
face 0.034880369901657104 369 194 677 583
face 0.030664056539535522 369 194 677 583
face 0.030441612005233765 369 194 677 583
face 0.027561426162719727 369 194 677 583
face 0.027408629655838013 369 194 677 583
face 0.02653363347053528 369 194 677 583
face 0.0257074236869812 369 194 677 583
face 0.02466413378715515 369 194 677 583
face 0.023640334606170654 369 194 677 583
face 0.023079633712768555 369 194 677 583
face 0.02294367551803589 369 194 677 583
face 0.022940784692764282 369 194 677 583
face 0.02245989441871643 369 194 677 583
face 0.021982014179229736 369 194 677 583
face 0.021580159664154053 369 194 677 583
face 0.020778775215148926 369 194 677 583
face 0.01937428116798401 369 194 677 583
face 0.019329875707626343 369 194 677 583
face 0.01900044083595276 369 194 677 583
face 0.01849651336669922 369 194 677 583
face 0.018230319023132324 369 194 677 583
face 0.017574399709701538 369 194 677 583
face 0.017344743013381958 369 194 677 583
face 0.016803115606307983 369 194 677 583
face 0.016573727130889893 369 194 677 583
face 0.016219019889831543 369 194 677 583
face 0.015201061964035034 369 194 677 583
face 0.015095412731170654 369 194 677 583
face 0.014999091625213623 369 194 677 583
face 0.014959245920181274 369 194 677 583
face 0.014833629131317139 369 194 677 583
face 0.014332115650177002 369 194 677 583
face 0.014204859733581543 369 194 677 583
face 0.01420217752456665 369 194 677 583
face 0.013612449169158936 369 194 677 583
face 0.013343006372451782 369 194 677 583
face 0.013278573751449585 369 194 677 583
face 0.013104796409606934 369 194 677 583
face 0.012971878051757812 369 194 677 583
face 0.012860625982284546 369 194 677 583
face 0.012745290994644165 369 194 677 583
face 0.012454003095626831 369 194 677 583
face 0.012453824281692505 369 194 677 583
face 0.012440770864486694 369 194 677 583
face 0.012219518423080444 369 194 677 583
face 0.012015849351882935 369 194 677 583
face 0.011818557977676392 369 194 677 583
face 0.011668533086776733 369 194 677 583
face 0.011555373668670654 369 194 677 583
face 0.011462986469268799 369 194 677 583
face 0.01127651333808899 369 194 677 583
face 0.01114460825920105 369 194 677 583
face 0.011118024587631226 369 194 677 583
face 0.011106044054031372 369 194 677 583
face 0.011089026927947998 369 194 677 583
face 0.01106804609298706 369 194 677 583
face 0.011051923036575317 369 194 677 583
face 0.011044412851333618 369 194 677 583
face 0.010986775159835815 369 194 677 583
face 0.010962843894958496 369 194 677 583
face 0.010877460241317749 369 194 677 583
face 0.010741949081420898 369 194 677 583
face 0.010679870843887329 369 194 677 583
face 0.010677963495254517 369 194 677 583
face 0.010605454444885254 369 194 677 583
face 0.010444343090057373 369 194 677 583
face 0.010166585445404053 369 194 677 583
face 0.01016312837600708 369 194 677 583
face 0.010010600090026855 369 194 677 583
face 0.009983420372009277 369 194 677 583
face 0.009932875633239746 369 194 677 583
face 0.009848326444625854 369 194 677 583
face 0.00962764024734497 369 194 677 583
face 0.009614735841751099 369 194 677 583
