face 0.8328607082366943 675 476 691 500
face 0.6782466769218445 501 467 519 491
face 0.608347475528717 569 465 589 493
face 0.4474012851715088 569 465 589 493
face 0.293684720993042 569 465 589 493
face 0.17598092555999756 569 465 589 493
face 0.1718655526638031 569 465 589 493
face 0.12205147743225098 569 465 589 493
face 0.12135186791419983 569 465 589 493
face 0.10336616635322571 569 465 589 493
face 0.1032138466835022 569 465 589 493
face 0.09817984700202942 569 465 589 493
face 0.09751272201538086 569 465 589 493
face 0.09710326790809631 569 465 589 493
face 0.0892905592918396 569 465 589 493
face 0.07316446304321289 569 465 589 493
face 0.07109600305557251 569 465 589 493
face 0.07069641351699829 569 465 589 493
face 0.06894117593765259 569 465 589 493
face 0.06478849053382874 569 465 589 493
face 0.061407655477523804 569 465 589 493
face 0.05579954385757446 569 465 589 493
face 0.047032684087753296 569 465 589 493
face 0.046879976987838745 569 465 589 493
face 0.046233922243118286 569 465 589 493
face 0.04524773359298706 569 465 589 493
face 0.04077082872390747 569 465 589 493
face 0.04043996334075928 569 465 589 493
face 0.04042458534240723 569 465 589 493
face 0.040028542280197144 569 465 589 493
face 0.03511801362037659 569 465 589 493
face 0.03501415252685547 569 465 589 493
face 0.034183382987976074 569 465 589 493
face 0.03304550051689148 569 465 589 493
face 0.033002495765686035 569 465 589 493
face 0.03264838457107544 569 465 589 493
face 0.03211984038352966 569 465 589 493
face 0.0320245623588562 569 465 589 493
face 0.03160172700881958 569 465 589 493
face 0.031035780906677246 569 465 589 493
face 0.029267311096191406 569 465 589 493
face 0.02820485830307007 569 465 589 493
face 0.027882009744644165 569 465 589 493
face 0.02723139524459839 569 465 589 493
face 0.027222931385040283 569 465 589 493
face 0.02591291069984436 569 465 589 493
face 0.024704694747924805 569 465 589 493
face 0.024242788553237915 569 465 589 493
face 0.02422836422920227 569 465 589 493
face 0.02368748188018799 569 465 589 493
face 0.023563653230667114 569 465 589 493
face 0.023422956466674805 569 465 589 493
face 0.02256813645362854 569 465 589 493
face 0.021705657243728638 569 465 589 493
face 0.02162298560142517 569 465 589 493
face 0.021182000637054443 569 465 589 493
face 0.020700424909591675 569 465 589 493
face 0.02064928412437439 569 465 589 493
face 0.020591318607330322 569 465 589 493
face 0.01998382806777954 569 465 589 493
face 0.019737452268600464 569 465 589 493
face 0.01876482367515564 569 465 589 493
face 0.01786443591117859 569 465 589 493
face 0.017323732376098633 569 465 589 493
face 0.01718798279762268 569 465 589 493
face 0.017115294933319092 569 465 589 493
face 0.016810685396194458 569 465 589 493
face 0.016551584005355835 569 465 589 493
face 0.016470372676849365 569 465 589 493
face 0.01635792851448059 569 465 589 493
face 0.014425158500671387 569 465 589 493
face 0.01392093300819397 569 465 589 493
face 0.013890713453292847 569 465 589 493
face 0.013821065425872803 569 465 589 493
face 0.012843519449234009 569 465 589 493
face 0.012676239013671875 569 465 589 493
face 0.01216241717338562 569 465 589 493
face 0.01200026273727417 569 465 589 493
face 0.011892616748809814 569 465 589 493
face 0.011882990598678589 569 465 589 493
face 0.011470109224319458 569 465 589 493
face 0.011421769857406616 569 465 589 493
face 0.011421412229537964 569 465 589 493
face 0.011421173810958862 569 465 589 493
face 0.011264055967330933 569 465 589 493
face 0.011122733354568481 569 465 589 493
face 0.011028587818145752 569 465 589 493
face 0.011004090309143066 569 465 589 493
face 0.010899126529693604 569 465 589 493
face 0.010784447193145752 569 465 589 493
face 0.010761171579360962 569 465 589 493
face 0.010687440633773804 569 465 589 493
face 0.0105571448802948 569 465 589 493
face 0.010418295860290527 569 465 589 493
face 0.010140597820281982 569 465 589 493
face 0.009920001029968262 569 465 589 493
face 0.009742259979248047 569 465 589 493
face 0.009585797786712646 569 465 589 493
face 0.009481728076934814 569 465 589 493
face 0.009446591138839722 569 465 589 493
