face 0.9899459481239319 999 340 1014 362
face 0.9783990383148193 250 272 280 321
face 0.9765551090240479 963 331 976 350
face 0.9720169305801392 402 135 414 151
face 0.9484760761260986 908 344 919 360
face 0.7910811901092529 859 344 870 359
face 0.4912061095237732 859 344 870 359
face 0.4403195381164551 859 344 870 359
face 0.38834425806999207 859 344 870 359
face 0.34339362382888794 859 344 870 359
face 0.3392977714538574 859 344 870 359
face 0.32538270950317383 859 344 870 359
face 0.2980315089225769 859 344 870 359
face 0.2482234239578247 859 344 870 359
face 0.22697806358337402 859 344 870 359
face 0.21110305190086365 859 344 870 359
face 0.2036096453666687 859 344 870 359
face 0.19587132334709167 859 344 870 359
face 0.18825995922088623 859 344 870 359
face 0.1878862977027893 859 344 870 359
face 0.17983952164649963 859 344 870 359
face 0.16531842947006226 859 344 870 359
face 0.15521934628486633 859 344 870 359
face 0.1534278392791748 859 344 870 359
face 0.1530553102493286 859 344 870 359
face 0.14646786451339722 859 344 870 359
face 0.13574683666229248 859 344 870 359
face 0.12758660316467285 859 344 870 359
face 0.11810269951820374 859 344 870 359
face 0.11081236600875854 859 344 870 359
face 0.10666146874427795 859 344 870 359
face 0.10318681597709656 859 344 870 359
face 0.10197901725769043 859 344 870 359
face 0.09190645813941956 859 344 870 359
face 0.08707907795906067 859 344 870 359
face 0.08398950099945068 859 344 870 359
face 0.07797914743423462 859 344 870 359
face 0.07177004218101501 859 344 870 359
face 0.06526675820350647 859 344 870 359
face 0.06457513570785522 859 344 870 359
face 0.06397843360900879 859 344 870 359
face 0.06248044967651367 859 344 870 359
face 0.06243550777435303 859 344 870 359
face 0.056069761514663696 859 344 870 359
face 0.054312825202941895 859 344 870 359
face 0.05299171805381775 859 344 870 359
face 0.052333950996398926 859 344 870 359
face 0.05182501673698425 859 344 870 359
face 0.05176264047622681 859 344 870 359
face 0.05141746997833252 859 344 870 359
face 0.051283299922943115 859 344 870 359
face 0.0502648651599884 859 344 870 359
face 0.04874616861343384 859 344 870 359
face 0.04637390375137329 859 344 870 359
face 0.045818060636520386 859 344 870 359
face 0.04562312364578247 859 344 870 359
face 0.0451924204826355 859 344 870 359
face 0.043841391801834106 859 344 870 359
face 0.04351001977920532 859 344 870 359
face 0.041978806257247925 859 344 870 359
face 0.04044926166534424 859 344 870 359
face 0.03989282250404358 859 344 870 359
face 0.03885987401008606 859 344 870 359
face 0.038529157638549805 859 344 870 359
face 0.03775545954704285 859 344 870 359
face 0.03730162978172302 859 344 870 359
face 0.03706306219100952 859 344 870 359
face 0.03696364164352417 859 344 870 359
face 0.036538153886795044 859 344 870 359
face 0.03547295928001404 859 344 870 359
face 0.03519448637962341 859 344 870 359
face 0.034711241722106934 859 344 870 359
face 0.03384506702423096 859 344 870 359
face 0.03365686535835266 859 344 870 359
face 0.03279179334640503 859 344 870 359
face 0.03228229284286499 859 344 870 359
face 0.03223496675491333 859 344 870 359
face 0.03212741017341614 859 344 870 359
face 0.03191328048706055 859 344 870 359
face 0.03177863359451294 859 344 870 359
face 0.03132525086402893 859 344 870 359
face 0.031311750411987305 859 344 870 359
face 0.030937165021896362 859 344 870 359
face 0.029974937438964844 859 344 870 359
face 0.02993413805961609 859 344 870 359
face 0.02965661883354187 859 344 870 359
face 0.02826935052871704 859 344 870 359
face 0.028139501810073853 859 344 870 359
face 0.027766287326812744 859 344 870 359
face 0.026751011610031128 859 344 870 359
face 0.02617722749710083 859 344 870 359
face 0.025550037622451782 859 344 870 359
face 0.024936020374298096 859 344 870 359
face 0.02449589967727661 859 344 870 359
face 0.02436092495918274 859 344 870 359
face 0.02395758032798767 859 344 870 359
face 0.0232258141040802 859 344 870 359
face 0.0230388343334198 859 344 870 359
face 0.02283194661140442 859 344 870 359
face 0.022423893213272095 859 344 870 359
