face 0.998748242855072 743 224 801 285
face 0.9982619285583496 662 276 704 320
face 0.9962785840034485 60 359 101 408
face 0.9947995543479919 243 274 273 311
face 0.989454984664917 152 408 236 504
face 0.9771535992622375 519 295 551 328
face 0.933197557926178 882 233 920 279
face 0.8794125318527222 354 295 392 339
face 0.6751711368560791 989 267 1021 313
face 0.6489613652229309 609 321 635 351
face 0.6240609288215637 302 395 334 435
face 0.6230700612068176 163 274 190 304
face 0.588165819644928 457 269 478 288
face 0.528190553188324 2 298 20 335
face 0.5219185948371887 140 314 170 346
face 0.42657461762428284 140 314 170 346
face 0.35371774435043335 140 314 170 346
face 0.3129904270172119 140 314 170 346
face 0.3037123382091522 140 314 170 346
face 0.2536109685897827 140 314 170 346
face 0.21178299188613892 140 314 170 346
face 0.12216383218765259 140 314 170 346
face 0.12073782086372375 140 314 170 346
face 0.11477625370025635 140 314 170 346
face 0.10356059670448303 140 314 170 346
face 0.09069415926933289 140 314 170 346
face 0.08452439308166504 140 314 170 346
face 0.0770176351070404 140 314 170 346
face 0.07374715805053711 140 314 170 346
face 0.07298088073730469 140 314 170 346
face 0.0704653263092041 140 314 170 346
face 0.05922159552574158 140 314 170 346
face 0.055870771408081055 140 314 170 346
face 0.05231902003288269 140 314 170 346
face 0.048051536083221436 140 314 170 346
face 0.04157748818397522 140 314 170 346
face 0.04067802429199219 140 314 170 346
face 0.0402529239654541 140 314 170 346
face 0.0364779531955719 140 314 170 346
face 0.032828569412231445 140 314 170 346
face 0.03238627314567566 140 314 170 346
face 0.029658347368240356 140 314 170 346
face 0.027499079704284668 140 314 170 346
face 0.02576279640197754 140 314 170 346
face 0.02550610899925232 140 314 170 346
face 0.024529069662094116 140 314 170 346
face 0.02362331748008728 140 314 170 346
face 0.02301788330078125 140 314 170 346
face 0.0226060152053833 140 314 170 346
face 0.021795660257339478 140 314 170 346
face 0.021313399076461792 140 314 170 346
face 0.020109891891479492 140 314 170 346
face 0.019426196813583374 140 314 170 346
face 0.01933574676513672 140 314 170 346
face 0.019228577613830566 140 314 170 346
face 0.019150644540786743 140 314 170 346
face 0.017956137657165527 140 314 170 346
face 0.017782211303710938 140 314 170 346
face 0.017650336027145386 140 314 170 346
face 0.01695162057876587 140 314 170 346
face 0.01659420132637024 140 314 170 346
face 0.01381218433380127 140 314 170 346
face 0.013732701539993286 140 314 170 346
face 0.013505727052688599 140 314 170 346
face 0.013237059116363525 140 314 170 346
face 0.013018488883972168 140 314 170 346
face 0.011408805847167969 140 314 170 346
face 0.0110415518283844 140 314 170 346
face 0.010992318391799927 140 314 170 346
face 0.010838478803634644 140 314 170 346
face 0.010262787342071533 140 314 170 346
face 0.010247409343719482 140 314 170 346
face 0.010143280029296875 140 314 170 346
face 0.010103076696395874 140 314 170 346
face 0.009977579116821289 140 314 170 346
face 0.009630918502807617 140 314 170 346
face 0.009597301483154297 140 314 170 346
face 0.009405732154846191 140 314 170 346
face 0.009334772825241089 140 314 170 346
face 0.009262025356292725 140 314 170 346
face 0.009160280227661133 140 314 170 346
face 0.008890211582183838 140 314 170 346
face 0.008882731199264526 140 314 170 346
face 0.0087757408618927 140 314 170 346
face 0.00856924057006836 140 314 170 346
face 0.008355528116226196 140 314 170 346
face 0.008313506841659546 140 314 170 346
face 0.008262008428573608 140 314 170 346
face 0.00817251205444336 140 314 170 346
face 0.008053421974182129 140 314 170 346
face 0.007814407348632812 140 314 170 346
face 0.007808178663253784 140 314 170 346
face 0.007795393466949463 140 314 170 346
face 0.007742255926132202 140 314 170 346
face 0.007422298192977905 140 314 170 346
face 0.007368326187133789 140 314 170 346
face 0.007112562656402588 140 314 170 346
face 0.007058888673782349 140 314 170 346
face 0.006784111261367798 140 314 170 346
face 0.006761044263839722 140 314 170 346
