face 0.9946767687797546 670 95 806 273
face 0.6877527832984924 420 426 574 598
face 0.3512359857559204 420 426 574 598
face 0.3467184901237488 420 426 574 598
face 0.18312162160873413 420 426 574 598
face 0.13929426670074463 420 426 574 598
face 0.11939826607704163 420 426 574 598
face 0.11446443200111389 420 426 574 598
face 0.1073610782623291 420 426 574 598
face 0.10311195254325867 420 426 574 598
face 0.100195974111557 420 426 574 598
face 0.09987163543701172 420 426 574 598
face 0.08847290277481079 420 426 574 598
face 0.08174225687980652 420 426 574 598
face 0.07929417490959167 420 426 574 598
face 0.07846793532371521 420 426 574 598
face 0.07612890005111694 420 426 574 598
face 0.07170355319976807 420 426 574 598
face 0.07053562998771667 420 426 574 598
face 0.06887733936309814 420 426 574 598
face 0.06599625945091248 420 426 574 598
face 0.06481924653053284 420 426 574 598
face 0.06353795528411865 420 426 574 598
face 0.06182536482810974 420 426 574 598
face 0.06063374876976013 420 426 574 598
face 0.05839291214942932 420 426 574 598
face 0.05680572986602783 420 426 574 598
face 0.05655917525291443 420 426 574 598
face 0.05652019381523132 420 426 574 598
face 0.056095510721206665 420 426 574 598
face 0.05582541227340698 420 426 574 598
face 0.05568549036979675 420 426 574 598
face 0.05472913384437561 420 426 574 598
face 0.05328512191772461 420 426 574 598
face 0.05239015817642212 420 426 574 598
face 0.0515381395816803 420 426 574 598
face 0.048110514879226685 420 426 574 598
face 0.04792085289955139 420 426 574 598
face 0.04619154334068298 420 426 574 598
face 0.045987486839294434 420 426 574 598
face 0.045951634645462036 420 426 574 598
face 0.04493790864944458 420 426 574 598
face 0.04452142119407654 420 426 574 598
face 0.04390817880630493 420 426 574 598
face 0.04387733340263367 420 426 574 598
face 0.04296484589576721 420 426 574 598
face 0.04253473877906799 420 426 574 598
face 0.04253378510475159 420 426 574 598
face 0.04155662655830383 420 426 574 598
face 0.041303277015686035 420 426 574 598
face 0.04085296392440796 420 426 574 598
face 0.03889590501785278 420 426 574 598
face 0.03856778144836426 420 426 574 598
face 0.03760749101638794 420 426 574 598
face 0.03749850392341614 420 426 574 598
face 0.037463873624801636 420 426 574 598
face 0.03723600506782532 420 426 574 598
face 0.03700873255729675 420 426 574 598
face 0.03695651888847351 420 426 574 598
face 0.035810619592666626 420 426 574 598
face 0.03580942749977112 420 426 574 598
face 0.035468101501464844 420 426 574 598
face 0.034930288791656494 420 426 574 598
face 0.03431287407875061 420 426 574 598
face 0.03393504023551941 420 426 574 598
face 0.033862173557281494 420 426 574 598
face 0.03380304574966431 420 426 574 598
face 0.03375932574272156 420 426 574 598
face 0.033741116523742676 420 426 574 598
face 0.033718764781951904 420 426 574 598
face 0.033260464668273926 420 426 574 598
face 0.03317120671272278 420 426 574 598
face 0.032034099102020264 420 426 574 598
face 0.030802935361862183 420 426 574 598
face 0.030623823404312134 420 426 574 598
face 0.03057396411895752 420 426 574 598
face 0.030436158180236816 420 426 574 598
face 0.03015175461769104 420 426 574 598
face 0.030039995908737183 420 426 574 598
face 0.0288657546043396 420 426 574 598
face 0.02882269024848938 420 426 574 598
face 0.028626620769500732 420 426 574 598
face 0.02835404872894287 420 426 574 598
face 0.028178304433822632 420 426 574 598
face 0.027916431427001953 420 426 574 598
face 0.027693957090377808 420 426 574 598
face 0.02742418646812439 420 426 574 598
face 0.02730095386505127 420 426 574 598
face 0.027240455150604248 420 426 574 598
face 0.02709430456161499 420 426 574 598
face 0.02707269787788391 420 426 574 598
face 0.026739776134490967 420 426 574 598
face 0.026433676481246948 420 426 574 598
face 0.026241213083267212 420 426 574 598
face 0.026210397481918335 420 426 574 598
face 0.02611657977104187 420 426 574 598
face 0.02533438801765442 420 426 574 598
face 0.025167614221572876 420 426 574 598
face 0.024894773960113525 420 426 574 598
face 0.02445736527442932 420 426 574 598
