face 0.9754363298416138 609 115 660 180
face 0.4660494327545166 609 115 660 180
face 0.29610976576805115 609 115 660 180
face 0.26087623834609985 609 115 660 180
face 0.18678945302963257 609 115 660 180
face 0.18156814575195312 609 115 660 180
face 0.16825446486473083 609 115 660 180
face 0.1265641748905182 609 115 660 180
face 0.11844009160995483 609 115 660 180
face 0.108021080493927 609 115 660 180
face 0.07986477017402649 609 115 660 180
face 0.043909698724746704 609 115 660 180
face 0.043232887983322144 609 115 660 180
face 0.0430682897567749 609 115 660 180
face 0.0421692430973053 609 115 660 180
face 0.04191333055496216 609 115 660 180
face 0.04108494520187378 609 115 660 180
face 0.03725805878639221 609 115 660 180
face 0.036677151918411255 609 115 660 180
face 0.03630399703979492 609 115 660 180
face 0.03566008806228638 609 115 660 180
face 0.034141361713409424 609 115 660 180
face 0.03325435519218445 609 115 660 180
face 0.03325212001800537 609 115 660 180
face 0.03134778141975403 609 115 660 180
face 0.03021097183227539 609 115 660 180
face 0.030070573091506958 609 115 660 180
face 0.030002236366271973 609 115 660 180
face 0.029455959796905518 609 115 660 180
face 0.028370052576065063 609 115 660 180
face 0.02801656723022461 609 115 660 180
face 0.02796649932861328 609 115 660 180
face 0.02764195203781128 609 115 660 180
face 0.02660924196243286 609 115 660 180
face 0.02543923258781433 609 115 660 180
face 0.025249481201171875 609 115 660 180
face 0.025088965892791748 609 115 660 180
face 0.024933815002441406 609 115 660 180
face 0.02402666211128235 609 115 660 180
face 0.023253142833709717 609 115 660 180
face 0.02180415391921997 609 115 660 180
face 0.02061644196510315 609 115 660 180
face 0.020295947790145874 609 115 660 180
face 0.020214587450027466 609 115 660 180
face 0.020144730806350708 609 115 660 180
face 0.020027101039886475 609 115 660 180
face 0.019326478242874146 609 115 660 180
face 0.019144028425216675 609 115 660 180
face 0.017844468355178833 609 115 660 180
face 0.016764163970947266 609 115 660 180
face 0.016567587852478027 609 115 660 180
face 0.015954166650772095 609 115 660 180
face 0.015408635139465332 609 115 660 180
face 0.015093564987182617 609 115 660 180
face 0.014134049415588379 609 115 660 180
face 0.01387682557106018 609 115 660 180
face 0.013825863599777222 609 115 660 180
face 0.013702541589736938 609 115 660 180
face 0.01364225149154663 609 115 660 180
face 0.013538569211959839 609 115 660 180
face 0.013434112071990967 609 115 660 180
face 0.01312166452407837 609 115 660 180
face 0.013082832098007202 609 115 660 180
face 0.01282733678817749 609 115 660 180
face 0.012777656316757202 609 115 660 180
face 0.012663602828979492 609 115 660 180
face 0.012576013803482056 609 115 660 180
face 0.012110233306884766 609 115 660 180
face 0.012091279029846191 609 115 660 180
face 0.01191699504852295 609 115 660 180
face 0.011451303958892822 609 115 660 180
face 0.011328697204589844 609 115 660 180
face 0.011167734861373901 609 115 660 180
face 0.010976135730743408 609 115 660 180
face 0.010784029960632324 609 115 660 180
face 0.010276108980178833 609 115 660 180
face 0.010203272104263306 609 115 660 180
face 0.010164856910705566 609 115 660 180
face 0.01001131534576416 609 115 660 180
face 0.009969502687454224 609 115 660 180
face 0.009569883346557617 609 115 660 180
face 0.00952962040901184 609 115 660 180
face 0.009482026100158691 609 115 660 180
face 0.00938764214515686 609 115 660 180
face 0.009318143129348755 609 115 660 180
face 0.009292274713516235 609 115 660 180
face 0.009124755859375 609 115 660 180
face 0.008926481008529663 609 115 660 180
face 0.00890284776687622 609 115 660 180
face 0.008694499731063843 609 115 660 180
face 0.008655071258544922 609 115 660 180
face 0.008600324392318726 609 115 660 180
face 0.008546262979507446 609 115 660 180
face 0.00838896632194519 609 115 660 180
face 0.007721513509750366 609 115 660 180
face 0.007700175046920776 609 115 660 180
face 0.007671773433685303 609 115 660 180
face 0.007558345794677734 609 115 660 180
face 0.007330358028411865 609 115 660 180
face 0.007287740707397461 609 115 660 180
