face 0.4106130599975586 110 295 185 382
face 0.17240911722183228 110 295 185 382
face 0.039359599351882935 110 295 185 382
face 0.02934575080871582 110 295 185 382
face 0.027084171772003174 110 295 185 382
face 0.02662310004234314 110 295 185 382
face 0.026533961296081543 110 295 185 382
face 0.02332344651222229 110 295 185 382
face 0.022395074367523193 110 295 185 382
face 0.02144560217857361 110 295 185 382
face 0.021174460649490356 110 295 185 382
face 0.020287513732910156 110 295 185 382
face 0.019778132438659668 110 295 185 382
face 0.01973596215248108 110 295 185 382
face 0.01965215802192688 110 295 185 382
face 0.019154608249664307 110 295 185 382
face 0.0191192626953125 110 295 185 382
face 0.018370896577835083 110 295 185 382
face 0.017650187015533447 110 295 185 382
face 0.01746496558189392 110 295 185 382
face 0.017035990953445435 110 295 185 382
face 0.0169544517993927 110 295 185 382
face 0.016658365726470947 110 295 185 382
face 0.01659741997718811 110 295 185 382
face 0.016361325979232788 110 295 185 382
face 0.016261816024780273 110 295 185 382
face 0.016042649745941162 110 295 185 382
face 0.015405595302581787 110 295 185 382
face 0.015204936265945435 110 295 185 382
face 0.014994651079177856 110 295 185 382
face 0.01489374041557312 110 295 185 382
face 0.014806091785430908 110 295 185 382
face 0.014732539653778076 110 295 185 382
face 0.014723390340805054 110 295 185 382
face 0.014702796936035156 110 295 185 382
face 0.014657169580459595 110 295 185 382
face 0.014113187789916992 110 295 185 382
face 0.014011204242706299 110 295 185 382
face 0.013717502355575562 110 295 185 382
face 0.013510376214981079 110 295 185 382
face 0.013497918844223022 110 295 185 382
face 0.013239413499832153 110 295 185 382
face 0.013189554214477539 110 295 185 382
face 0.013139516115188599 110 295 185 382
face 0.012999743223190308 110 295 185 382
face 0.012837380170822144 110 295 185 382
face 0.01281207799911499 110 295 185 382
face 0.012758642435073853 110 295 185 382
face 0.01272532343864441 110 295 185 382
face 0.01249513030052185 110 295 185 382
face 0.012447118759155273 110 295 185 382
face 0.012426018714904785 110 295 185 382
face 0.012259691953659058 110 295 185 382
face 0.012236863374710083 110 295 185 382
face 0.012152671813964844 110 295 185 382
face 0.012094736099243164 110 295 185 382
face 0.012032836675643921 110 295 185 382
face 0.01197892427444458 110 295 185 382
face 0.011942416429519653 110 295 185 382
face 0.011931806802749634 110 295 185 382
face 0.01167413592338562 110 295 185 382
face 0.011484026908874512 110 295 185 382
face 0.01146271824836731 110 295 185 382
face 0.0113295316696167 110 295 185 382
face 0.011328816413879395 110 295 185 382
face 0.011301577091217041 110 295 185 382
face 0.010958671569824219 110 295 185 382
face 0.01074916124343872 110 295 185 382
face 0.010741472244262695 110 295 185 382
face 0.010689079761505127 110 295 185 382
face 0.010596394538879395 110 295 185 382
face 0.010543376207351685 110 295 185 382
face 0.010513871908187866 110 295 185 382
face 0.010481417179107666 110 295 185 382
face 0.010480344295501709 110 295 185 382
face 0.010384529829025269 110 295 185 382
face 0.010249495506286621 110 295 185 382
face 0.010249286890029907 110 295 185 382
face 0.010234355926513672 110 295 185 382
face 0.010200262069702148 110 295 185 382
face 0.010181903839111328 110 295 185 382
face 0.010153740644454956 110 295 185 382
face 0.010045617818832397 110 295 185 382
face 0.010042190551757812 110 295 185 382
face 0.010018795728683472 110 295 185 382
face 0.009984105825424194 110 295 185 382
face 0.009952396154403687 110 295 185 382
face 0.00988095998764038 110 295 185 382
face 0.009856369346380234 110 295 185 382
face 0.009819328784942627 110 295 185 382
face 0.009522855281829834 110 295 185 382
face 0.009482860565185547 110 295 185 382
face 0.00944662094116211 110 295 185 382
face 0.009401291608810425 110 295 185 382
face 0.009349286556243896 110 295 185 382
face 0.009322404861450195 110 295 185 382
face 0.009305626153945923 110 295 185 382
face 0.009265422821044922 110 295 185 382
face 0.009195178747177124 110 295 185 382
face 0.009163051843643188 110 295 185 382
