face 0.7743136286735535 626 81 637 98
face 0.7607710957527161 89 632 127 703
face 0.7465963363647461 476 67 487 86
face 0.7155277729034424 560 79 571 98
face 0.5879254937171936 540 85 551 103
face 0.5158417820930481 683 112 693 127
face 0.4071454107761383 683 112 693 127
face 0.36119651794433594 683 112 693 127
face 0.23024386167526245 683 112 693 127
face 0.16182950139045715 683 112 693 127
face 0.15763503313064575 683 112 693 127
face 0.1462050974369049 683 112 693 127
face 0.08644497394561768 683 112 693 127
face 0.08261623978614807 683 112 693 127
face 0.08000600337982178 683 112 693 127
face 0.07844412326812744 683 112 693 127
face 0.07524126768112183 683 112 693 127
face 0.0743754506111145 683 112 693 127
face 0.06655025482177734 683 112 693 127
face 0.06050887703895569 683 112 693 127
face 0.05862042307853699 683 112 693 127
face 0.05406865477561951 683 112 693 127
face 0.05194908380508423 683 112 693 127
face 0.044741660356521606 683 112 693 127
face 0.041177600622177124 683 112 693 127
face 0.03888675570487976 683 112 693 127
face 0.038299739360809326 683 112 693 127
face 0.03731301426887512 683 112 693 127
face 0.036450713872909546 683 112 693 127
face 0.03590899705886841 683 112 693 127
face 0.03397929668426514 683 112 693 127
face 0.032930344343185425 683 112 693 127
face 0.03257560729980469 683 112 693 127
face 0.03185620903968811 683 112 693 127
face 0.03141096234321594 683 112 693 127
face 0.030481159687042236 683 112 693 127
face 0.030337899923324585 683 112 693 127
face 0.02908971905708313 683 112 693 127
face 0.02904456853866577 683 112 693 127
face 0.028685659170150757 683 112 693 127
face 0.026322990655899048 683 112 693 127
face 0.025825411081314087 683 112 693 127
face 0.025763213634490967 683 112 693 127
face 0.023631542921066284 683 112 693 127
face 0.022332757711410522 683 112 693 127
face 0.02153816819190979 683 112 693 127
face 0.020525991916656494 683 112 693 127
face 0.020495086908340454 683 112 693 127
face 0.020106852054595947 683 112 693 127
face 0.019851386547088623 683 112 693 127
face 0.019766569137573242 683 112 693 127
face 0.019758641719818115 683 112 693 127
face 0.019625186920166016 683 112 693 127
face 0.018949449062347412 683 112 693 127
face 0.01839950680732727 683 112 693 127
face 0.018040478229522705 683 112 693 127
face 0.018025368452072144 683 112 693 127
face 0.01792129874229431 683 112 693 127
face 0.01691150665283203 683 112 693 127
face 0.01653653383255005 683 112 693 127
face 0.016530215740203857 683 112 693 127
face 0.01638251543045044 683 112 693 127
face 0.016369134187698364 683 112 693 127
face 0.016299337148666382 683 112 693 127
face 0.01628473401069641 683 112 693 127
face 0.016222268342971802 683 112 693 127
face 0.016188204288482666 683 112 693 127
face 0.016162246465682983 683 112 693 127
face 0.01589617133140564 683 112 693 127
face 0.01582866907119751 683 112 693 127
face 0.015694856643676758 683 112 693 127
face 0.015602350234985352 683 112 693 127
face 0.015486389398574829 683 112 693 127
face 0.015451580286026001 683 112 693 127
face 0.014971911907196045 683 112 693 127
face 0.014962941408157349 683 112 693 127
face 0.014806181192398071 683 112 693 127
face 0.014794379472732544 683 112 693 127
face 0.014704287052154541 683 112 693 127
face 0.014608800411224365 683 112 693 127
face 0.01430964469909668 683 112 693 127
face 0.014192014932632446 683 112 693 127
face 0.014191418886184692 683 112 693 127
face 0.014126986265182495 683 112 693 127
face 0.014022737741470337 683 112 693 127
face 0.013917475938796997 683 112 693 127
face 0.013724178075790405 683 112 693 127
face 0.01358485221862793 683 112 693 127
face 0.01343199610710144 683 112 693 127
face 0.013395488262176514 683 112 693 127
face 0.013301581144332886 683 112 693 127
face 0.01327657699584961 683 112 693 127
face 0.013235121965408325 683 112 693 127
face 0.013189911842346191 683 112 693 127
face 0.012833982706069946 683 112 693 127
face 0.012603431940078735 683 112 693 127
face 0.01249009370803833 683 112 693 127
face 0.012258142232894897 683 112 693 127
face 0.011932700872421265 683 112 693 127
face 0.011908352375030518 683 112 693 127
