face 0.9368589520454407 270 112 330 211
face 0.772162914276123 566 221 623 287
face 0.6909713745117188 398 124 457 199
face 0.3173285722732544 398 124 457 199
face 0.049875855445861816 398 124 457 199
face 0.019001364707946777 398 124 457 199
face 0.0179482102394104 398 124 457 199
face 0.013817816972732544 398 124 457 199
face 0.013269752264022827 398 124 457 199
face 0.01312759518623352 398 124 457 199
face 0.012248069047927856 398 124 457 199
face 0.01218271255493164 398 124 457 199
face 0.011581361293792725 398 124 457 199
face 0.011201977729797363 398 124 457 199
face 0.010712116956710815 398 124 457 199
face 0.0106983482837677 398 124 457 199
face 0.010500222444534302 398 124 457 199
face 0.009844809770584106 398 124 457 199
face 0.009628504514694214 398 124 457 199
face 0.00949406623840332 398 124 457 199
face 0.009176313877105713 398 124 457 199
face 0.008940726518630981 398 124 457 199
face 0.00890958309173584 398 124 457 199
face 0.008583664894104004 398 124 457 199
face 0.007731109857559204 398 124 457 199
face 0.007277846336364746 398 124 457 199
face 0.007154196500778198 398 124 457 199
face 0.006871163845062256 398 124 457 199
face 0.006674826145172119 398 124 457 199
face 0.006476849317550659 398 124 457 199
face 0.006460279226303101 398 124 457 199
face 0.006365716457366943 398 124 457 199
face 0.0061956048011779785 398 124 457 199
face 0.00613066554069519 398 124 457 199
face 0.005992919206619263 398 124 457 199
face 0.005854189395904541 398 124 457 199
face 0.005652874708175659 398 124 457 199
face 0.005644261837005615 398 124 457 199
face 0.0054801106452941895 398 124 457 199
face 0.005457162857055664 398 124 457 199
face 0.005449622869491577 398 124 457 199
face 0.005394160747528076 398 124 457 199
face 0.005355775356292725 398 124 457 199
face 0.0052034854888916016 398 124 457 199
face 0.005136996507644653 398 124 457 199
face 0.00508609414100647 398 124 457 199
face 0.004960894584655762 398 124 457 199
face 0.004929333925247192 398 124 457 199
face 0.004769802093505859 398 124 457 199
face 0.0047169029712677 398 124 457 199
face 0.0046923160552978516 398 124 457 199
face 0.004666626453399658 398 124 457 199
face 0.004651486873626709 398 124 457 199
face 0.0046478211879730225 398 124 457 199
face 0.004600793123245239 398 124 457 199
face 0.004491746425628662 398 124 457 199
face 0.004465699195861816 398 124 457 199
face 0.004454910755157471 398 124 457 199
face 0.004401504993438721 398 124 457 199
face 0.004330486059188843 398 124 457 199
face 0.0042254626750946045 398 124 457 199
face 0.004201978445053101 398 124 457 199
face 0.004132866859436035 398 124 457 199
face 0.004106193780899048 398 124 457 199
face 0.004098474979400635 398 124 457 199
face 0.004026859998703003 398 124 457 199
face 0.004026830196380615 398 124 457 199
face 0.003966271877288818 398 124 457 199
face 0.0038412809371948242 398 124 457 199
face 0.0037799477577209473 398 124 457 199
face 0.0037724077701568604 398 124 457 199
face 0.0037653446197509766 398 124 457 199
face 0.003741323947906494 398 124 457 199
face 0.0036896467208862305 398 124 457 199
face 0.0036663711071014404 398 124 457 199
face 0.0036614537239074707 398 124 457 199
face 0.003623396158218384 398 124 457 199
face 0.0036111176013946533 398 124 457 199
face 0.0036075711250305176 398 124 457 199
face 0.003533661365509033 398 124 457 199
face 0.0034494400024414062 398 124 457 199
face 0.00343361496925354 398 124 457 199
face 0.0034220218658447266 398 124 457 199
face 0.0033749639987945557 398 124 457 199
face 0.003365039825439453 398 124 457 199
face 0.003356248140335083 398 124 457 199
face 0.0033341646194458008 398 124 457 199
face 0.0033219456672668457 398 124 457 199
face 0.0032924413681030273 398 124 457 199
face 0.003205329179763794 398 124 457 199
face 0.003187626600265503 398 124 457 199
face 0.0031407177448272705 398 124 457 199
face 0.003133535385131836 398 124 457 199
face 0.003091186285018921 398 124 457 199
face 0.0030856728553771973 398 124 457 199
face 0.003072887659072876 398 124 457 199
face 0.0030633211135864258 398 124 457 199
face 0.0029970407485961914 398 124 457 199
face 0.002995431423187256 398 124 457 199
face 0.0029912590980529785 398 124 457 199
