face 0.988284707069397 617 189 638 217
face 0.9830483198165894 297 308 325 346
face 0.9411258101463318 157 302 191 344
face 0.7751714587211609 702 274 722 305
face 0.6246867775917053 778 373 803 403
face 0.5468035936355591 510 237 526 261
face 0.5404766201972961 777 363 802 393
face 0.5279980897903442 650 347 674 379
face 0.49718213081359863 650 347 674 379
face 0.39164113998413086 650 347 674 379
face 0.24380367994308472 650 347 674 379
face 0.2257634401321411 650 347 674 379
face 0.11671802401542664 650 347 674 379
face 0.10077652335166931 650 347 674 379
face 0.08766201138496399 650 347 674 379
face 0.08647885918617249 650 347 674 379
face 0.06726902723312378 650 347 674 379
face 0.06163117289543152 650 347 674 379
face 0.060596972703933716 650 347 674 379
face 0.05865839123725891 650 347 674 379
face 0.05666637420654297 650 347 674 379
face 0.04935210943222046 650 347 674 379
face 0.035806864500045776 650 347 674 379
face 0.0314469039440155 650 347 674 379
face 0.030550837516784668 650 347 674 379
face 0.03041824698448181 650 347 674 379
face 0.02767375111579895 650 347 674 379
face 0.027604371309280396 650 347 674 379
face 0.027164429426193237 650 347 674 379
face 0.026876240968704224 650 347 674 379
face 0.0260830819606781 650 347 674 379
face 0.0258195698261261 650 347 674 379
face 0.025080054998397827 650 347 674 379
face 0.024790793657302856 650 347 674 379
face 0.02307802438735962 650 347 674 379
face 0.02236226201057434 650 347 674 379
face 0.021831244230270386 650 347 674 379
face 0.021689802408218384 650 347 674 379
face 0.02139800786972046 650 347 674 379
face 0.021349698305130005 650 347 674 379
face 0.021307677030563354 650 347 674 379
face 0.02068108320236206 650 347 674 379
face 0.019815921783447266 650 347 674 379
face 0.01979026198387146 650 347 674 379
face 0.019417285919189453 650 347 674 379
face 0.018540024757385254 650 347 674 379
face 0.017559796571731567 650 347 674 379
face 0.017283976078033447 650 347 674 379
face 0.016729742288589478 650 347 674 379
face 0.01656627655029297 650 347 674 379
face 0.01633477210998535 650 347 674 379
face 0.015790075063705444 650 347 674 379
face 0.015551596879959106 650 347 674 379
face 0.015304774045944214 650 347 674 379
face 0.015271276235580444 650 347 674 379
face 0.015006661415100098 650 347 674 379
face 0.014985442161560059 650 347 674 379
face 0.014979392290115356 650 347 674 379
face 0.014277845621109009 650 347 674 379
face 0.013558834791183472 650 347 674 379
face 0.013328462839126587 650 347 674 379
face 0.013204902410507202 650 347 674 379
face 0.012905478477478027 650 347 674 379
face 0.012630671262741089 650 347 674 379
face 0.011755049228668213 650 347 674 379
face 0.011719375848770142 650 347 674 379
face 0.011620879173278809 650 347 674 379
face 0.011094659566879272 650 347 674 379
face 0.010283201932907104 650 347 674 379
face 0.010268837213516235 650 347 674 379
face 0.010224848985671997 650 347 674 379
face 0.010185062885284424 650 347 674 379
face 0.00998234748840332 650 347 674 379
face 0.009889692068099976 650 347 674 379
face 0.009877830743789673 650 347 674 379
face 0.009778469800949097 650 347 674 379
face 0.00969696044921875 650 347 674 379
face 0.009591519832611084 650 347 674 379
face 0.009473949670791626 650 347 674 379
face 0.009247392416000366 650 347 674 379
face 0.009222805500030518 650 347 674 379
face 0.009129911661148071 650 347 674 379
face 0.009090662002563477 650 347 674 379
face 0.009055763483047485 650 347 674 379
face 0.008987635374069214 650 347 674 379
face 0.008904218673706055 650 347 674 379
face 0.008862555027008057 650 347 674 379
face 0.008829087018966675 650 347 674 379
face 0.008732497692108154 650 347 674 379
face 0.008652418851852417 650 347 674 379
face 0.00858357548713684 650 347 674 379
face 0.008312731981277466 650 347 674 379
face 0.008292317390441895 650 347 674 379
face 0.008087903261184692 650 347 674 379
face 0.007512181997299194 650 347 674 379
face 0.007504880428314209 650 347 674 379
face 0.007497906684875488 650 347 674 379
face 0.007462054491043091 650 347 674 379
face 0.007439166307449341 650 347 674 379
face 0.007425367832183838 650 347 674 379
