face 0.8961201310157776 394 226 547 401
face 0.8935965299606323 647 349 790 526
face 0.08789962530136108 647 349 790 526
face 0.04899272322654724 647 349 790 526
face 0.043287962675094604 647 349 790 526
face 0.039157480001449585 647 349 790 526
face 0.02325001358985901 647 349 790 526
face 0.022410601377487183 647 349 790 526
face 0.021075665950775146 647 349 790 526
face 0.018490642309188843 647 349 790 526
face 0.01831871271133423 647 349 790 526
face 0.015681087970733643 647 349 790 526
face 0.015074223279953003 647 349 790 526
face 0.01432541012763977 647 349 790 526
face 0.013348639011383057 647 349 790 526
face 0.012432068586349487 647 349 790 526
face 0.012205153703689575 647 349 790 526
face 0.010980963706970215 647 349 790 526
face 0.010116547346115112 647 349 790 526
face 0.010053157806396484 647 349 790 526
face 0.009530216455459595 647 349 790 526
face 0.009487271308898926 647 349 790 526
face 0.009004920721054077 647 349 790 526
face 0.008704304695129395 647 349 790 526
face 0.008611828088760376 647 349 790 526
face 0.008513063192367554 647 349 790 526
face 0.008224725723266602 647 349 790 526
face 0.007894665002822876 647 349 790 526
face 0.007578253746032715 647 349 790 526
face 0.007407546043395996 647 349 790 526
face 0.00740477442741394 647 349 790 526
face 0.007375150918960571 647 349 790 526
face 0.007213026285171509 647 349 790 526
face 0.007137387990951538 647 349 790 526
face 0.006907761096954346 647 349 790 526
face 0.006798535585403442 647 349 790 526
face 0.006711781024932861 647 349 790 526
face 0.006516247987747192 647 349 790 526
face 0.00640222430229187 647 349 790 526
face 0.006371170282363892 647 349 790 526
face 0.006366252899169922 647 349 790 526
face 0.00628778338432312 647 349 790 526
face 0.006198585033416748 647 349 790 526
face 0.006094634532928467 647 349 790 526
face 0.006088435649871826 647 349 790 526
face 0.006022095680236816 647 349 790 526
face 0.005988210439682007 647 349 790 526
face 0.005976468324661255 647 349 790 526
face 0.005957245826721191 647 349 790 526
face 0.005807161331176758 647 349 790 526
face 0.00575903058052063 647 349 790 526
face 0.005710572004318237 647 349 790 526
face 0.005514085292816162 647 349 790 526
face 0.005506157875061035 647 349 790 526
face 0.0054769814014434814 647 349 790 526
face 0.005455076694488525 647 349 790 526
face 0.005408555269241333 647 349 790 526
face 0.005371958017349243 647 349 790 526
face 0.005326598882675171 647 349 790 526
face 0.005320131778717041 647 349 790 526
face 0.005298435688018799 647 349 790 526
face 0.005218088626861572 647 349 790 526
face 0.0052144527435302734 647 349 790 526
face 0.005206793546676636 647 349 790 526
face 0.005189418792724609 647 349 790 526
face 0.005162268877029419 647 349 790 526
face 0.005086272954940796 647 349 790 526
face 0.005023777484893799 647 349 790 526
face 0.0050016045570373535 647 349 790 526
face 0.004984617233276367 647 349 790 526
face 0.004982739686965942 647 349 790 526
face 0.00497514009475708 647 349 790 526
face 0.004923433065414429 647 349 790 526
face 0.004895210266113281 647 349 790 526
face 0.004892468452453613 647 349 790 526
face 0.004816383123397827 647 349 790 526
face 0.00481414794921875 647 349 790 526
face 0.004805713891983032 647 349 790 526
face 0.0047966837882995605 647 349 790 526
face 0.004783064126968384 647 349 790 526
face 0.004781574010848999 647 349 790 526
face 0.00477755069732666 647 349 790 526
face 0.004746437072753906 647 349 790 526
face 0.004693269729614258 647 349 790 526
face 0.004691332578659058 647 349 790 526
face 0.00466117262840271 647 349 790 526
face 0.004641294479370117 647 349 790 526
face 0.004589468240737915 647 349 790 526
face 0.0045697689056396484 647 349 790 526
face 0.004562646150588989 647 349 790 526
face 0.004562109708786011 647 349 790 526
face 0.0045451819896698 647 349 790 526
face 0.004510015249252319 647 349 790 526
face 0.004509478807449341 647 349 790 526
face 0.0044946372509002686 647 349 790 526
face 0.004484444856643677 647 349 790 526
face 0.004477113485336304 647 349 790 526
face 0.004426002502441406 647 349 790 526
face 0.004414111375808716 647 349 790 526
face 0.004405289888381958 647 349 790 526
