face 0.9267526865005493 658 50 695 97
face 0.5503554940223694 962 178 981 202
face 0.5310845971107483 781 223 810 257
face 0.5235017538070679 563 211 605 241
face 0.4305327534675598 563 211 605 241
face 0.3670854866504669 563 211 605 241
face 0.3347472548484802 563 211 605 241
face 0.3093262314796448 563 211 605 241
face 0.3022584319114685 563 211 605 241
face 0.294666588306427 563 211 605 241
face 0.28261512517929077 563 211 605 241
face 0.2698524594306946 563 211 605 241
face 0.25967350602149963 563 211 605 241
face 0.2588985562324524 563 211 605 241
face 0.24956130981445312 563 211 605 241
face 0.22928902506828308 563 211 605 241
face 0.1908499002456665 563 211 605 241
face 0.17697414755821228 563 211 605 241
face 0.16662999987602234 563 211 605 241
face 0.1643255650997162 563 211 605 241
face 0.15516585111618042 563 211 605 241
face 0.1521005928516388 563 211 605 241
face 0.14299774169921875 563 211 605 241
face 0.14043250679969788 563 211 605 241
face 0.13840535283088684 563 211 605 241
face 0.12902355194091797 563 211 605 241
face 0.12025612592697144 563 211 605 241
face 0.11947974562644958 563 211 605 241
face 0.10766464471817017 563 211 605 241
face 0.10081574320793152 563 211 605 241
face 0.09920558333396912 563 211 605 241
face 0.08947339653968811 563 211 605 241
face 0.08816280961036682 563 211 605 241
face 0.08783656358718872 563 211 605 241
face 0.08742591738700867 563 211 605 241
face 0.08123499155044556 563 211 605 241
face 0.07852509617805481 563 211 605 241
face 0.07647103071212769 563 211 605 241
face 0.07639887928962708 563 211 605 241
face 0.07293665409088135 563 211 605 241
face 0.07009440660476685 563 211 605 241
face 0.06628546118736267 563 211 605 241
face 0.06526303291320801 563 211 605 241
face 0.06450414657592773 563 211 605 241
face 0.06382769346237183 563 211 605 241
face 0.061976343393325806 563 211 605 241
face 0.06136566400527954 563 211 605 241
face 0.06079745292663574 563 211 605 241
face 0.059570908546447754 563 211 605 241
face 0.05578169226646423 563 211 605 241
face 0.05482026934623718 563 211 605 241
face 0.05417737364768982 563 211 605 241
face 0.05410316586494446 563 211 605 241
face 0.05348065495491028 563 211 605 241
face 0.05258053541183472 563 211 605 241
face 0.05089113116264343 563 211 605 241
face 0.05085065960884094 563 211 605 241
face 0.049556463956832886 563 211 605 241
face 0.049276649951934814 563 211 605 241
face 0.0473463237285614 563 211 605 241
face 0.04698953032493591 563 211 605 241
face 0.04674288630485535 563 211 605 241
face 0.04624280333518982 563 211 605 241
face 0.04609993100166321 563 211 605 241
face 0.045760154724121094 563 211 605 241
face 0.04522895812988281 563 211 605 241
face 0.045196354389190674 563 211 605 241
face 0.043914347887039185 563 211 605 241
face 0.04364055395126343 563 211 605 241
face 0.04348704218864441 563 211 605 241
face 0.04275891184806824 563 211 605 241
face 0.04267454147338867 563 211 605 241
face 0.042405515909194946 563 211 605 241
face 0.04106816649436951 563 211 605 241
face 0.040851742029190063 563 211 605 241
face 0.03907099366188049 563 211 605 241
face 0.03862836956977844 563 211 605 241
face 0.03853708505630493 563 211 605 241
face 0.03761160373687744 563 211 605 241
face 0.036438822746276855 563 211 605 241
face 0.036388546228408813 563 211 605 241
face 0.0359799861907959 563 211 605 241
face 0.03379422426223755 563 211 605 241
face 0.03373393416404724 563 211 605 241
face 0.033650606870651245 563 211 605 241
face 0.032719433307647705 563 211 605 241
face 0.032640695571899414 563 211 605 241
face 0.03253856301307678 563 211 605 241
face 0.0321061909198761 563 211 605 241
face 0.03201034665107727 563 211 605 241
face 0.03189399838447571 563 211 605 241
face 0.031500041484832764 563 211 605 241
face 0.031351566314697266 563 211 605 241
face 0.030762553215026855 563 211 605 241
face 0.030583351850509644 563 211 605 241
face 0.030192583799362183 563 211 605 241
face 0.030088871717453003 563 211 605 241
face 0.029549837112426758 563 211 605 241
face 0.029450178146362305 563 211 605 241
face 0.02911737561225891 563 211 605 241
