face 0.8906906843185425 564 416 595 452
face 0.4835177958011627 564 416 595 452
face 0.3766424059867859 564 416 595 452
face 0.2921196520328522 564 416 595 452
face 0.2654727101325989 564 416 595 452
face 0.25297850370407104 564 416 595 452
face 0.25167661905288696 564 416 595 452
face 0.22453516721725464 564 416 595 452
face 0.20255914330482483 564 416 595 452
face 0.16189616918563843 564 416 595 452
face 0.16150224208831787 564 416 595 452
face 0.1513817012310028 564 416 595 452
face 0.12259557843208313 564 416 595 452
face 0.11162140965461731 564 416 595 452
face 0.09846919775009155 564 416 595 452
face 0.09774649143218994 564 416 595 452
face 0.08213180303573608 564 416 595 452
face 0.08040809631347656 564 416 595 452
face 0.07482323050498962 564 416 595 452
face 0.07168149948120117 564 416 595 452
face 0.0687403678894043 564 416 595 452
face 0.06256753206253052 564 416 595 452
face 0.062027186155319214 564 416 595 452
face 0.0568842887878418 564 416 595 452
face 0.042029500007629395 564 416 595 452
face 0.03843879699707031 564 416 595 452
face 0.038151949644088745 564 416 595 452
face 0.037115514278411865 564 416 595 452
face 0.031104087829589844 564 416 595 452
face 0.03098905086517334 564 416 595 452
face 0.030849546194076538 564 416 595 452
face 0.026643216609954834 564 416 595 452
face 0.02610376477241516 564 416 595 452
face 0.02557551860809326 564 416 595 452
face 0.024706214666366577 564 416 595 452
face 0.021818876266479492 564 416 595 452
face 0.0214349627494812 564 416 595 452
face 0.02096804976463318 564 416 595 452
face 0.019637107849121094 564 416 595 452
face 0.01945871114730835 564 416 595 452
face 0.019418984651565552 564 416 595 452
face 0.019012093544006348 564 416 595 452
face 0.01885324716567993 564 416 595 452
face 0.018836140632629395 564 416 595 452
face 0.018699228763580322 564 416 595 452
face 0.01824718713760376 564 416 595 452
face 0.018216967582702637 564 416 595 452
face 0.017680108547210693 564 416 595 452
face 0.01761716604232788 564 416 595 452
face 0.01706695556640625 564 416 595 452
face 0.016964882612228394 564 416 595 452
face 0.016476571559906006 564 416 595 452
face 0.01618054509162903 564 416 595 452
face 0.01537787914276123 564 416 595 452
face 0.0143643319606781 564 416 595 452
face 0.01353907585144043 564 416 595 452
face 0.013419240713119507 564 416 595 452
face 0.012996077537536621 564 416 595 452
face 0.012764722108840942 564 416 595 452
face 0.011682569980621338 564 416 595 452
face 0.011048853397369385 564 416 595 452
face 0.010697662830352783 564 416 595 452
face 0.009751349687576294 564 416 595 452
face 0.009611129760742188 564 416 595 452
face 0.009156078100204468 564 416 595 452
face 0.008758544921875 564 416 595 452
face 0.008730292320251465 564 416 595 452
face 0.008340626955032349 564 416 595 452
face 0.00801849365234375 564 416 595 452
face 0.007974803447723389 564 416 595 452
face 0.007938563823699951 564 416 595 452
face 0.00781586766242981 564 416 595 452
face 0.007780641317367554 564 416 595 452
face 0.007581949234008789 564 416 595 452
face 0.007562816143035889 564 416 595 452
face 0.0075158774852752686 564 416 595 452
face 0.007475107908248901 564 416 595 452
face 0.007316768169403076 564 416 595 452
face 0.007293015718460083 564 416 595 452
face 0.007261842489242554 564 416 595 452
face 0.007162511348724365 564 416 595 452
face 0.007040172815322876 564 416 595 452
face 0.006870925426483154 564 416 595 452
face 0.006850123405456543 564 416 595 452
face 0.006776779890060425 564 416 595 452
face 0.006708621978759766 564 416 595 452
face 0.006463527679443359 564 416 595 452
face 0.006385326385498047 564 416 595 452
face 0.006333380937576294 564 416 595 452
face 0.006238192319869995 564 416 595 452
face 0.006014794111251831 564 416 595 452
face 0.005925893783569336 564 416 595 452
face 0.0058907270431518555 564 416 595 452
face 0.005889832973480225 564 416 595 452
face 0.005671769380569458 564 416 595 452
face 0.005568861961364746 564 416 595 452
face 0.005547136068344116 564 416 595 452
face 0.005261212587356567 564 416 595 452
face 0.005154669284820557 564 416 595 452
face 0.005144894123077393 564 416 595 452
