face 0.706669807434082 194 119 252 241
face 0.1229085624217987 194 119 252 241
face 0.07717067003250122 194 119 252 241
face 0.06697392463684082 194 119 252 241
face 0.0490398108959198 194 119 252 241
face 0.046646058559417725 194 119 252 241
face 0.0440123975276947 194 119 252 241
face 0.036981403827667236 194 119 252 241
face 0.03639599680900574 194 119 252 241
face 0.03083503246307373 194 119 252 241
face 0.02933681011199951 194 119 252 241
face 0.028318434953689575 194 119 252 241
face 0.027167975902557373 194 119 252 241
face 0.025892168283462524 194 119 252 241
face 0.025540828704833984 194 119 252 241
face 0.024737149477005005 194 119 252 241
face 0.020776361227035522 194 119 252 241
face 0.01757645606994629 194 119 252 241
face 0.016811668872833252 194 119 252 241
face 0.01606518030166626 194 119 252 241
face 0.014671951532363892 194 119 252 241
face 0.014066815376281738 194 119 252 241
face 0.01402902603149414 194 119 252 241
face 0.01332700252532959 194 119 252 241
face 0.013158470392227173 194 119 252 241
face 0.01302918791770935 194 119 252 241
face 0.012995094060897827 194 119 252 241
face 0.012609630823135376 194 119 252 241
face 0.012557446956634521 194 119 252 241
face 0.01210203766822815 194 119 252 241
face 0.01184237003326416 194 119 252 241
face 0.011748939752578735 194 119 252 241
face 0.011569619178771973 194 119 252 241
face 0.011536926031112671 194 119 252 241
face 0.011390626430511475 194 119 252 241
face 0.011151909828186035 194 119 252 241
face 0.010716348886489868 194 119 252 241
face 0.01041683554649353 194 119 252 241
face 0.010204434394836426 194 119 252 241
face 0.010144710540771484 194 119 252 241
face 0.00971260666847229 194 119 252 241
face 0.009554147720336914 194 119 252 241
face 0.009448975324630737 194 119 252 241
face 0.009401023387908936 194 119 252 241
face 0.009227216243743896 194 119 252 241
face 0.009218484163284302 194 119 252 241
face 0.009211510419845581 194 119 252 241
face 0.009164750576019287 194 119 252 241
face 0.00908401608467102 194 119 252 241
face 0.00896725058555603 194 119 252 241
face 0.008827149868011475 194 119 252 241
face 0.00868883728981018 194 119 252 241
face 0.008412331342697144 194 119 252 241
face 0.00840294361114502 194 119 252 241
face 0.008317887783050537 194 119 252 241
face 0.008252531290054321 194 119 252 241
face 0.008250713348388672 194 119 252 241
face 0.008147746324539185 194 119 252 241
face 0.008084863424301147 194 119 252 241
face 0.008037745952606201 194 119 252 241
face 0.007872253656387329 194 119 252 241
face 0.007639765739440918 194 119 252 241
face 0.007572829723358154 194 119 252 241
face 0.007347196340560913 194 119 252 241
face 0.007247298955917358 194 119 252 241
face 0.007244080305099487 194 119 252 241
face 0.00724223256111145 194 119 252 241
face 0.0071229636669158936 194 119 252 241
face 0.007104426622390747 194 119 252 241
face 0.007067382335662842 194 119 252 241
face 0.0070254504680633545 194 119 252 241
face 0.007011085748672485 194 119 252 241
face 0.006934076547622681 194 119 252 241
face 0.006920605897903442 194 119 252 241
face 0.006907522678375244 194 119 252 241
face 0.006857156753540039 194 119 252 241
face 0.006806761026382446 194 119 252 241
face 0.006752759218215942 194 119 252 241
face 0.006734311580657959 194 119 252 241
face 0.006625115871429443 194 119 252 241
face 0.00658261775970459 194 119 252 241
face 0.0064817070960998535 194 119 252 241
face 0.006457775831222534 194 119 252 241
face 0.006424665451049805 194 119 252 241
face 0.0064164698123931885 194 119 252 241
face 0.006415635347366333 194 119 252 241
face 0.006415575742721558 194 119 252 241
face 0.006415277719497681 194 119 252 241
face 0.006388872861862183 194 119 252 241
face 0.006354004144668579 194 119 252 241
face 0.006335169076919556 194 119 252 241
face 0.006324082612991333 194 119 252 241
face 0.006307125091552734 194 119 252 241
face 0.006233304738998413 194 119 252 241
face 0.006209522485733032 194 119 252 241
face 0.006194055080413818 194 119 252 241
face 0.0061904191970825195 194 119 252 241
face 0.006147205829620361 194 119 252 241
face 0.006112784147262573 194 119 252 241
face 0.005973726511001587 194 119 252 241
