face 0.9989174604415894 373 425 715 855
face 0.07871991395950317 373 425 715 855
face 0.01688411831855774 373 425 715 855
face 0.009218454360961914 373 425 715 855
face 0.007655292749404907 373 425 715 855
face 0.005565524101257324 373 425 715 855
face 0.00541377067565918 373 425 715 855
face 0.005412667989730835 373 425 715 855
face 0.0050719380378723145 373 425 715 855
face 0.004811495542526245 373 425 715 855
face 0.00480535626411438 373 425 715 855
face 0.004551500082015991 373 425 715 855
face 0.004285156726837158 373 425 715 855
face 0.004266947507858276 373 425 715 855
face 0.0038403868675231934 373 425 715 855
face 0.003758043050765991 373 425 715 855
face 0.003565847873687744 373 425 715 855
face 0.003546804189682007 373 425 715 855
face 0.003474205732345581 373 425 715 855
face 0.003462672233581543 373 425 715 855
face 0.0034429728984832764 373 425 715 855
face 0.003387540578842163 373 425 715 855
face 0.003368288278579712 373 425 715 855
face 0.003244161605834961 373 425 715 855
face 0.0032337307929992676 373 425 715 855
face 0.003201603889465332 373 425 715 855
face 0.0031818151473999023 373 425 715 855
face 0.003178626298904419 373 425 715 855
face 0.0031732022762298584 373 425 715 855
face 0.0030923187732696533 373 425 715 855
face 0.0030761361122131348 373 425 715 855
face 0.0030483603477478027 373 425 715 855
face 0.002983272075653076 373 425 715 855
face 0.002964109182357788 373 425 715 855
face 0.0029601454734802246 373 425 715 855
face 0.0028964877128601074 373 425 715 855
face 0.002800673246383667 373 425 715 855
face 0.0027742385864257812 373 425 715 855
face 0.0027536749839782715 373 425 715 855
face 0.0027457475662231445 373 425 715 855
face 0.002732574939727783 373 425 715 855
face 0.0026099979877471924 373 425 715 855
face 0.0025604665279388428 373 425 715 855
face 0.0025408565998077393 373 425 715 855
face 0.002537935972213745 373 425 715 855
face 0.00248149037361145 373 425 715 855
face 0.0024758577346801758 373 425 715 855
face 0.002443552017211914 373 425 715 855
face 0.0024417638778686523 373 425 715 855
face 0.0024283528327941895 373 425 715 855
face 0.002409219741821289 373 425 715 855
face 0.002404540777206421 373 425 715 855
face 0.0024025142192840576 373 425 715 855
face 0.002391904592514038 373 425 715 855
face 0.0023690462112426758 373 425 715 855
face 0.0023466646671295166 373 425 715 855
face 0.002321481704711914 373 425 715 855
face 0.002314746379852295 373 425 715 855
face 0.0022890567779541016 373 425 715 855
face 0.0022736787796020508 373 425 715 855
face 0.002233445644378662 373 425 715 855
face 0.002217024564743042 373 425 715 855
face 0.0022116005420684814 373 425 715 855
face 0.002199620008468628 373 425 715 855
face 0.0021784603595733643 373 425 715 855
face 0.0021531879901885986 373 425 715 855
face 0.0021356046199798584 373 425 715 855
face 0.0021289288997650146 373 425 715 855
face 0.0021284818649291992 373 425 715 855
face 0.0021250247955322266 373 425 715 855
face 0.0020644664764404297 373 425 715 855
face 0.002059042453765869 373 425 715 855
face 0.0020338892936706543 373 425 715 855
face 0.0020047128200531006 373 425 715 855
face 0.0019869208335876465 373 425 715 855
face 0.001979917287826538 373 425 715 855
face 0.001978665590286255 373 425 715 855
face 0.0019544363021850586 373 425 715 855
face 0.00195235013961792 373 425 715 855
face 0.001944124698638916 373 425 715 855
face 0.0019344985485076904 373 425 715 855
face 0.0019234716892242432 373 425 715 855
face 0.0019149482250213623 373 425 715 855
face 0.0019057095050811768 373 425 715 855
face 0.001904904842376709 373 425 715 855
face 0.0019047558307647705 373 425 715 855
face 0.0018762648105621338 373 425 715 855
face 0.001869291067123413 373 425 715 855
face 0.0018428266048431396 373 425 715 855
face 0.0018218755722045898 373 425 715 855
face 0.0018137693405151367 373 425 715 855
face 0.0018137693405151367 373 425 715 855
face 0.0017990469932556152 373 425 715 855
face 0.0017856955528259277 373 425 715 855
face 0.0017701387405395508 373 425 715 855
face 0.001755058765411377 373 425 715 855
face 0.0017490386962890625 373 425 715 855
face 0.0017483830451965332 373 425 715 855
face 0.001740962266921997 373 425 715 855
face 0.0017397105693817139 373 425 715 855
