face 0.944607138633728 99 115 112 133
face 0.9080824851989746 259 425 267 436
face 0.7206201553344727 200 102 212 118
face 0.6963052749633789 195 428 204 441
face 0.6729913949966431 516 542 525 555
face 0.6274415850639343 367 125 374 134
face 0.6091693639755249 53 124 66 143
face 0.5901517868041992 256 476 267 491
face 0.5900610685348511 424 269 431 278
face 0.5731399059295654 14 743 29 762
face 0.5701472759246826 813 471 822 486
face 0.5524327754974365 17 109 28 126
face 0.5317791104316711 130 536 143 553
face 0.5222357511520386 475 543 485 556
face 0.49634140729904175 475 543 485 556
face 0.48871758580207825 475 543 485 556
face 0.46994519233703613 475 543 485 556
face 0.46382763981819153 475 543 485 556
face 0.45236384868621826 475 543 485 556
face 0.43328630924224854 475 543 485 556
face 0.42338937520980835 475 543 485 556
face 0.41764411330223083 475 543 485 556
face 0.3848298192024231 475 543 485 556
face 0.37430766224861145 475 543 485 556
face 0.3742043375968933 475 543 485 556
face 0.3720186948776245 475 543 485 556
face 0.3634733557701111 475 543 485 556
face 0.3385339677333832 475 543 485 556
face 0.3345632553100586 475 543 485 556
face 0.3335438370704651 475 543 485 556
face 0.33205944299697876 475 543 485 556
face 0.3021501302719116 475 543 485 556
face 0.3017127215862274 475 543 485 556
face 0.2921619415283203 475 543 485 556
face 0.2888716757297516 475 543 485 556
face 0.2851698398590088 475 543 485 556
face 0.28174763917922974 475 543 485 556
face 0.27807003259658813 475 543 485 556
face 0.2671365439891815 475 543 485 556
face 0.2645881175994873 475 543 485 556
face 0.26244056224823 475 543 485 556
face 0.25864875316619873 475 543 485 556
face 0.246667742729187 475 543 485 556
face 0.23774057626724243 475 543 485 556
face 0.2191937267780304 475 543 485 556
face 0.21808335185050964 475 543 485 556
face 0.2047886848449707 475 543 485 556
face 0.20315775275230408 475 543 485 556
face 0.1972702145576477 475 543 485 556
face 0.18484607338905334 475 543 485 556
face 0.1783778965473175 475 543 485 556
face 0.17255103588104248 475 543 485 556
face 0.1698506474494934 475 543 485 556
face 0.16789031028747559 475 543 485 556
face 0.1519506275653839 475 543 485 556
face 0.15116846561431885 475 543 485 556
face 0.14567038416862488 475 543 485 556
face 0.13827773928642273 475 543 485 556
face 0.13589835166931152 475 543 485 556
face 0.12867864966392517 475 543 485 556
face 0.12538030743598938 475 543 485 556
face 0.12286058068275452 475 543 485 556
face 0.11631262302398682 475 543 485 556
face 0.10909414291381836 475 543 485 556
face 0.10545653104782104 475 543 485 556
face 0.10224694013595581 475 543 485 556
face 0.10112988948822021 475 543 485 556
face 0.10109028220176697 475 543 485 556
face 0.09655779600143433 475 543 485 556
face 0.09622946381568909 475 543 485 556
face 0.09587076306343079 475 543 485 556
face 0.085214763879776 475 543 485 556
face 0.08425691723823547 475 543 485 556
face 0.08355340361595154 475 543 485 556
face 0.08299344778060913 475 543 485 556
face 0.08196026086807251 475 543 485 556
face 0.0813596248626709 475 543 485 556
face 0.08064854145050049 475 543 485 556
face 0.07544717192649841 475 543 485 556
face 0.0726461410522461 475 543 485 556
face 0.06904458999633789 475 543 485 556
face 0.06788617372512817 475 543 485 556
face 0.06311184167861938 475 543 485 556
face 0.058061182498931885 475 543 485 556
face 0.057510167360305786 475 543 485 556
face 0.055640190839767456 475 543 485 556
face 0.053850412368774414 475 543 485 556
face 0.05289393663406372 475 543 485 556
face 0.05092418193817139 475 543 485 556
face 0.05049511790275574 475 543 485 556
face 0.049505800008773804 475 543 485 556
face 0.04927337169647217 475 543 485 556
face 0.04854288697242737 475 543 485 556
face 0.04783239960670471 475 543 485 556
face 0.04742377996444702 475 543 485 556
face 0.04671764373779297 475 543 485 556
face 0.04548072814941406 475 543 485 556
face 0.04416048526763916 475 543 485 556
face 0.043136775493621826 475 543 485 556
face 0.0401025116443634 475 543 485 556
