face 0.7563007473945618 760 289 809 344
face 0.1375088393688202 760 289 809 344
face 0.128555566072464 760 289 809 344
face 0.12098550796508789 760 289 809 344
face 0.10781034827232361 760 289 809 344
face 0.10456937551498413 760 289 809 344
face 0.10003077983856201 760 289 809 344
face 0.09158569574356079 760 289 809 344
face 0.07561859488487244 760 289 809 344
face 0.07529795169830322 760 289 809 344
face 0.07505029439926147 760 289 809 344
face 0.07209587097167969 760 289 809 344
face 0.07042881846427917 760 289 809 344
face 0.06738391518592834 760 289 809 344
face 0.06643196940422058 760 289 809 344
face 0.06508973240852356 760 289 809 344
face 0.06422826647758484 760 289 809 344
face 0.06270825862884521 760 289 809 344
face 0.062332868576049805 760 289 809 344
face 0.060710608959198 760 289 809 344
face 0.059887856245040894 760 289 809 344
face 0.055234551429748535 760 289 809 344
face 0.0538964569568634 760 289 809 344
face 0.05375266075134277 760 289 809 344
face 0.05342558026313782 760 289 809 344
face 0.048915207386016846 760 289 809 344
face 0.04831632971763611 760 289 809 344
face 0.044041216373443604 760 289 809 344
face 0.041787296533584595 760 289 809 344
face 0.04171314835548401 760 289 809 344
face 0.04078364372253418 760 289 809 344
face 0.04019045829772949 760 289 809 344
face 0.04006880521774292 760 289 809 344
face 0.0389268696308136 760 289 809 344
face 0.03781592845916748 760 289 809 344
face 0.03727838397026062 760 289 809 344
face 0.037045687437057495 760 289 809 344
face 0.03461599349975586 760 289 809 344
face 0.03426244854927063 760 289 809 344
face 0.03367257118225098 760 289 809 344
face 0.033108294010162354 760 289 809 344
face 0.03185921907424927 760 289 809 344
face 0.031160324811935425 760 289 809 344
face 0.030906230211257935 760 289 809 344
face 0.030723899602890015 760 289 809 344
face 0.030721813440322876 760 289 809 344
face 0.03056633472442627 760 289 809 344
face 0.030481427907943726 760 289 809 344
face 0.030291736125946045 760 289 809 344
face 0.029544055461883545 760 289 809 344
face 0.029031604528427124 760 289 809 344
face 0.02867838740348816 760 289 809 344
face 0.028325051069259644 760 289 809 344
face 0.027471184730529785 760 289 809 344
face 0.02730467915534973 760 289 809 344
face 0.02691042423248291 760 289 809 344
face 0.026488274335861206 760 289 809 344
face 0.02600964903831482 760 289 809 344
face 0.02592608332633972 760 289 809 344
face 0.02511170506477356 760 289 809 344
face 0.02500128746032715 760 289 809 344
face 0.02487465739250183 760 289 809 344
face 0.024859905242919922 760 289 809 344
face 0.024569720029830933 760 289 809 344
face 0.02448752522468567 760 289 809 344
face 0.024181842803955078 760 289 809 344
face 0.023932546377182007 760 289 809 344
face 0.023600369691848755 760 289 809 344
face 0.02350255846977234 760 289 809 344
face 0.0231609046459198 760 289 809 344
face 0.02264586091041565 760 289 809 344
face 0.0221899151802063 760 289 809 344
face 0.021949678659439087 760 289 809 344
face 0.021637916564941406 760 289 809 344
face 0.02151554822921753 760 289 809 344
face 0.021326959133148193 760 289 809 344
face 0.021207600831985474 760 289 809 344
face 0.021091312170028687 760 289 809 344
face 0.020859986543655396 760 289 809 344
face 0.02043294906616211 760 289 809 344
face 0.02034345269203186 760 289 809 344
face 0.019726961851119995 760 289 809 344
face 0.01966002583503723 760 289 809 344
face 0.01939597725868225 760 289 809 344
face 0.019375354051589966 760 289 809 344
face 0.01934221386909485 760 289 809 344
face 0.01908111572265625 760 289 809 344
face 0.019075870513916016 760 289 809 344
face 0.01880607008934021 760 289 809 344
face 0.01864790916442871 760 289 809 344
face 0.018098652362823486 760 289 809 344
face 0.0180203914642334 760 289 809 344
face 0.017887115478515625 760 289 809 344
face 0.01762288808822632 760 289 809 344
face 0.01756647229194641 760 289 809 344
face 0.017488092184066772 760 289 809 344
face 0.017310410737991333 760 289 809 344
face 0.01725652813911438 760 289 809 344
face 0.01704418659210205 760 289 809 344
face 0.016916632652282715 760 289 809 344
