face 0.8968918919563293 487 137 581 279
face 0.009659916162490845 487 137 581 279
face 0.007620781660079956 487 137 581 279
face 0.0074610114097595215 487 137 581 279
face 0.006424427032470703 487 137 581 279
face 0.006034106016159058 487 137 581 279
face 0.005748271942138672 487 137 581 279
face 0.00553971529006958 487 137 581 279
face 0.0052435994148254395 487 137 581 279
face 0.00521087646484375 487 137 581 279
face 0.004949331283569336 487 137 581 279
face 0.004868596792221069 487 137 581 279
face 0.004622399806976318 487 137 581 279
face 0.004587233066558838 487 137 581 279
face 0.004357278347015381 487 137 581 279
face 0.0043298304080963135 487 137 581 279
face 0.004134476184844971 487 137 581 279
face 0.004110097885131836 487 137 581 279
face 0.003994464874267578 487 137 581 279
face 0.003993481397628784 487 137 581 279
face 0.003992706537246704 487 137 581 279
face 0.003816843032836914 487 137 581 279
face 0.0037502646446228027 487 137 581 279
face 0.003703504800796509 487 137 581 279
face 0.0036924779415130615 487 137 581 279
face 0.0036738812923431396 487 137 581 279
face 0.0036344826221466064 487 137 581 279
face 0.00358465313911438 487 137 581 279
face 0.003463834524154663 487 137 581 279
face 0.0034603774547576904 487 137 581 279
face 0.0034543871879577637 487 137 581 279
face 0.0034120678901672363 487 137 581 279
face 0.003398716449737549 487 137 581 279
face 0.0033404529094696045 487 137 581 279
face 0.003316819667816162 487 137 581 279
face 0.003249138593673706 487 137 581 279
face 0.0031722187995910645 487 137 581 279
face 0.003169715404510498 487 137 581 279
face 0.0031600594520568848 487 137 581 279
face 0.0031508803367614746 487 137 581 279
face 0.0030934512615203857 487 137 581 279
face 0.0029807984828948975 487 137 581 279
face 0.002963334321975708 487 137 581 279
face 0.002959698438644409 487 137 581 279
face 0.002946704626083374 487 137 581 279
face 0.002890348434448242 487 137 581 279
face 0.0027943849563598633 487 137 581 279
face 0.002782285213470459 487 137 581 279
face 0.0027801096439361572 487 137 581 279
face 0.0027550160884857178 487 137 581 279
face 0.002733767032623291 487 137 581 279
face 0.002710014581680298 487 137 581 279
face 0.0027064085006713867 487 137 581 279
face 0.002697676420211792 487 137 581 279
face 0.002680540084838867 487 137 581 279
face 0.002675563097000122 487 137 581 279
face 0.0026696324348449707 487 137 581 279
face 0.002617776393890381 487 137 581 279
face 0.0026121437549591064 487 137 581 279
face 0.002591431140899658 487 137 581 279
face 0.0025891363620758057 487 137 581 279
face 0.002553790807723999 487 137 581 279
face 0.0025525689125061035 487 137 581 279
face 0.002523362636566162 487 137 581 279
face 0.0025097429752349854 487 137 581 279
face 0.002505749464035034 487 137 581 279
face 0.0025012195110321045 487 137 581 279
face 0.0024932920932769775 487 137 581 279
face 0.002467125654220581 487 137 581 279
face 0.002466529607772827 487 137 581 279
face 0.002448856830596924 487 137 581 279
face 0.002443939447402954 487 137 581 279
face 0.0024233460426330566 487 137 581 279
face 0.00241696834564209 487 137 581 279
face 0.0024158060550689697 487 137 581 279
face 0.002415001392364502 487 137 581 279
face 0.0024133622646331787 487 137 581 279
face 0.002402186393737793 487 137 581 279
face 0.0023632943630218506 487 137 581 279
face 0.002355813980102539 487 137 581 279
face 0.0023552775382995605 487 137 581 279
face 0.0023412704467773438 487 137 581 279
face 0.002317368984222412 487 137 581 279
face 0.0023168623447418213 487 137 581 279
face 0.0023151636123657227 487 137 581 279
face 0.002311408519744873 487 137 581 279
face 0.0023047327995300293 487 137 581 279
face 0.0022888779640197754 487 137 581 279
face 0.0022839903831481934 487 137 581 279
face 0.0022603273391723633 487 137 581 279
face 0.0022536814212799072 487 137 581 279
face 0.002247542142868042 487 137 581 279
face 0.002230733633041382 487 137 581 279
face 0.0022258758544921875 487 137 581 279
face 0.0021986961364746094 487 137 581 279
face 0.0021897554397583008 487 137 581 279
face 0.00217515230178833 487 137 581 279
face 0.002148360013961792 487 137 581 279
face 0.002146780490875244 487 137 581 279
face 0.002121537923812866 487 137 581 279
