face 0.959358274936676 740 143 761 172
face 0.8884621858596802 688 138 706 163
face 0.7057514190673828 621 174 641 198
face 0.44805872440338135 621 174 641 198
face 0.42966824769973755 621 174 641 198
face 0.33365511894226074 621 174 641 198
face 0.24857589602470398 621 174 641 198
face 0.24002805352210999 621 174 641 198
face 0.19354137778282166 621 174 641 198
face 0.14345994591712952 621 174 641 198
face 0.09065613150596619 621 174 641 198
face 0.08641242980957031 621 174 641 198
face 0.08621257543563843 621 174 641 198
face 0.08066242933273315 621 174 641 198
face 0.07040455937385559 621 174 641 198
face 0.06980308890342712 621 174 641 198
face 0.06966620683670044 621 174 641 198
face 0.0601237416267395 621 174 641 198
face 0.05584716796875 621 174 641 198
face 0.05374348163604736 621 174 641 198
face 0.05073517560958862 621 174 641 198
face 0.04829514026641846 621 174 641 198
face 0.0479663610458374 621 174 641 198
face 0.04581409692764282 621 174 641 198
face 0.0454961359500885 621 174 641 198
face 0.044168293476104736 621 174 641 198
face 0.04392316937446594 621 174 641 198
face 0.0421692430973053 621 174 641 198
face 0.042145729064941406 621 174 641 198
face 0.03968098759651184 621 174 641 198
face 0.03542029857635498 621 174 641 198
face 0.03453734517097473 621 174 641 198
face 0.03147056698799133 621 174 641 198
face 0.02939927577972412 621 174 641 198
face 0.02873823046684265 621 174 641 198
face 0.028313755989074707 621 174 641 198
face 0.028123170137405396 621 174 641 198
face 0.026439517736434937 621 174 641 198
face 0.025014549493789673 621 174 641 198
face 0.024814367294311523 621 174 641 198
face 0.024186521768569946 621 174 641 198
face 0.02338963747024536 621 174 641 198
face 0.023212343454360962 621 174 641 198
face 0.023026764392852783 621 174 641 198
face 0.02269423007965088 621 174 641 198
face 0.02260759472846985 621 174 641 198
face 0.021890610456466675 621 174 641 198
face 0.021722763776779175 621 174 641 198
face 0.021438390016555786 621 174 641 198
face 0.02041614055633545 621 174 641 198
face 0.02026689052581787 621 174 641 198
face 0.01926368474960327 621 174 641 198
face 0.018219202756881714 621 174 641 198
face 0.017830580472946167 621 174 641 198
face 0.017226994037628174 621 174 641 198
face 0.01711973547935486 621 174 641 198
face 0.017009109258651733 621 174 641 198
face 0.016257137060165405 621 174 641 198
face 0.015579640865325928 621 174 641 198
face 0.015292942523956299 621 174 641 198
face 0.014725923538208008 621 174 641 198
face 0.01441425085067749 621 174 641 198
face 0.013927161693572998 621 174 641 198
face 0.013778001070022583 621 174 641 198
face 0.013644397258758545 621 174 641 198
face 0.013263732194900513 621 174 641 198
face 0.012518107891082764 621 174 641 198
face 0.011998176574707031 621 174 641 198
face 0.011949032545089722 621 174 641 198
face 0.011894792318344116 621 174 641 198
face 0.011820465326309204 621 174 641 198
face 0.011530786752700806 621 174 641 198
face 0.010668694972991943 621 174 641 198
face 0.010637015104293823 621 174 641 198
face 0.01046934723854065 621 174 641 198
face 0.010407745838165283 621 174 641 198
face 0.010016262531280518 621 174 641 198
face 0.009720921516418457 621 174 641 198
face 0.009616702795028687 621 174 641 198
face 0.009542524814605713 621 174 641 198
face 0.009353190660476685 621 174 641 198
face 0.00927773118019104 621 174 641 198
face 0.009232789278030396 621 174 641 198
face 0.009188801050186157 621 174 641 198
face 0.00874394178390503 621 174 641 198
face 0.008717060089111328 621 174 641 198
face 0.008689731359481812 621 174 641 198
face 0.008557021617889404 621 174 641 198
face 0.00853678584098816 621 174 641 198
face 0.008501142263412476 621 174 641 198
face 0.008311986923217773 621 174 641 198
face 0.008215993642807007 621 174 641 198
face 0.00800904631614685 621 174 641 198
face 0.00789952278137207 621 174 641 198
face 0.007887929677963257 621 174 641 198
face 0.007720381021499634 621 174 641 198
face 0.007595479488372803 621 174 641 198
face 0.007568269968032837 621 174 641 198
face 0.007500499486923218 621 174 641 198
face 0.007463186979293823 621 174 641 198
