face 0.9860994219779968 335 167 530 361
face 0.0401231050491333 335 167 530 361
face 0.03867611289024353 335 167 530 361
face 0.03193247318267822 335 167 530 361
face 0.025844335556030273 335 167 530 361
face 0.024556666612625122 335 167 530 361
face 0.02401229739189148 335 167 530 361
face 0.02368342876434326 335 167 530 361
face 0.02354833483695984 335 167 530 361
face 0.02331709861755371 335 167 530 361
face 0.02215510606765747 335 167 530 361
face 0.0218503475189209 335 167 530 361
face 0.021796226501464844 335 167 530 361
face 0.0216672420501709 335 167 530 361
face 0.021553248167037964 335 167 530 361
face 0.020973682403564453 335 167 530 361
face 0.01960393786430359 335 167 530 361
face 0.01876780390739441 335 167 530 361
face 0.018590986728668213 335 167 530 361
face 0.01822105050086975 335 167 530 361
face 0.01806536316871643 335 167 530 361
face 0.017275571823120117 335 167 530 361
face 0.017227381467819214 335 167 530 361
face 0.017172783613204956 335 167 530 361
face 0.01706025004386902 335 167 530 361
face 0.016971290111541748 335 167 530 361
face 0.01665496826171875 335 167 530 361
face 0.01651233434677124 335 167 530 361
face 0.0164625346660614 335 167 530 361
face 0.015580713748931885 335 167 530 361
face 0.01549440622329712 335 167 530 361
face 0.014797419309616089 335 167 530 361
face 0.014790594577789307 335 167 530 361
face 0.0147780179977417 335 167 530 361
face 0.014424026012420654 335 167 530 361
face 0.014310121536254883 335 167 530 361
face 0.014155566692352295 335 167 530 361
face 0.014103919267654419 335 167 530 361
face 0.014076441526412964 335 167 530 361
face 0.014037519693374634 335 167 530 361
face 0.014009058475494385 335 167 530 361
face 0.01394382119178772 335 167 530 361
face 0.013709664344787598 335 167 530 361
face 0.013600260019302368 335 167 530 361
face 0.013523519039154053 335 167 530 361
face 0.01347091794013977 335 167 530 361
face 0.013414949178695679 335 167 530 361
face 0.013279855251312256 335 167 530 361
face 0.013197094202041626 335 167 530 361
face 0.013186484575271606 335 167 530 361
face 0.013152211904525757 335 167 530 361
face 0.013088643550872803 335 167 530 361
face 0.013043910264968872 335 167 530 361
face 0.013010770082473755 335 167 530 361
face 0.012942314147949219 335 167 530 361
face 0.012706398963928223 335 167 530 361
face 0.01266169548034668 335 167 530 361
face 0.012657016515731812 335 167 530 361
face 0.012575715780258179 335 167 530 361
face 0.01250368356704712 335 167 530 361
face 0.012395471334457397 335 167 530 361
face 0.012309849262237549 335 167 530 361
face 0.012250393629074097 335 167 530 361
face 0.012246370315551758 335 167 530 361
face 0.011934757232666016 335 167 530 361
face 0.01190716028213501 335 167 530 361
face 0.011878013610839844 335 167 530 361
face 0.011810749769210815 335 167 530 361
face 0.011805623769760132 335 167 530 361
face 0.011802315711975098 335 167 530 361
face 0.011753231287002563 335 167 530 361
face 0.01169005036354065 335 167 530 361
face 0.011643052101135254 335 167 530 361
face 0.011640608310699463 335 167 530 361
face 0.011613667011260986 335 167 530 361
face 0.011571168899536133 335 167 530 361
face 0.011541604995727539 335 167 530 361
face 0.011521995067596436 335 167 530 361
face 0.011487990617752075 335 167 530 361
face 0.011441320180892944 335 167 530 361
face 0.01142650842666626 335 167 530 361
face 0.011402934789657593 335 167 530 361
face 0.011401116847991943 335 167 530 361
face 0.011287301778793335 335 167 530 361
face 0.011213481426239014 335 167 530 361
face 0.011201798915863037 335 167 530 361
face 0.011170387268066406 335 167 530 361
face 0.011165648698806763 335 167 530 361
face 0.01086917519569397 335 167 530 361
face 0.010859787464141846 335 167 530 361
face 0.010595321655273438 335 167 530 361
face 0.01055896282196045 335 167 530 361
face 0.010416746139526367 335 167 530 361
face 0.010396212339401245 335 167 530 361
face 0.01039019227027893 335 167 530 361
face 0.010384619235992432 335 167 530 361
face 0.010354310274124146 335 167 530 361
face 0.010289520025253296 335 167 530 361
face 0.010185480117797852 335 167 530 361
face 0.010064512491226196 335 167 530 361
