face 0.7063126564025879 254 425 270 454
face 0.6075977087020874 654 355 673 384
face 0.44548115134239197 654 355 673 384
face 0.4156893789768219 654 355 673 384
face 0.33385759592056274 654 355 673 384
face 0.33347997069358826 654 355 673 384
face 0.32081592082977295 654 355 673 384
face 0.3130083382129669 654 355 673 384
face 0.2922893762588501 654 355 673 384
face 0.2157396674156189 654 355 673 384
face 0.2115495204925537 654 355 673 384
face 0.21083560585975647 654 355 673 384
face 0.20812806487083435 654 355 673 384
face 0.19746986031532288 654 355 673 384
face 0.19550880789756775 654 355 673 384
face 0.18180647492408752 654 355 673 384
face 0.1761855185031891 654 355 673 384
face 0.1617712378501892 654 355 673 384
face 0.15884435176849365 654 355 673 384
face 0.15182772278785706 654 355 673 384
face 0.14309337735176086 654 355 673 384
face 0.13785237073898315 654 355 673 384
face 0.13296619057655334 654 355 673 384
face 0.12754341959953308 654 355 673 384
face 0.12692639231681824 654 355 673 384
face 0.12083208560943604 654 355 673 384
face 0.11902105808258057 654 355 673 384
face 0.11852112412452698 654 355 673 384
face 0.10831138491630554 654 355 673 384
face 0.10681971907615662 654 355 673 384
face 0.1058073341846466 654 355 673 384
face 0.09688282012939453 654 355 673 384
face 0.09294059872627258 654 355 673 384
face 0.09279018640518188 654 355 673 384
face 0.09033113718032837 654 355 673 384
face 0.08562704920768738 654 355 673 384
face 0.08533960580825806 654 355 673 384
face 0.07928803563117981 654 355 673 384
face 0.0783928632736206 654 355 673 384
face 0.07669439911842346 654 355 673 384
face 0.07642936706542969 654 355 673 384
face 0.07605209946632385 654 355 673 384
face 0.0748744010925293 654 355 673 384
face 0.07475394010543823 654 355 673 384
face 0.07416951656341553 654 355 673 384
face 0.07279396057128906 654 355 673 384
face 0.07233661413192749 654 355 673 384
face 0.0713331401348114 654 355 673 384
face 0.0679880678653717 654 355 673 384
face 0.06693682074546814 654 355 673 384
face 0.06345874071121216 654 355 673 384
face 0.06333446502685547 654 355 673 384
face 0.06277641654014587 654 355 673 384
face 0.06152257323265076 654 355 673 384
face 0.060434579849243164 654 355 673 384
face 0.05834069848060608 654 355 673 384
face 0.0582655668258667 654 355 673 384
face 0.05780258774757385 654 355 673 384
face 0.056883037090301514 654 355 673 384
face 0.05597051978111267 654 355 673 384
face 0.04891267418861389 654 355 673 384
face 0.048232972621917725 654 355 673 384
face 0.047655075788497925 654 355 673 384
face 0.04722195863723755 654 355 673 384
face 0.045171111822128296 654 355 673 384
face 0.04414677619934082 654 355 673 384
face 0.042676180601119995 654 355 673 384
face 0.04093080759048462 654 355 673 384
face 0.04023507237434387 654 355 673 384
face 0.03957173228263855 654 355 673 384
face 0.03869009017944336 654 355 673 384
face 0.03868260979652405 654 355 673 384
face 0.03860178589820862 654 355 673 384
face 0.0384594202041626 654 355 673 384
face 0.037414371967315674 654 355 673 384
face 0.03712648153305054 654 355 673 384
face 0.03704342246055603 654 355 673 384
face 0.036895304918289185 654 355 673 384
face 0.0366915762424469 654 355 673 384
face 0.036046385765075684 654 355 673 384
face 0.03586989641189575 654 355 673 384
face 0.03572329878807068 654 355 673 384
face 0.03559878468513489 654 355 673 384
face 0.03495195508003235 654 355 673 384
face 0.034428954124450684 654 355 673 384
face 0.034398406744003296 654 355 673 384
face 0.0343974232673645 654 355 673 384
face 0.034172117710113525 654 355 673 384
face 0.03411427140235901 654 355 673 384
face 0.03363099694252014 654 355 673 384
face 0.032430499792099 654 355 673 384
face 0.03239399194717407 654 355 673 384
face 0.03218349814414978 654 355 673 384
face 0.03091907501220703 654 355 673 384
face 0.03069719672203064 654 355 673 384
face 0.03008362650871277 654 355 673 384
face 0.02888810634613037 654 355 673 384
face 0.028689414262771606 654 355 673 384
face 0.027249395847320557 654 355 673 384
face 0.026599079370498657 654 355 673 384
