face 0.7283938527107239 356 174 461 327
face 0.08726444840431213 356 174 461 327
face 0.06680306792259216 356 174 461 327
face 0.04671570658683777 356 174 461 327
face 0.042161405086517334 356 174 461 327
face 0.041848570108413696 356 174 461 327
face 0.040347903966903687 356 174 461 327
face 0.03837013244628906 356 174 461 327
face 0.038245439529418945 356 174 461 327
face 0.03705471754074097 356 174 461 327
face 0.03592240810394287 356 174 461 327
face 0.03485599160194397 356 174 461 327
face 0.03270089626312256 356 174 461 327
face 0.03260153532028198 356 174 461 327
face 0.03154867887496948 356 174 461 327
face 0.03066214919090271 356 174 461 327
face 0.030015945434570312 356 174 461 327
face 0.028827011585235596 356 174 461 327
face 0.028780639171600342 356 174 461 327
face 0.02850109338760376 356 174 461 327
face 0.028066307306289673 356 174 461 327
face 0.027978360652923584 356 174 461 327
face 0.02742546796798706 356 174 461 327
face 0.027043431997299194 356 174 461 327
face 0.02646765112876892 356 174 461 327
face 0.026262283325195312 356 174 461 327
face 0.026102084666490555 356 174 461 327
face 0.02599334716796875 356 174 461 327
face 0.025903135538101196 356 174 461 327
face 0.025844961404800415 356 174 461 327
face 0.025187015533447266 356 174 461 327
face 0.024895846843719482 356 174 461 327
face 0.024744689464569092 356 174 461 327
face 0.024695754051208496 356 174 461 327
face 0.024498045444488525 356 174 461 327
face 0.024431437253952026 356 174 461 327
face 0.024288475513458252 356 174 461 327
face 0.023650020360946655 356 174 461 327
face 0.023405104875564575 356 174 461 327
face 0.022945821285247803 356 174 461 327
face 0.022896885871887207 356 174 461 327
face 0.022516876459121704 356 174 461 327
face 0.022237151861190796 356 174 461 327
face 0.022198081016540527 356 174 461 327
face 0.021853208541870117 356 174 461 327
face 0.021670520305633545 356 174 461 327
face 0.021387457847595215 356 174 461 327
face 0.021133065223693848 356 174 461 327
face 0.020983487367630005 356 174 461 327
face 0.020901143550872803 356 174 461 327
face 0.02074730396270752 356 174 461 327
face 0.020718783140182495 356 174 461 327
face 0.020684421062469482 356 174 461 327
face 0.020237237215042114 356 174 461 327
face 0.01980498433113098 356 174 461 327
face 0.019750118255615234 356 174 461 327
face 0.019661009311676025 356 174 461 327
face 0.019193589687347412 356 174 461 327
face 0.019123941659927368 356 174 461 327
face 0.018545925617218018 356 174 461 327
face 0.018463134765625 356 174 461 327
face 0.018193155527114868 356 174 461 327
face 0.018163949251174927 356 174 461 327
face 0.017949610948562622 356 174 461 327
face 0.017942190170288086 356 174 461 327
face 0.017696350812911987 356 174 461 327
face 0.017630428075790405 356 174 461 327
face 0.017430752515792847 356 174 461 327
face 0.01732763648033142 356 174 461 327
face 0.017248451709747314 356 174 461 327
face 0.0172460675239563 356 174 461 327
face 0.01721930503845215 356 174 461 327
face 0.017159968614578247 356 174 461 327
face 0.017144888639450073 356 174 461 327
face 0.01701536774635315 356 174 461 327
face 0.016810506582260132 356 174 461 327
face 0.016621917486190796 356 174 461 327
face 0.016552448272705078 356 174 461 327
face 0.016508400440216064 356 174 461 327
face 0.016374289989471436 356 174 461 327
face 0.01629003882408142 356 174 461 327
face 0.016284465789794922 356 174 461 327
face 0.01625707745552063 356 174 461 327
face 0.01624312996864319 356 174 461 327
face 0.01613214612007141 356 174 461 327
face 0.015854686498641968 356 174 461 327
face 0.01576104760169983 356 174 461 327
face 0.015744000673294067 356 174 461 327
face 0.01564285159111023 356 174 461 327
face 0.01563030481338501 356 174 461 327
face 0.015598058700561523 356 174 461 327
face 0.015597641468048096 356 174 461 327
face 0.015503644943237305 356 174 461 327
face 0.015475422143936157 356 174 461 327
face 0.015417546033859253 356 174 461 327
face 0.01535487174987793 356 174 461 327
face 0.015159130096435547 356 174 461 327
face 0.015114426612854004 356 174 461 327
face 0.015094101428985596 356 174 461 327
face 0.015075504779815674 356 174 461 327
