face 0.9946969151496887 830 361 909 481
face 0.9606730341911316 621 284 704 407
face 0.7341229319572449 346 232 517 441
face 0.6737655401229858 217 273 300 377
face 0.5269767045974731 757 353 823 441
face 0.44492870569229126 757 353 823 441
face 0.21312296390533447 757 353 823 441
face 0.1668180227279663 757 353 823 441
face 0.09330180287361145 757 353 823 441
face 0.047522664070129395 757 353 823 441
face 0.04191973805427551 757 353 823 441
face 0.03586128354072571 757 353 823 441
face 0.029269486665725708 757 353 823 441
face 0.024690896272659302 757 353 823 441
face 0.022688478231430054 757 353 823 441
face 0.021444231271743774 757 353 823 441
face 0.021253138780593872 757 353 823 441
face 0.02111661434173584 757 353 823 441
face 0.02088308334350586 757 353 823 441
face 0.019816696643829346 757 353 823 441
face 0.019805908203125 757 353 823 441
face 0.019139140844345093 757 353 823 441
face 0.018121659755706787 757 353 823 441
face 0.017554432153701782 757 353 823 441
face 0.017518341541290283 757 353 823 441
face 0.017475098371505737 757 353 823 441
face 0.017177045345306396 757 353 823 441
face 0.01651179790496826 757 353 823 441
face 0.016201168298721313 757 353 823 441
face 0.015915244817733765 757 353 823 441
face 0.015889734029769897 757 353 823 441
face 0.01528233289718628 757 353 823 441
face 0.014528602361679077 757 353 823 441
face 0.014523327350616455 757 353 823 441
face 0.014312207698822021 757 353 823 441
face 0.014051109552383423 757 353 823 441
face 0.0140438973903656 757 353 823 441
face 0.013609230518341064 757 353 823 441
face 0.013491034507751465 757 353 823 441
face 0.01346123218536377 757 353 823 441
face 0.013392806053161621 757 353 823 441
face 0.013351023197174072 757 353 823 441
face 0.013278722763061523 757 353 823 441
face 0.012635022401809692 757 353 823 441
face 0.012626022100448608 757 353 823 441
face 0.012045592069625854 757 353 823 441
face 0.011820822954177856 757 353 823 441
face 0.011785179376602173 757 353 823 441
face 0.011780202388763428 757 353 823 441
face 0.011591285467147827 757 353 823 441
face 0.011588364839553833 757 353 823 441
face 0.011397123336791992 757 353 823 441
face 0.011187553405761719 757 353 823 441
face 0.010998725891113281 757 353 823 441
face 0.010986238718032837 757 353 823 441
face 0.010949879884719849 757 353 823 441
face 0.010221868753433228 757 353 823 441
face 0.010099470615386963 757 353 823 441
face 0.009931206703186035 757 353 823 441
face 0.009908080101013184 757 353 823 441
face 0.00966760516166687 757 353 823 441
face 0.009612679481506348 757 353 823 441
face 0.009445756673812866 757 353 823 441
face 0.009358495473861694 757 353 823 441
face 0.009343147277832031 757 353 823 441
face 0.00929272174835205 757 353 823 441
face 0.009215742349624634 757 353 823 441
face 0.009147077798843384 757 353 823 441
face 0.009032100439071655 757 353 823 441
face 0.008989214897155762 757 353 823 441
face 0.008602708578109741 757 353 823 441
face 0.00857284665107727 757 353 823 441
face 0.008543729782104492 757 353 823 441
face 0.00838381052017212 757 353 823 441
face 0.008348912000656128 757 353 823 441
face 0.008275210857391357 757 353 823 441
face 0.008054524660110474 757 353 823 441
face 0.008030414581298828 757 353 823 441
face 0.007994115352630615 757 353 823 441
face 0.007942765951156616 757 353 823 441
face 0.007921993732452393 757 353 823 441
face 0.0077613890171051025 757 353 823 441
face 0.007739901542663574 757 353 823 441
face 0.007730603218078613 757 353 823 441
face 0.007663637399673462 757 353 823 441
face 0.007467001676559448 757 353 823 441
face 0.0072761476039886475 757 353 823 441
face 0.0072133541107177734 757 353 823 441
face 0.007107049226760864 757 353 823 441
face 0.007089048624038696 757 353 823 441
face 0.006941556930541992 757 353 823 441
face 0.006914049386978149 757 353 823 441
face 0.006788671016693115 757 353 823 441
face 0.006786465644836426 757 353 823 441
face 0.006741076707839966 757 353 823 441
face 0.006588965654373169 757 353 823 441
face 0.006582736968994141 757 353 823 441
face 0.006530433893203735 757 353 823 441
face 0.006509125232696533 757 353 823 441
face 0.00649222731590271 757 353 823 441
