face 0.9906682968139648 595 237 655 300
face 0.9648046493530273 17 279 49 318
face 0.9363097548484802 124 334 142 356
face 0.7613937854766846 169 308 191 333
face 0.7096610069274902 265 270 289 299
face 0.6669352054595947 497 231 550 293
face 0.6528215408325195 917 344 925 358
face 0.5270498394966125 948 346 957 361
face 0.34978437423706055 948 346 957 361
face 0.31421834230422974 948 346 957 361
face 0.30524957180023193 948 346 957 361
face 0.29277247190475464 948 346 957 361
face 0.20440906286239624 948 346 957 361
face 0.14145001769065857 948 346 957 361
face 0.11174792051315308 948 346 957 361
face 0.11104011535644531 948 346 957 361
face 0.10105344653129578 948 346 957 361
face 0.0998879075050354 948 346 957 361
face 0.08047497272491455 948 346 957 361
face 0.07542762160301208 948 346 957 361
face 0.0707169771194458 948 346 957 361
face 0.0621890127658844 948 346 957 361
face 0.061306536197662354 948 346 957 361
face 0.06122675538063049 948 346 957 361
face 0.06118771433830261 948 346 957 361
face 0.05633264780044556 948 346 957 361
face 0.05469095706939697 948 346 957 361
face 0.05303105711936951 948 346 957 361
face 0.051366716623306274 948 346 957 361
face 0.05111071467399597 948 346 957 361
face 0.04632869362831116 948 346 957 361
face 0.04478052258491516 948 346 957 361
face 0.041866153478622437 948 346 957 361
face 0.0408557653427124 948 346 957 361
face 0.040411293506622314 948 346 957 361
face 0.03965768218040466 948 346 957 361
face 0.03752806782722473 948 346 957 361
face 0.037178754806518555 948 346 957 361
face 0.03666141629219055 948 346 957 361
face 0.03428882360458374 948 346 957 361
face 0.03120836615562439 948 346 957 361
face 0.030102163553237915 948 346 957 361
face 0.030022621154785156 948 346 957 361
face 0.029855668544769287 948 346 957 361
face 0.028460711240768433 948 346 957 361
face 0.027994126081466675 948 346 957 361
face 0.027440577745437622 948 346 957 361
face 0.02715882658958435 948 346 957 361
face 0.024480700492858887 948 346 957 361
face 0.024244695901870728 948 346 957 361
face 0.02367296814918518 948 346 957 361
face 0.023241758346557617 948 346 957 361
face 0.02306535840034485 948 346 957 361
face 0.022505193948745728 948 346 957 361
face 0.0221576988697052 948 346 957 361
face 0.022103458642959595 948 346 957 361
face 0.022048085927963257 948 346 957 361
face 0.02194446325302124 948 346 957 361
face 0.01868852972984314 948 346 957 361
face 0.018681049346923828 948 346 957 361
face 0.01865425705909729 948 346 957 361
face 0.018193304538726807 948 346 957 361
face 0.017947793006896973 948 346 957 361
face 0.01698663830757141 948 346 957 361
face 0.01583823561668396 948 346 957 361
face 0.0154818594455719 948 346 957 361
face 0.014908790588378906 948 346 957 361
face 0.01488804817199707 948 346 957 361
face 0.014721810817718506 948 346 957 361
face 0.014120429754257202 948 346 957 361
face 0.012931615114212036 948 346 957 361
face 0.012876808643341064 948 346 957 361
face 0.012779444456100464 948 346 957 361
face 0.012701064348220825 948 346 957 361
face 0.012660235166549683 948 346 957 361
face 0.012587040662765503 948 346 957 361
face 0.012456178665161133 948 346 957 361
face 0.012454956769943237 948 346 957 361
face 0.012422621250152588 948 346 957 361
face 0.012221872806549072 948 346 957 361
face 0.012166768312454224 948 346 957 361
face 0.012134760618209839 948 346 957 361
face 0.012109190225601196 948 346 957 361
face 0.012022048234939575 948 346 957 361
face 0.011976391077041626 948 346 957 361
face 0.011841356754302979 948 346 957 361
face 0.01071140170097351 948 346 957 361
face 0.010455727577209473 948 346 957 361
face 0.010243773460388184 948 346 957 361
face 0.010040581226348877 948 346 957 361
face 0.010007023811340332 948 346 957 361
face 0.009791702032089233 948 346 957 361
face 0.009550690650939941 948 346 957 361
face 0.009538263082504272 948 346 957 361
face 0.009520143270492554 948 346 957 361
face 0.00950285792350769 948 346 957 361
face 0.009491920471191406 948 346 957 361
face 0.009227544069290161 948 346 957 361
face 0.009133398532867432 948 346 957 361
face 0.009111285209655762 948 346 957 361
