face 0.6860853433609009 156 709 254 806
face 0.6198568344116211 455 664 536 745
face 0.42163369059562683 455 664 536 745
face 0.34498852491378784 455 664 536 745
face 0.33190494775772095 455 664 536 745
face 0.17014381289482117 455 664 536 745
face 0.1558663547039032 455 664 536 745
face 0.11198943853378296 455 664 536 745
face 0.079245924949646 455 664 536 745
face 0.07680028676986694 455 664 536 745
face 0.07500985264778137 455 664 536 745
face 0.07169550657272339 455 664 536 745
face 0.07054877281188965 455 664 536 745
face 0.06842124462127686 455 664 536 745
face 0.0605756938457489 455 664 536 745
face 0.045262932777404785 455 664 536 745
face 0.04055759310722351 455 664 536 745
face 0.0332026481628418 455 664 536 745
face 0.030952155590057373 455 664 536 745
face 0.029790639877319336 455 664 536 745
face 0.029388904571533203 455 664 536 745
face 0.029136449098587036 455 664 536 745
face 0.02817511558532715 455 664 536 745
face 0.02772560715675354 455 664 536 745
face 0.02726691961288452 455 664 536 745
face 0.025169461965560913 455 664 536 745
face 0.02138933539390564 455 664 536 745
face 0.02061063051223755 455 664 536 745
face 0.02052783966064453 455 664 536 745
face 0.02034619450569153 455 664 536 745
face 0.019675850868225098 455 664 536 745
face 0.01960703730583191 455 664 536 745
face 0.018488645553588867 455 664 536 745
face 0.017996788024902344 455 664 536 745
face 0.017645180225372314 455 664 536 745
face 0.017569005489349365 455 664 536 745
face 0.017364084720611572 455 664 536 745
face 0.016959846019744873 455 664 536 745
face 0.016306400299072266 455 664 536 745
face 0.016005873680114746 455 664 536 745
face 0.015468180179595947 455 664 536 745
face 0.015272468328475952 455 664 536 745
face 0.014517724514007568 455 664 536 745
face 0.013961583375930786 455 664 536 745
face 0.013262540102005005 455 664 536 745
face 0.012352705001831055 455 664 536 745
face 0.012343645095825195 455 664 536 745
face 0.01228746771812439 455 664 536 745
face 0.012107878923416138 455 664 536 745
face 0.011924296617507935 455 664 536 745
face 0.011521369218826294 455 664 536 745
face 0.01142856478691101 455 664 536 745
face 0.011127650737762451 455 664 536 745
face 0.010958731174468994 455 664 536 745
face 0.010869383811950684 455 664 536 745
face 0.010451406240463257 455 664 536 745
face 0.010365128517150879 455 664 536 745
face 0.010005831718444824 455 664 536 745
face 0.009772896766662598 455 664 536 745
face 0.009770035743713379 455 664 536 745
face 0.009540796279907227 455 664 536 745
face 0.009396255016326904 455 664 536 745
face 0.009167015552520752 455 664 536 745
face 0.009095460176467896 455 664 536 745
face 0.008785843849182129 455 664 536 745
face 0.008752495050430298 455 664 536 745
face 0.00874626636505127 455 664 536 745
face 0.008524596691131592 455 664 536 745
face 0.00845789909362793 455 664 536 745
face 0.008359253406524658 455 664 536 745
face 0.00831112265586853 455 664 536 745
face 0.008279353380203247 455 664 536 745
face 0.008178949356079102 455 664 536 745
face 0.008163750171661377 455 664 536 745
face 0.008106529712677002 455 664 536 745
face 0.008080393075942993 455 664 536 745
face 0.008026957511901855 455 664 536 745
face 0.007978260517120361 455 664 536 745
face 0.00794219970703125 455 664 536 745
face 0.007940232753753662 455 664 536 745
face 0.007900059223175049 455 664 536 745
face 0.007779479026794434 455 664 536 745
face 0.007707446813583374 455 664 536 745
face 0.007703840732574463 455 664 536 745
face 0.007663220167160034 455 664 536 745
face 0.007621854543685913 455 664 536 745
face 0.007543742656707764 455 664 536 745
face 0.00749167799949646 455 664 536 745
face 0.007441669702529907 455 664 536 745
face 0.007419943809509277 455 664 536 745
face 0.007285863161087036 455 664 536 745
face 0.007252395153045654 455 664 536 745
face 0.00723990797996521 455 664 536 745
face 0.00720939040184021 455 664 536 745
face 0.007160753011703491 455 664 536 745
face 0.0070806145668029785 455 664 536 745
face 0.007077932357788086 455 664 536 745
face 0.0070040225982666016 455 664 536 745
face 0.00677037239074707 455 664 536 745
face 0.006699740886688232 455 664 536 745
