face 0.9163865447044373 316 147 369 228
face 0.6125690937042236 715 194 742 219
face 0.3959096670150757 715 194 742 219
face 0.03543102741241455 715 194 742 219
face 0.021450340747833252 715 194 742 219
face 0.021127045154571533 715 194 742 219
face 0.01943916082382202 715 194 742 219
face 0.016386687755584717 715 194 742 219
face 0.015596151351928711 715 194 742 219
face 0.011702477931976318 715 194 742 219
face 0.010602325201034546 715 194 742 219
face 0.010583430528640747 715 194 742 219
face 0.009864658117294312 715 194 742 219
face 0.00971132516860962 715 194 742 219
face 0.009641796350479126 715 194 742 219
face 0.00785815715789795 715 194 742 219
face 0.0074006617069244385 715 194 742 219
face 0.007216304540634155 715 194 742 219
face 0.00673636794090271 715 194 742 219
face 0.006484270095825195 715 194 742 219
face 0.006404668092727661 715 194 742 219
face 0.006378680467605591 715 194 742 219
face 0.006314724683761597 715 194 742 219
face 0.0055265724658966064 715 194 742 219
face 0.0051243603229522705 715 194 742 219
face 0.00490260124206543 715 194 742 219
face 0.0047924816608428955 715 194 742 219
face 0.004710972309112549 715 194 742 219
face 0.00461992621421814 715 194 742 219
face 0.004035055637359619 715 194 742 219
face 0.003926098346710205 715 194 742 219
face 0.0038405954837799072 715 194 742 219
face 0.0038091838359832764 715 194 742 219
face 0.0037320852279663086 715 194 742 219
face 0.003344893455505371 715 194 742 219
face 0.0033152997493743896 715 194 742 219
face 0.0032941997051239014 715 194 742 219
face 0.003190279006958008 715 194 742 219
face 0.0031900405883789062 715 194 742 219
face 0.003131777048110962 715 194 742 219
face 0.0031259655952453613 715 194 742 219
face 0.0030906498432159424 715 194 742 219
face 0.0030637383460998535 715 194 742 219
face 0.0030585825443267822 715 194 742 219
face 0.003008514642715454 715 194 742 219
face 0.0028804540634155273 715 194 742 219
face 0.0028607845306396484 715 194 742 219
face 0.0028566718101501465 715 194 742 219
face 0.0028440356254577637 715 194 742 219
face 0.0028433501720428467 715 194 742 219
face 0.0028382837772369385 715 194 742 219
face 0.002792149782180786 715 194 742 219
face 0.0027897655963897705 715 194 742 219
face 0.0027652084827423096 715 194 742 219
face 0.0026310980319976807 715 194 742 219
face 0.0025778114795684814 715 194 742 219
face 0.0025008320808410645 715 194 742 219
face 0.002490520477294922 715 194 742 219
face 0.0024392008781433105 715 194 742 219
face 0.0024217069149017334 715 194 742 219
face 0.002377450466156006 715 194 742 219
face 0.002330601215362549 715 194 742 219
face 0.002309650182723999 715 194 742 219
face 0.002287924289703369 715 194 742 219
face 0.0021945536136627197 715 194 742 219
face 0.0021898746490478516 715 194 742 219
face 0.0021667778491973877 715 194 742 219
face 0.002160578966140747 715 194 742 219
face 0.002152353525161743 715 194 742 219
face 0.0021467506885528564 715 194 742 219
face 0.0021261274814605713 715 194 742 219
face 0.002125173807144165 715 194 742 219
face 0.002123117446899414 715 194 742 219
face 0.00212252140045166 715 194 742 219
face 0.002082139253616333 715 194 742 219
face 0.0020672380924224854 715 194 742 219
face 0.002064317464828491 715 194 742 219
face 0.0020582973957061768 715 194 742 219
face 0.0020537078380584717 715 194 742 219
face 0.002041161060333252 715 194 742 219
face 0.001995563507080078 715 194 742 219
face 0.0019944310188293457 715 194 742 219
face 0.0019795000553131104 715 194 742 219
face 0.0019683837890625 715 194 742 219
face 0.001955360174179077 715 194 742 219
face 0.0019502341747283936 715 194 742 219
face 0.0019412040710449219 715 194 742 219
face 0.0019269585609436035 715 194 742 219
face 0.0019197463989257812 715 194 742 219
face 0.0019158720970153809 715 194 742 219
face 0.0018813908100128174 715 194 742 219
face 0.0018782615661621094 715 194 742 219
face 0.0018505454063415527 715 194 742 219
face 0.001830458641052246 715 194 742 219
face 0.001827836036682129 715 194 742 219
face 0.0018129348754882812 715 194 742 219
face 0.001751244068145752 715 194 742 219
face 0.0017358660697937012 715 194 742 219
face 0.001719146966934204 715 194 742 219
face 0.0017176568508148193 715 194 742 219
