face 0.9362077713012695 288 165 315 197
face 0.7575054168701172 457 205 476 229
face 0.6506492495536804 553 272 584 307
face 0.6463990211486816 143 109 165 140
face 0.6202113032341003 214 152 242 190
face 0.4900175631046295 214 152 242 190
face 0.36293405294418335 214 152 242 190
face 0.36098670959472656 214 152 242 190
face 0.3414669632911682 214 152 242 190
face 0.29751473665237427 214 152 242 190
face 0.287497341632843 214 152 242 190
face 0.2594073414802551 214 152 242 190
face 0.2566688060760498 214 152 242 190
face 0.23727747797966003 214 152 242 190
face 0.1761108636856079 214 152 242 190
face 0.1659708321094513 214 152 242 190
face 0.16287297010421753 214 152 242 190
face 0.13310086727142334 214 152 242 190
face 0.12008798122406006 214 152 242 190
face 0.1155596375465393 214 152 242 190
face 0.11013412475585938 214 152 242 190
face 0.10619184374809265 214 152 242 190
face 0.09623083472251892 214 152 242 190
face 0.09495937824249268 214 152 242 190
face 0.08765986561775208 214 152 242 190
face 0.08562344312667847 214 152 242 190
face 0.08414152264595032 214 152 242 190
face 0.08375823497772217 214 152 242 190
face 0.08094808459281921 214 152 242 190
face 0.07837489247322083 214 152 242 190
face 0.06593602895736694 214 152 242 190
face 0.06116896867752075 214 152 242 190
face 0.05677390098571777 214 152 242 190
face 0.056659549474716187 214 152 242 190
face 0.0559866726398468 214 152 242 190
face 0.055260151624679565 214 152 242 190
face 0.05498015880584717 214 152 242 190
face 0.052390843629837036 214 152 242 190
face 0.051846832036972046 214 152 242 190
face 0.05140984058380127 214 152 242 190
face 0.04834342002868652 214 152 242 190
face 0.0463087260723114 214 152 242 190
face 0.045156002044677734 214 152 242 190
face 0.04331010580062866 214 152 242 190
face 0.042517125606536865 214 152 242 190
face 0.040605247020721436 214 152 242 190
face 0.03597673773765564 214 152 242 190
face 0.035955190658569336 214 152 242 190
face 0.03581085801124573 214 152 242 190
face 0.034420162439346313 214 152 242 190
face 0.03335505723953247 214 152 242 190
face 0.032404422760009766 214 152 242 190
face 0.031081318855285645 214 152 242 190
face 0.029946506023406982 214 152 242 190
face 0.02827286720275879 214 152 242 190
face 0.027569442987442017 214 152 242 190
face 0.027417659759521484 214 152 242 190
face 0.026971757411956787 214 152 242 190
face 0.026916176080703735 214 152 242 190
face 0.026272714138031006 214 152 242 190
face 0.02587902545928955 214 152 242 190
face 0.02565661072731018 214 152 242 190
face 0.025413095951080322 214 152 242 190
face 0.02377644181251526 214 152 242 190
face 0.02008765935897827 214 152 242 190
face 0.01744750142097473 214 152 242 190
face 0.01720559597015381 214 152 242 190
face 0.01371505856513977 214 152 242 190
face 0.013652533292770386 214 152 242 190
face 0.013608813285827637 214 152 242 190
face 0.013557910919189453 214 152 242 190
face 0.013543576002120972 214 152 242 190
face 0.013255983591079712 214 152 242 190
face 0.013214081525802612 214 152 242 190
face 0.012509018182754517 214 152 242 190
face 0.012339144945144653 214 152 242 190
face 0.011993050575256348 214 152 242 190
face 0.011950761079788208 214 152 242 190
face 0.011481285095214844 214 152 242 190
face 0.011027157306671143 214 152 242 190
face 0.011003643274307251 214 152 242 190
face 0.010861963033676147 214 152 242 190
face 0.01078292727470398 214 152 242 190
face 0.010723292827606201 214 152 242 190
face 0.01052507758140564 214 152 242 190
face 0.010493427515029907 214 152 242 190
face 0.009957939386367798 214 152 242 190
face 0.009723454713821411 214 152 242 190
face 0.008751600980758667 214 152 242 190
face 0.008648902177810669 214 152 242 190
face 0.008646875619888306 214 152 242 190
face 0.008589386940002441 214 152 242 190
face 0.008419126272201538 214 152 242 190
face 0.008413702249526978 214 152 242 190
face 0.008256405591964722 214 152 242 190
face 0.008157223463058472 214 152 242 190
face 0.00799405574798584 214 152 242 190
face 0.00794970989227295 214 152 242 190
face 0.007881641387939453 214 152 242 190
face 0.007720679044723511 214 152 242 190
