face 0.994230329990387 172 319 203 357
face 0.9436681270599365 860 297 893 338
face 0.9073876738548279 398 302 430 340
face 0.837737500667572 738 322 773 362
face 0.8195981979370117 85 317 109 356
face 0.7653582096099854 468 301 501 338
face 0.7471779584884644 603 304 650 347
face 0.7375450134277344 296 314 324 354
face 0.6992935538291931 484 295 521 335
face 0.5320605039596558 595 311 644 355
face 0.5182182192802429 18 327 34 352
face 0.4844077527523041 18 327 34 352
face 0.36789050698280334 18 327 34 352
face 0.3373942971229553 18 327 34 352
face 0.27210670709609985 18 327 34 352
face 0.174402117729187 18 327 34 352
face 0.15396925806999207 18 327 34 352
face 0.14562562108039856 18 327 34 352
face 0.1326155662536621 18 327 34 352
face 0.0847846269607544 18 327 34 352
face 0.07101786136627197 18 327 34 352
face 0.06846362352371216 18 327 34 352
face 0.05822956562042236 18 327 34 352
face 0.05463966727256775 18 327 34 352
face 0.051586270332336426 18 327 34 352
face 0.050902754068374634 18 327 34 352
face 0.03763222694396973 18 327 34 352
face 0.035823285579681396 18 327 34 352
face 0.03328573703765869 18 327 34 352
face 0.03265455365180969 18 327 34 352
face 0.029833108186721802 18 327 34 352
face 0.02945268154144287 18 327 34 352
face 0.02750009298324585 18 327 34 352
face 0.026580721139907837 18 327 34 352
face 0.02339780330657959 18 327 34 352
face 0.022873640060424805 18 327 34 352
face 0.01966068148612976 18 327 34 352
face 0.015832334756851196 18 327 34 352
face 0.015116989612579346 18 327 34 352
face 0.014765799045562744 18 327 34 352
face 0.01413184404373169 18 327 34 352
face 0.013840347528457642 18 327 34 352
face 0.011741101741790771 18 327 34 352
face 0.011577576398849487 18 327 34 352
face 0.011434972286224365 18 327 34 352
face 0.011041045188903809 18 327 34 352
face 0.010726362466812134 18 327 34 352
face 0.010466009378433228 18 327 34 352
face 0.01037973165512085 18 327 34 352
face 0.009149372577667236 18 327 34 352
face 0.008859515190124512 18 327 34 352
face 0.008727997541427612 18 327 34 352
face 0.008550107479095459 18 327 34 352
face 0.00830414891242981 18 327 34 352
face 0.00828137993812561 18 327 34 352
face 0.008148252964019775 18 327 34 352
face 0.007335156202316284 18 327 34 352
face 0.0071968138217926025 18 327 34 352
face 0.007088363170623779 18 327 34 352
face 0.007085353136062622 18 327 34 352
face 0.007034569978713989 18 327 34 352
face 0.006898611783981323 18 327 34 352
face 0.006606638431549072 18 327 34 352
face 0.006534934043884277 18 327 34 352
face 0.006262749433517456 18 327 34 352
face 0.006229907274246216 18 327 34 352
face 0.006220996379852295 18 327 34 352
face 0.006077855825424194 18 327 34 352
face 0.005662292242050171 18 327 34 352
face 0.00553584098815918 18 327 34 352
face 0.005284160375595093 18 327 34 352
face 0.00486147403717041 18 327 34 352
face 0.004780232906341553 18 327 34 352
face 0.004664689302444458 18 327 34 352
face 0.004576206207275391 18 327 34 352
face 0.004441648721694946 18 327 34 352
face 0.004411220550537109 18 327 34 352
face 0.004278242588043213 18 327 34 352
face 0.004045069217681885 18 327 34 352
face 0.00399741530418396 18 327 34 352
face 0.003895580768585205 18 327 34 352
face 0.0038322806358337402 18 327 34 352
face 0.003789752721786499 18 327 34 352
face 0.0037373006343841553 18 327 34 352
face 0.0037238597869873047 18 327 34 352
face 0.003641277551651001 18 327 34 352
face 0.003594696521759033 18 327 34 352
face 0.0035161077976226807 18 327 34 352
face 0.0034202933311462402 18 327 34 352
face 0.0033963024616241455 18 327 34 352
face 0.0033904314041137695 18 327 34 352
face 0.0033357739448547363 18 327 34 352
face 0.003290235996246338 18 327 34 352
face 0.0031823813915252686 18 327 34 352
face 0.0031274259090423584 18 327 34 352
face 0.0030483603477478027 18 327 34 352
face 0.00303533673286438 18 327 34 352
face 0.003002375364303589 18 327 34 352
face 0.0030014216899871826 18 327 34 352
face 0.0029899179935455322 18 327 34 352
