face 0.3986515700817108 474 1 549 74
face 0.15632987022399902 474 1 549 74
face 0.10893669724464417 474 1 549 74
face 0.06798067688941956 474 1 549 74
face 0.06295797228813171 474 1 549 74
face 0.0586247444152832 474 1 549 74
face 0.054494649171829224 474 1 549 74
face 0.05429971218109131 474 1 549 74
face 0.04759538173675537 474 1 549 74
face 0.04736122488975525 474 1 549 74
face 0.04596245288848877 474 1 549 74
face 0.04483973979949951 474 1 549 74
face 0.04299526661634445 474 1 549 74
face 0.04251113533973694 474 1 549 74
face 0.04182562232017517 474 1 549 74
face 0.04075920581817627 474 1 549 74
face 0.040738075971603394 474 1 549 74
face 0.04057145118713379 474 1 549 74
face 0.03813406825065613 474 1 549 74
face 0.03803461790084839 474 1 549 74
face 0.03772461414337158 474 1 549 74
face 0.03766629099845886 474 1 549 74
face 0.03761747479438782 474 1 549 74
face 0.03739088773727417 474 1 549 74
face 0.037158578634262085 474 1 549 74
face 0.036649465560913086 474 1 549 74
face 0.03650540113449097 474 1 549 74
face 0.03615251183509827 474 1 549 74
face 0.03608042001724243 474 1 549 74
face 0.035384535789489746 474 1 549 74
face 0.03502452373504639 474 1 549 74
face 0.034623146057128906 474 1 549 74
face 0.03396007418632507 474 1 549 74
face 0.0339106023311615 474 1 549 74
face 0.03331771492958069 474 1 549 74
face 0.033306509256362915 474 1 549 74
face 0.03288915753364563 474 1 549 74
face 0.032143622636795044 474 1 549 74
face 0.03178662061691284 474 1 549 74
face 0.03151518106460571 474 1 549 74
face 0.031196683645248413 474 1 549 74
face 0.030649006366729736 474 1 549 74
face 0.030324846506118774 474 1 549 74
face 0.03001740574836731 474 1 549 74
face 0.029580652713775635 474 1 549 74
face 0.029321283102035522 474 1 549 74
face 0.02895963191986084 474 1 549 74
face 0.02892768383026123 474 1 549 74
face 0.028904706239700317 474 1 549 74
face 0.02878016233444214 474 1 549 74
face 0.028759777545928955 474 1 549 74
face 0.028436511754989624 474 1 549 74
face 0.0283849835395813 474 1 549 74
face 0.0280245840549469 474 1 549 74
face 0.027565866708755493 474 1 549 74
face 0.026907265186309814 474 1 549 74
face 0.026641398668289185 474 1 549 74
face 0.0265749990940094 474 1 549 74
face 0.026501834392547607 474 1 549 74
face 0.026496142148971558 474 1 549 74
face 0.02626892924308777 474 1 549 74
face 0.026023507118225098 474 1 549 74
face 0.025829046964645386 474 1 549 74
face 0.025803953409194946 474 1 549 74
face 0.025587022304534912 474 1 549 74
face 0.025526046752929688 474 1 549 74
face 0.02536875009536743 474 1 549 74
face 0.0253298282623291 474 1 549 74
face 0.025111883878707886 474 1 549 74
face 0.024921447038650513 474 1 549 74
face 0.024830877780914307 474 1 549 74
face 0.02475607395172119 474 1 549 74
face 0.024575889110565186 474 1 549 74
face 0.02454054355621338 474 1 549 74
face 0.024306833744049072 474 1 549 74
face 0.024052917957305908 474 1 549 74
face 0.023973017930984497 474 1 549 74
face 0.02379894256591797 474 1 549 74
face 0.023604094982147217 474 1 549 74
face 0.023503661155700684 474 1 549 74
face 0.023470252752304077 474 1 549 74
face 0.023440778255462646 474 1 549 74
face 0.02308550477027893 474 1 549 74
face 0.02288004755973816 474 1 549 74
face 0.02286982536315918 474 1 549 74
face 0.022827982902526855 474 1 549 74
face 0.022722512483596802 474 1 549 74
face 0.022643685340881348 474 1 549 74
face 0.02253022789955139 474 1 549 74
face 0.022328704595565796 474 1 549 74
face 0.022265255451202393 474 1 549 74
face 0.022253036499023438 474 1 549 74
face 0.022242605686187744 474 1 549 74
face 0.022171318531036377 474 1 549 74
face 0.021870076656341553 474 1 549 74
face 0.021869540214538574 474 1 549 74
face 0.021848469972610474 474 1 549 74
face 0.02177998423576355 474 1 549 74
face 0.02077043056488037 474 1 549 74
face 0.02066129446029663 474 1 549 74
