face 0.5479816198348999 276 177 522 283
face 0.11491838097572327 276 177 522 283
face 0.08498740196228027 276 177 522 283
face 0.07906442880630493 276 177 522 283
face 0.07301616668701172 276 177 522 283
face 0.0699205994606018 276 177 522 283
face 0.0645689070224762 276 177 522 283
face 0.061967283487319946 276 177 522 283
face 0.05143687129020691 276 177 522 283
face 0.05089974403381348 276 177 522 283
face 0.05024641752243042 276 177 522 283
face 0.04905790090560913 276 177 522 283
face 0.044982463121414185 276 177 522 283
face 0.04483002424240112 276 177 522 283
face 0.04453641176223755 276 177 522 283
face 0.043963849544525146 276 177 522 283
face 0.04140263795852661 276 177 522 283
face 0.04023510217666626 276 177 522 283
face 0.03885737061500549 276 177 522 283
face 0.03875383734703064 276 177 522 283
face 0.03857642412185669 276 177 522 283
face 0.03809386491775513 276 177 522 283
face 0.03757748007774353 276 177 522 283
face 0.0368843674659729 276 177 522 283
face 0.03623497486114502 276 177 522 283
face 0.03516790270805359 276 177 522 283
face 0.03449338674545288 276 177 522 283
face 0.03399968147277832 276 177 522 283
face 0.033506840467453 276 177 522 283
face 0.03311529755592346 276 177 522 283
face 0.03151103854179382 276 177 522 283
face 0.031373292207717896 276 177 522 283
face 0.030897825956344604 276 177 522 283
face 0.03044608235359192 276 177 522 283
face 0.030209898948669434 276 177 522 283
face 0.029481559991836548 276 177 522 283
face 0.02933076024055481 276 177 522 283
face 0.028996407985687256 276 177 522 283
face 0.028536975383758545 276 177 522 283
face 0.028237134218215942 276 177 522 283
face 0.027766793966293335 276 177 522 283
face 0.027553439140319824 276 177 522 283
face 0.02745687961578369 276 177 522 283
face 0.02719283103942871 276 177 522 283
face 0.02696356177330017 276 177 522 283
face 0.026924163103103638 276 177 522 283
face 0.026921063661575317 276 177 522 283
face 0.026711583137512207 276 177 522 283
face 0.026571422815322876 276 177 522 283
face 0.026475876569747925 276 177 522 283
face 0.026472806930541992 276 177 522 283
face 0.02593192458152771 276 177 522 283
face 0.02553039789199829 276 177 522 283
face 0.025079548358917236 276 177 522 283
face 0.02488154172897339 276 177 522 283
face 0.02486288547515869 276 177 522 283
face 0.02470576763153076 276 177 522 283
face 0.024322032928466797 276 177 522 283
face 0.024071037769317627 276 177 522 283
face 0.023823291063308716 276 177 522 283
face 0.023773014545440674 276 177 522 283
face 0.023672044277191162 276 177 522 283
face 0.023637861013412476 276 177 522 283
face 0.022949635982513428 276 177 522 283
face 0.02271011471748352 276 177 522 283
face 0.022707700729370117 276 177 522 283
face 0.022530436515808105 276 177 522 283
face 0.02252781391143799 276 177 522 283
face 0.022449463605880737 276 177 522 283
face 0.022380292415618896 276 177 522 283
face 0.02237492799758911 276 177 522 283
face 0.02230241894721985 276 177 522 283
face 0.022300273180007935 276 177 522 283
face 0.022202730178833008 276 177 522 283
face 0.022085636854171753 276 177 522 283
face 0.021680206060409546 276 177 522 283
face 0.021620750427246094 276 177 522 283
face 0.021376430988311768 276 177 522 283
face 0.0209367573261261 276 177 522 283
face 0.020826727151870728 276 177 522 283
face 0.020630180835723877 276 177 522 283
face 0.02029457688331604 276 177 522 283
face 0.02017781138420105 276 177 522 283
face 0.020147860050201416 276 177 522 283
face 0.019960612058639526 276 177 522 283
face 0.019937783479690552 276 177 522 283
face 0.019724726676940918 276 177 522 283
face 0.01965448260307312 276 177 522 283
face 0.01964592933654785 276 177 522 283
face 0.01957857608795166 276 177 522 283
face 0.01952633261680603 276 177 522 283
face 0.019519448280334473 276 177 522 283
face 0.019373685121536255 276 177 522 283
face 0.019371330738067627 276 177 522 283
face 0.01925504207611084 276 177 522 283
face 0.019068390130996704 276 177 522 283
face 0.019050806760787964 276 177 522 283
face 0.019019514322280884 276 177 522 283
face 0.018887758255004883 276 177 522 283
face 0.018698066473007202 276 177 522 283
