face 0.9952362775802612 809 103 858 157
face 0.9901703596115112 125 111 163 170
face 0.9766169786453247 546 315 590 371
face 0.9626075029373169 399 163 449 219
face 0.055818021297454834 399 163 449 219
face 0.02495795488357544 399 163 449 219
face 0.016460061073303223 399 163 449 219
face 0.015499800443649292 399 163 449 219
face 0.013411372900009155 399 163 449 219
face 0.012378722429275513 399 163 449 219
face 0.012071043252944946 399 163 449 219
face 0.01205378770828247 399 163 449 219
face 0.011972308158874512 399 163 449 219
face 0.011457741260528564 399 163 449 219
face 0.011307120323181152 399 163 449 219
face 0.010764390230178833 399 163 449 219
face 0.010742425918579102 399 163 449 219
face 0.010725259780883789 399 163 449 219
face 0.009923845529556274 399 163 449 219
face 0.009525924921035767 399 163 449 219
face 0.009373575448989868 399 163 449 219
face 0.009284734725952148 399 163 449 219
face 0.009004533290863037 399 163 449 219
face 0.008937954902648926 399 163 449 219
face 0.00868445634841919 399 163 449 219
face 0.00853613018989563 399 163 449 219
face 0.008302569389343262 399 163 449 219
face 0.008243829011917114 399 163 449 219
face 0.008174598217010498 399 163 449 219
face 0.007856130599975586 399 163 449 219
face 0.0076135993003845215 399 163 449 219
face 0.007314592599868774 399 163 449 219
face 0.007179737091064453 399 163 449 219
face 0.007040113210678101 399 163 449 219
face 0.006990700960159302 399 163 449 219
face 0.006941288709640503 399 163 449 219
face 0.006694108247756958 399 163 449 219
face 0.006691247224807739 399 163 449 219
face 0.006619006395339966 399 163 449 219
face 0.005966275930404663 399 163 449 219
face 0.005944371223449707 399 163 449 219
face 0.005881905555725098 399 163 449 219
face 0.005802839994430542 399 163 449 219
face 0.005594134330749512 399 163 449 219
face 0.005593419075012207 399 163 449 219
face 0.005580037832260132 399 163 449 219
face 0.005543887615203857 399 163 449 219
face 0.005469024181365967 399 163 449 219
face 0.005414098501205444 399 163 449 219
face 0.005308091640472412 399 163 449 219
face 0.005129873752593994 399 163 449 219
face 0.005068600177764893 399 163 449 219
face 0.005023092031478882 399 163 449 219
face 0.004962623119354248 399 163 449 219
face 0.0049607157707214355 399 163 449 219
face 0.004870414733886719 399 163 449 219
face 0.004830271005630493 399 163 449 219
face 0.00479164719581604 399 163 449 219
face 0.004766941070556641 399 163 449 219
face 0.0047419071197509766 399 163 449 219
face 0.004727691411972046 399 163 449 219
face 0.004476040601730347 399 163 449 219
face 0.004472792148590088 399 163 449 219
face 0.004469811916351318 399 163 449 219
face 0.004457920789718628 399 163 449 219
face 0.004441052675247192 399 163 449 219
face 0.004267573356628418 399 163 449 219
face 0.004251629114151001 399 163 449 219
face 0.004249364137649536 399 163 449 219
face 0.004245728254318237 399 163 449 219
face 0.0042314231395721436 399 163 449 219
face 0.004210233688354492 399 163 449 219
face 0.0042099058628082275 399 163 449 219
face 0.004201680421829224 399 163 449 219
face 0.004048764705657959 399 163 449 219
face 0.003969073295593262 399 163 449 219
face 0.003959834575653076 399 163 449 219
face 0.0039414167404174805 399 163 449 219
face 0.003939986228942871 399 163 449 219
face 0.003857344388961792 399 163 449 219
face 0.003777414560317993 399 163 449 219
face 0.003766089677810669 399 163 449 219
face 0.0037353932857513428 399 163 449 219
face 0.0036722123622894287 399 163 449 219
face 0.0036350786685943604 399 163 449 219
face 0.0036263763904571533 399 163 449 219
face 0.00354766845703125 399 163 449 219
face 0.0035346150398254395 399 163 449 219
face 0.0035340487957000732 399 163 449 219
face 0.0035066604614257812 399 163 449 219
face 0.003417670726776123 399 163 449 219
face 0.003319084644317627 399 163 449 219
face 0.003299325704574585 399 163 449 219
face 0.0032980144023895264 399 163 449 219
face 0.0032892823219299316 399 163 449 219
face 0.0032861828804016113 399 163 449 219
face 0.0032227635383605957 399 163 449 219
face 0.0031859874725341797 399 163 449 219
face 0.0031616687774658203 399 163 449 219
face 0.0031600892543792725 399 163 449 219
