face 0.37597522139549255 97 167 115 184
face 0.1470375657081604 97 167 115 184
face 0.1465911567211151 97 167 115 184
face 0.10087719559669495 97 167 115 184
face 0.094306081533432 97 167 115 184
face 0.08044895529747009 97 167 115 184
face 0.07613900303840637 97 167 115 184
face 0.07029187679290771 97 167 115 184
face 0.06526589393615723 97 167 115 184
face 0.057856619358062744 97 167 115 184
face 0.04989278316497803 97 167 115 184
face 0.04871624708175659 97 167 115 184
face 0.04740074276924133 97 167 115 184
face 0.04590100049972534 97 167 115 184
face 0.045539677143096924 97 167 115 184
face 0.042344361543655396 97 167 115 184
face 0.04126936197280884 97 167 115 184
face 0.04077693819999695 97 167 115 184
face 0.03907892107963562 97 167 115 184
face 0.03816288709640503 97 167 115 184
face 0.03774133324623108 97 167 115 184
face 0.03608638048171997 97 167 115 184
face 0.03573569655418396 97 167 115 184
face 0.034645795822143555 97 167 115 184
face 0.03437134623527527 97 167 115 184
face 0.034121692180633545 97 167 115 184
face 0.033817142248153687 97 167 115 184
face 0.03346922993659973 97 167 115 184
face 0.03345876932144165 97 167 115 184
face 0.033202290534973145 97 167 115 184
face 0.03249645233154297 97 167 115 184
face 0.03246194124221802 97 167 115 184
face 0.030670911073684692 97 167 115 184
face 0.02954995632171631 97 167 115 184
face 0.02809673547744751 97 167 115 184
face 0.027656763792037964 97 167 115 184
face 0.027450889348983765 97 167 115 184
face 0.026610374450683594 97 167 115 184
face 0.025799602270126343 97 167 115 184
face 0.025749891996383667 97 167 115 184
face 0.025713682174682617 97 167 115 184
face 0.025665730237960815 97 167 115 184
face 0.025491952896118164 97 167 115 184
face 0.025206536054611206 97 167 115 184
face 0.024430036544799805 97 167 115 184
face 0.024168163537979126 97 167 115 184
face 0.023599088191986084 97 167 115 184
face 0.023532330989837646 97 167 115 184
face 0.023487895727157593 97 167 115 184
face 0.023381859064102173 97 167 115 184
face 0.023305505514144897 97 167 115 184
face 0.023224681615829468 97 167 115 184
face 0.0231611430644989 97 167 115 184
face 0.0227908194065094 97 167 115 184
face 0.02226850390434265 97 167 115 184
face 0.02221965789794922 97 167 115 184
face 0.02196669578552246 97 167 115 184
face 0.021872758865356445 97 167 115 184
face 0.021569758653640747 97 167 115 184
face 0.021531015634536743 97 167 115 184
face 0.02132090926170349 97 167 115 184
face 0.02090504765510559 97 167 115 184
face 0.020801663398742676 97 167 115 184
face 0.020680665969848633 97 167 115 184
face 0.020535022020339966 97 167 115 184
face 0.02050870656967163 97 167 115 184
face 0.02028113603591919 97 167 115 184
face 0.02011948823928833 97 167 115 184
face 0.02007657289505005 97 167 115 184
face 0.01991736888885498 97 167 115 184
face 0.019898802042007446 97 167 115 184
face 0.019870370626449585 97 167 115 184
face 0.019004017114639282 97 167 115 184
face 0.018927156925201416 97 167 115 184
face 0.017874866724014282 97 167 115 184
face 0.017846792936325073 97 167 115 184
face 0.017687976360321045 97 167 115 184
face 0.01761111617088318 97 167 115 184
face 0.01750856637954712 97 167 115 184
face 0.01748630404472351 97 167 115 184
face 0.017231673002243042 97 167 115 184
face 0.01699519157409668 97 167 115 184
face 0.016885846853256226 97 167 115 184
face 0.016767770051956177 97 167 115 184
face 0.01669973134994507 97 167 115 184
face 0.016443222761154175 97 167 115 184
face 0.01625564694404602 97 167 115 184
face 0.016200482845306396 97 167 115 184
face 0.016154587268829346 97 167 115 184
face 0.016147971153259277 97 167 115 184
face 0.016046971082687378 97 167 115 184
face 0.016031354665756226 97 167 115 184
face 0.015996187925338745 97 167 115 184
face 0.015891224145889282 97 167 115 184
face 0.015821129083633423 97 167 115 184
face 0.015672296285629272 97 167 115 184
face 0.015649259090423584 97 167 115 184
face 0.015610486268997192 97 167 115 184
face 0.015600830316543579 97 167 115 184
face 0.015536516904830933 97 167 115 184
