face 0.9598286151885986 490 219 611 355
face 0.06732282042503357 490 219 611 355
face 0.04810380935668945 490 219 611 355
face 0.04137003421783447 490 219 611 355
face 0.03978189826011658 490 219 611 355
face 0.03396320343017578 490 219 611 355
face 0.033708274364471436 490 219 611 355
face 0.02931872010231018 490 219 611 355
face 0.026265323162078857 490 219 611 355
face 0.0255720317363739 490 219 611 355
face 0.023868530988693237 490 219 611 355
face 0.023506075143814087 490 219 611 355
face 0.022347092628479004 490 219 611 355
face 0.022020816802978516 490 219 611 355
face 0.020165175199508667 490 219 611 355
face 0.019210100173950195 490 219 611 355
face 0.018765956163406372 490 219 611 355
face 0.01872614026069641 490 219 611 355
face 0.018259793519973755 490 219 611 355
face 0.018145471811294556 490 219 611 355
face 0.01812422275543213 490 219 611 355
face 0.017916709184646606 490 219 611 355
face 0.017875462770462036 490 219 611 355
face 0.017832458019256592 490 219 611 355
face 0.017761319875717163 490 219 611 355
face 0.017745524644851685 490 219 611 355
face 0.017376601696014404 490 219 611 355
face 0.01712191104888916 490 219 611 355
face 0.016320019960403442 490 219 611 355
face 0.016206711530685425 490 219 611 355
face 0.01611959934234619 490 219 611 355
face 0.016018152236938477 490 219 611 355
face 0.01598590612411499 490 219 611 355
face 0.01592227816581726 490 219 611 355
face 0.01590287685394287 490 219 611 355
face 0.015498816967010498 490 219 611 355
face 0.015464961528778076 490 219 611 355
face 0.01536986231803894 490 219 611 355
face 0.015071868896484375 490 219 611 355
face 0.01479080319404602 490 219 611 355
face 0.014775961637496948 490 219 611 355
face 0.014494121074676514 490 219 611 355
face 0.01448911428451538 490 219 611 355
face 0.014296233654022217 490 219 611 355
face 0.014258027076721191 490 219 611 355
face 0.014233529567718506 490 219 611 355
face 0.014183521270751953 490 219 611 355
face 0.014118015766143799 490 219 611 355
face 0.013778507709503174 490 219 611 355
face 0.013405203819274902 490 219 611 355
face 0.013349384069442749 490 219 611 355
face 0.013230770826339722 490 219 611 355
face 0.013124257326126099 490 219 611 355
face 0.013103067874908447 490 219 611 355
face 0.013054132461547852 490 219 611 355
face 0.012935400009155273 490 219 611 355
face 0.012913882732391357 490 219 611 355
face 0.012351155281066895 490 219 611 355
face 0.012298941612243652 490 219 611 355
face 0.012288808822631836 490 219 611 355
face 0.012209475040435791 490 219 611 355
face 0.0120563805103302 490 219 611 355
face 0.011997908353805542 490 219 611 355
face 0.01197931170463562 490 219 611 355
face 0.011944949626922607 490 219 611 355
face 0.011939972639083862 490 219 611 355
face 0.011636406183242798 490 219 611 355
face 0.0114327073097229 490 219 611 355
face 0.01109391450881958 490 219 611 355
face 0.010928422212600708 490 219 611 355
face 0.010842591524124146 490 219 611 355
face 0.01080310344696045 490 219 611 355
face 0.010764628648757935 490 219 611 355
face 0.010457366704940796 490 219 611 355
face 0.010428369045257568 490 219 611 355
face 0.010427862405776978 490 219 611 355
face 0.010272234678268433 490 219 611 355
face 0.01018860936164856 490 219 611 355
face 0.01014024019241333 490 219 611 355
face 0.009972691535949707 490 219 611 355
face 0.009959876537322998 490 219 611 355
face 0.00990152359008789 490 219 611 355
face 0.009710758924484253 490 219 611 355
face 0.00943860411643982 490 219 611 355
face 0.009387552738189697 490 219 611 355
face 0.009380161762237549 490 219 611 355
face 0.00935375690460205 490 219 611 355
face 0.00929957628250122 490 219 611 355
face 0.00916185975074768 490 219 611 355
face 0.009088903665542603 490 219 611 355
face 0.008937656879425049 490 219 611 355
face 0.008771181106567383 490 219 611 355
face 0.008510857820510864 490 219 611 355
face 0.008492648601531982 490 219 611 355
face 0.00848415493965149 490 219 611 355
face 0.00839012861251831 490 219 611 355
face 0.008361071348190308 490 219 611 355
face 0.008332163095474243 490 219 611 355
face 0.008320271968841553 490 219 611 355
face 0.00820019468665123 490 219 611 355
