face 0.13372978568077087 742 150 785 220
face 0.10553506016731262 742 150 785 220
face 0.10458967089653015 742 150 785 220
face 0.08664363622665405 742 150 785 220
face 0.08256861567497253 742 150 785 220
face 0.08207336068153381 742 150 785 220
face 0.08059054613113403 742 150 785 220
face 0.07849463820457458 742 150 785 220
face 0.07708576321601868 742 150 785 220
face 0.07572928071022034 742 150 785 220
face 0.07452812790870667 742 150 785 220
face 0.07348215579986572 742 150 785 220
face 0.07239684462547302 742 150 785 220
face 0.07218095660209656 742 150 785 220
face 0.07119715213775635 742 150 785 220
face 0.07064810395240784 742 150 785 220
face 0.06974941492080688 742 150 785 220
face 0.06770187616348267 742 150 785 220
face 0.06683284044265747 742 150 785 220
face 0.06414979696273804 742 150 785 220
face 0.06406372785568237 742 150 785 220
face 0.06371867656707764 742 150 785 220
face 0.06325307488441467 742 150 785 220
face 0.06294366717338562 742 150 785 220
face 0.06247583031654358 742 150 785 220
face 0.062195271253585815 742 150 785 220
face 0.0617716908454895 742 150 785 220
face 0.06027817726135254 742 150 785 220
face 0.05931508541107178 742 150 785 220
face 0.05894497036933899 742 150 785 220
face 0.05791488289833069 742 150 785 220
face 0.05739900469779968 742 150 785 220
face 0.05719476938247681 742 150 785 220
face 0.056122392416000366 742 150 785 220
face 0.055211395025253296 742 150 785 220
face 0.05472517013549805 742 150 785 220
face 0.05421096086502075 742 150 785 220
face 0.053636372089385986 742 150 785 220
face 0.05331993103027344 742 150 785 220
face 0.05324959754943848 742 150 785 220
face 0.05280295014381409 742 150 785 220
face 0.051928937435150146 742 150 785 220
face 0.05141136050224304 742 150 785 220
face 0.051106423139572144 742 150 785 220
face 0.050411492586135864 742 150 785 220
face 0.05040943622589111 742 150 785 220
face 0.05024084448814392 742 150 785 220
face 0.04988083243370056 742 150 785 220
face 0.049634069204330444 742 150 785 220
face 0.04917159676551819 742 150 785 220
face 0.048753589391708374 742 150 785 220
face 0.04864570498466492 742 150 785 220
face 0.04855436086654663 742 150 785 220
face 0.04847171902656555 742 150 785 220
face 0.04839509725570679 742 150 785 220
face 0.048359960317611694 742 150 785 220
face 0.048154473304748535 742 150 785 220
face 0.048120856285095215 742 150 785 220
face 0.04748892784118652 742 150 785 220
face 0.04733461141586304 742 150 785 220
face 0.04691150784492493 742 150 785 220
face 0.046741366386413574 742 150 785 220
face 0.04666435718536377 742 150 785 220
face 0.04652690887451172 742 150 785 220
face 0.046448081731796265 742 150 785 220
face 0.04638448357582092 742 150 785 220
face 0.046367526054382324 742 150 785 220
face 0.046044886112213135 742 150 785 220
face 0.04531019926071167 742 150 785 220
face 0.044799596071243286 742 150 785 220
face 0.044768333435058594 742 150 785 220
face 0.04474514722824097 742 150 785 220
face 0.04456481337547302 742 150 785 220
face 0.044542670249938965 742 150 785 220
face 0.04419255256652832 742 150 785 220
face 0.04397648572921753 742 150 785 220
face 0.04308819770812988 742 150 785 220
face 0.04308038949966431 742 150 785 220
face 0.04298597574234009 742 150 785 220
face 0.042953163385391235 742 150 785 220
face 0.042861610651016235 742 150 785 220
face 0.042800337076187134 742 150 785 220
face 0.04269731044769287 742 150 785 220
face 0.04258227348327637 742 150 785 220
face 0.04254314303398132 742 150 785 220
face 0.042446017265319824 742 150 785 220
face 0.04229313135147095 742 150 785 220
face 0.041830360889434814 742 150 785 220
face 0.04180324077606201 742 150 785 220
face 0.04176345467567444 742 150 785 220
face 0.04176005721092224 742 150 785 220
face 0.04164049029350281 742 150 785 220
face 0.04160124063491821 742 150 785 220
face 0.041517674922943115 742 150 785 220
face 0.04121407866477966 742 150 785 220
face 0.04120481014251709 742 150 785 220
face 0.0410996675491333 742 150 785 220
face 0.04102161526679993 742 150 785 220
face 0.0409981906414032 742 150 785 220
face 0.04093509912490845 742 150 785 220
