face 0.9374423623085022 171 181 214 227
face 0.20118871331214905 171 181 214 227
face 0.0852871835231781 171 181 214 227
face 0.08126989006996155 171 181 214 227
face 0.06348651647567749 171 181 214 227
face 0.044153451919555664 171 181 214 227
face 0.03944852948188782 171 181 214 227
face 0.03851744532585144 171 181 214 227
face 0.02947482466697693 171 181 214 227
face 0.025747090578079224 171 181 214 227
face 0.024166733026504517 171 181 214 227
face 0.021668434143066406 171 181 214 227
face 0.01722174882888794 171 181 214 227
face 0.016476839780807495 171 181 214 227
face 0.016419440507888794 171 181 214 227
face 0.015251606702804565 171 181 214 227
face 0.01399490237236023 171 181 214 227
face 0.013720542192459106 171 181 214 227
face 0.01355251669883728 171 181 214 227
face 0.013030320405960083 171 181 214 227
face 0.012931853532791138 171 181 214 227
face 0.012485682964324951 171 181 214 227
face 0.011871784925460815 171 181 214 227
face 0.011744588613510132 171 181 214 227
face 0.011610954999923706 171 181 214 227
face 0.010023385286331177 171 181 214 227
face 0.009738236665725708 171 181 214 227
face 0.009684056043624878 171 181 214 227
face 0.009197503328323364 171 181 214 227
face 0.009123563766479492 171 181 214 227
face 0.008974343538284302 171 181 214 227
face 0.008570462465286255 171 181 214 227
face 0.00844806432723999 171 181 214 227
face 0.008415907621383667 171 181 214 227
face 0.008138000965118408 171 181 214 227
face 0.008135020732879639 171 181 214 227
face 0.00803115963935852 171 181 214 227
face 0.007859647274017334 171 181 214 227
face 0.007729232311248779 171 181 214 227
face 0.007620573043823242 171 181 214 227
face 0.007609844207763672 171 181 214 227
face 0.00755840539932251 171 181 214 227
face 0.007467329502105713 171 181 214 227
face 0.007220715284347534 171 181 214 227
face 0.007139652967453003 171 181 214 227
face 0.006969094276428223 171 181 214 227
face 0.006755143404006958 171 181 214 227
face 0.006738156080245972 171 181 214 227
face 0.006732374429702759 171 181 214 227
face 0.0067012012004852295 171 181 214 227
face 0.0066658854484558105 171 181 214 227
face 0.0065985023975372314 171 181 214 227
face 0.006521552801132202 171 181 214 227
face 0.006514400243759155 171 181 214 227
face 0.006377458572387695 171 181 214 227
face 0.006373286247253418 171 181 214 227
face 0.006317496299743652 171 181 214 227
face 0.006155490875244141 171 181 214 227
face 0.006131857633590698 171 181 214 227
face 0.0061148107051849365 171 181 214 227
face 0.0060923099517822266 171 181 214 227
face 0.00606265664100647 171 181 214 227
face 0.006058484315872192 171 181 214 227
face 0.006039649248123169 171 181 214 227
face 0.005935490131378174 171 181 214 227
face 0.0059288740158081055 171 181 214 227
face 0.0059004127979278564 171 181 214 227
face 0.005897611379623413 171 181 214 227
face 0.0057311952114105225 171 181 214 227
face 0.005727022886276245 171 181 214 227
face 0.005718708038330078 171 181 214 227
face 0.005676954984664917 171 181 214 227
face 0.005637824535369873 171 181 214 227
face 0.005611628293991089 171 181 214 227
face 0.005549877882003784 171 181 214 227
face 0.005548208951950073 171 181 214 227
face 0.005408674478530884 171 181 214 227
face 0.005364775657653809 171 181 214 227
face 0.005336463451385498 171 181 214 227
face 0.0052894651889801025 171 181 214 227
face 0.005286306142807007 171 181 214 227
face 0.0052803754806518555 171 181 214 227
face 0.005267500877380371 171 181 214 227
face 0.005245000123977661 171 181 214 227
face 0.005220174789428711 171 181 214 227
face 0.005214035511016846 171 181 214 227
face 0.00520479679107666 171 181 214 227
face 0.005160123109817505 171 181 214 227
face 0.005129009485244751 171 181 214 227
face 0.0051281750202178955 171 181 214 227
face 0.005049586296081543 171 181 214 227
face 0.004934400320053101 171 181 214 227
face 0.004909932613372803 171 181 214 227
face 0.00478777289390564 171 181 214 227
face 0.004752039909362793 171 181 214 227
face 0.0046128928661346436 171 181 214 227
face 0.004555732011795044 171 181 214 227
face 0.0045351386070251465 171 181 214 227
face 0.004466205835342407 171 181 214 227
face 0.004459589719772339 171 181 214 227
