face 0.6035864949226379 273 94 371 221
face 0.5166336894035339 270 414 359 486
face 0.08816787600517273 270 414 359 486
face 0.05045732855796814 270 414 359 486
face 0.035488247871398926 270 414 359 486
face 0.033772289752960205 270 414 359 486
face 0.029656529426574707 270 414 359 486
face 0.027313798666000366 270 414 359 486
face 0.023372143507003784 270 414 359 486
face 0.021904349327087402 270 414 359 486
face 0.019183695316314697 270 414 359 486
face 0.01730412244796753 270 414 359 486
face 0.01721850037574768 270 414 359 486
face 0.01612672209739685 270 414 359 486
face 0.01607450842857361 270 414 359 486
face 0.01485896110534668 270 414 359 486
face 0.01484692096710205 270 414 359 486
face 0.014747977256774902 270 414 359 486
face 0.014588534832000732 270 414 359 486
face 0.01454073190689087 270 414 359 486
face 0.014400631189346313 270 414 359 486
face 0.014209926128387451 270 414 359 486
face 0.013940095901489258 270 414 359 486
face 0.013821721076965332 270 414 359 486
face 0.013789981603622437 270 414 359 486
face 0.013019651174545288 270 414 359 486
face 0.0130176842212677 270 414 359 486
face 0.012785732746124268 270 414 359 486
face 0.012201577425003052 270 414 359 486
face 0.011726289987564087 270 414 359 486
face 0.01171371340751648 270 414 359 486
face 0.011702537536621094 270 414 359 486
face 0.011561930179595947 270 414 359 486
face 0.011350125074386597 270 414 359 486
face 0.011208921670913696 270 414 359 486
face 0.011188924312591553 270 414 359 486
face 0.010998189449310303 270 414 359 486
face 0.010942399501800537 270 414 359 486
face 0.01092517375946045 270 414 359 486
face 0.010925054550170898 270 414 359 486
face 0.010751068592071533 270 414 359 486
face 0.010678678750991821 270 414 359 486
face 0.010252177715301514 270 414 359 486
face 0.010232269763946533 270 414 359 486
face 0.01019027829170227 270 414 359 486
face 0.01008710265159607 270 414 359 486
face 0.010016143321990967 270 414 359 486
face 0.009896069765090942 270 414 359 486
face 0.009821951389312744 270 414 359 486
face 0.00981515645980835 270 414 359 486
face 0.009736329317092896 270 414 359 486
face 0.00970962643623352 270 414 359 486
face 0.009673506021499634 270 414 359 486
face 0.009653538465499878 270 414 359 486
face 0.009496599435806274 270 414 359 486
face 0.009280413389205933 270 414 359 486
face 0.009225726127624512 270 414 359 486
face 0.009006798267364502 270 414 359 486
face 0.009004324674606323 270 414 359 486
face 0.008986026048660278 270 414 359 486
face 0.008940845727920532 270 414 359 486
face 0.008932769298553467 270 414 359 486
face 0.008920073509216309 270 414 359 486
face 0.008845299482345581 270 414 359 486
face 0.008621692657470703 270 414 359 486
face 0.008452236652374268 270 414 359 486
face 0.008451014757156372 270 414 359 486
face 0.00844496488571167 270 414 359 486
face 0.008420109748840332 270 414 359 486
face 0.00839155912399292 270 414 359 486
face 0.008308827877044678 270 414 359 486
face 0.008081138134002686 270 414 359 486
face 0.007952690124511719 270 414 359 486
face 0.00788182020187378 270 414 359 486
face 0.007862329483032227 270 414 359 486
face 0.007808387279510498 270 414 359 486
face 0.007789313793182373 270 414 359 486
face 0.007757365703582764 270 414 359 486
face 0.007736504077911377 270 414 359 486
face 0.007642477750778198 270 414 359 486
face 0.007549464702606201 270 414 359 486
face 0.0074987709522247314 270 414 359 486
face 0.007311373949050903 270 414 359 486
face 0.007255047559738159 270 414 359 486
face 0.007105141878128052 270 414 359 486
face 0.007051944732666016 270 414 359 486
face 0.006998777389526367 270 414 359 486
face 0.006974697113037109 270 414 359 486
face 0.006948202848434448 270 414 359 486
face 0.0068926215171813965 270 414 359 486
face 0.006878495216369629 270 414 359 486
face 0.006854355335235596 270 414 359 486
face 0.006832033395767212 270 414 359 486
face 0.006825476884841919 270 414 359 486
face 0.006818830966949463 270 414 359 486
face 0.006678342819213867 270 414 359 486
face 0.0066742002964019775 270 414 359 486
face 0.006621330976486206 270 414 359 486
face 0.006560564041137695 270 414 359 486
face 0.006523340940475464 270 414 359 486
