face 0.9798341989517212 547 388 575 423
face 0.9331066608428955 153 431 174 466
face 0.6047934293746948 27 429 50 472
face 0.5995752215385437 713 229 737 252
face 0.4962707757949829 713 229 737 252
face 0.2777542769908905 713 229 737 252
face 0.25792086124420166 713 229 737 252
face 0.2505505681037903 713 229 737 252
face 0.21654313802719116 713 229 737 252
face 0.21589696407318115 713 229 737 252
face 0.1937946081161499 713 229 737 252
face 0.1715833842754364 713 229 737 252
face 0.13435500860214233 713 229 737 252
face 0.13349109888076782 713 229 737 252
face 0.12029674649238586 713 229 737 252
face 0.08656391501426697 713 229 737 252
face 0.08632490038871765 713 229 737 252
face 0.07857337594032288 713 229 737 252
face 0.07815492153167725 713 229 737 252
face 0.06591683626174927 713 229 737 252
face 0.06502735614776611 713 229 737 252
face 0.06076964735984802 713 229 737 252
face 0.0557977557182312 713 229 737 252
face 0.049166202545166016 713 229 737 252
face 0.048999398946762085 713 229 737 252
face 0.044930994510650635 713 229 737 252
face 0.043186306953430176 713 229 737 252
face 0.042684078216552734 713 229 737 252
face 0.04268205165863037 713 229 737 252
face 0.0422784686088562 713 229 737 252
face 0.04076099395751953 713 229 737 252
face 0.040683865547180176 713 229 737 252
face 0.040670931339263916 713 229 737 252
face 0.03927859663963318 713 229 737 252
face 0.03171500563621521 713 229 737 252
face 0.030417025089263916 713 229 737 252
face 0.0303288996219635 713 229 737 252
face 0.02881750464439392 713 229 737 252
face 0.026255548000335693 713 229 737 252
face 0.025695323944091797 713 229 737 252
face 0.025278866291046143 713 229 737 252
face 0.02525949478149414 713 229 737 252
face 0.025004327297210693 713 229 737 252
face 0.024861276149749756 713 229 737 252
face 0.02371653914451599 713 229 737 252
face 0.02351135015487671 713 229 737 252
face 0.02293264865875244 713 229 737 252
face 0.021707385778427124 713 229 737 252
face 0.021426260471343994 713 229 737 252
face 0.02142462134361267 713 229 737 252
face 0.02040839195251465 713 229 737 252
face 0.01965448260307312 713 229 737 252
face 0.01935604214668274 713 229 737 252
face 0.019114315509796143 713 229 737 252
face 0.018863648176193237 713 229 737 252
face 0.018267959356307983 713 229 737 252
face 0.017908096313476562 713 229 737 252
face 0.017700880765914917 713 229 737 252
face 0.016174256801605225 713 229 737 252
face 0.01606994867324829 713 229 737 252
face 0.015865176916122437 713 229 737 252
face 0.01509702205657959 713 229 737 252
face 0.015000730752944946 713 229 737 252
face 0.01496034860610962 713 229 737 252
face 0.014680862426757812 713 229 737 252
face 0.014340400695800781 713 229 737 252
face 0.014251649379730225 713 229 737 252
face 0.014161407947540283 713 229 737 252
face 0.014096856117248535 713 229 737 252
face 0.01335597038269043 713 229 737 252
face 0.012963950634002686 713 229 737 252
face 0.01271975040435791 713 229 737 252
face 0.012622714042663574 713 229 737 252
face 0.012519240379333496 713 229 737 252
face 0.012221425771713257 713 229 737 252
face 0.012111842632293701 713 229 737 252
face 0.011997252702713013 713 229 737 252
face 0.011795490980148315 713 229 737 252
face 0.011444002389907837 713 229 737 252
face 0.011374503374099731 713 229 737 252
face 0.011141836643218994 713 229 737 252
face 0.010940760374069214 713 229 737 252
face 0.010717540979385376 713 229 737 252
face 0.010373800992965698 713 229 737 252
face 0.01017141342163086 713 229 737 252
face 0.01008346676826477 713 229 737 252
face 0.009991586208343506 713 229 737 252
face 0.009977787733078003 713 229 737 252
face 0.009107857942581177 713 229 737 252
face 0.009020328521728516 713 229 737 252
face 0.00889432430267334 713 229 737 252
face 0.008809953927993774 713 229 737 252
face 0.008521944284439087 713 229 737 252
face 0.008195877075195312 713 229 737 252
face 0.008052349090576172 713 229 737 252
face 0.00791969895362854 713 229 737 252
face 0.0077390968799591064 713 229 737 252
face 0.0071198344230651855 713 229 737 252
face 0.007043600082397461 713 229 737 252
face 0.006781488656997681 713 229 737 252
