face 0.6906155347824097 463 79 561 205
face 0.06583723425865173 463 79 561 205
face 0.04517456889152527 463 79 561 205
face 0.037936270236968994 463 79 561 205
face 0.03354239463806152 463 79 561 205
face 0.03255680203437805 463 79 561 205
face 0.02574390172958374 463 79 561 205
face 0.023692190647125244 463 79 561 205
face 0.022891491651535034 463 79 561 205
face 0.020661741495132446 463 79 561 205
face 0.019561439752578735 463 79 561 205
face 0.018409132957458496 463 79 561 205
face 0.017865121364593506 463 79 561 205
face 0.01785781979560852 463 79 561 205
face 0.017653435468673706 463 79 561 205
face 0.017417937517166138 463 79 561 205
face 0.017379432916641235 463 79 561 205
face 0.017156213521957397 463 79 561 205
face 0.01659521460533142 463 79 561 205
face 0.01647314429283142 463 79 561 205
face 0.016159117221832275 463 79 561 205
face 0.015706151723861694 463 79 561 205
face 0.015612542629241943 463 79 561 205
face 0.015421450138092041 463 79 561 205
face 0.015166044235229492 463 79 561 205
face 0.015061914920806885 463 79 561 205
face 0.014399886131286621 463 79 561 205
face 0.014333575963973999 463 79 561 205
face 0.01413494348526001 463 79 561 205
face 0.013839155435562134 463 79 561 205
face 0.013780385255813599 463 79 561 205
face 0.013713270425796509 463 79 561 205
face 0.013315349817276001 463 79 561 205
face 0.01320350170135498 463 79 561 205
face 0.01315993070602417 463 79 561 205
face 0.013144701719284058 463 79 561 205
face 0.012978821992874146 463 79 561 205
face 0.0129050612449646 463 79 561 205
face 0.0127602219581604 463 79 561 205
face 0.012657642364501953 463 79 561 205
face 0.012353241443634033 463 79 561 205
face 0.01205703616142273 463 79 561 205
face 0.011943191289901733 463 79 561 205
face 0.01189720630645752 463 79 561 205
face 0.011657297611236572 463 79 561 205
face 0.01154637336730957 463 79 561 205
face 0.011529266834259033 463 79 561 205
face 0.011519163846969604 463 79 561 205
face 0.011363357305526733 463 79 561 205
face 0.011269986629486084 463 79 561 205
face 0.011000007390975952 463 79 561 205
face 0.010937988758087158 463 79 561 205
face 0.01089891791343689 463 79 561 205
face 0.010887295007705688 463 79 561 205
face 0.010803163051605225 463 79 561 205
face 0.0107860267162323 463 79 561 205
face 0.010764360427856445 463 79 561 205
face 0.010711818933486938 463 79 561 205
face 0.010663837194442749 463 79 561 205
face 0.010616540908813477 463 79 561 205
face 0.01057550311088562 463 79 561 205
face 0.010560154914855957 463 79 561 205
face 0.0105476975440979 463 79 561 205
face 0.010478705167770386 463 79 561 205
face 0.010458141565322876 463 79 561 205
face 0.01045757532119751 463 79 561 205
face 0.01033821702003479 463 79 561 205
face 0.01027253270149231 463 79 561 205
face 0.010268092155456543 463 79 561 205
face 0.010147035121917725 463 79 561 205
face 0.010145187377929688 463 79 561 205
face 0.009815841913223267 463 79 561 205
face 0.009803295135498047 463 79 561 205
face 0.009764492511749268 463 79 561 205
face 0.009543955326080322 463 79 561 205
face 0.009444653987884521 463 79 561 205
face 0.009415924549102783 463 79 561 205
face 0.009399741888046265 463 79 561 205
face 0.009362190961837769 463 79 561 205
face 0.00926467776298523 463 79 561 205
face 0.009243696928024292 463 79 561 205
face 0.009225130081176758 463 79 561 205
face 0.009126126766204834 463 79 561 205
face 0.00911039113998413 463 79 561 205
face 0.009099245071411133 463 79 561 205
face 0.00901368260383606 463 79 561 205
face 0.009008198976516724 463 79 561 205
face 0.008897989988327026 463 79 561 205
face 0.0088406503200531 463 79 561 205
face 0.008812308311462402 463 79 561 205
face 0.008802354335784912 463 79 561 205
face 0.008800536394119263 463 79 561 205
face 0.008657366037368774 463 79 561 205
face 0.008656829595565796 463 79 561 205
face 0.008608400821685791 463 79 561 205
face 0.00844430923461914 463 79 561 205
face 0.008429229259490967 463 79 561 205
face 0.008389055728912354 463 79 561 205
face 0.008367985486984253 463 79 561 205
face 0.008306175470352173 463 79 561 205
