face 0.19144576787948608 326 181 355 219
face 0.17799732089042664 326 181 355 219
face 0.13420158624649048 326 181 355 219
face 0.08831372857093811 326 181 355 219
face 0.07841044664382935 326 181 355 219
face 0.05983996391296387 326 181 355 219
face 0.056850165128707886 326 181 355 219
face 0.051296085119247437 326 181 355 219
face 0.05079537630081177 326 181 355 219
face 0.044717878103256226 326 181 355 219
face 0.037596821784973145 326 181 355 219
face 0.036220699548721313 326 181 355 219
face 0.031816065311431885 326 181 355 219
face 0.029559314250946045 326 181 355 219
face 0.02919831871986389 326 181 355 219
face 0.028679341077804565 326 181 355 219
face 0.02848777174949646 326 181 355 219
face 0.027980506420135498 326 181 355 219
face 0.02623036503791809 326 181 355 219
face 0.025572270154953003 326 181 355 219
face 0.024388015270233154 326 181 355 219
face 0.023055821657180786 326 181 355 219
face 0.022338002920150757 326 181 355 219
face 0.022283881902694702 326 181 355 219
face 0.02131134271621704 326 181 355 219
face 0.020805448293685913 326 181 355 219
face 0.02071404457092285 326 181 355 219
face 0.0202619731426239 326 181 355 219
face 0.02000930905342102 326 181 355 219
face 0.01903766393661499 326 181 355 219
face 0.01842600107192993 326 181 355 219
face 0.018244832754135132 326 181 355 219
face 0.017531514167785645 326 181 355 219
face 0.01672416925430298 326 181 355 219
face 0.01668304204940796 326 181 355 219
face 0.015666544437408447 326 181 355 219
face 0.015465378761291504 326 181 355 219
face 0.014834761619567871 326 181 355 219
face 0.01481252908706665 326 181 355 219
face 0.014636129140853882 326 181 355 219
face 0.014125287532806396 326 181 355 219
face 0.013728082180023193 326 181 355 219
face 0.013409614562988281 326 181 355 219
face 0.012936443090438843 326 181 355 219
face 0.012120932340621948 326 181 355 219
face 0.011981695890426636 326 181 355 219
face 0.011783897876739502 326 181 355 219
face 0.011714398860931396 326 181 355 219
face 0.011500567197799683 326 181 355 219
face 0.011416226625442505 326 181 355 219
face 0.011195719242095947 326 181 355 219
face 0.011194020509719849 326 181 355 219
face 0.01116076111793518 326 181 355 219
face 0.011136293411254883 326 181 355 219
face 0.010878503322601318 326 181 355 219
face 0.010844290256500244 326 181 355 219
face 0.010653436183929443 326 181 355 219
face 0.010637462139129639 326 181 355 219
face 0.01050710678100586 326 181 355 219
face 0.010502010583877563 326 181 355 219
face 0.010317325592041016 326 181 355 219
face 0.010305225849151611 326 181 355 219
face 0.01022040843963623 326 181 355 219
face 0.01020696759223938 326 181 355 219
face 0.010166794061660767 326 181 355 219
face 0.010151058435440063 326 181 355 219
face 0.010109007358551025 326 181 355 219
face 0.010042905807495117 326 181 355 219
face 0.009852439165115356 326 181 355 219
face 0.009811937808990479 326 181 355 219
face 0.009672880172729492 326 181 355 219
face 0.009458929300308228 326 181 355 219
face 0.009410470724105835 326 181 355 219
face 0.009354770183563232 326 181 355 219
face 0.009340822696685791 326 181 355 219
face 0.009332716464996338 326 181 355 219
face 0.009281247854232788 326 181 355 219
face 0.009192705154418945 326 181 355 219
face 0.009183883666992188 326 181 355 219
face 0.009182393550872803 326 181 355 219
face 0.008975088596343994 326 181 355 219
face 0.008855551481246948 326 181 355 219
face 0.00869673490524292 326 181 355 219
face 0.008493870496749878 326 181 355 219
face 0.008453786373138428 326 181 355 219
face 0.008409619331359863 326 181 355 219
face 0.008311361074447632 326 181 355 219
face 0.008293747901916504 326 181 355 219
face 0.008278071880340576 326 181 355 219
face 0.008003830909729004 326 181 355 219
face 0.007988512516021729 326 181 355 219
face 0.00793430209159851 326 181 355 219
face 0.007898122072219849 326 181 355 219
face 0.007762879133224487 326 181 355 219
face 0.00769418478012085 326 181 355 219
face 0.007683843374252319 326 181 355 219
face 0.007618695497512817 326 181 355 219
face 0.007560998201370239 326 181 355 219
face 0.007553428411483765 326 181 355 219
face 0.007550239562988281 326 181 355 219
