face 0.9719789028167725 301 125 373 211
face 0.121387779712677 301 125 373 211
face 0.05144408345222473 301 125 373 211
face 0.04911988973617554 301 125 373 211
face 0.04277300834655762 301 125 373 211
face 0.03357139229774475 301 125 373 211
face 0.03178048133850098 301 125 373 211
face 0.029881060123443604 301 125 373 211
face 0.026060760021209717 301 125 373 211
face 0.025452256202697754 301 125 373 211
face 0.02459070086479187 301 125 373 211
face 0.022725194692611694 301 125 373 211
face 0.02252545952796936 301 125 373 211
face 0.02232968807220459 301 125 373 211
face 0.022158682346343994 301 125 373 211
face 0.021653860807418823 301 125 373 211
face 0.021399080753326416 301 125 373 211
face 0.021232038736343384 301 125 373 211
face 0.020605117082595825 301 125 373 211
face 0.020594745874404907 301 125 373 211
face 0.019552767276763916 301 125 373 211
face 0.019322872161865234 301 125 373 211
face 0.019167542457580566 301 125 373 211
face 0.018572092056274414 301 125 373 211
face 0.016860216856002808 301 125 373 211
face 0.01673811674118042 301 125 373 211
face 0.016168683767318726 301 125 373 211
face 0.016158312559127808 301 125 373 211
face 0.016123920679092407 301 125 373 211
face 0.015956610441207886 301 125 373 211
face 0.015481382608413696 301 125 373 211
face 0.01520925760269165 301 125 373 211
face 0.01483646035194397 301 125 373 211
face 0.014138370752334595 301 125 373 211
face 0.013965249061584473 301 125 373 211
face 0.013794660568237305 301 125 373 211
face 0.013667017221450806 301 125 373 211
face 0.013399332761764526 301 125 373 211
face 0.013186931610107422 301 125 373 211
face 0.013154476881027222 301 125 373 211
face 0.013125121593475342 301 125 373 211
face 0.012977540493011475 301 125 373 211
face 0.012797802686691284 301 125 373 211
face 0.012542784214019775 301 125 373 211
face 0.012201488018035889 301 125 373 211
face 0.012075632810592651 301 125 373 211
face 0.012007415294647217 301 125 373 211
face 0.011999428272247314 301 125 373 211
face 0.011516064405441284 301 125 373 211
face 0.01147305965423584 301 125 373 211
face 0.011309623718261719 301 125 373 211
face 0.011195331811904907 301 125 373 211
face 0.011152207851409912 301 125 373 211
face 0.010972857475280762 301 125 373 211
face 0.010780632495880127 301 125 373 211
face 0.010770261287689209 301 125 373 211
face 0.01075252890586853 301 125 373 211
face 0.010704070329666138 301 125 373 211
face 0.010672569274902344 301 125 373 211
face 0.01064068078994751 301 125 373 211
face 0.010619103908538818 301 125 373 211
face 0.010380446910858154 301 125 373 211
face 0.010201424360275269 301 125 373 211
face 0.010175377130508423 301 125 373 211
face 0.010169267654418945 301 125 373 211
face 0.010089665651321411 301 125 373 211
face 0.010034263134002686 301 125 373 211
face 0.009848028421401978 301 125 373 211
face 0.009827733039855957 301 125 373 211
face 0.00975540280342102 301 125 373 211
face 0.009742110967636108 301 125 373 211
face 0.00961768627166748 301 125 373 211
face 0.009615868330001831 301 125 373 211
face 0.009601950645446777 301 125 373 211
face 0.008975446224212646 301 125 373 211
face 0.008970797061920166 301 125 373 211
face 0.008814126253128052 301 125 373 211
face 0.008770972490310669 301 125 373 211
face 0.008702844381332397 301 125 373 211
face 0.008538007736206055 301 125 373 211
face 0.0084647536277771 301 125 373 211
face 0.008393734693527222 301 125 373 211
face 0.008364319801330566 301 125 373 211
face 0.008334904909133911 301 125 373 211
face 0.008228838443756104 301 125 373 211
face 0.008150339126586914 301 125 373 211
face 0.008137911558151245 301 125 373 211
face 0.008133679628372192 301 125 373 211
face 0.007936209440231323 301 125 373 211
face 0.00784561038017273 301 125 373 211
face 0.007834583520889282 301 125 373 211
face 0.007804781198501587 301 125 373 211
face 0.007781386375427246 301 125 373 211
face 0.007705062627792358 301 125 373 211
face 0.00768733024597168 301 125 373 211
face 0.007673203945159912 301 125 373 211
face 0.007626563310623169 301 125 373 211
face 0.007619023323059082 301 125 373 211
face 0.007417410612106323 301 125 373 211
face 0.007262438535690308 301 125 373 211
