face 0.7708911895751953 688 181 724 233
face 0.6425390243530273 325 121 381 203
face 0.15390974283218384 325 121 381 203
face 0.15036165714263916 325 121 381 203
face 0.08072543144226074 325 121 381 203
face 0.06158670783042908 325 121 381 203
face 0.060599446296691895 325 121 381 203
face 0.06024405360221863 325 121 381 203
face 0.05776551365852356 325 121 381 203
face 0.05672934651374817 325 121 381 203
face 0.049190253019332886 325 121 381 203
face 0.044127821922302246 325 121 381 203
face 0.042553335428237915 325 121 381 203
face 0.03917187452316284 325 121 381 203
face 0.037890851497650146 325 121 381 203
face 0.03767275810241699 325 121 381 203
face 0.03546476364135742 325 121 381 203
face 0.03495293855667114 325 121 381 203
face 0.032533466815948486 325 121 381 203
face 0.030590534210205078 325 121 381 203
face 0.030196547508239746 325 121 381 203
face 0.03009602427482605 325 121 381 203
face 0.02913793921470642 325 121 381 203
face 0.028754979372024536 325 121 381 203
face 0.028575360774993896 325 121 381 203
face 0.02845016121864319 325 121 381 203
face 0.026283055543899536 325 121 381 203
face 0.02553275227546692 325 121 381 203
face 0.023439109325408936 325 121 381 203
face 0.02222687005996704 325 121 381 203
face 0.02213919162750244 325 121 381 203
face 0.02193152904510498 325 121 381 203
face 0.020131230354309082 325 121 381 203
face 0.020013511180877686 325 121 381 203
face 0.01881137490272522 325 121 381 203
face 0.018537282943725586 325 121 381 203
face 0.01804041862487793 325 121 381 203
face 0.01708737015724182 325 121 381 203
face 0.01691669225692749 325 121 381 203
face 0.01677042245864868 325 121 381 203
face 0.016639500856399536 325 121 381 203
face 0.016531705856323242 325 121 381 203
face 0.015494972467422485 325 121 381 203
face 0.015283733606338501 325 121 381 203
face 0.015055418014526367 325 121 381 203
face 0.014870494604110718 325 121 381 203
face 0.014782428741455078 325 121 381 203
face 0.014657378196716309 325 121 381 203
face 0.014561891555786133 325 121 381 203
face 0.014344245195388794 325 121 381 203
face 0.014296919107437134 325 121 381 203
face 0.014230966567993164 325 121 381 203
face 0.014093875885009766 325 121 381 203
face 0.013480842113494873 325 121 381 203
face 0.013165980577468872 325 121 381 203
face 0.012206226587295532 325 121 381 203
face 0.012149959802627563 325 121 381 203
face 0.012119263410568237 325 121 381 203
face 0.011853665113449097 325 121 381 203
face 0.011827290058135986 325 121 381 203
face 0.011658400297164917 325 121 381 203
face 0.01153576374053955 325 121 381 203
face 0.011414378881454468 325 121 381 203
face 0.011148154735565186 325 121 381 203
face 0.011074811220169067 325 121 381 203
face 0.010651707649230957 325 121 381 203
face 0.010259807109832764 325 121 381 203
face 0.010024547576904297 325 121 381 203
face 0.009863168001174927 325 121 381 203
face 0.009853154420852661 325 121 381 203
face 0.009687960147857666 325 121 381 203
face 0.00950610637664795 325 121 381 203
face 0.009461641311645508 325 121 381 203
face 0.009417504072189331 325 121 381 203
face 0.009286820888519287 325 121 381 203
face 0.00924333930015564 325 121 381 203
face 0.00923377275466919 325 121 381 203
face 0.00899505615234375 325 121 381 203
face 0.008926451206207275 325 121 381 203
face 0.008760392665863037 325 121 381 203
face 0.008554279804229736 325 121 381 203
face 0.00847017765045166 325 121 381 203
face 0.008465945720672607 325 121 381 203
face 0.00839284062385559 325 121 381 203
face 0.008333444595336914 325 121 381 203
face 0.008254587650299072 325 121 381 203
face 0.008014321327209473 325 121 381 203
face 0.007842034101486206 325 121 381 203
face 0.007754683494567871 325 121 381 203
face 0.007754147052764893 325 121 381 203
face 0.0076934099197387695 325 121 381 203
face 0.007674127817153931 325 121 381 203
face 0.007577121257781982 325 121 381 203
face 0.00732770562171936 325 121 381 203
face 0.007251858711242676 325 121 381 203
face 0.007209151983261108 325 121 381 203
face 0.007189959287643433 325 121 381 203
face 0.007166653871536255 325 121 381 203
face 0.0071159303188323975 325 121 381 203
face 0.00706559419631958 325 121 381 203
