face 0.9987001419067383 795 297 813 322
face 0.9897975921630859 883 326 903 351
face 0.9837021827697754 914 308 933 332
face 0.979529619216919 572 326 587 347
face 0.9749842882156372 373 304 390 329
face 0.9605829119682312 639 308 656 332
face 0.9172238111495972 532 315 549 337
face 0.8846979737281799 727 311 743 333
face 0.8575689792633057 623 322 638 343
face 0.8367236256599426 859 310 876 333
face 0.8344579935073853 413 315 428 336
face 0.8262609243392944 54 305 70 326
face 0.7699272632598877 691 315 705 335
face 0.6979398727416992 467 317 481 336
face 0.6505287289619446 463 320 478 341
face 0.6423444747924805 673 319 691 342
face 0.5551815032958984 832 317 850 341
face 0.2668802738189697 832 317 850 341
face 0.21011114120483398 832 317 850 341
face 0.1731734275817871 832 317 850 341
face 0.13871639966964722 832 317 850 341
face 0.11299839615821838 832 317 850 341
face 0.060896724462509155 832 317 850 341
face 0.045001208782196045 832 317 850 341
face 0.02630475163459778 832 317 850 341
face 0.01974073052406311 832 317 850 341
face 0.019588500261306763 832 317 850 341
face 0.015724092721939087 832 317 850 341
face 0.015150338411331177 832 317 850 341
face 0.015050500631332397 832 317 850 341
face 0.01495981216430664 832 317 850 341
face 0.012813866138458252 832 317 850 341
face 0.01219668984413147 832 317 850 341
face 0.011852115392684937 832 317 850 341
face 0.011097460985183716 832 317 850 341
face 0.01018419861793518 832 317 850 341
face 0.010110646486282349 832 317 850 341
face 0.00995326042175293 832 317 850 341
face 0.009653925895690918 832 317 850 341
face 0.009628921747207642 832 317 850 341
face 0.009563267230987549 832 317 850 341
face 0.00902622938156128 832 317 850 341
face 0.008822530508041382 832 317 850 341
face 0.008149027824401855 832 317 850 341
face 0.007951527833938599 832 317 850 341
face 0.007875591516494751 832 317 850 341
face 0.007419377565383911 832 317 850 341
face 0.006492197513580322 832 317 850 341
face 0.006473839282989502 832 317 850 341
face 0.0060991644859313965 832 317 850 341
face 0.005986601114273071 832 317 850 341
face 0.005863785743713379 832 317 850 341
face 0.00583648681640625 832 317 850 341
face 0.0058099329471588135 832 317 850 341
face 0.005684196949005127 832 317 850 341
face 0.005394726991653442 832 317 850 341
face 0.005364805459976196 832 317 850 341
face 0.005269914865493774 832 317 850 341
face 0.005166232585906982 832 317 850 341
face 0.005163252353668213 832 317 850 341
face 0.005114853382110596 832 317 850 341
face 0.0050067901611328125 832 317 850 341
face 0.004813969135284424 832 317 850 341
face 0.0047483742237091064 832 317 850 341
face 0.00455436110496521 832 317 850 341
face 0.004522651433944702 832 317 850 341
face 0.004511237144470215 832 317 850 341
face 0.004475831985473633 832 317 850 341
face 0.00439801812171936 832 317 850 341
face 0.004360407590866089 832 317 850 341
face 0.004327505826950073 832 317 850 341
face 0.004252403974533081 832 317 850 341
face 0.004244953393936157 832 317 850 341
face 0.004228740930557251 832 317 850 341
face 0.004216223955154419 832 317 850 341
face 0.0042115747928619385 832 317 850 341
face 0.0041363537311553955 832 317 850 341
face 0.00400388240814209 832 317 850 341
face 0.003984987735748291 832 317 850 341
face 0.0039702653884887695 832 317 850 341
face 0.0038792788982391357 832 317 850 341
face 0.003851383924484253 832 317 850 341
face 0.0038478076457977295 832 317 850 341
face 0.0037925243377685547 832 317 850 341
face 0.0037736892700195312 832 317 850 341
face 0.0036689341068267822 832 317 850 341
face 0.0036613941192626953 832 317 850 341
face 0.0036551058292388916 832 317 850 341
face 0.003654986619949341 832 317 850 341
face 0.0035513639450073242 832 317 850 341
face 0.003549903631210327 832 317 850 341
face 0.003537240670993924 832 317 850 341
face 0.003521472215652466 832 317 850 341
face 0.0035074353218078613 832 317 850 341
face 0.0034823715686798096 832 317 850 341
face 0.003457993268966675 832 317 850 341
face 0.0034143924713134766 832 317 850 341
face 0.0033414363861083984 832 317 850 341
face 0.003340482711791992 832 317 850 341
face 0.0033012032508850098 832 317 850 341
