face 0.7053067684173584 532 128 606 192
face 0.09707361459732056 532 128 606 192
face 0.06909963488578796 532 128 606 192
face 0.06294018030166626 532 128 606 192
face 0.05890190601348877 532 128 606 192
face 0.0575864315032959 532 128 606 192
face 0.0492134690284729 532 128 606 192
face 0.04808327555656433 532 128 606 192
face 0.03977102041244507 532 128 606 192
face 0.03909251093864441 532 128 606 192
face 0.037505924701690674 532 128 606 192
face 0.034690022468566895 532 128 606 192
face 0.034368157386779785 532 128 606 192
face 0.03432551026344299 532 128 606 192
face 0.03390878438949585 532 128 606 192
face 0.033272504806518555 532 128 606 192
face 0.02504071593284607 532 128 606 192
face 0.023764699697494507 532 128 606 192
face 0.02218356728553772 532 128 606 192
face 0.021483123302459717 532 128 606 192
face 0.020598500967025757 532 128 606 192
face 0.02013114094734192 532 128 606 192
face 0.019977420568466187 532 128 606 192
face 0.019245386123657227 532 128 606 192
face 0.01911020278930664 532 128 606 192
face 0.01888754963874817 532 128 606 192
face 0.01825958490371704 532 128 606 192
face 0.01689961552619934 532 128 606 192
face 0.016836702823638916 532 128 606 192
face 0.01671263575553894 532 128 606 192
face 0.016577541828155518 532 128 606 192
face 0.016380608081817627 532 128 606 192
face 0.016363918781280518 532 128 606 192
face 0.016034483909606934 532 128 606 192
face 0.015806734561920166 532 128 606 192
face 0.014624357223510742 532 128 606 192
face 0.014190077781677246 532 128 606 192
face 0.014073342084884644 532 128 606 192
face 0.01372838020324707 532 128 606 192
face 0.013544946908950806 532 128 606 192
face 0.013399630784988403 532 128 606 192
face 0.012560486793518066 532 128 606 192
face 0.01248401403427124 532 128 606 192
face 0.012401670217514038 532 128 606 192
face 0.012034773826599121 532 128 606 192
face 0.011752605438232422 532 128 606 192
face 0.01151934266090393 532 128 606 192
face 0.011463433504104614 532 128 606 192
face 0.010990679264068604 532 128 606 192
face 0.010836571455001831 532 128 606 192
face 0.010638028383255005 532 128 606 192
face 0.010607272386550903 532 128 606 192
face 0.010441362857818604 532 128 606 192
face 0.010249018669128418 532 128 606 192
face 0.010190874338150024 532 128 606 192
face 0.010147571563720703 532 128 606 192
face 0.010029017925262451 532 128 606 192
face 0.009967833757400513 532 128 606 192
face 0.009966075420379639 532 128 606 192
face 0.009926676750183105 532 128 606 192
face 0.009882926940917969 532 128 606 192
face 0.009836345911026001 532 128 606 192
face 0.009761810302734375 532 128 606 192
face 0.009759455919265747 532 128 606 192
face 0.00965207815170288 532 128 606 192
face 0.009475469589233398 532 128 606 192
face 0.009418725967407227 532 128 606 192
face 0.009407639503479004 532 128 606 192
face 0.00930216908454895 532 128 606 192
face 0.009292840957641602 532 128 606 192
face 0.009225249290466309 532 128 606 192
face 0.009177148342132568 532 128 606 192
face 0.009172648191452026 532 128 606 192
face 0.00916910171508789 532 128 606 192
face 0.009112387895584106 532 128 606 192
face 0.009091436862945557 532 128 606 192
face 0.009026706218719482 532 128 606 192
face 0.00897553563117981 532 128 606 192
face 0.008915096521377563 532 128 606 192
face 0.008830159902572632 532 128 606 192
face 0.008812596090137959 532 128 606 192
face 0.008763998746871948 532 128 606 192
face 0.008708536624908447 532 128 606 192
face 0.008618652820587158 532 128 606 192
face 0.008534938097000122 532 128 606 192
face 0.00853109359741211 532 128 606 192
face 0.008460015058517456 532 128 606 192
face 0.00845867395401001 532 128 606 192
face 0.008433729410171509 532 128 606 192
face 0.008386880159378052 532 128 606 192
face 0.008348643779754639 532 128 606 192
face 0.008084982633590698 532 128 606 192
face 0.007829248905181885 532 128 606 192
face 0.007784396409988403 532 128 606 192
face 0.007680982351303101 532 128 606 192
face 0.007528394460678101 532 128 606 192
face 0.007472306489944458 532 128 606 192
face 0.007462203502655029 532 128 606 192
face 0.007417768239974976 532 128 606 192
face 0.007406890392303467 532 128 606 192
