face 0.998869776725769 152 198 201 254
face 0.9972989559173584 259 365 312 430
face 0.9832092523574829 125 439 180 511
face 0.9749118089675903 658 198 683 235
face 0.9663131833076477 877 170 914 211
face 0.9521536827087402 663 309 693 350
face 0.9510430097579956 553 328 582 364
face 0.9067805409431458 577 138 611 179
face 0.9045920968055725 479 181 524 227
face 0.9037023782730103 248 179 288 225
face 0.8005033731460571 722 176 755 225
face 0.769309401512146 743 126 797 203
face 0.5915801525115967 516 384 554 447
face 0.4740050435066223 516 384 554 447
face 0.4105015993118286 516 384 554 447
face 0.4017207622528076 516 384 554 447
face 0.37189537286758423 516 384 554 447
face 0.3110717535018921 516 384 554 447
face 0.21653306484222412 516 384 554 447
face 0.19615218043327332 516 384 554 447
face 0.1917342245578766 516 384 554 447
face 0.17349576950073242 516 384 554 447
face 0.14716404676437378 516 384 554 447
face 0.1329902708530426 516 384 554 447
face 0.1322542130947113 516 384 554 447
face 0.12441936135292053 516 384 554 447
face 0.12377732992172241 516 384 554 447
face 0.08801332116127014 516 384 554 447
face 0.07541611790657043 516 384 554 447
face 0.07263600826263428 516 384 554 447
face 0.06675946712493896 516 384 554 447
face 0.0621645450592041 516 384 554 447
face 0.057801127433776855 516 384 554 447
face 0.055101096630096436 516 384 554 447
face 0.04718539118766785 516 384 554 447
face 0.04637628793716431 516 384 554 447
face 0.04318732023239136 516 384 554 447
face 0.04124566912651062 516 384 554 447
face 0.03704288601875305 516 384 554 447
face 0.03167763352394104 516 384 554 447
face 0.026530981063842773 516 384 554 447
face 0.025621354579925537 516 384 554 447
face 0.025111228227615356 516 384 554 447
face 0.025040477514266968 516 384 554 447
face 0.02425256371498108 516 384 554 447
face 0.023819684982299805 516 384 554 447
face 0.02277359366416931 516 384 554 447
face 0.02253049612045288 516 384 554 447
face 0.022342324256896973 516 384 554 447
face 0.022295385599136353 516 384 554 447
face 0.022144824266433716 516 384 554 447
face 0.02154594659805298 516 384 554 447
face 0.02139878273010254 516 384 554 447
face 0.02097618579864502 516 384 554 447
face 0.02081736922264099 516 384 554 447
face 0.0204659104347229 516 384 554 447
face 0.020340651273727417 516 384 554 447
face 0.02002894878387451 516 384 554 447
face 0.019130408763885498 516 384 554 447
face 0.019100576639175415 516 384 554 447
face 0.017890900373458862 516 384 554 447
face 0.017680734395980835 516 384 554 447
face 0.017283231019973755 516 384 554 447
face 0.016731470823287964 516 384 554 447
face 0.016486167907714844 516 384 554 447
face 0.016293644905090332 516 384 554 447
face 0.015777558088302612 516 384 554 447
face 0.015694230794906616 516 384 554 447
face 0.015628039836883545 516 384 554 447
face 0.015595048666000366 516 384 554 447
face 0.015368670225143433 516 384 554 447
face 0.015133678913116455 516 384 554 447
face 0.014831840991973877 516 384 554 447
face 0.014703601598739624 516 384 554 447
face 0.014204442501068115 516 384 554 447
face 0.013833999633789062 516 384 554 447
face 0.013778328895568848 516 384 554 447
face 0.013301551342010498 516 384 554 447
face 0.012985318899154663 516 384 554 447
face 0.012919038534164429 516 384 554 447
face 0.012854695320129395 516 384 554 447
face 0.01272737979888916 516 384 554 447
face 0.012389391660690308 516 384 554 447
face 0.012349903583526611 516 384 554 447
face 0.012319892644882202 516 384 554 447
face 0.01213178038597107 516 384 554 447
face 0.011816740036010742 516 384 554 447
face 0.011768341064453125 516 384 554 447
face 0.011509329080581665 516 384 554 447
face 0.01146930456161499 516 384 554 447
face 0.011376917362213135 516 384 554 447
face 0.01131594181060791 516 384 554 447
face 0.011213600635528564 516 384 554 447
face 0.011173248291015625 516 384 554 447
face 0.011055469512939453 516 384 554 447
face 0.010930001735687256 516 384 554 447
face 0.010784715414047241 516 384 554 447
face 0.010724455118179321 516 384 554 447
face 0.010554701089859009 516 384 554 447
face 0.010513365268707275 516 384 554 447
