face 0.8149430751800537 212 64 275 132
face 0.20416834950447083 212 64 275 132
face 0.0453968346118927 212 64 275 132
face 0.028394043445587158 212 64 275 132
face 0.027825236320495605 212 64 275 132
face 0.02637028694152832 212 64 275 132
face 0.023772239685058594 212 64 275 132
face 0.023100316524505615 212 64 275 132
face 0.021530866622924805 212 64 275 132
face 0.019477903842926025 212 64 275 132
face 0.01811876893043518 212 64 275 132
face 0.01758754253387451 212 64 275 132
face 0.017260611057281494 212 64 275 132
face 0.0171205997467041 212 64 275 132
face 0.016773313283920288 212 64 275 132
face 0.015575230121612549 212 64 275 132
face 0.015317022800445557 212 64 275 132
face 0.014821261167526245 212 64 275 132
face 0.014735639095306396 212 64 275 132
face 0.014024317264556885 212 64 275 132
face 0.014020085334777832 212 64 275 132
face 0.013462752103805542 212 64 275 132
face 0.013193637132644653 212 64 275 132
face 0.01287946105003357 212 64 275 132
face 0.012176305055618286 212 64 275 132
face 0.011978447437286377 212 64 275 132
face 0.011822134256362915 212 64 275 132
face 0.011587023735046387 212 64 275 132
face 0.01147642731666565 212 64 275 132
face 0.011381655931472778 212 64 275 132
face 0.011001378297805786 212 64 275 132
face 0.010950833559036255 212 64 275 132
face 0.010797560214996338 212 64 275 132
face 0.010493367910385132 212 64 275 132
face 0.010397464036941528 212 64 275 132
face 0.01029554009437561 212 64 275 132
face 0.010038614273071289 212 64 275 132
face 0.010004669427871704 212 64 275 132
face 0.009992092847824097 212 64 275 132
face 0.009860297664999962 212 64 275 132
face 0.009726405143737793 212 64 275 132
face 0.009686410427093506 212 64 275 132
face 0.009589821100234985 212 64 275 132
face 0.009323537349700928 212 64 275 132
face 0.008928924798965454 212 64 275 132
face 0.008867412805557251 212 64 275 132
face 0.008846282958984375 212 64 275 132
face 0.00875827670097351 212 64 275 132
face 0.008638471364974976 212 64 275 132
face 0.008571654558181763 212 64 275 132
face 0.008495837450027466 212 64 275 132
face 0.008386969566345215 212 64 275 132
face 0.008386880159378052 212 64 275 132
face 0.008369237184524536 212 64 275 132
face 0.008331716060638428 212 64 275 132
face 0.008291006088256836 212 64 275 132
face 0.007991313934326172 212 64 275 132
face 0.007932901382446289 212 64 275 132
face 0.00792926549911499 212 64 275 132
face 0.007868319749832153 212 64 275 132
face 0.007832378149032593 212 64 275 132
face 0.007830828428268433 212 64 275 132
face 0.007576435804367065 212 64 275 132
face 0.007522106170654297 212 64 275 132
face 0.00737452507019043 212 64 275 132
face 0.0073544979095458984 212 64 275 132
face 0.007324427366256714 212 64 275 132
face 0.007323026657104492 212 64 275 132
face 0.007321089506149292 212 64 275 132
face 0.0071534812450408936 212 64 275 132
face 0.007108837366104126 212 64 275 132
face 0.007079184055328369 212 64 275 132
face 0.007012754678726196 212 64 275 132
face 0.0069679319858551025 212 64 275 132
face 0.006933450698852539 212 64 275 132
face 0.0069071948528289795 212 64 275 132
face 0.006888717412948608 212 64 275 132
face 0.006830066442489624 212 64 275 132
face 0.006815731525421143 212 64 275 132
face 0.0068125128746032715 212 64 275 132
face 0.006798058748245239 212 64 275 132
face 0.006748825311660767 212 64 275 132
face 0.006734013557434082 212 64 275 132
face 0.006707042455673218 212 64 275 132
face 0.006690174341201782 212 64 275 132
face 0.006644904613494873 212 64 275 132
face 0.0065517425537109375 212 64 275 132
face 0.006518512964248657 212 64 275 132
face 0.006471455097198486 212 64 275 132
face 0.006434530019760132 212 64 275 132
face 0.006247758865356445 212 64 275 132
face 0.006200551986694336 212 64 275 132
face 0.006152987480163574 212 64 275 132
face 0.006145298480987549 212 64 275 132
face 0.006102204322814941 212 64 275 132
face 0.0060745179653167725 212 64 275 132
face 0.006055921316146851 212 64 275 132
face 0.005933642387390137 212 64 275 132
face 0.005882352590560913 212 64 275 132
face 0.005856066942214966 212 64 275 132
