face 0.5349544286727905 585 158 669 247
face 0.42687225341796875 585 158 669 247
face 0.12173163890838623 585 158 669 247
face 0.06088489294052124 585 158 669 247
face 0.0413796603679657 585 158 669 247
face 0.03336498141288757 585 158 669 247
face 0.03144359588623047 585 158 669 247
face 0.030581116676330566 585 158 669 247
face 0.029519736766815186 585 158 669 247
face 0.02920353412628174 585 158 669 247
face 0.028400331735610962 585 158 669 247
face 0.02654966711997986 585 158 669 247
face 0.023416340351104736 585 158 669 247
face 0.022588998079299927 585 158 669 247
face 0.022295773029327393 585 158 669 247
face 0.020545601844787598 585 158 669 247
face 0.020478427410125732 585 158 669 247
face 0.020078152418136597 585 158 669 247
face 0.019549041986465454 585 158 669 247
face 0.019527852535247803 585 158 669 247
face 0.016908079385757446 585 158 669 247
face 0.01617509126663208 585 158 669 247
face 0.015162646770477295 585 158 669 247
face 0.015076428651809692 585 158 669 247
face 0.014626950025558472 585 158 669 247
face 0.014271914958953857 585 158 669 247
face 0.013472527265548706 585 158 669 247
face 0.013091564178466797 585 158 669 247
face 0.013042181730270386 585 158 669 247
face 0.012603163719177246 585 158 669 247
face 0.012292593717575073 585 158 669 247
face 0.012178808450698853 585 158 669 247
face 0.01206827163696289 585 158 669 247
face 0.011002600193023682 585 158 669 247
face 0.01063007116317749 585 158 669 247
face 0.010377764701843262 585 158 669 247
face 0.01033744215965271 585 158 669 247
face 0.010165363550186157 585 158 669 247
face 0.009980887174606323 585 158 669 247
face 0.009771019220352173 585 158 669 247
face 0.009561359882354736 585 158 669 247
face 0.009511321783065796 585 158 669 247
face 0.009318530559539795 585 158 669 247
face 0.009304642677307129 585 158 669 247
face 0.009194105863571167 585 158 669 247
face 0.009034037590026855 585 158 669 247
face 0.009002596139907837 585 158 669 247
face 0.008603692054748535 585 158 669 247
face 0.00852745771408081 585 158 669 247
face 0.008181065320968628 585 158 669 247
face 0.00796663761138916 585 158 669 247
face 0.007866650819778442 585 158 669 247
face 0.007664471864700317 585 158 669 247
face 0.007534772157669067 585 158 669 247
face 0.007466912269592285 585 158 669 247
face 0.0072106122970581055 585 158 669 247
face 0.007147878408432007 585 158 669 247
face 0.0070753395557403564 585 158 669 247
face 0.007028162479400635 585 158 669 247
face 0.006996184587478638 585 158 669 247
face 0.006945878267288208 585 158 669 247
face 0.0069141387939453125 585 158 669 247
face 0.00686374306678772 585 158 669 247
face 0.006775707006454468 585 158 669 247
face 0.006728500127792358 585 158 669 247
face 0.00671502947807312 585 158 669 247
face 0.006645768880844116 585 158 669 247
face 0.006537377834320068 585 158 669 247
face 0.006530791521072388 585 158 669 247
face 0.006522238254547119 585 158 669 247
face 0.0064848363399505615 585 158 669 247
face 0.006378740072250366 585 158 669 247
face 0.006378233432769775 585 158 669 247
face 0.006361871957778931 585 158 669 247
face 0.0063249170780181885 585 158 669 247
face 0.006152302026748657 585 158 669 247
face 0.006054133176803589 585 158 669 247
face 0.0060052573680877686 585 158 669 247
face 0.005989730358123779 585 158 669 247
face 0.005960553884506226 585 158 669 247
face 0.0059070587158203125 585 158 669 247
face 0.005853980779647827 585 158 669 247
face 0.005765736103057861 585 158 669 247
face 0.0057506561279296875 585 158 669 247
face 0.005701422691345215 585 158 669 247
face 0.005616217851638794 585 158 669 247
face 0.005445361137390137 585 158 669 247
face 0.005396783351898193 585 158 669 247
face 0.005331993103027344 585 158 669 247
face 0.0053240954875946045 585 158 669 247
face 0.005244165658950806 585 158 669 247
face 0.005234241485595703 585 158 669 247
face 0.005206316709518433 585 158 669 247
face 0.005095064640045166 585 158 669 247
face 0.005020469427108765 585 158 669 247
face 0.005016416311264038 585 158 669 247
face 0.00494500994682312 585 158 669 247
face 0.004936933517456055 585 158 669 247
face 0.00492548942565918 585 158 669 247
face 0.004866093397140503 585 158 669 247
