face 0.30193811655044556 497 270 707 504
face 0.27610641717910767 497 270 707 504
face 0.24066242575645447 497 270 707 504
face 0.2370409071445465 497 270 707 504
face 0.15383923053741455 497 270 707 504
face 0.1429155170917511 497 270 707 504
face 0.13763388991355896 497 270 707 504
face 0.1249937117099762 497 270 707 504
face 0.12339526414871216 497 270 707 504
face 0.1206643283367157 497 270 707 504
face 0.11007136106491089 497 270 707 504
face 0.10784059762954712 497 270 707 504
face 0.09839513897895813 497 270 707 504
face 0.09830933809280396 497 270 707 504
face 0.09728750586509705 497 270 707 504
face 0.09396550059318542 497 270 707 504
face 0.09291446208953857 497 270 707 504
face 0.0861184298992157 497 270 707 504
face 0.07833707332611084 497 270 707 504
face 0.07263538241386414 497 270 707 504
face 0.06403884291648865 497 270 707 504
face 0.06308460235595703 497 270 707 504
face 0.0626821219921112 497 270 707 504
face 0.06105735898017883 497 270 707 504
face 0.059540778398513794 497 270 707 504
face 0.05948561429977417 497 270 707 504
face 0.059292495250701904 497 270 707 504
face 0.05857720971107483 497 270 707 504
face 0.058403730392456055 497 270 707 504
face 0.05743631720542908 497 270 707 504
face 0.056015193462371826 497 270 707 504
face 0.05550822615623474 497 270 707 504
face 0.05486634373664856 497 270 707 504
face 0.05436137318611145 497 270 707 504
face 0.05312061309814453 497 270 707 504
face 0.0528426468372345 497 270 707 504
face 0.052813172340393066 497 270 707 504
face 0.05126839876174927 497 270 707 504
face 0.05077502131462097 497 270 707 504
face 0.05054366588592529 497 270 707 504
face 0.04782545566558838 497 270 707 504
face 0.04730495810508728 497 270 707 504
face 0.046841561794281006 497 270 707 504
face 0.04653310775756836 497 270 707 504
face 0.045999497175216675 497 270 707 504
face 0.04578128457069397 497 270 707 504
face 0.045661330223083496 497 270 707 504
face 0.04543378949165344 497 270 707 504
face 0.04296496510505676 497 270 707 504
face 0.04274880886077881 497 270 707 504
face 0.04213491082191467 497 270 707 504
face 0.04203355312347412 497 270 707 504
face 0.041985392570495605 497 270 707 504
face 0.0419481098651886 497 270 707 504
face 0.04137295484542847 497 270 707 504
face 0.041328877210617065 497 270 707 504
face 0.03991970419883728 497 270 707 504
face 0.039902687072753906 497 270 707 504
face 0.03956574201583862 497 270 707 504
face 0.038834601640701294 497 270 707 504
face 0.03872382640838623 497 270 707 504
face 0.03849470615386963 497 270 707 504
face 0.037678301334381104 497 270 707 504
face 0.03759416937828064 497 270 707 504
face 0.037296414375305176 497 270 707 504
face 0.03706943988800049 497 270 707 504
face 0.03687417507171631 497 270 707 504
face 0.03667372465133667 497 270 707 504
face 0.03655293583869934 497 270 707 504
face 0.036542296409606934 497 270 707 504
face 0.03651303052902222 497 270 707 504
face 0.0364951491355896 497 270 707 504
face 0.036460161209106445 497 270 707 504
face 0.0364471971988678 497 270 707 504
face 0.036065369844436646 497 270 707 504
face 0.035881251096725464 497 270 707 504
face 0.03565329313278198 497 270 707 504
face 0.03555452823638916 497 270 707 504
face 0.03515157103538513 497 270 707 504
face 0.03469046950340271 497 270 707 504
face 0.034533917903900146 497 270 707 504
face 0.03425866365432739 497 270 707 504
face 0.03419959545135498 497 270 707 504
face 0.03417649865150452 497 270 707 504
face 0.034080952405929565 497 270 707 504
face 0.033910781145095825 497 270 707 504
face 0.033361464738845825 497 270 707 504
face 0.03316521644592285 497 270 707 504
face 0.0327167809009552 497 270 707 504
face 0.032638102769851685 497 270 707 504
face 0.03226158022880554 497 270 707 504
face 0.032173752784729004 497 270 707 504
face 0.0321066677570343 497 270 707 504
face 0.03156083822250366 497 270 707 504
face 0.031532734632492065 497 270 707 504
face 0.03134670853614807 497 270 707 504
face 0.030553728342056274 497 270 707 504
face 0.030470967292785645 497 270 707 504
face 0.030458569526672363 497 270 707 504
face 0.030424565076828003 497 270 707 504
