face 0.9684684872627258 683 102 737 157
face 0.16111189126968384 683 102 737 157
face 0.050660133361816406 683 102 737 157
face 0.0461103618144989 683 102 737 157
face 0.04123011231422424 683 102 737 157
face 0.036720335483551025 683 102 737 157
face 0.036384642124176025 683 102 737 157
face 0.028548508882522583 683 102 737 157
face 0.02792990207672119 683 102 737 157
face 0.027874350547790527 683 102 737 157
face 0.026348233222961426 683 102 737 157
face 0.026328235864639282 683 102 737 157
face 0.025651603937149048 683 102 737 157
face 0.021674901247024536 683 102 737 157
face 0.021485328674316406 683 102 737 157
face 0.019887775182724 683 102 737 157
face 0.019366741180419922 683 102 737 157
face 0.019180625677108765 683 102 737 157
face 0.01873248815536499 683 102 737 157
face 0.017237156629562378 683 102 737 157
face 0.017156004905700684 683 102 737 157
face 0.017049163579940796 683 102 737 157
face 0.016306430101394653 683 102 737 157
face 0.01606026291847229 683 102 737 157
face 0.015744954347610474 683 102 737 157
face 0.014291435480117798 683 102 737 157
face 0.014210253953933716 683 102 737 157
face 0.013944745063781738 683 102 737 157
face 0.013935744762420654 683 102 737 157
face 0.013555347919464111 683 102 737 157
face 0.013332962989807129 683 102 737 157
face 0.013308346271514893 683 102 737 157
face 0.01264864206314087 683 102 737 157
face 0.012542873620986938 683 102 737 157
face 0.012387335300445557 683 102 737 157
face 0.01224064826965332 683 102 737 157
face 0.012163758277893066 683 102 737 157
face 0.012153565883636475 683 102 737 157
face 0.011663585901260376 683 102 737 157
face 0.011492252349853516 683 102 737 157
face 0.0110606849193573 683 102 737 157
face 0.011020660400390625 683 102 737 157
face 0.010778665542602539 683 102 737 157
face 0.010516524314880371 683 102 737 157
face 0.01021239161491394 683 102 737 157
face 0.01001518964767456 683 102 737 157
face 0.009965687990188599 683 102 737 157
face 0.00996372103691101 683 102 737 157
face 0.00976058840751648 683 102 737 157
face 0.00973057746887207 683 102 737 157
face 0.009630143642425537 683 102 737 157
face 0.009496718645095825 683 102 737 157
face 0.009365946054458618 683 102 737 157
face 0.008831799030303955 683 102 737 157
face 0.008757710456848145 683 102 737 157
face 0.008487880229949951 683 102 737 157
face 0.008370131254196167 683 102 737 157
face 0.008142799139022827 683 102 737 157
face 0.007976323366165161 683 102 737 157
face 0.007850885391235352 683 102 737 157
face 0.007814586162567139 683 102 737 157
face 0.007798612117767334 683 102 737 157
face 0.007645726203918457 683 102 737 157
face 0.007597148418426514 683 102 737 157
face 0.007423847913742065 683 102 737 157
face 0.007401198148727417 683 102 737 157
face 0.00739559531211853 683 102 737 157
face 0.007374286651611328 683 102 737 157
face 0.007322728633880615 683 102 737 157
face 0.006959706544876099 683 102 737 157
face 0.006766915321350098 683 102 737 157
face 0.006765961647033691 683 102 737 157
face 0.006751954555511475 683 102 737 157
face 0.006726682186126709 683 102 737 157
face 0.006661266088485718 683 102 737 157
face 0.006648898124694824 683 102 737 157
face 0.00652623176574707 683 102 737 157
face 0.006452828645706177 683 102 737 157
face 0.006430894136428833 683 102 737 157
face 0.0064077675342559814 683 102 737 157
face 0.0062805116176605225 683 102 737 157
face 0.006255358457565308 683 102 737 157
face 0.00620540976524353 683 102 737 157
face 0.00619170069694519 683 102 737 157
face 0.006108790636062622 683 102 737 157
face 0.005958139896392822 683 102 737 157
face 0.005858033895492554 683 102 737 157
face 0.005795955657958984 683 102 737 157
face 0.00567781925201416 683 102 737 157
face 0.005675673484802246 683 102 737 157
face 0.00566864013671875 683 102 737 157
face 0.00559428334236145 683 102 737 157
face 0.005532622337341309 683 102 737 157
face 0.005408227443695068 683 102 737 157
face 0.005364179611206055 683 102 737 157
face 0.005345851182937622 683 102 737 157
face 0.0053338706493377686 683 102 737 157
face 0.005211919546127319 683 102 737 157
face 0.0051978230476379395 683 102 737 157
face 0.005190819501876831 683 102 737 157
