face 0.8652629256248474 768 55 803 113
face 0.08682206273078918 768 55 803 113
face 0.07413551211357117 768 55 803 113
face 0.07263782620429993 768 55 803 113
face 0.06466549634933472 768 55 803 113
face 0.06317046284675598 768 55 803 113
face 0.05427628755569458 768 55 803 113
face 0.052254050970077515 768 55 803 113
face 0.049661487340927124 768 55 803 113
face 0.049364179372787476 768 55 803 113
face 0.04728838801383972 768 55 803 113
face 0.04719153046607971 768 55 803 113
face 0.04715687036514282 768 55 803 113
face 0.04700389504432678 768 55 803 113
face 0.04507321119308472 768 55 803 113
face 0.04419255256652832 768 55 803 113
face 0.04418438673019409 768 55 803 113
face 0.041343361139297485 768 55 803 113
face 0.04100063443183899 768 55 803 113
face 0.04039105772972107 768 55 803 113
face 0.040120452642440796 768 55 803 113
face 0.038736969232559204 768 55 803 113
face 0.038492798805236816 768 55 803 113
face 0.038279831409454346 768 55 803 113
face 0.03807872533798218 768 55 803 113
face 0.0379825234413147 768 55 803 113
face 0.03766876459121704 768 55 803 113
face 0.037266701459884644 768 55 803 113
face 0.03717109560966492 768 55 803 113
face 0.035545915365219116 768 55 803 113
face 0.03530067205429077 768 55 803 113
face 0.0350918173789978 768 55 803 113
face 0.03468844294548035 768 55 803 113
face 0.03459855914115906 768 55 803 113
face 0.03416749835014343 768 55 803 113
face 0.03402543067932129 768 55 803 113
face 0.03375861048698425 768 55 803 113
face 0.03346356749534607 768 55 803 113
face 0.03328961133956909 768 55 803 113
face 0.033130794763565063 768 55 803 113
face 0.03300434350967407 768 55 803 113
face 0.032852500677108765 768 55 803 113
face 0.032570600509643555 768 55 803 113
face 0.032464951276779175 768 55 803 113
face 0.03206533193588257 768 55 803 113
face 0.03171780705451965 768 55 803 113
face 0.03162631392478943 768 55 803 113
face 0.03103742003440857 768 55 803 113
face 0.03101620078086853 768 55 803 113
face 0.03050374984741211 768 55 803 113
face 0.030312389135360718 768 55 803 113
face 0.030102968215942383 768 55 803 113
face 0.029775381088256836 768 55 803 113
face 0.0296211838722229 768 55 803 113
face 0.02961835265159607 768 55 803 113
face 0.029484838247299194 768 55 803 113
face 0.029437273740768433 768 55 803 113
face 0.02914324402809143 768 55 803 113
face 0.028791576623916626 768 55 803 113
face 0.028418779373168945 768 55 803 113
face 0.028266310691833496 768 55 803 113
face 0.02811536192893982 768 55 803 113
face 0.027855247259140015 768 55 803 113
face 0.02773788571357727 768 55 803 113
face 0.027318298816680908 768 55 803 113
face 0.026900798082351685 768 55 803 113
face 0.02689620852470398 768 55 803 113
face 0.026591241359710693 768 55 803 113
face 0.02655300498008728 768 55 803 113
face 0.02652674913406372 768 55 803 113
face 0.0262850821018219 768 55 803 113
face 0.02626216411590576 768 55 803 113
face 0.026247859001159668 768 55 803 113
face 0.025823146104812622 768 55 803 113
face 0.025728732347488403 768 55 803 113
face 0.025586962699890137 768 55 803 113
face 0.025423437356948853 768 55 803 113
face 0.02505466341972351 768 55 803 113
face 0.025036513805389404 768 55 803 113
face 0.024772673845291138 768 55 803 113
face 0.02473577857017517 768 55 803 113
face 0.024630695581436157 768 55 803 113
face 0.024597346782684326 768 55 803 113
face 0.02454337477684021 768 55 803 113
face 0.02442145347595215 768 55 803 113
face 0.024367600679397583 768 55 803 113
face 0.02428796887397766 768 55 803 113
face 0.024222463369369507 768 55 803 113
face 0.024198532104492188 768 55 803 113
face 0.024079889059066772 768 55 803 113
face 0.023953139781951904 768 55 803 113
face 0.02392953634262085 768 55 803 113
face 0.023905932903289795 768 55 803 113
face 0.023754149675369263 768 55 803 113
face 0.023744940757751465 768 55 803 113
face 0.023617923259735107 768 55 803 113
face 0.023561835289001465 768 55 803 113
face 0.023524105548858643 768 55 803 113
face 0.023434042930603027 768 55 803 113
face 0.02325412631034851 768 55 803 113
