face 0.9906057119369507 219 80 347 242
face 0.9726257920265198 637 119 765 283
face 0.17182192206382751 637 119 765 283
face 0.06652933359146118 637 119 765 283
face 0.028945356607437134 637 119 765 283
face 0.02584114670753479 637 119 765 283
face 0.018912464380264282 637 119 765 283
face 0.01615026593208313 637 119 765 283
face 0.013911902904510498 637 119 765 283
face 0.01366528868675232 637 119 765 283
face 0.01343640685081482 637 119 765 283
face 0.01254260540008545 637 119 765 283
face 0.012195110321044922 637 119 765 283
face 0.01200789213180542 637 119 765 283
face 0.011544585227966309 637 119 765 283
face 0.011528551578521729 637 119 765 283
face 0.011279195547103882 637 119 765 283
face 0.011267870664596558 637 119 765 283
face 0.010909676551818848 637 119 765 283
face 0.0108431875705719 637 119 765 283
face 0.01053038239479065 637 119 765 283
face 0.010016947984695435 637 119 765 283
face 0.009769260883331299 637 119 765 283
face 0.009401589632034302 637 119 765 283
face 0.009376376867294312 637 119 765 283
face 0.009267866611480713 637 119 765 283
face 0.008839130401611328 637 119 765 283
face 0.008630335330963135 637 119 765 283
face 0.008512556552886963 637 119 765 283
face 0.008281409740447998 637 119 765 283
face 0.008132457733154297 637 119 765 283
face 0.0078070759773254395 637 119 765 283
face 0.007802695035934448 637 119 765 283
face 0.007748246192932129 637 119 765 283
face 0.007659971714019775 637 119 765 283
face 0.007588297128677368 637 119 765 283
face 0.00757107138633728 637 119 765 283
face 0.007357209920883179 637 119 765 283
face 0.007123470306396484 637 119 765 283
face 0.006952822208404541 637 119 765 283
face 0.006932467222213745 637 119 765 283
face 0.006892383098602295 637 119 765 283
face 0.006856709718704224 637 119 765 283
face 0.0067154765129089355 637 119 765 283
face 0.006693035364151001 637 119 765 283
face 0.006507396697998047 637 119 765 283
face 0.006366550922393799 637 119 765 283
face 0.006201982498168945 637 119 765 283
face 0.006178945302963257 637 119 765 283
face 0.006178438663482666 637 119 765 283
face 0.006169319152832031 637 119 765 283
face 0.00602644681930542 637 119 765 283
face 0.005973726511001587 637 119 765 283
face 0.005971670150756836 637 119 765 283
face 0.005964010953903198 637 119 765 283
face 0.00591084361076355 637 119 765 283
face 0.005870133638381958 637 119 765 283
face 0.005861490964889526 637 119 765 283
face 0.0058525800704956055 637 119 765 283
face 0.005799472332000732 637 119 765 283
face 0.005754917860031128 637 119 765 283
face 0.005741417407989502 637 119 765 283
face 0.005731403827667236 637 119 765 283
face 0.005656927824020386 637 119 765 283
face 0.005656838417053223 637 119 765 283
face 0.00552445650100708 637 119 765 283
face 0.005508214235305786 637 119 765 283
face 0.0054759681224823 637 119 765 283
face 0.005472451448440552 637 119 765 283
face 0.005447804927825928 637 119 765 283
face 0.005441069602966309 637 119 765 283
face 0.0054145753383636475 637 119 765 283
face 0.005409806966781616 637 119 765 283
face 0.005403846502304077 637 119 765 283
face 0.005386084318161011 637 119 765 283
face 0.005365967750549316 637 119 765 283
face 0.0053483545780181885 637 119 765 283
face 0.005279123783111572 637 119 765 283
face 0.005151569843292236 637 119 765 283
face 0.005144178867340088 637 119 765 283
face 0.00513109564781189 637 119 765 283
face 0.005103111267089844 637 119 765 283
face 0.00507587194442749 637 119 765 283
face 0.005055040121078491 637 119 765 283
face 0.005000591278076172 637 119 765 283
face 0.004926800727844238 637 119 765 283
face 0.004920691251754761 637 119 765 283
face 0.004919528961181641 637 119 765 283
face 0.004910111427307129 637 119 765 283
face 0.0048923492431640625 637 119 765 283
face 0.004886150360107422 637 119 765 283
face 0.004864692687988281 637 119 765 283
face 0.00484776496887207 637 119 765 283
face 0.004791289567947388 637 119 765 283
face 0.004783570766448975 637 119 765 283
face 0.00478285551071167 637 119 765 283
face 0.004775017499923706 637 119 765 283
face 0.0047734081745147705 637 119 765 283
face 0.004723012447357178 637 119 765 283
face 0.0046923160552978516 637 119 765 283
