face 0.6562404036521912 416 345 526 495
face 0.01916918158531189 416 345 526 495
face 0.017072081565856934 416 345 526 495
face 0.016898810863494873 416 345 526 495
face 0.015505850315093994 416 345 526 495
face 0.009721755981445312 416 345 526 495
face 0.00932881236076355 416 345 526 495
face 0.008186817169189453 416 345 526 495
face 0.007627338171005249 416 345 526 495
face 0.0074301958084106445 416 345 526 495
face 0.0071780383586883545 416 345 526 495
face 0.007019519805908203 416 345 526 495
face 0.007013171911239624 416 345 526 495
face 0.007012307643890381 416 345 526 495
face 0.005671441555023193 416 345 526 495
face 0.0055800676345825195 416 345 526 495
face 0.005445688962936401 416 345 526 495
face 0.005384385585784912 416 345 526 495
face 0.005139589309692383 416 345 526 495
face 0.005123168230056763 416 345 526 495
face 0.00511854887008667 416 345 526 495
face 0.005070090293884277 416 345 526 495
face 0.005002617835998535 416 345 526 495
face 0.0047727227210998535 416 345 526 495
face 0.004741489887237549 416 345 526 495
face 0.004732042551040649 416 345 526 495
face 0.004646331071853638 416 345 526 495
face 0.004523336887359619 416 345 526 495
face 0.004486739635467529 416 345 526 495
face 0.0044476985931396484 416 345 526 495
face 0.0043739378452301025 416 345 526 495
face 0.004272758960723877 416 345 526 495
face 0.004233747720718384 416 345 526 495
face 0.004120051860809326 416 345 526 495
face 0.003983289003372192 416 345 526 495
face 0.003966331481933594 416 345 526 495
face 0.003909707069396973 416 345 526 495
face 0.0038803815841674805 416 345 526 495
face 0.003874450922012329 416 345 526 495
face 0.003872901201248169 416 345 526 495
face 0.0038409531116485596 416 345 526 495
face 0.003807574510574341 416 345 526 495
face 0.0037842094898223877 416 345 526 495
face 0.003633648157119751 416 345 526 495
face 0.0035970211029052734 416 345 526 495
face 0.0035688579082489014 416 345 526 495
face 0.0035443007946014404 416 345 526 495
face 0.003486335277557373 416 345 526 495
face 0.0034470856189727783 416 345 526 495
face 0.0034077465534210205 416 345 526 495
face 0.0033518075942993164 416 345 526 495
face 0.003296107053756714 416 345 526 495
face 0.0032629966735839844 416 345 526 495
face 0.003256171941757202 416 345 526 495
face 0.0032379329204559326 416 345 526 495
face 0.0032187998294830322 416 345 526 495
face 0.003170222043991089 416 345 526 495
face 0.003119736909866333 416 345 526 495
face 0.0030614733695983887 416 345 526 495
face 0.002994626760482788 416 345 526 495
face 0.0028567910194396973 416 345 526 495
face 0.0028217434883117676 416 345 526 495
face 0.0027980804443359375 416 345 526 495
face 0.002786099910736084 416 345 526 495
face 0.002709716558456421 416 345 526 495
face 0.002689868211746216 416 345 526 495
face 0.0026842355728149414 416 345 526 495
face 0.00266873836517334 416 345 526 495
face 0.0026580989360809326 416 345 526 495
face 0.0026335418224334717 416 345 526 495
face 0.0025900602340698242 416 345 526 495
face 0.002576887607574463 416 345 526 495
face 0.002561807632446289 416 345 526 495
face 0.002559185028076172 416 345 526 495
face 0.002538025379180908 416 345 526 495
face 0.002523362636566162 416 345 526 495
face 0.002502232789993286 416 345 526 495
face 0.002495795488357544 416 345 526 495
face 0.0024627745151519775 416 345 526 495
face 0.0024625658988952637 416 345 526 495
face 0.0024620890617370605 416 345 526 495
face 0.0024327635765075684 416 345 526 495
face 0.0024311840534210205 416 345 526 495
face 0.0024247467517852783 416 345 526 495
face 0.0023909807205200195 416 345 526 495
face 0.0023773610591888428 416 345 526 495
face 0.002356588840484619 416 345 526 495
face 0.0023398101329803467 416 345 526 495
face 0.002337932586669922 416 345 526 495
face 0.0023353099822998047 416 345 526 495
face 0.0023352205753326416 416 345 526 495
face 0.0023165345191955566 416 345 526 495
face 0.0022918283939361572 416 345 526 495
face 0.002273857593536377 416 345 526 495
face 0.0022600889205932617 416 345 526 495
face 0.0022587478160858154 416 345 526 495
face 0.002199321985244751 416 345 526 495
face 0.0021965205669403076 416 345 526 495
face 0.0021767616271972656 416 345 526 495
face 0.0021673738956451416 416 345 526 495
