face 0.9314843416213989 651 135 704 195
face 0.9314669370651245 878 153 984 264
face 0.854952335357666 187 136 254 194
face 0.8440326452255249 353 162 431 230
face 0.8387458324432373 765 141 820 197
face 0.7009227275848389 280 136 345 203
face 0.6761780977249146 450 124 528 204
face 0.45065173506736755 450 124 528 204
face 0.393411785364151 450 124 528 204
face 0.3329738974571228 450 124 528 204
face 0.15060415863990784 450 124 528 204
face 0.14426708221435547 450 124 528 204
face 0.13113239407539368 450 124 528 204
face 0.0927562415599823 450 124 528 204
face 0.08014985918998718 450 124 528 204
face 0.06768214702606201 450 124 528 204
face 0.06211051344871521 450 124 528 204
face 0.053586870431900024 450 124 528 204
face 0.04858255386352539 450 124 528 204
face 0.04680773615837097 450 124 528 204
face 0.042677223682403564 450 124 528 204
face 0.040974587202072144 450 124 528 204
face 0.04065203666687012 450 124 528 204
face 0.039681196212768555 450 124 528 204
face 0.03900936245918274 450 124 528 204
face 0.0381966233253479 450 124 528 204
face 0.03807815909385681 450 124 528 204
face 0.03725069761276245 450 124 528 204
face 0.03706958889961243 450 124 528 204
face 0.036026597023010254 450 124 528 204
face 0.0348474383354187 450 124 528 204
face 0.03401070833206177 450 124 528 204
face 0.03361988067626953 450 124 528 204
face 0.033272743225097656 450 124 528 204
face 0.03238120675086975 450 124 528 204
face 0.032098978757858276 450 124 528 204
face 0.031877338886260986 450 124 528 204
face 0.031837284564971924 450 124 528 204
face 0.031000882387161255 450 124 528 204
face 0.03086024522781372 450 124 528 204
face 0.029433399438858032 450 124 528 204
face 0.028544604778289795 450 124 528 204
face 0.028063088655471802 450 124 528 204
face 0.026840507984161377 450 124 528 204
face 0.026557981967926025 450 124 528 204
face 0.026530086994171143 450 124 528 204
face 0.026345491409301758 450 124 528 204
face 0.026316314935684204 450 124 528 204
face 0.02618524432182312 450 124 528 204
face 0.02611944079399109 450 124 528 204
face 0.026047885417938232 450 124 528 204
face 0.025343894958496094 450 124 528 204
face 0.025144994258880615 450 124 528 204
face 0.024936288595199585 450 124 528 204
face 0.02485087513923645 450 124 528 204
face 0.024484902620315552 450 124 528 204
face 0.024213314056396484 450 124 528 204
face 0.024081438779830933 450 124 528 204
face 0.023821890354156494 450 124 528 204
face 0.023692846298217773 450 124 528 204
face 0.02368888258934021 450 124 528 204
face 0.02308174967765808 450 124 528 204
face 0.02256712317466736 450 124 528 204
face 0.022352874279022217 450 124 528 204
face 0.022333353757858276 450 124 528 204
face 0.022311657667160034 450 124 528 204
face 0.02166035771369934 450 124 528 204
face 0.02132028341293335 450 124 528 204
face 0.02093091607093811 450 124 528 204
face 0.020925581455230713 450 124 528 204
face 0.02084249258041382 450 124 528 204
face 0.020662039518356323 450 124 528 204
face 0.020571529865264893 450 124 528 204
face 0.020202279090881348 450 124 528 204
face 0.020201653242111206 450 124 528 204
face 0.02007851004600525 450 124 528 204
face 0.019766628742218018 450 124 528 204
face 0.019579172134399414 450 124 528 204
face 0.019268900156021118 450 124 528 204
face 0.019081562757492065 450 124 528 204
face 0.019000262022018433 450 124 528 204
face 0.018580138683319092 450 124 528 204
face 0.01856634020805359 450 124 528 204
face 0.01849958300590515 450 124 528 204
face 0.018462717533111572 450 124 528 204
face 0.018299639225006104 450 124 528 204
face 0.01821267604827881 450 124 528 204
face 0.0176849365234375 450 124 528 204
face 0.01764470338821411 450 124 528 204
face 0.017567932605743408 450 124 528 204
face 0.017461508512496948 450 124 528 204
face 0.017448216676712036 450 124 528 204
face 0.017441272735595703 450 124 528 204
face 0.017309606075286865 450 124 528 204
face 0.017079412937164307 450 124 528 204
face 0.01707935333251953 450 124 528 204
face 0.016940027475357056 450 124 528 204
face 0.016823232173919678 450 124 528 204
face 0.0165577232837677 450 124 528 204
face 0.016402006149291992 450 124 528 204
