face 0.9287258982658386 949 116 962 132
face 0.8755449056625366 833 132 849 153
face 0.8476924896240234 1004 121 1017 138
face 0.7080674767494202 453 140 474 161
face 0.7002605199813843 954 160 971 179
face 0.6973694562911987 440 201 463 224
face 0.6611976027488708 852 114 866 132
face 0.6539698839187622 898 176 915 196
face 0.6239286661148071 883 141 899 160
face 0.5913734436035156 886 271 903 291
face 0.5592758059501648 992 181 1010 199
face 0.53684401512146 806 133 820 153
face 0.5314689874649048 591 116 608 136
face 0.5132579803466797 984 205 1007 227
face 0.47774800658226013 984 205 1007 227
face 0.45990732312202454 984 205 1007 227
face 0.4336572289466858 984 205 1007 227
face 0.42953723669052124 984 205 1007 227
face 0.4179092049598694 984 205 1007 227
face 0.4116661250591278 984 205 1007 227
face 0.3919001817703247 984 205 1007 227
face 0.37468165159225464 984 205 1007 227
face 0.373818039894104 984 205 1007 227
face 0.36393672227859497 984 205 1007 227
face 0.3561968207359314 984 205 1007 227
face 0.34712135791778564 984 205 1007 227
face 0.3420219123363495 984 205 1007 227
face 0.3406451940536499 984 205 1007 227
face 0.338171124458313 984 205 1007 227
face 0.3350023925304413 984 205 1007 227
face 0.32724109292030334 984 205 1007 227
face 0.31717920303344727 984 205 1007 227
face 0.3086308240890503 984 205 1007 227
face 0.30121761560440063 984 205 1007 227
face 0.2974052429199219 984 205 1007 227
face 0.2967241406440735 984 205 1007 227
face 0.2935328185558319 984 205 1007 227
face 0.2743886113166809 984 205 1007 227
face 0.27220380306243896 984 205 1007 227
face 0.27104368805885315 984 205 1007 227
face 0.26230573654174805 984 205 1007 227
face 0.25683480501174927 984 205 1007 227
face 0.25624513626098633 984 205 1007 227
face 0.24733278155326843 984 205 1007 227
face 0.24277254939079285 984 205 1007 227
face 0.24124392867088318 984 205 1007 227
face 0.23791548609733582 984 205 1007 227
face 0.23648741841316223 984 205 1007 227
face 0.23334920406341553 984 205 1007 227
face 0.2310730218887329 984 205 1007 227
face 0.2180650532245636 984 205 1007 227
face 0.21533912420272827 984 205 1007 227
face 0.210717111825943 984 205 1007 227
face 0.2011880874633789 984 205 1007 227
face 0.1921236515045166 984 205 1007 227
face 0.16051644086837769 984 205 1007 227
face 0.15898266434669495 984 205 1007 227
face 0.15853211283683777 984 205 1007 227
face 0.15798842906951904 984 205 1007 227
face 0.15599331259727478 984 205 1007 227
face 0.15404430031776428 984 205 1007 227
face 0.15268927812576294 984 205 1007 227
face 0.14125317335128784 984 205 1007 227
face 0.14064645767211914 984 205 1007 227
face 0.13839957118034363 984 205 1007 227
face 0.13528987765312195 984 205 1007 227
face 0.13422048091888428 984 205 1007 227
face 0.1336955428123474 984 205 1007 227
face 0.13230669498443604 984 205 1007 227
face 0.12488165497779846 984 205 1007 227
face 0.123618483543396 984 205 1007 227
face 0.12251782417297363 984 205 1007 227
face 0.11852279305458069 984 205 1007 227
face 0.11837682127952576 984 205 1007 227
face 0.11725127696990967 984 205 1007 227
face 0.11710736155509949 984 205 1007 227
face 0.11394608020782471 984 205 1007 227
face 0.10692071914672852 984 205 1007 227
face 0.10356524586677551 984 205 1007 227
face 0.10207042098045349 984 205 1007 227
face 0.10004305839538574 984 205 1007 227
face 0.09995201230049133 984 205 1007 227
face 0.09964177012443542 984 205 1007 227
face 0.09825769066810608 984 205 1007 227
face 0.09772202372550964 984 205 1007 227
face 0.09662634134292603 984 205 1007 227
face 0.09602165222167969 984 205 1007 227
face 0.09240397810935974 984 205 1007 227
face 0.09214287996292114 984 205 1007 227
face 0.0908360481262207 984 205 1007 227
face 0.08938229084014893 984 205 1007 227
face 0.08732923865318298 984 205 1007 227
face 0.08724460005760193 984 205 1007 227
face 0.08689045906066895 984 205 1007 227
face 0.08586519956588745 984 205 1007 227
face 0.08558481931686401 984 205 1007 227
face 0.08441588282585144 984 205 1007 227
face 0.08306518197059631 984 205 1007 227
face 0.07902207970619202 984 205 1007 227
face 0.07712647318840027 984 205 1007 227
