face 0.9802834391593933 785 222 848 296
face 0.7815451622009277 354 305 366 320
face 0.7657030820846558 63 311 76 327
face 0.6606802940368652 438 214 498 293
face 0.6453351974487305 26 303 40 320
face 0.604875385761261 545 263 593 324
face 0.528984010219574 177 316 193 333
face 0.43547505140304565 177 316 193 333
face 0.2893058657646179 177 316 193 333
face 0.27447474002838135 177 316 193 333
face 0.17704689502716064 177 316 193 333
face 0.13660413026809692 177 316 193 333
face 0.10749605298042297 177 316 193 333
face 0.10496655106544495 177 316 193 333
face 0.08025899529457092 177 316 193 333
face 0.07836762070655823 177 316 193 333
face 0.07300770282745361 177 316 193 333
face 0.0695544183254242 177 316 193 333
face 0.0509544312953949 177 316 193 333
face 0.047397077083587646 177 316 193 333
face 0.04561328887939453 177 316 193 333
face 0.04502633213996887 177 316 193 333
face 0.04036825895309448 177 316 193 333
face 0.03653553128242493 177 316 193 333
face 0.03342530131340027 177 316 193 333
face 0.032405585050582886 177 316 193 333
face 0.031467705965042114 177 316 193 333
face 0.029400140047073364 177 316 193 333
face 0.024945110082626343 177 316 193 333
face 0.023687660694122314 177 316 193 333
face 0.023379117250442505 177 316 193 333
face 0.02270418405532837 177 316 193 333
face 0.021519392728805542 177 316 193 333
face 0.020122289657592773 177 316 193 333
face 0.018518716096878052 177 316 193 333
face 0.016082733869552612 177 316 193 333
face 0.01551121473312378 177 316 193 333
face 0.015151560306549072 177 316 193 333
face 0.014499634504318237 177 316 193 333
face 0.01374727487564087 177 316 193 333
face 0.01353001594543457 177 316 193 333
face 0.01322200894355774 177 316 193 333
face 0.01127856969833374 177 316 193 333
face 0.01091831922531128 177 316 193 333
face 0.010816991329193115 177 316 193 333
face 0.010710686445236206 177 316 193 333
face 0.010557949542999268 177 316 193 333
face 0.010352343320846558 177 316 193 333
face 0.010279268026351929 177 316 193 333
face 0.009880304336547852 177 316 193 333
face 0.00960513949394226 177 316 193 333
face 0.009596049785614014 177 316 193 333
face 0.009527087211608887 177 316 193 333
face 0.00921022891998291 177 316 193 333
face 0.009064137935638428 177 316 193 333
face 0.008915245532989502 177 316 193 333
face 0.00883743166923523 177 316 193 333
face 0.008671820163726807 177 316 193 333
face 0.008660286664962769 177 316 193 333
face 0.008576661348342896 177 316 193 333
face 0.008563756942749023 177 316 193 333
face 0.00821337103843689 177 316 193 333
face 0.008084088563919067 177 316 193 333
face 0.00792616605758667 177 316 193 333
face 0.007857710123062134 177 316 193 333
face 0.007708042860031128 177 316 193 333
face 0.007676601409912109 177 316 193 333
face 0.007495403289794922 177 316 193 333
face 0.007473737001419067 177 316 193 333
face 0.007448971271514893 177 316 193 333
face 0.007216989994049072 177 316 193 333
face 0.00716671347618103 177 316 193 333
face 0.007068902254104614 177 316 193 333
face 0.0069468021392822266 177 316 193 333
face 0.00687718391418457 177 316 193 333
face 0.006755739450454712 177 316 193 333
face 0.006745398044586182 177 316 193 333
face 0.006591796875 177 316 193 333
face 0.006543874740600586 177 316 193 333
face 0.00653606653213501 177 316 193 333
face 0.006511896848678589 177 316 193 333
face 0.006451010704040527 177 316 193 333
face 0.006416201591491699 177 316 193 333
face 0.0063790082931518555 177 316 193 333
face 0.006316512823104858 177 316 193 333
face 0.006223589181900024 177 316 193 333
face 0.006198972463607788 177 316 193 333
face 0.006177932024002075 177 316 193 333
face 0.006109178066253662 177 316 193 333
face 0.006094843149185181 177 316 193 333
face 0.006047099828720093 177 316 193 333
face 0.006044298410415649 177 316 193 333
face 0.006009191274642944 177 316 193 333
face 0.006003737449645996 177 316 193 333
face 0.005981922149658203 177 316 193 333
face 0.005979031324386597 177 316 193 333
face 0.005947917699813843 177 316 193 333
face 0.005942702293395996 177 316 193 333
face 0.0058869123458862305 177 316 193 333
face 0.0058345794677734375 177 316 193 333
