face 0.9906229972839355 60 349 92 404
face 0.9457962512969971 600 390 625 427
face 0.843543529510498 220 355 244 393
face 0.6320225596427917 0 610 29 660
face 0.5257264971733093 382 375 391 389
face 0.4490959644317627 382 375 391 389
face 0.2999352216720581 382 375 391 389
face 0.2566431760787964 382 375 391 389
face 0.10161051154136658 382 375 391 389
face 0.0899941623210907 382 375 391 389
face 0.08759450912475586 382 375 391 389
face 0.07797825336456299 382 375 391 389
face 0.07085490226745605 382 375 391 389
face 0.06868919730186462 382 375 391 389
face 0.06629353761672974 382 375 391 389
face 0.06609472632408142 382 375 391 389
face 0.05489066243171692 382 375 391 389
face 0.05348441004753113 382 375 391 389
face 0.046105384826660156 382 375 391 389
face 0.0453929603099823 382 375 391 389
face 0.03935536742210388 382 375 391 389
face 0.030810385942459106 382 375 391 389
face 0.025508254766464233 382 375 391 389
face 0.0231550931930542 382 375 391 389
face 0.022035270929336548 382 375 391 389
face 0.020549774169921875 382 375 391 389
face 0.020257383584976196 382 375 391 389
face 0.018244236707687378 382 375 391 389
face 0.016397684812545776 382 375 391 389
face 0.016272783279418945 382 375 391 389
face 0.01598772406578064 382 375 391 389
face 0.014984607696533203 382 375 391 389
face 0.014589846134185791 382 375 391 389
face 0.01445859670639038 382 375 391 389
face 0.013830840587615967 382 375 391 389
face 0.01336902379989624 382 375 391 389
face 0.011876910924911499 382 375 391 389
face 0.011689245700836182 382 375 391 389
face 0.011290043592453003 382 375 391 389
face 0.011283904314041138 382 375 391 389
face 0.010766923427581787 382 375 391 389
face 0.010373741388320923 382 375 391 389
face 0.010347306728363037 382 375 391 389
face 0.010345637798309326 382 375 391 389
face 0.010124832391738892 382 375 391 389
face 0.009811580181121826 382 375 391 389
face 0.009690552949905396 382 375 391 389
face 0.009424656629562378 382 375 391 389
face 0.009194791316986084 382 375 391 389
face 0.009180516004562378 382 375 391 389
face 0.009091943502426147 382 375 391 389
face 0.008980661630630493 382 375 391 389
face 0.00889664888381958 382 375 391 389
face 0.008772194385528564 382 375 391 389
face 0.00869905948638916 382 375 391 389
face 0.008599519729614258 382 375 391 389
face 0.008520752191543579 382 375 391 389
face 0.008471459150314331 382 375 391 389
face 0.008037924766540527 382 375 391 389
face 0.007969290018081665 382 375 391 389
face 0.007890194654464722 382 375 391 389
face 0.007805854082107544 382 375 391 389
face 0.007553279399871826 382 375 391 389
face 0.007233709096908569 382 375 391 389
face 0.007229059934616089 382 375 391 389
face 0.006891906261444092 382 375 391 389
face 0.006841927766799927 382 375 391 389
face 0.0067255496978759766 382 375 391 389
face 0.006720095872879028 382 375 391 389
face 0.0066449642181396484 382 375 391 389
face 0.006429105997085571 382 375 391 389
face 0.006409734487533569 382 375 391 389
face 0.006406843662261963 382 375 391 389
face 0.0063551366329193115 382 375 391 389
face 0.006305605173110962 382 375 391 389
face 0.006165564060211182 382 375 391 389
face 0.006162136793136597 382 375 391 389
face 0.006159186363220215 382 375 391 389
face 0.006148546934127808 382 375 391 389
face 0.006086587905883789 382 375 391 389
face 0.006058603525161743 382 375 391 389
face 0.005943000316619873 382 375 391 389
face 0.005893826484680176 382 375 391 389
face 0.00564458966255188 382 375 391 389
face 0.005621880292892456 382 375 391 389
face 0.0053952038288116455 382 375 391 389
face 0.005332976579666138 382 375 391 389
face 0.005252569913864136 382 375 391 389
face 0.005074977874755859 382 375 391 389
face 0.004923075437545776 382 375 391 389
face 0.004902958869934082 382 375 391 389
face 0.0047962963581085205 382 375 391 389
face 0.004738181829452515 382 375 391 389
face 0.004714757204055786 382 375 391 389
face 0.0047012269496917725 382 375 391 389
face 0.004691988229751587 382 375 391 389
face 0.004614353179931641 382 375 391 389
face 0.004612088203430176 382 375 391 389
face 0.004470884799957275 382 375 391 389
face 0.004435628652572632 382 375 391 389
