face 0.7014325857162476 317 341 326 364
face 0.5622731447219849 83 484 101 520
face 0.5255236029624939 402 354 410 371
face 0.4934159815311432 402 354 410 371
face 0.43040531873703003 402 354 410 371
face 0.40876534581184387 402 354 410 371
face 0.3537639379501343 402 354 410 371
face 0.28404611349105835 402 354 410 371
face 0.24106493592262268 402 354 410 371
face 0.21637895703315735 402 354 410 371
face 0.2148163914680481 402 354 410 371
face 0.20630255341529846 402 354 410 371
face 0.18767127394676208 402 354 410 371
face 0.17500606179237366 402 354 410 371
face 0.17255789041519165 402 354 410 371
face 0.14160370826721191 402 354 410 371
face 0.13837838172912598 402 354 410 371
face 0.11760419607162476 402 354 410 371
face 0.11405345797538757 402 354 410 371
face 0.11207741498947144 402 354 410 371
face 0.10139146447181702 402 354 410 371
face 0.10093101859092712 402 354 410 371
face 0.1003449559211731 402 354 410 371
face 0.08448556065559387 402 354 410 371
face 0.0821932852268219 402 354 410 371
face 0.07067498564720154 402 354 410 371
face 0.06919971108436584 402 354 410 371
face 0.06836327910423279 402 354 410 371
face 0.06702235341072083 402 354 410 371
face 0.06659150123596191 402 354 410 371
face 0.05774563550949097 402 354 410 371
face 0.0563141405582428 402 354 410 371
face 0.05247732996940613 402 354 410 371
face 0.05221724510192871 402 354 410 371
face 0.051300257444381714 402 354 410 371
face 0.04771679639816284 402 354 410 371
face 0.04704385995864868 402 354 410 371
face 0.04536512494087219 402 354 410 371
face 0.04530513286590576 402 354 410 371
face 0.042849451303482056 402 354 410 371
face 0.04048696160316467 402 354 410 371
face 0.03838196396827698 402 354 410 371
face 0.03706920146942139 402 354 410 371
face 0.035212308168411255 402 354 410 371
face 0.034954845905303955 402 354 410 371
face 0.034374117851257324 402 354 410 371
face 0.031932562589645386 402 354 410 371
face 0.03152734041213989 402 354 410 371
face 0.030844569206237793 402 354 410 371
face 0.030187636613845825 402 354 410 371
face 0.030155450105667114 402 354 410 371
face 0.030104845762252808 402 354 410 371
face 0.029589742422103882 402 354 410 371
face 0.028425544500350952 402 354 410 371
face 0.02821725606918335 402 354 410 371
face 0.02781340479850769 402 354 410 371
face 0.027715057134628296 402 354 410 371
face 0.027650922536849976 402 354 410 371
face 0.027643173933029175 402 354 410 371
face 0.026267945766448975 402 354 410 371
face 0.02599164843559265 402 354 410 371
face 0.025700420141220093 402 354 410 371
face 0.02546331286430359 402 354 410 371
face 0.02514001727104187 402 354 410 371
face 0.02506914734840393 402 354 410 371
face 0.024729520082473755 402 354 410 371
face 0.02466660737991333 402 354 410 371
face 0.02427646517753601 402 354 410 371
face 0.023844361305236816 402 354 410 371
face 0.02347409725189209 402 354 410 371
face 0.023135632276535034 402 354 410 371
face 0.023073643445968628 402 354 410 371
face 0.022346943616867065 402 354 410 371
face 0.022254258394241333 402 354 410 371
face 0.022031307220458984 402 354 410 371
face 0.02163875102996826 402 354 410 371
face 0.02158409357070923 402 354 410 371
face 0.021195292472839355 402 354 410 371
face 0.02117156982421875 402 354 410 371
face 0.02075803279876709 402 354 410 371
face 0.020735621452331543 402 354 410 371
face 0.02044212818145752 402 354 410 371
face 0.0203687846660614 402 354 410 371
face 0.020139247179031372 402 354 410 371
face 0.01999521255493164 402 354 410 371
face 0.01976040005683899 402 354 410 371
face 0.019728243350982666 402 354 410 371
face 0.019570082426071167 402 354 410 371
face 0.019524842500686646 402 354 410 371
face 0.01940813660621643 402 354 410 371
face 0.019301891326904297 402 354 410 371
face 0.019208252429962158 402 354 410 371
face 0.018944859504699707 402 354 410 371
face 0.018680214881896973 402 354 410 371
face 0.018556594848632812 402 354 410 371
face 0.018438071012496948 402 354 410 371
face 0.018434494733810425 402 354 410 371
face 0.018271833658218384 402 354 410 371
face 0.018220871686935425 402 354 410 371
face 0.017866402864456177 402 354 410 371
