face 0.9990389347076416 749 316 800 368
face 0.9984437227249146 176 235 219 287
face 0.9970327615737915 438 159 482 215
face 0.9949538707733154 528 122 573 177
face 0.966681718826294 360 124 407 176
face 0.6878793239593506 468 331 518 390
face 0.12472257018089294 468 331 518 390
face 0.06983157992362976 468 331 518 390
face 0.06716179847717285 468 331 518 390
face 0.04410746693611145 468 331 518 390
face 0.02548736333847046 468 331 518 390
face 0.02144482731819153 468 331 518 390
face 0.019218504428863525 468 331 518 390
face 0.016710489988327026 468 331 518 390
face 0.01670759916305542 468 331 518 390
face 0.01635676622390747 468 331 518 390
face 0.014323621988296509 468 331 518 390
face 0.013053327798843384 468 331 518 390
face 0.012865930795669556 468 331 518 390
face 0.01273837685585022 468 331 518 390
face 0.012486577033996582 468 331 518 390
face 0.012207865715026855 468 331 518 390
face 0.012012511491775513 468 331 518 390
face 0.011965841054916382 468 331 518 390
face 0.011683553457260132 468 331 518 390
face 0.011525660753250122 468 331 518 390
face 0.011490702629089355 468 331 518 390
face 0.010678678750991821 468 331 518 390
face 0.010665565729141235 468 331 518 390
face 0.010601848363876343 468 331 518 390
face 0.01053646206855774 468 331 518 390
face 0.010509252548217773 468 331 518 390
face 0.009783715009689331 468 331 518 390
face 0.0095767080783844 468 331 518 390
face 0.008189409971237183 468 331 518 390
face 0.007907658815383911 468 331 518 390
face 0.007721543312072754 468 331 518 390
face 0.007400929927825928 468 331 518 390
face 0.007359057664871216 468 331 518 390
face 0.0072869062423706055 468 331 518 390
face 0.007211595773696899 468 331 518 390
face 0.007136166095733643 468 331 518 390
face 0.007106304168701172 468 331 518 390
face 0.007067888975143433 468 331 518 390
face 0.006834238767623901 468 331 518 390
face 0.006687074899673462 468 331 518 390
face 0.006629139184951782 468 331 518 390
face 0.00651821494102478 468 331 518 390
face 0.0064279139041900635 468 331 518 390
face 0.006423979997634888 468 331 518 390
face 0.006419122219085693 468 331 518 390
face 0.0061948299407958984 468 331 518 390
face 0.00618472695350647 468 331 518 390
face 0.0061026811599731445 468 331 518 390
face 0.0060270726680755615 468 331 518 390
face 0.006000548601150513 468 331 518 390
face 0.005933493375778198 468 331 518 390
face 0.005882143974304199 468 331 518 390
face 0.005871772766113281 468 331 518 390
face 0.005865573883056641 468 331 518 390
face 0.0058401525020599365 468 331 518 390
face 0.005680471658706665 468 331 518 390
face 0.005638778209686279 468 331 518 390
face 0.005559384822845459 468 331 518 390
face 0.005486667156219482 468 331 518 390
face 0.005448877811431885 468 331 518 390
face 0.0052213966846466064 468 331 518 390
face 0.005182594060897827 468 331 518 390
face 0.005180269479751587 468 331 518 390
face 0.00509333610534668 468 331 518 390
face 0.0050737857818603516 468 331 518 390
face 0.004861325025558472 468 331 518 390
face 0.004773885011672974 468 331 518 390
face 0.004746556282043457 468 331 518 390
face 0.004732280969619751 468 331 518 390
face 0.0046842098236083984 468 331 518 390
face 0.0046374499797821045 468 331 518 390
face 0.004599779844284058 468 331 518 390
face 0.004454106092453003 468 331 518 390
face 0.0044488608837127686 468 331 518 390
face 0.004409611225128174 468 331 518 390
face 0.004377841949462891 468 331 518 390
face 0.004315316677093506 468 331 518 390
face 0.004301279783248901 468 331 518 390
face 0.004297107458114624 468 331 518 390
face 0.004148602485656738 468 331 518 390
face 0.0041287243366241455 468 331 518 390
face 0.004110515117645264 468 331 518 390
face 0.004098474979400635 468 331 518 390
face 0.003968298435211182 468 331 518 390
face 0.003957659006118774 468 331 518 390
face 0.003908991813659668 468 331 518 390
face 0.0038923323154449463 468 331 518 390
face 0.003804147243499756 468 331 518 390
face 0.0037530064582824707 468 331 518 390
face 0.003738909959793091 468 331 518 390
face 0.0037109553813934326 468 331 518 390
face 0.003692924976348877 468 331 518 390
face 0.0036908090114593506 468 331 518 390
face 0.003685504198074341 468 331 518 390
