face 0.8030948638916016 584 45 646 121
face 0.1633552610874176 584 45 646 121
face 0.13395795226097107 584 45 646 121
face 0.07861301302909851 584 45 646 121
face 0.06719100475311279 584 45 646 121
face 0.05970999598503113 584 45 646 121
face 0.054308801889419556 584 45 646 121
face 0.0533427894115448 584 45 646 121
face 0.0525069534778595 584 45 646 121
face 0.04908904433250427 584 45 646 121
face 0.04718106985092163 584 45 646 121
face 0.04509377479553223 584 45 646 121
face 0.0444282591342926 584 45 646 121
face 0.041315823793411255 584 45 646 121
face 0.04010140895843506 584 45 646 121
face 0.03750690817832947 584 45 646 121
face 0.036655962467193604 584 45 646 121
face 0.035990744829177856 584 45 646 121
face 0.03487536311149597 584 45 646 121
face 0.03387752175331116 584 45 646 121
face 0.03355613350868225 584 45 646 121
face 0.033516913652420044 584 45 646 121
face 0.03347325325012207 584 45 646 121
face 0.03316837549209595 584 45 646 121
face 0.0316445529460907 584 45 646 121
face 0.03010210394859314 584 45 646 121
face 0.029245376586914062 584 45 646 121
face 0.028917968273162842 584 45 646 121
face 0.028529614210128784 584 45 646 121
face 0.028297781944274902 584 45 646 121
face 0.028192132711410522 584 45 646 121
face 0.02677944302558899 584 45 646 121
face 0.02626892924308777 584 45 646 121
face 0.025740385055541992 584 45 646 121
face 0.02570575475692749 584 45 646 121
face 0.025565892457962036 584 45 646 121
face 0.02519550919532776 584 45 646 121
face 0.024707823991775513 584 45 646 121
face 0.024561703205108643 584 45 646 121
face 0.024364233016967773 584 45 646 121
face 0.02406206727027893 584 45 646 121
face 0.023797690868377686 584 45 646 121
face 0.02378949522972107 584 45 646 121
face 0.023646831512451172 584 45 646 121
face 0.023265957832336426 584 45 646 121
face 0.023245811462402344 584 45 646 121
face 0.023005783557891846 584 45 646 121
face 0.022888779640197754 584 45 646 121
face 0.02278834581375122 584 45 646 121
face 0.022587597370147705 584 45 646 121
face 0.022419393062591553 584 45 646 121
face 0.021894752979278564 584 45 646 121
face 0.021686017513275146 584 45 646 121
face 0.021530210971832275 584 45 646 121
face 0.02139034867286682 584 45 646 121
face 0.021278858184814453 584 45 646 121
face 0.02123430371284485 584 45 646 121
face 0.021159350872039795 584 45 646 121
face 0.021143972873687744 584 45 646 121
face 0.020941197872161865 584 45 646 121
face 0.020928531885147095 584 45 646 121
face 0.020696371793746948 584 45 646 121
face 0.020681411027908325 584 45 646 121
face 0.020039081573486328 584 45 646 121
face 0.01966327428817749 584 45 646 121
face 0.019537746906280518 584 45 646 121
face 0.01935216784477234 584 45 646 121
face 0.019156664609909058 584 45 646 121
face 0.01879441738128662 584 45 646 121
face 0.018719524145126343 584 45 646 121
face 0.01794329285621643 584 45 646 121
face 0.017749011516571045 584 45 646 121
face 0.017573237419128418 584 45 646 121
face 0.01748812198638916 584 45 646 121
face 0.0173930823802948 584 45 646 121
face 0.017277449369430542 584 45 646 121
face 0.01712670922279358 584 45 646 121
face 0.017017096281051636 584 45 646 121
face 0.016995668411254883 584 45 646 121
face 0.016745299100875854 584 45 646 121
face 0.016704976558685303 584 45 646 121
face 0.01660814881324768 584 45 646 121
face 0.01653018593788147 584 45 646 121
face 0.016392022371292114 584 45 646 121
face 0.01630502939224243 584 45 646 121
face 0.016258299350738525 584 45 646 121
face 0.016127347946166992 584 45 646 121
face 0.015837013721466064 584 45 646 121
face 0.015660881996154785 584 45 646 121
face 0.015353560447692871 584 45 646 121
face 0.015088081359863281 584 45 646 121
face 0.015051037073135376 584 45 646 121
face 0.014966636896133423 584 45 646 121
face 0.014816194772720337 584 45 646 121
face 0.01481485366821289 584 45 646 121
face 0.014768451452255249 584 45 646 121
face 0.014765620231628418 584 45 646 121
face 0.01471373438835144 584 45 646 121
face 0.014636605978012085 584 45 646 121
face 0.014446943998336792 584 45 646 121
