face 0.9972221851348877 289 346 382 443
face 0.956473708152771 145 259 165 289
face 0.42291373014450073 145 259 165 289
face 0.2584962844848633 145 259 165 289
face 0.13642200827598572 145 259 165 289
face 0.06900325417518616 145 259 165 289
face 0.06546154618263245 145 259 165 289
face 0.05234798789024353 145 259 165 289
face 0.049297720193862915 145 259 165 289
face 0.039844363927841187 145 259 165 289
face 0.03392308950424194 145 259 165 289
face 0.03009617328643799 145 259 165 289
face 0.02537679672241211 145 259 165 289
face 0.023673564195632935 145 259 165 289
face 0.0236130952835083 145 259 165 289
face 0.023089677095413208 145 259 165 289
face 0.02187943458557129 145 259 165 289
face 0.021712273359298706 145 259 165 289
face 0.020473748445510864 145 259 165 289
face 0.019898176193237305 145 259 165 289
face 0.018171370029449463 145 259 165 289
face 0.01719948649406433 145 259 165 289
face 0.01466098427772522 145 259 165 289
face 0.014494389295578003 145 259 165 289
face 0.013514876365661621 145 259 165 289
face 0.013415813446044922 145 259 165 289
face 0.0130576491355896 145 259 165 289
face 0.012747734785079956 145 259 165 289
face 0.01246383786201477 145 259 165 289
face 0.01160895824432373 145 259 165 289
face 0.011172711849212646 145 259 165 289
face 0.010736256837844849 145 259 165 289
face 0.010682880878448486 145 259 165 289
face 0.010208547115325928 145 259 165 289
face 0.010137081146240234 145 259 165 289
face 0.010009139776229858 145 259 165 289
face 0.009611159563064575 145 259 165 289
face 0.009128957986831665 145 259 165 289
face 0.00905558466911316 145 259 165 289
face 0.008721202611923218 145 259 165 289
face 0.008093953132629395 145 259 165 289
face 0.007971733808517456 145 259 165 289
face 0.007686018943786621 145 259 165 289
face 0.007633477449417114 145 259 165 289
face 0.007566332817077637 145 259 165 289
face 0.007556021213531494 145 259 165 289
face 0.007228821516036987 145 259 165 289
face 0.00707632303237915 145 259 165 289
face 0.00706636905670166 145 259 165 289
face 0.007041484117507935 145 259 165 289
face 0.006942182779312134 145 259 165 289
face 0.00675356388092041 145 259 165 289
face 0.006452083587646484 145 259 165 289
face 0.006403088569641113 145 259 165 289
face 0.006334751844406128 145 259 165 289
face 0.006098002195358276 145 259 165 289
face 0.00607609748840332 145 259 165 289
face 0.00605320930480957 145 259 165 289
face 0.005961507558822632 145 259 165 289
face 0.005863308906555176 145 259 165 289
face 0.005818724632263184 145 259 165 289
face 0.005761265754699707 145 259 165 289
face 0.005650341510772705 145 259 165 289
face 0.005537658929824829 145 259 165 289
face 0.005528122186660767 145 259 165 289
face 0.005479753017425537 145 259 165 289
face 0.005474865436553955 145 259 165 289
face 0.005427300930023193 145 259 165 289
face 0.005419701337814331 145 259 165 289
face 0.005290091037750244 145 259 165 289
face 0.0051403045654296875 145 259 165 289
face 0.005122333765029907 145 259 165 289
face 0.00511622428894043 145 259 165 289
face 0.005061209201812744 145 259 165 289
face 0.004956275224685669 145 259 165 289
face 0.004883617162704468 145 259 165 289
face 0.004730492830276489 145 259 165 289
face 0.004614353179931641 145 259 165 289
face 0.004599452018737793 145 259 165 289
face 0.004593789577484131 145 259 165 289
face 0.0045348405838012695 145 259 165 289
face 0.0045347511768341064 145 259 165 289
face 0.004417002201080322 145 259 165 289
face 0.0041841864585876465 145 259 165 289
face 0.004154235124588013 145 259 165 289
face 0.004134148359298706 145 259 165 289
face 0.004041850566864014 145 259 165 289
face 0.0040263831615448 145 259 165 289
face 0.004006445407867432 145 259 165 289
face 0.0039663612842559814 145 259 165 289
face 0.0039045512676239014 145 259 165 289
face 0.0038613080978393555 145 259 165 289
face 0.0038489699363708496 145 259 165 289
face 0.0037904083728790283 145 259 165 289
face 0.0037475228309631348 145 259 165 289
face 0.0036238431930541992 145 259 165 289
face 0.003612905740737915 145 259 165 289
face 0.003597646951675415 145 259 165 289
face 0.0035947561264038086 145 259 165 289
face 0.0035380423069000244 145 259 165 289
