face 0.3514459729194641 292 278 315 313
face 0.3509839177131653 292 278 315 313
face 0.2896617650985718 292 278 315 313
face 0.25619688630104065 292 278 315 313
face 0.24946585297584534 292 278 315 313
face 0.2078188955783844 292 278 315 313
face 0.17269054055213928 292 278 315 313
face 0.1693788766860962 292 278 315 313
face 0.14235830307006836 292 278 315 313
face 0.13756787776947021 292 278 315 313
face 0.13265463709831238 292 278 315 313
face 0.12083926796913147 292 278 315 313
face 0.11158236861228943 292 278 315 313
face 0.0992969274520874 292 278 315 313
face 0.09819597005844116 292 278 315 313
face 0.089474618434906 292 278 315 313
face 0.08502483367919922 292 278 315 313
face 0.08349823951721191 292 278 315 313
face 0.06685149669647217 292 278 315 313
face 0.06648498773574829 292 278 315 313
face 0.06633347272872925 292 278 315 313
face 0.06202501058578491 292 278 315 313
face 0.06166395545005798 292 278 315 313
face 0.05966100096702576 292 278 315 313
face 0.05866515636444092 292 278 315 313
face 0.056640297174453735 292 278 315 313
face 0.054942190647125244 292 278 315 313
face 0.054896265268325806 292 278 315 313
face 0.05301198363304138 292 278 315 313
face 0.052613288164138794 292 278 315 313
face 0.051920682191848755 292 278 315 313
face 0.05124184489250183 292 278 315 313
face 0.04838085174560547 292 278 315 313
face 0.04743584990501404 292 278 315 313
face 0.04580432176589966 292 278 315 313
face 0.04523691534996033 292 278 315 313
face 0.04464024305343628 292 278 315 313
face 0.0445311963558197 292 278 315 313
face 0.043964505195617676 292 278 315 313
face 0.04312935471534729 292 278 315 313
face 0.043050408363342285 292 278 315 313
face 0.04304131865501404 292 278 315 313
face 0.0426066517829895 292 278 315 313
face 0.04244157671928406 292 278 315 313
face 0.042393654584884644 292 278 315 313
face 0.041617244482040405 292 278 315 313
face 0.04081466794013977 292 278 315 313
face 0.04080083966255188 292 278 315 313
face 0.04053443670272827 292 278 315 313
face 0.040394216775894165 292 278 315 313
face 0.04014182090759277 292 278 315 313
face 0.03925284743309021 292 278 315 313
face 0.03887346386909485 292 278 315 313
face 0.03841957449913025 292 278 315 313
face 0.0376264750957489 292 278 315 313
face 0.03692331910133362 292 278 315 313
face 0.036903709173202515 292 278 315 313
face 0.036826640367507935 292 278 315 313
face 0.03649809956550598 292 278 315 313
face 0.036458224058151245 292 278 315 313
face 0.03632590174674988 292 278 315 313
face 0.03618243336677551 292 278 315 313
face 0.035654544830322266 292 278 315 313
face 0.034463733434677124 292 278 315 313
face 0.03365406394004822 292 278 315 313
face 0.033272236585617065 292 278 315 313
face 0.032901495695114136 292 278 315 313
face 0.03242501616477966 292 278 315 313
face 0.03224003314971924 292 278 315 313
face 0.031763046979904175 292 278 315 313
face 0.03162136673927307 292 278 315 313
face 0.030379444360733032 292 278 315 313
face 0.03030407428741455 292 278 315 313
face 0.029953300952911377 292 278 315 313
face 0.02989053726196289 292 278 315 313
face 0.029014885425567627 292 278 315 313
face 0.02876165509223938 292 278 315 313
face 0.02843645215034485 292 278 315 313
face 0.02835458517074585 292 278 315 313
face 0.028150886297225952 292 278 315 313
face 0.027882277965545654 292 278 315 313
face 0.027532190084457397 292 278 315 313
face 0.027502715587615967 292 278 315 313
face 0.026980996131896973 292 278 315 313
face 0.02684536576271057 292 278 315 313
face 0.026676476001739502 292 278 315 313
face 0.02621370553970337 292 278 315 313
face 0.02597925066947937 292 278 315 313
face 0.025950074195861816 292 278 315 313
face 0.025610625743865967 292 278 315 313
face 0.025495052337646484 292 278 315 313
face 0.025472015142440796 292 278 315 313
face 0.02539515495300293 292 278 315 313
face 0.025267839431762695 292 278 315 313
face 0.025036096572875977 292 278 315 313
face 0.02481672167778015 292 278 315 313
face 0.024058669805526733 292 278 315 313
face 0.02393200993537903 292 278 315 313
face 0.023814380168914795 292 278 315 313
face 0.02357122302055359 292 278 315 313
