face 0.8692790269851685 179 372 201 403
face 0.8580479025840759 907 341 927 366
face 0.823769211769104 416 353 441 381
face 0.3576962351799011 416 353 441 381
face 0.2335629165172577 416 353 441 381
face 0.22752368450164795 416 353 441 381
face 0.21389305591583252 416 353 441 381
face 0.19002923369407654 416 353 441 381
face 0.13342103362083435 416 353 441 381
face 0.10433253645896912 416 353 441 381
face 0.09355467557907104 416 353 441 381
face 0.09343639016151428 416 353 441 381
face 0.08401837944984436 416 353 441 381
face 0.06708776950836182 416 353 441 381
face 0.06247669458389282 416 353 441 381
face 0.060883402824401855 416 353 441 381
face 0.046419888734817505 416 353 441 381
face 0.038600653409957886 416 353 441 381
face 0.037776827812194824 416 353 441 381
face 0.03667634725570679 416 353 441 381
face 0.03591606020927429 416 353 441 381
face 0.03291657567024231 416 353 441 381
face 0.030335545539855957 416 353 441 381
face 0.029218018054962158 416 353 441 381
face 0.028610676527023315 416 353 441 381
face 0.0285605788230896 416 353 441 381
face 0.026919782161712646 416 353 441 381
face 0.026843875646591187 416 353 441 381
face 0.026435792446136475 416 353 441 381
face 0.026289165019989014 416 353 441 381
face 0.025041908025741577 416 353 441 381
face 0.02494347095489502 416 353 441 381
face 0.02432677149772644 416 353 441 381
face 0.023268133401870728 416 353 441 381
face 0.023153185844421387 416 353 441 381
face 0.022994250059127808 416 353 441 381
face 0.021913230419158936 416 353 441 381
face 0.021826595067977905 416 353 441 381
face 0.020737439393997192 416 353 441 381
face 0.018721729516983032 416 353 441 381
face 0.018667399883270264 416 353 441 381
face 0.018186956644058228 416 353 441 381
face 0.017107069492340088 416 353 441 381
face 0.01703163981437683 416 353 441 381
face 0.016357988119125366 416 353 441 381
face 0.016029953956604004 416 353 441 381
face 0.015774667263031006 416 353 441 381
face 0.015630006790161133 416 353 441 381
face 0.015303105115890503 416 353 441 381
face 0.014771312475204468 416 353 441 381
face 0.014637231826782227 416 353 441 381
face 0.01412510871887207 416 353 441 381
face 0.014109820127487183 416 353 441 381
face 0.013549238443374634 416 353 441 381
face 0.013468146324157715 416 353 441 381
face 0.013200163841247559 416 353 441 381
face 0.013025879859924316 416 353 441 381
face 0.012920916080474854 416 353 441 381
face 0.01243332028388977 416 353 441 381
face 0.012391269207000732 416 353 441 381
face 0.011893212795257568 416 353 441 381
face 0.011670589447021484 416 353 441 381
face 0.01158568263053894 416 353 441 381
face 0.011580705642700195 416 353 441 381
face 0.011408627033233643 416 353 441 381
face 0.011153101921081543 416 353 441 381
face 0.011143624782562256 416 353 441 381
face 0.011050313711166382 416 353 441 381
face 0.011022686958312988 416 353 441 381
face 0.010852307081222534 416 353 441 381
face 0.010651469230651855 416 353 441 381
face 0.01043844223022461 416 353 441 381
face 0.010382294654846191 416 353 441 381
face 0.01019468903541565 416 353 441 381
face 0.009946882724761963 416 353 441 381
face 0.0098305344581604 416 353 441 381
face 0.009819716215133667 416 353 441 381
face 0.009787142276763916 416 353 441 381
face 0.00973963737487793 416 353 441 381
face 0.009639114141464233 416 353 441 381
face 0.009618520736694336 416 353 441 381
face 0.009572327136993408 416 353 441 381
face 0.00947609543800354 416 353 441 381
face 0.009476035833358765 416 353 441 381
face 0.009356528520584106 416 353 441 381
face 0.009343534708023071 416 353 441 381
face 0.009323269128799438 416 353 441 381
face 0.008962452411651611 416 353 441 381
face 0.008961588144302368 416 353 441 381
face 0.00889238715171814 416 353 441 381
face 0.008705615997314453 416 353 441 381
face 0.008636623620986938 416 353 441 381
face 0.008627712726593018 416 353 441 381
face 0.008497804403305054 416 353 441 381
face 0.008478432893753052 416 353 441 381
face 0.008473128080368042 416 353 441 381
face 0.008446812629699707 416 353 441 381
face 0.008436322212219238 416 353 441 381
face 0.008415758609771729 416 353 441 381
face 0.008401483297348022 416 353 441 381
