face 0.9510522484779358 197 47 248 119
face 0.6782242655754089 357 177 377 204
face 0.5145022869110107 933 209 999 285
face 0.14487764239311218 933 209 999 285
face 0.12768539786338806 933 209 999 285
face 0.08020919561386108 933 209 999 285
face 0.07518965005874634 933 209 999 285
face 0.04869812726974487 933 209 999 285
face 0.043409913778305054 933 209 999 285
face 0.04233559966087341 933 209 999 285
face 0.038278728723526 933 209 999 285
face 0.032109200954437256 933 209 999 285
face 0.03058570623397827 933 209 999 285
face 0.02987271547317505 933 209 999 285
face 0.02679765224456787 933 209 999 285
face 0.02532300353050232 933 209 999 285
face 0.024403661489486694 933 209 999 285
face 0.023050457239151 933 209 999 285
face 0.021368205547332764 933 209 999 285
face 0.02101847529411316 933 209 999 285
face 0.018858522176742554 933 209 999 285
face 0.017452329397201538 933 209 999 285
face 0.017122894525527954 933 209 999 285
face 0.01682305335998535 933 209 999 285
face 0.016733407974243164 933 209 999 285
face 0.01598656177520752 933 209 999 285
face 0.01596236228942871 933 209 999 285
face 0.015303879976272583 933 209 999 285
face 0.014875471591949463 933 209 999 285
face 0.014597475528717041 933 209 999 285
face 0.014062672853469849 933 209 999 285
face 0.013745546340942383 933 209 999 285
face 0.01327410340309143 933 209 999 285
face 0.012583255767822266 933 209 999 285
face 0.011996984481811523 933 209 999 285
face 0.011974930763244629 933 209 999 285
face 0.011392265558242798 933 209 999 285
face 0.01115506887435913 933 209 999 285
face 0.010959088802337646 933 209 999 285
face 0.010581761598587036 933 209 999 285
face 0.010309606790542603 933 209 999 285
face 0.009969592094421387 933 209 999 285
face 0.00995442271232605 933 209 999 285
face 0.009923368692398071 933 209 999 285
face 0.009563028812408447 933 209 999 285
face 0.00947713851928711 933 209 999 285
face 0.009402215480804443 933 209 999 285
face 0.00894230604171753 933 209 999 285
face 0.008371502161026001 933 209 999 285
face 0.008321493864059448 933 209 999 285
face 0.008222967386245728 933 209 999 285
face 0.008017420768737793 933 209 999 285
face 0.008012771606445312 933 209 999 285
face 0.007749974727630615 933 209 999 285
face 0.007449835538864136 933 209 999 285
face 0.007436960935592651 933 209 999 285
face 0.007428854703903198 933 209 999 285
face 0.007167428731918335 933 209 999 285
face 0.007137268781661987 933 209 999 285
face 0.006943881511688232 933 209 999 285
face 0.0068895816802978516 933 209 999 285
face 0.006823033094406128 933 209 999 285
face 0.006761729717254639 933 209 999 285
face 0.006612151861190796 933 209 999 285
face 0.006447970867156982 933 209 999 285
face 0.0063239336013793945 933 209 999 285
face 0.00632089376449585 933 209 999 285
face 0.006263792514801025 933 209 999 285
face 0.006200820207595825 933 209 999 285
face 0.006158500909805298 933 209 999 285
face 0.006071954965591431 933 209 999 285
face 0.006013303995132446 933 209 999 285
face 0.005990266799926758 933 209 999 285
face 0.005885094404220581 933 209 999 285
face 0.005874663591384888 933 209 999 285
face 0.0056801438331604 933 209 999 285
face 0.005658507347106934 933 209 999 285
face 0.0056333839893341064 933 209 999 285
face 0.00556299090385437 933 209 999 285
face 0.0055190324783325195 933 209 999 285
face 0.005284309387207031 933 209 999 285
face 0.005281627178192139 933 209 999 285
face 0.00517880916595459 933 209 999 285
face 0.005154788494110107 933 209 999 285
face 0.00506138801574707 933 209 999 285
face 0.005059480667114258 933 209 999 285
face 0.0050397515296936035 933 209 999 285
face 0.004977524280548096 933 209 999 285
face 0.004954218864440918 933 209 999 285
face 0.0047626793384552 933 209 999 285
face 0.004758238792419434 933 209 999 285
face 0.004743725061416626 933 209 999 285
face 0.004740685224533081 933 209 999 285
face 0.004695475101470947 933 209 999 285
face 0.004650384187698364 933 209 999 285
face 0.004636883735656738 933 209 999 285
face 0.004632383584976196 933 209 999 285
face 0.004624545574188232 933 209 999 285
face 0.00460931658744812 933 209 999 285
face 0.004588693380355835 933 209 999 285
