face 0.9856976270675659 198 355 227 399
face 0.3819212019443512 198 355 227 399
face 0.04898914694786072 198 355 227 399
face 0.019896328449249268 198 355 227 399
face 0.01922142505645752 198 355 227 399
face 0.01798221468925476 198 355 227 399
face 0.016146689653396606 198 355 227 399
face 0.015687912702560425 198 355 227 399
face 0.014252036809921265 198 355 227 399
face 0.012920081615447998 198 355 227 399
face 0.01277211308479309 198 355 227 399
face 0.012659668922424316 198 355 227 399
face 0.010647028684616089 198 355 227 399
face 0.010021448135375977 198 355 227 399
face 0.009612977504730225 198 355 227 399
face 0.00941428542137146 198 355 227 399
face 0.009114772081375122 198 355 227 399
face 0.009069830179214478 198 355 227 399
face 0.00874146819114685 198 355 227 399
face 0.00872349739074707 198 355 227 399
face 0.008614838123321533 198 355 227 399
face 0.008523225784301758 198 355 227 399
face 0.008379101753234863 198 355 227 399
face 0.008048057556152344 198 355 227 399
face 0.007929384708404541 198 355 227 399
face 0.007781177759170532 198 355 227 399
face 0.007520824670791626 198 355 227 399
face 0.0074308812618255615 198 355 227 399
face 0.007281392812728882 198 355 227 399
face 0.007253825664520264 198 355 227 399
face 0.007125198841094971 198 355 227 399
face 0.0071059465408325195 198 355 227 399
face 0.0069061219692230225 198 355 227 399
face 0.006808191537857056 198 355 227 399
face 0.006633251905441284 198 355 227 399
face 0.006553709506988525 198 355 227 399
face 0.00647541880607605 198 355 227 399
face 0.006424546241760254 198 355 227 399
face 0.00639680027961731 198 355 227 399
face 0.006325036287307739 198 355 227 399
face 0.006238162517547607 198 355 227 399
face 0.0061965882778167725 198 355 227 399
face 0.006000548601150513 198 355 227 399
face 0.0059854090213775635 198 355 227 399
face 0.005964010953903198 198 355 227 399
face 0.005957663059234619 198 355 227 399
face 0.0059239864349365234 198 355 227 399
face 0.005903482437133789 198 355 227 399
face 0.005847156047821045 198 355 227 399
face 0.005838990211486816 198 355 227 399
face 0.005737870931625366 198 355 227 399
face 0.005570709705352783 198 355 227 399
face 0.005556076765060425 198 355 227 399
face 0.005553930997848511 198 355 227 399
face 0.0055283308029174805 198 355 227 399
face 0.005476474761962891 198 355 227 399
face 0.00540471076965332 198 355 227 399
face 0.005378395318984985 198 355 227 399
face 0.005282044410705566 198 355 227 399
face 0.005216509103775024 198 355 227 399
face 0.005131185054779053 198 355 227 399
face 0.004955083131790161 198 355 227 399
face 0.004910528659820557 198 355 227 399
face 0.004904717206954956 198 355 227 399
face 0.004744917154312134 198 355 227 399
face 0.004702359437942505 198 355 227 399
face 0.004696935415267944 198 355 227 399
face 0.004573136568069458 198 355 227 399
face 0.0045347511768341064 198 355 227 399
face 0.004456698894500732 198 355 227 399
face 0.0043801963329315186 198 355 227 399
face 0.004378914833068848 198 355 227 399
face 0.004355877637863159 198 355 227 399
face 0.004284173250198364 198 355 227 399
face 0.004274845123291016 198 355 227 399
face 0.0042739808559417725 198 355 227 399
face 0.004255026578903198 198 355 227 399
face 0.0042542219161987305 198 355 227 399
face 0.00424310564994812 198 355 227 399
face 0.004187136888504028 198 355 227 399
face 0.004166901111602783 198 355 227 399
face 0.004146993160247803 198 355 227 399
face 0.004131197929382324 198 355 227 399
face 0.004064619541168213 198 355 227 399
face 0.003956347703933716 198 355 227 399
face 0.003951847553253174 198 355 227 399
face 0.0038983821868896484 198 355 227 399
face 0.003885805606842041 198 355 227 399
face 0.003884345293045044 198 355 227 399
face 0.0038611888885498047 198 355 227 399
face 0.003853052854537964 198 355 227 399
face 0.0038445591926574707 198 355 227 399
face 0.003776729106903076 198 355 227 399
face 0.0037643015384674072 198 355 227 399
face 0.003734409809112549 198 355 227 399
face 0.0036360621452331543 198 355 227 399
face 0.0036006569862365723 198 355 227 399
face 0.0036006271839141846 198 355 227 399
face 0.0035832226276397705 198 355 227 399
face 0.0035548508167266846 198 355 227 399
