face 0.9979196786880493 336 261 393 336
face 0.9771405458450317 730 311 800 394
face 0.8135029077529907 564 244 624 327
face 0.760690450668335 197 335 252 403
face 0.03892314434051514 197 335 252 403
face 0.036007851362228394 197 335 252 403
face 0.03452518582344055 197 335 252 403
face 0.018733561038970947 197 335 252 403
face 0.01440402865409851 197 335 252 403
face 0.0139676034450531 197 335 252 403
face 0.013438016176223755 197 335 252 403
face 0.012863129377365112 197 335 252 403
face 0.0120486319065094 197 335 252 403
face 0.01023632287979126 197 335 252 403
face 0.010122478008270264 197 335 252 403
face 0.009745031595230103 197 335 252 403
face 0.009424149990081787 197 335 252 403
face 0.009167641401290894 197 335 252 403
face 0.009136825799942017 197 335 252 403
face 0.008821219205856323 197 335 252 403
face 0.00867500901222229 197 335 252 403
face 0.008488595485687256 197 335 252 403
face 0.008317619562149048 197 335 252 403
face 0.007521897554397583 197 335 252 403
face 0.007053732872009277 197 335 252 403
face 0.006908833980560303 197 335 252 403
face 0.006907910108566284 197 335 252 403
face 0.006874769926071167 197 335 252 403
face 0.006859779357910156 197 335 252 403
face 0.006836503744125366 197 335 252 403
face 0.006636977195739746 197 335 252 403
face 0.006517738103866577 197 335 252 403
face 0.006447046995162964 197 335 252 403
face 0.006359457969665527 197 335 252 403
face 0.006276965141296387 197 335 252 403
face 0.006213933229446411 197 335 252 403
face 0.00608476996421814 197 335 252 403
face 0.006031990051269531 197 335 252 403
face 0.0060252845287323 197 335 252 403
face 0.006013303995132446 197 335 252 403
face 0.005937844514846802 197 335 252 403
face 0.005884349346160889 197 335 252 403
face 0.0057947635650634766 197 335 252 403
face 0.005776762962341309 197 335 252 403
face 0.005772918462753296 197 335 252 403
face 0.00573006272315979 197 335 252 403
face 0.00565221905708313 197 335 252 403
face 0.005503147840499878 197 335 252 403
face 0.005454719066619873 197 335 252 403
face 0.005403786897659302 197 335 252 403
face 0.005352824926376343 197 335 252 403
face 0.005169779062271118 197 335 252 403
face 0.00513806939125061 197 335 252 403
face 0.005060970783233643 197 335 252 403
face 0.0049942731857299805 197 335 252 403
face 0.004911631345748901 197 335 252 403
face 0.004892498254776001 197 335 252 403
face 0.004880428314208984 197 335 252 403
face 0.004879027605056763 197 335 252 403
face 0.004836350679397583 197 335 252 403
face 0.004804044961929321 197 335 252 403
face 0.004793733358383179 197 335 252 403
face 0.004790991544723511 197 335 252 403
face 0.004789888858795166 197 335 252 403
face 0.004739880561828613 197 335 252 403
face 0.004696309566497803 197 335 252 403
face 0.004691600799560547 197 335 252 403
face 0.004679322242736816 197 335 252 403
face 0.00464862585067749 197 335 252 403
face 0.004627436399459839 197 335 252 403
face 0.004561245441436768 197 335 252 403
face 0.00454556941986084 197 335 252 403
face 0.004544764757156372 197 335 252 403
face 0.00447922945022583 197 335 252 403
face 0.004422366619110107 197 335 252 403
face 0.0044029951095581055 197 335 252 403
face 0.004394114017486572 197 335 252 403
face 0.004392772912979126 197 335 252 403
face 0.004341095685958862 197 335 252 403
face 0.004314154386520386 197 335 252 403
face 0.0043045878410339355 197 335 252 403
face 0.004234939813613892 197 335 252 403
face 0.004231005907058716 197 335 252 403
face 0.004193335771560669 197 335 252 403
face 0.004095941781997681 197 335 252 403
face 0.004088908433914185 197 335 252 403
face 0.003958940505981445 197 335 252 403
face 0.003951758146286011 197 335 252 403
face 0.003935694694519043 197 335 252 403
face 0.0038926005363464355 197 335 252 403
face 0.00386810302734375 197 335 252 403
face 0.003839731216430664 197 335 252 403
face 0.0038147270679473877 197 335 252 403
face 0.0036896169185638428 197 335 252 403
face 0.0036146938800811768 197 335 252 403
face 0.003569304943084717 197 335 252 403
face 0.0035176873207092285 197 335 252 403
face 0.003504246473312378 197 335 252 403
face 0.0034512579441070557 197 335 252 403
face 0.0034312307834625244 197 335 252 403
