face 0.20515409111976624 198 355 227 399
face 0.10749274492263794 198 355 227 399
face 0.10039323568344116 198 355 227 399
face 0.07977145910263062 198 355 227 399
face 0.06367340683937073 198 355 227 399
face 0.0630728006362915 198 355 227 399
face 0.06237846612930298 198 355 227 399
face 0.05492857098579407 198 355 227 399
face 0.05289626121520996 198 355 227 399
face 0.0528583824634552 198 355 227 399
face 0.04932394623756409 198 355 227 399
face 0.04443991184234619 198 355 227 399
face 0.04350057244300842 198 355 227 399
face 0.04349908232688904 198 355 227 399
face 0.040109485387802124 198 355 227 399
face 0.03781944513320923 198 355 227 399
face 0.035962581634521484 198 355 227 399
face 0.034676551818847656 198 355 227 399
face 0.03189486265182495 198 355 227 399
face 0.03183445334434509 198 355 227 399
face 0.02807927131652832 198 355 227 399
face 0.027790695428848267 198 355 227 399
face 0.02657628059387207 198 355 227 399
face 0.026331573724746704 198 355 227 399
face 0.026156514883041382 198 355 227 399
face 0.026001334190368652 198 355 227 399
face 0.025577813386917114 198 355 227 399
face 0.024996668100357056 198 355 227 399
face 0.02475827932357788 198 355 227 399
face 0.024641066789627075 198 355 227 399
face 0.023827791213989258 198 355 227 399
face 0.02382493019104004 198 355 227 399
face 0.023768573999404907 198 355 227 399
face 0.02376231551170349 198 355 227 399
face 0.023492515087127686 198 355 227 399
face 0.023413509130477905 198 355 227 399
face 0.02314096689224243 198 355 227 399
face 0.022873222827911377 198 355 227 399
face 0.02283540368080139 198 355 227 399
face 0.022524744272232056 198 355 227 399
face 0.021837353706359863 198 355 227 399
face 0.02161899209022522 198 355 227 399
face 0.02151826024055481 198 355 227 399
face 0.021432459354400635 198 355 227 399
face 0.021265149116516113 198 355 227 399
face 0.021087735891342163 198 355 227 399
face 0.021052390336990356 198 355 227 399
face 0.02096465229988098 198 355 227 399
face 0.020647674798965454 198 355 227 399
face 0.02041831612586975 198 355 227 399
face 0.019666820764541626 198 355 227 399
face 0.019481420516967773 198 355 227 399
face 0.019479364156723022 198 355 227 399
face 0.019442617893218994 198 355 227 399
face 0.018898695707321167 198 355 227 399
face 0.018854975700378418 198 355 227 399
face 0.017496854066848755 198 355 227 399
face 0.01741740107536316 198 355 227 399
face 0.017258137464523315 198 355 227 399
face 0.016744226217269897 198 355 227 399
face 0.016498327255249023 198 355 227 399
face 0.016459405422210693 198 355 227 399
face 0.016298353672027588 198 355 227 399
face 0.01617845892906189 198 355 227 399
face 0.01615661382675171 198 355 227 399
face 0.015933096408843994 198 355 227 399
face 0.015903890132904053 198 355 227 399
face 0.015819966793060303 198 355 227 399
face 0.015607208013534546 198 355 227 399
face 0.015536338090896606 198 355 227 399
face 0.015480577945709229 198 355 227 399
face 0.015392929315567017 198 355 227 399
face 0.015186071395874023 198 355 227 399
face 0.01515015959739685 198 355 227 399
face 0.015011847019195557 198 355 227 399
face 0.014745384454727173 198 355 227 399
face 0.014714092016220093 198 355 227 399
face 0.014629274606704712 198 355 227 399
face 0.014270037412643433 198 355 227 399
face 0.014178931713104248 198 355 227 399
face 0.013979911804199219 198 355 227 399
face 0.013844162225723267 198 355 227 399
face 0.013811379671096802 198 355 227 399
face 0.013748615980148315 198 355 227 399
face 0.01371505856513977 198 355 227 399
face 0.01367729902267456 198 355 227 399
face 0.013576507568359375 198 355 227 399
face 0.01355031132698059 198 355 227 399
face 0.013356208801269531 198 355 227 399
face 0.013340890407562256 198 355 227 399
face 0.013313919305801392 198 355 227 399
face 0.013310372829437256 198 355 227 399
face 0.013188779354095459 198 355 227 399
face 0.013078570365905762 198 355 227 399
face 0.012988686561584473 198 355 227 399
face 0.012781798839569092 198 355 227 399
face 0.01275894045829773 198 355 227 399
face 0.012688428163528442 198 355 227 399
face 0.012629866600036621 198 355 227 399
face 0.012565642595291138 198 355 227 399
