face 0.9303414225578308 748 1291 812 1359
face 0.6585029363632202 50 1346 91 1388
face 0.6323602199554443 143 1396 181 1440
face 0.5668507814407349 158 1360 197 1397
face 0.44912317395210266 158 1360 197 1397
face 0.4365129768848419 158 1360 197 1397
face 0.39841046929359436 158 1360 197 1397
face 0.3759327530860901 158 1360 197 1397
face 0.371173620223999 158 1360 197 1397
face 0.33083587884902954 158 1360 197 1397
face 0.3193421959877014 158 1360 197 1397
face 0.3121742010116577 158 1360 197 1397
face 0.31175535917282104 158 1360 197 1397
face 0.3012350797653198 158 1360 197 1397
face 0.2911182641983032 158 1360 197 1397
face 0.27217841148376465 158 1360 197 1397
face 0.26840531826019287 158 1360 197 1397
face 0.2669016122817993 158 1360 197 1397
face 0.26608872413635254 158 1360 197 1397
face 0.26111283898353577 158 1360 197 1397
face 0.24914300441741943 158 1360 197 1397
face 0.24680626392364502 158 1360 197 1397
face 0.23351231217384338 158 1360 197 1397
face 0.22044622898101807 158 1360 197 1397
face 0.20900776982307434 158 1360 197 1397
face 0.20357820391654968 158 1360 197 1397
face 0.19090884923934937 158 1360 197 1397
face 0.19006815552711487 158 1360 197 1397
face 0.17503368854522705 158 1360 197 1397
face 0.16342765092849731 158 1360 197 1397
face 0.15542948246002197 158 1360 197 1397
face 0.15211480855941772 158 1360 197 1397
face 0.14938366413116455 158 1360 197 1397
face 0.1429993212223053 158 1360 197 1397
face 0.14124858379364014 158 1360 197 1397
face 0.13773256540298462 158 1360 197 1397
face 0.13475123047828674 158 1360 197 1397
face 0.1260967254638672 158 1360 197 1397
face 0.12105116248130798 158 1360 197 1397
face 0.11925724148750305 158 1360 197 1397
face 0.1184869110584259 158 1360 197 1397
face 0.1179189682006836 158 1360 197 1397
face 0.1175554096698761 158 1360 197 1397
face 0.11004379391670227 158 1360 197 1397
face 0.10860559344291687 158 1360 197 1397
face 0.1065850555896759 158 1360 197 1397
face 0.09938612580299377 158 1360 197 1397
face 0.09928703308105469 158 1360 197 1397
face 0.09896016120910645 158 1360 197 1397
face 0.09737950563430786 158 1360 197 1397
face 0.09424680471420288 158 1360 197 1397
face 0.09231647849082947 158 1360 197 1397
face 0.09154608845710754 158 1360 197 1397
face 0.09140640497207642 158 1360 197 1397
face 0.08899030089378357 158 1360 197 1397
face 0.08895081281661987 158 1360 197 1397
face 0.08698397874832153 158 1360 197 1397
face 0.08533632755279541 158 1360 197 1397
face 0.0847836434841156 158 1360 197 1397
face 0.08473485708236694 158 1360 197 1397
face 0.08468818664550781 158 1360 197 1397
face 0.08261182904243469 158 1360 197 1397
face 0.08029934763908386 158 1360 197 1397
face 0.0802004337310791 158 1360 197 1397
face 0.08009195327758789 158 1360 197 1397
face 0.0784863531589508 158 1360 197 1397
face 0.07692596316337585 158 1360 197 1397
face 0.07687237858772278 158 1360 197 1397
face 0.07419690489768982 158 1360 197 1397
face 0.07097965478897095 158 1360 197 1397
face 0.06974399089813232 158 1360 197 1397
face 0.06961289048194885 158 1360 197 1397
face 0.06591570377349854 158 1360 197 1397
face 0.06543582677841187 158 1360 197 1397
face 0.06449177861213684 158 1360 197 1397
face 0.06349658966064453 158 1360 197 1397
face 0.06346696615219116 158 1360 197 1397
face 0.06324043869972229 158 1360 197 1397
face 0.06317242980003357 158 1360 197 1397
face 0.06184324622154236 158 1360 197 1397
face 0.060159116983413696 158 1360 197 1397
face 0.05847159028053284 158 1360 197 1397
face 0.05748984217643738 158 1360 197 1397
face 0.05630418658256531 158 1360 197 1397
face 0.05402129888534546 158 1360 197 1397
face 0.05328431725502014 158 1360 197 1397
face 0.05279946327209473 158 1360 197 1397
face 0.05119270086288452 158 1360 197 1397
face 0.05037134885787964 158 1360 197 1397
face 0.05016466975212097 158 1360 197 1397
face 0.04975804686546326 158 1360 197 1397
face 0.049576640129089355 158 1360 197 1397
face 0.04845193028450012 158 1360 197 1397
face 0.04698935151100159 158 1360 197 1397
face 0.04621949791908264 158 1360 197 1397
face 0.045334815979003906 158 1360 197 1397
face 0.04518446326255798 158 1360 197 1397
face 0.0430397093296051 158 1360 197 1397
face 0.042311668395996094 158 1360 197 1397
face 0.0420440137386322 158 1360 197 1397
