face 0.9710793495178223 620 228 775 396
face 0.8249675631523132 210 331 360 530
face 0.16281017661094666 210 331 360 530
face 0.12657290697097778 210 331 360 530
face 0.10793516039848328 210 331 360 530
face 0.10521900653839111 210 331 360 530
face 0.08856901526451111 210 331 360 530
face 0.0682654082775116 210 331 360 530
face 0.06615447998046875 210 331 360 530
face 0.06415772438049316 210 331 360 530
face 0.06196337938308716 210 331 360 530
face 0.05949133634567261 210 331 360 530
face 0.0522274374961853 210 331 360 530
face 0.0440123975276947 210 331 360 530
face 0.04321646690368652 210 331 360 530
face 0.041737377643585205 210 331 360 530
face 0.04060360789299011 210 331 360 530
face 0.037866026163101196 210 331 360 530
face 0.036727964878082275 210 331 360 530
face 0.03589794039726257 210 331 360 530
face 0.03339838981628418 210 331 360 530
face 0.029210180044174194 210 331 360 530
face 0.028881877660751343 210 331 360 530
face 0.028473109006881714 210 331 360 530
face 0.028394609689712524 210 331 360 530
face 0.026639223098754883 210 331 360 530
face 0.025648891925811768 210 331 360 530
face 0.025455087423324585 210 331 360 530
face 0.02521383762359619 210 331 360 530
face 0.02423793077468872 210 331 360 530
face 0.023940443992614746 210 331 360 530
face 0.023432046175003052 210 331 360 530
face 0.023248672485351562 210 331 360 530
face 0.02252483367919922 210 331 360 530
face 0.022024571895599365 210 331 360 530
face 0.02180221676826477 210 331 360 530
face 0.02161344885826111 210 331 360 530
face 0.01984536647796631 210 331 360 530
face 0.01968282461166382 210 331 360 530
face 0.019598037004470825 210 331 360 530
face 0.018864184617996216 210 331 360 530
face 0.018017590045928955 210 331 360 530
face 0.017909705638885498 210 331 360 530
face 0.017843812704086304 210 331 360 530
face 0.01617857813835144 210 331 360 530
face 0.015705913305282593 210 331 360 530
face 0.015617430210113525 210 331 360 530
face 0.015513032674789429 210 331 360 530
face 0.015410661697387695 210 331 360 530
face 0.015331894159317017 210 331 360 530
face 0.015322327613830566 210 331 360 530
face 0.015281319618225098 210 331 360 530
face 0.01526564359664917 210 331 360 530
face 0.015227258205413818 210 331 360 530
face 0.015018612146377563 210 331 360 530
face 0.014824748039245605 210 331 360 530
face 0.01412200927734375 210 331 360 530
face 0.013963192701339722 210 331 360 530
face 0.013859331607818604 210 331 360 530
face 0.013684064149856567 210 331 360 530
face 0.013480275869369507 210 331 360 530
face 0.013421982526779175 210 331 360 530
face 0.012399852275848389 210 331 360 530
face 0.012372702360153198 210 331 360 530
face 0.012077540159225464 210 331 360 530
face 0.012068092823028564 210 331 360 530
face 0.012002915143966675 210 331 360 530
face 0.011858612298965454 210 331 360 530
face 0.011659204959869385 210 331 360 530
face 0.011281788349151611 210 331 360 530
face 0.011222392320632935 210 331 360 530
face 0.010862648487091064 210 331 360 530
face 0.010665714740753174 210 331 360 530
face 0.010580182075500488 210 331 360 530
face 0.010177314281463623 210 331 360 530
face 0.010100036859512329 210 331 360 530
face 0.009978055953979492 210 331 360 530
face 0.009889960289001465 210 331 360 530
face 0.009840607643127441 210 331 360 530
face 0.009695082902908325 210 331 360 530
face 0.00969037413597107 210 331 360 530
face 0.009578734636306763 210 331 360 530
face 0.009557336568832397 210 331 360 530
face 0.009548395872116089 210 331 360 530
face 0.009544163942337036 210 331 360 530
face 0.009334355592727661 210 331 360 530
face 0.009329080581665039 210 331 360 530
face 0.00928264856338501 210 331 360 530
face 0.009280025959014893 210 331 360 530
face 0.009111583232879639 210 331 360 530
face 0.009094685316085815 210 331 360 530
face 0.008871585130691528 210 331 360 530
face 0.008839309215545654 210 331 360 530
face 0.008735805749893188 210 331 360 530
face 0.00872659683227539 210 331 360 530
face 0.008719086647033691 210 331 360 530
face 0.008624494075775146 210 331 360 530
face 0.008538216352462769 210 331 360 530
face 0.008448243141174316 210 331 360 530
face 0.008432745933532715 210 331 360 530
