face 0.9706674814224243 975 233 1010 270
face 0.9260647296905518 488 210 553 290
face 0.7891507148742676 410 93 501 241
face 0.4921293556690216 410 93 501 241
face 0.20086345076560974 410 93 501 241
face 0.168283611536026 410 93 501 241
face 0.1023925244808197 410 93 501 241
face 0.07538571953773499 410 93 501 241
face 0.06786179542541504 410 93 501 241
face 0.06409892439842224 410 93 501 241
face 0.0610184371471405 410 93 501 241
face 0.06055271625518799 410 93 501 241
face 0.05459541082382202 410 93 501 241
face 0.053998708724975586 410 93 501 241
face 0.05164101719856262 410 93 501 241
face 0.0471498966217041 410 93 501 241
face 0.046216368675231934 410 93 501 241
face 0.04215759038925171 410 93 501 241
face 0.04168716073036194 410 93 501 241
face 0.04150417447090149 410 93 501 241
face 0.03896832466125488 410 93 501 241
face 0.0375036895275116 410 93 501 241
face 0.03690594434738159 410 93 501 241
face 0.03605306148529053 410 93 501 241
face 0.03510195016860962 410 93 501 241
face 0.03459891676902771 410 93 501 241
face 0.032614946365356445 410 93 501 241
face 0.031936317682266235 410 93 501 241
face 0.03107854723930359 410 93 501 241
face 0.030904382467269897 410 93 501 241
face 0.030561774969100952 410 93 501 241
face 0.030532807111740112 410 93 501 241
face 0.030353933572769165 410 93 501 241
face 0.029602915048599243 410 93 501 241
face 0.029303014278411865 410 93 501 241
face 0.028859734535217285 410 93 501 241
face 0.028772026300430298 410 93 501 241
face 0.028600186109542847 410 93 501 241
face 0.02850639820098877 410 93 501 241
face 0.027329981327056885 410 93 501 241
face 0.02645471692085266 410 93 501 241
face 0.026443004608154297 410 93 501 241
face 0.026128828525543213 410 93 501 241
face 0.024574369192123413 410 93 501 241
face 0.024241864681243896 410 93 501 241
face 0.023669153451919556 410 93 501 241
face 0.02327418327331543 410 93 501 241
face 0.022960126399993896 410 93 501 241
face 0.022549062967300415 410 93 501 241
face 0.022357076406478882 410 93 501 241
face 0.022050172090530396 410 93 501 241
face 0.02190220355987549 410 93 501 241
face 0.02129298448562622 410 93 501 241
face 0.02126413583755493 410 93 501 241
face 0.020723998546600342 410 93 501 241
face 0.02047574520111084 410 93 501 241
face 0.020207375288009644 410 93 501 241
face 0.019569575786590576 410 93 501 241
face 0.019471406936645508 410 93 501 241
face 0.018742620944976807 410 93 501 241
face 0.018722206354141235 410 93 501 241
face 0.018618524074554443 410 93 501 241
face 0.018538236618041992 410 93 501 241
face 0.018242090940475464 410 93 501 241
face 0.01814672350883484 410 93 501 241
face 0.01765388250350952 410 93 501 241
face 0.017430424690246582 410 93 501 241
face 0.017201483249664307 410 93 501 241
face 0.016992300748825073 410 93 501 241
face 0.016664355993270874 410 93 501 241
face 0.016588956117630005 410 93 501 241
face 0.016514062881469727 410 93 501 241
face 0.01642647385597229 410 93 501 241
face 0.016339391469955444 410 93 501 241
face 0.01631474494934082 410 93 501 241
face 0.016239523887634277 410 93 501 241
face 0.01617833971977234 410 93 501 241
face 0.016151756048202515 410 93 501 241
face 0.015681564807891846 410 93 501 241
face 0.015617311000823975 410 93 501 241
face 0.015606999397277832 410 93 501 241
face 0.015521407127380371 410 93 501 241
face 0.01542896032333374 410 93 501 241
face 0.01502653956413269 410 93 501 241
face 0.01483491063117981 410 93 501 241
face 0.014706045389175415 410 93 501 241
face 0.014678716659545898 410 93 501 241
face 0.01464754343032837 410 93 501 241
face 0.014512807130813599 410 93 501 241
face 0.01448512077331543 410 93 501 241
face 0.014290094375610352 410 93 501 241
face 0.014134079217910767 410 93 501 241
face 0.014103829860687256 410 93 501 241
face 0.013930678367614746 410 93 501 241
face 0.013888895511627197 410 93 501 241
face 0.013886451721191406 410 93 501 241
face 0.013811379671096802 410 93 501 241
face 0.013788044452667236 410 93 501 241
face 0.013508081436157227 410 93 501 241
face 0.013392716646194458 410 93 501 241
