face 0.9994498491287231 274 221 778 749
face 0.0042220354080200195 274 221 778 749
face 0.004112333059310913 274 221 778 749
face 0.003807544708251953 274 221 778 749
face 0.0034078657627105713 274 221 778 749
face 0.00305330753326416 274 221 778 749
face 0.0030296742916107178 274 221 778 749
face 0.0029321908950805664 274 221 778 749
face 0.0029259026050567627 274 221 778 749
face 0.002805262804031372 274 221 778 749
face 0.0028028488159179688 274 221 778 749
face 0.0026359260082244873 274 221 778 749
face 0.0024595260620117188 274 221 778 749
face 0.0023400485515594482 274 221 778 749
face 0.0022569000720977783 274 221 778 749
face 0.002233445644378662 274 221 778 749
face 0.0022267699241638184 274 221 778 749
face 0.002214372158050537 274 221 778 749
face 0.002207547426223755 274 221 778 749
face 0.002178102731704712 274 221 778 749
face 0.0021758079528808594 274 221 778 749
face 0.0021697580814361572 274 221 778 749
face 0.0021626949310302734 274 221 778 749
face 0.002150624990463257 274 221 778 749
face 0.002150416374206543 274 221 778 749
face 0.002135664224624634 274 221 778 749
face 0.0021139681339263916 274 221 778 749
face 0.0020266473293304443 274 221 778 749
face 0.002006739377975464 274 221 778 749
face 0.001968890428543091 274 221 778 749
face 0.001933664083480835 274 221 778 749
face 0.0019153356552124023 274 221 778 749
face 0.0019024014472961426 274 221 778 749
face 0.0018807053565979004 274 221 778 749
face 0.0018719136714935303 274 221 778 749
face 0.001871347427368164 274 221 778 749
face 0.0018488168716430664 274 221 778 749
face 0.0018396973609924316 274 221 778 749
face 0.0018264949321746826 274 221 778 749
face 0.0018123984336853027 274 221 778 749
face 0.0017667114734649658 274 221 778 749
face 0.0017581284046173096 274 221 778 749
face 0.0017103850841522217 274 221 778 749
face 0.0016841292381286621 274 221 778 749
face 0.0016646087169647217 274 221 778 749
face 0.0016172826290130615 274 221 778 749
face 0.0016137659549713135 274 221 778 749
face 0.0015918612480163574 274 221 778 749
face 0.0015813708305358887 274 221 778 749
face 0.0015778839588165283 274 221 778 749
face 0.0015664398670196533 274 221 778 749
face 0.0015613734722137451 274 221 778 749
face 0.001558452844619751 274 221 778 749
face 0.0015459954738616943 274 221 778 749
face 0.0015402436256408691 274 221 778 749
face 0.0015269219875335693 274 221 778 749
face 0.0014972686767578125 274 221 778 749
face 0.0014953017234802246 274 221 778 749
face 0.001492917537689209 274 221 778 749
face 0.0014854371547698975 274 221 778 749
face 0.0014753639698028564 274 221 778 749
face 0.001475304365158081 274 221 778 749
face 0.0014742910861968994 274 221 778 749
face 0.0014629960060119629 274 221 778 749
face 0.001456528902053833 274 221 778 749
face 0.0014529824256896973 274 221 778 749
face 0.0014462769031524658 274 221 778 749
face 0.001438826322555542 274 221 778 749
face 0.0014352798461914062 274 221 778 749
face 0.0014263689517974854 274 221 778 749
face 0.0014161765575408936 274 221 778 749
face 0.0014105737209320068 274 221 778 749
face 0.0014074444770812988 274 221 778 749
face 0.0013867318630218506 274 221 778 749
face 0.0013803541660308838 274 221 778 749
face 0.0013793408870697021 274 221 778 749
face 0.0013644099235534668 274 221 778 749
face 0.001361250877380371 274 221 778 749
face 0.0013498961925506592 274 221 778 749
face 0.0013477206230163574 274 221 778 749
face 0.0013473331928253174 274 221 778 749
face 0.0013429522514343262 274 221 778 749
face 0.0013420283794403076 274 221 778 749
face 0.0013183355331420898 274 221 778 749
face 0.0013183057308197021 274 221 778 749
face 0.0013089179992675781 274 221 778 749
face 0.0013079345226287842 274 221 778 749
face 0.0012946128845214844 274 221 778 749
face 0.001293182373046875 274 221 778 749
face 0.0012668073177337646 274 221 778 749
face 0.0012479722499847412 274 221 778 749
face 0.001244187355041504 274 221 778 749
face 0.0012416839599609375 274 221 778 749
face 0.0012387633323669434 274 221 778 749
face 0.0012370645999908447 274 221 778 749
face 0.0012276172637939453 274 221 778 749
face 0.0012204945087432861 274 221 778 749
face 0.0012139081954956055 274 221 778 749
face 0.0012065470218658447 274 221 778 749
face 0.0012063980102539062 274 221 778 749
