face 0.997492253780365 381 117 446 201
face 0.9973465800285339 582 114 654 210
face 0.9865941405296326 155 146 236 244
face 0.7649816870689392 795 132 875 228
face 0.02261364459991455 795 132 875 228
face 0.0159626305103302 795 132 875 228
face 0.01420333981513977 795 132 875 228
face 0.01203984022140503 795 132 875 228
face 0.010946929454803467 795 132 875 228
face 0.010252803564071655 795 132 875 228
face 0.010154932737350464 795 132 875 228
face 0.009623795747756958 795 132 875 228
face 0.009439796209335327 795 132 875 228
face 0.009172707796096802 795 132 875 228
face 0.008956670761108398 795 132 875 228
face 0.00866726040840149 795 132 875 228
face 0.008629262447357178 795 132 875 228
face 0.00855189561843872 795 132 875 228
face 0.008505254983901978 795 132 875 228
face 0.008404046297073364 795 132 875 228
face 0.0077415406703948975 795 132 875 228
face 0.007611900568008423 795 132 875 228
face 0.0075719356536865234 795 132 875 228
face 0.0074971020221710205 795 132 875 228
face 0.007408887147903442 795 132 875 228
face 0.007174134254455566 795 132 875 228
face 0.007168412208557129 795 132 875 228
face 0.0067781805992126465 795 132 875 228
face 0.006753593683242798 795 132 875 228
face 0.006711781024932861 795 132 875 228
face 0.006436258554458618 795 132 875 228
face 0.006295919418334961 795 132 875 228
face 0.006108105182647705 795 132 875 228
face 0.005987703800201416 795 132 875 228
face 0.005986154079437256 795 132 875 228
face 0.005939215421676636 795 132 875 228
face 0.005837440490722656 795 132 875 228
face 0.005692243576049805 795 132 875 228
face 0.005679219961166382 795 132 875 228
face 0.005307644605636597 795 132 875 228
face 0.005277425050735474 795 132 875 228
face 0.00510251522064209 795 132 875 228
face 0.004878491163253784 795 132 875 228
face 0.004837542772293091 795 132 875 228
face 0.004788815975189209 795 132 875 228
face 0.004748016595840454 795 132 875 228
face 0.004671365022659302 795 132 875 228
face 0.004637330770492554 795 132 875 228
face 0.004544287919998169 795 132 875 228
face 0.004491597414016724 795 132 875 228
face 0.004420727491378784 795 132 875 228
face 0.004345685243606567 795 132 875 228
face 0.004336327314376831 795 132 875 228
face 0.004334926605224609 795 132 875 228
face 0.0041847825050354 795 132 875 228
face 0.004171490669250488 795 132 875 228
face 0.004067957401275635 795 132 875 228
face 0.004065722227096558 795 132 875 228
face 0.0040631890296936035 795 132 875 228
face 0.0040184855461120605 795 132 875 228
face 0.003733694553375244 795 132 875 228
face 0.0036160051822662354 795 132 875 228
face 0.003601968288421631 795 132 875 228
face 0.0035754144191741943 795 132 875 228
face 0.003567904233932495 795 132 875 228
face 0.0035601556301116943 795 132 875 228
face 0.0034980177879333496 795 132 875 228
face 0.0034401118755340576 795 132 875 228
face 0.0033935606479644775 795 132 875 228
face 0.003379642963409424 795 132 875 228
face 0.003376573324203491 795 132 875 228
face 0.003364354372024536 795 132 875 228
face 0.0033614635467529297 795 132 875 228
face 0.0033195912837982178 795 132 875 228
face 0.0033185482025146484 795 132 875 228
face 0.0033164024353027344 795 132 875 228
face 0.0033133327960968018 795 132 875 228
face 0.003255218267440796 795 132 875 228
face 0.0032523274421691895 795 132 875 228
face 0.0032393336296081543 795 132 875 228
face 0.003183901309967041 795 132 875 228
face 0.003132432699203491 795 132 875 228
face 0.0031113028526306152 795 132 875 228
face 0.0031034648418426514 795 132 875 228
face 0.003052324056625366 795 132 875 228
face 0.0030126571655273438 795 132 875 228
face 0.0029848217964172363 795 132 875 228
face 0.0029794275760650635 795 132 875 228
face 0.0029601454734802246 795 132 875 228
face 0.0029557347297668457 795 132 875 228
face 0.0029412806034088135 795 132 875 228
face 0.0029377639293670654 795 132 875 228
face 0.00292852520942688 795 132 875 228
face 0.0028019845485687256 795 132 875 228
face 0.002798736095428467 795 132 875 228
face 0.0027799606323242188 795 132 875 228
face 0.002778768539428711 795 132 875 228
face 0.00277140736579895 795 132 875 228
face 0.0027713775634765625 795 132 875 228
face 0.0027668774127960205 795 132 875 228
