face 0.8400367498397827 403 180 499 297
face 0.3329352140426636 403 180 499 297
face 0.2331750988960266 403 180 499 297
face 0.18559715151786804 403 180 499 297
face 0.14189580082893372 403 180 499 297
face 0.14079904556274414 403 180 499 297
face 0.14017730951309204 403 180 499 297
face 0.12554416060447693 403 180 499 297
face 0.12097668647766113 403 180 499 297
face 0.11020579934120178 403 180 499 297
face 0.09199962019920349 403 180 499 297
face 0.08710044622421265 403 180 499 297
face 0.08674833178520203 403 180 499 297
face 0.07669445872306824 403 180 499 297
face 0.0661836564540863 403 180 499 297
face 0.059368014335632324 403 180 499 297
face 0.05840784311294556 403 180 499 297
face 0.05500614643096924 403 180 499 297
face 0.04956316947937012 403 180 499 297
face 0.04917079210281372 403 180 499 297
face 0.04763913154602051 403 180 499 297
face 0.0465986430644989 403 180 499 297
face 0.044879913330078125 403 180 499 297
face 0.04178318381309509 403 180 499 297
face 0.04069739580154419 403 180 499 297
face 0.037894487380981445 403 180 499 297
face 0.03760474920272827 403 180 499 297
face 0.03602170944213867 403 180 499 297
face 0.035931557416915894 403 180 499 297
face 0.034753888845443726 403 180 499 297
face 0.030045151710510254 403 180 499 297
face 0.02855461835861206 403 180 499 297
face 0.028240829706192017 403 180 499 297
face 0.02726268768310547 403 180 499 297
face 0.027002602815628052 403 180 499 297
face 0.02650231122970581 403 180 499 297
face 0.02543964982032776 403 180 499 297
face 0.024900168180465698 403 180 499 297
face 0.024675488471984863 403 180 499 297
face 0.02460426092147827 403 180 499 297
face 0.024575531482696533 403 180 499 297
face 0.024486571550369263 403 180 499 297
face 0.024076730012893677 403 180 499 297
face 0.02345779538154602 403 180 499 297
face 0.023399263620376587 403 180 499 297
face 0.02190297842025757 403 180 499 297
face 0.02182433009147644 403 180 499 297
face 0.021762073040008545 403 180 499 297
face 0.021662980318069458 403 180 499 297
face 0.021575510501861572 403 180 499 297
face 0.021562039852142334 403 180 499 297
face 0.021531909704208374 403 180 499 297
face 0.02150857448577881 403 180 499 297
face 0.021015137434005737 403 180 499 297
face 0.020078212022781372 403 180 499 297
face 0.019787728786468506 403 180 499 297
face 0.019771933555603027 403 180 499 297
face 0.019626617431640625 403 180 499 297
face 0.019460409879684448 403 180 499 297
face 0.01943981647491455 403 180 499 297
face 0.01940298080444336 403 180 499 297
face 0.01939380168914795 403 180 499 297
face 0.01895800232887268 403 180 499 297
face 0.018930554389953613 403 180 499 297
face 0.018585175275802612 403 180 499 297
face 0.018462151288986206 403 180 499 297
face 0.018457770347595215 403 180 499 297
face 0.018143802881240845 403 180 499 297
face 0.017877131700515747 403 180 499 297
face 0.017859429121017456 403 180 499 297
face 0.017495274543762207 403 180 499 297
face 0.017447352409362793 403 180 499 297
face 0.017338275909423828 403 180 499 297
face 0.0172918438911438 403 180 499 297
face 0.017184734344482422 403 180 499 297
face 0.01698613166809082 403 180 499 297
face 0.01684194803237915 403 180 499 297
face 0.01677072048187256 403 180 499 297
face 0.01644459366798401 403 180 499 297
face 0.016276925802230835 403 180 499 297
face 0.01610228419303894 403 180 499 297
face 0.01601669192314148 403 180 499 297
face 0.015469372272491455 403 180 499 297
face 0.01526615023612976 403 180 499 297
face 0.015263408422470093 403 180 499 297
face 0.015234053134918213 403 180 499 297
face 0.015193790197372437 403 180 499 297
face 0.014693081378936768 403 180 499 297
face 0.014685660600662231 403 180 499 297
face 0.014565050601959229 403 180 499 297
face 0.014520108699798584 403 180 499 297
face 0.014415770769119263 403 180 499 297
face 0.014408379793167114 403 180 499 297
face 0.014359891414642334 403 180 499 297
face 0.014306873083114624 403 180 499 297
face 0.014268577098846436 403 180 499 297
face 0.01423722505569458 403 180 499 297
face 0.014099031686782837 403 180 499 297
face 0.013983666896820068 403 180 499 297
face 0.01394343376159668 403 180 499 297
