face 0.9999197721481323 73 1 948 709
face 0.00710219144821167 73 1 948 709
face 0.0062163472175598145 73 1 948 709
face 0.0060814619064331055 73 1 948 709
face 0.005468785762786865 73 1 948 709
face 0.005378127098083496 73 1 948 709
face 0.005273252725601196 73 1 948 709
face 0.005215257406234741 73 1 948 709
face 0.0051548779010772705 73 1 948 709
face 0.005152314901351929 73 1 948 709
face 0.0046374499797821045 73 1 948 709
face 0.004607260227203369 73 1 948 709
face 0.0045230090618133545 73 1 948 709
face 0.004482388496398926 73 1 948 709
face 0.004077702760696411 73 1 948 709
face 0.003992617130279541 73 1 948 709
face 0.003967732191085815 73 1 948 709
face 0.003900974988937378 73 1 948 709
face 0.0038926303386688232 73 1 948 709
face 0.0037430226802825928 73 1 948 709
face 0.003635406494140625 73 1 948 709
face 0.003562241792678833 73 1 948 709
face 0.003544628620147705 73 1 948 709
face 0.003511965274810791 73 1 948 709
face 0.0034997165203094482 73 1 948 709
face 0.0034333467483520508 73 1 948 709
face 0.0032992660999298096 73 1 948 709
face 0.0032812952995300293 73 1 948 709
face 0.0031679868698120117 73 1 948 709
face 0.0031228065490722656 73 1 948 709
face 0.0030128657817840576 73 1 948 709
face 0.0029134750366210938 73 1 948 709
face 0.002900749444961548 73 1 948 709
face 0.002898871898651123 73 1 948 709
face 0.0028963088989257812 73 1 948 709
face 0.0028162002563476562 73 1 948 709
face 0.0027487576007843018 73 1 948 709
face 0.0027430355548858643 73 1 948 709
face 0.002676069736480713 73 1 948 709
face 0.0026502013206481934 73 1 948 709
face 0.0025592148303985596 73 1 948 709
face 0.002552717924118042 73 1 948 709
face 0.00253140926361084 73 1 948 709
face 0.0024669766426086426 73 1 948 709
face 0.002431541681289673 73 1 948 709
face 0.0023811161518096924 73 1 948 709
face 0.002360999584197998 73 1 948 709
face 0.002329111099243164 73 1 948 709
face 0.002328842878341675 73 1 948 709
face 0.0023100078105926514 73 1 948 709
face 0.0022449791431427 73 1 948 709
face 0.0022337734699249268 73 1 948 709
face 0.002220064401626587 73 1 948 709
face 0.0022000670433044434 73 1 948 709
face 0.0021770596504211426 73 1 948 709
face 0.0021356940269470215 73 1 948 709
face 0.0021355152130126953 73 1 948 709
face 0.002088576555252075 73 1 948 709
face 0.0020481646060943604 73 1 948 709
face 0.002032071352005005 73 1 948 709
face 0.002019643783569336 73 1 948 709
face 0.002016991376876831 73 1 948 709
face 0.0020107924938201904 73 1 948 709
face 0.00199320912361145 73 1 948 709
face 0.0019827187061309814 73 1 948 709
face 0.0019744038581848145 73 1 948 709
face 0.0019471049308776855 73 1 948 709
face 0.0019374191761016846 73 1 948 709
face 0.0019360780715942383 73 1 948 709
face 0.001928091049194336 73 1 948 709
face 0.0019239187240600586 73 1 948 709
face 0.001922309398651123 73 1 948 709
face 0.0019112229347229004 73 1 948 709
face 0.0019035935401916504 73 1 948 709
face 0.0019002854824066162 73 1 948 709
face 0.0018999278545379639 73 1 948 709
face 0.0018998682498931885 73 1 948 709
face 0.0018936097621917725 73 1 948 709
face 0.0018825829029083252 73 1 948 709
face 0.0018778443336486816 73 1 948 709
face 0.0018731355667114258 73 1 948 709
face 0.0018555223941802979 73 1 948 709
face 0.001845717430114746 73 1 948 709
face 0.0018316805362701416 73 1 948 709
face 0.0018314123153686523 73 1 948 709
face 0.0018312335014343262 73 1 948 709
face 0.0018290877342224121 73 1 948 709
face 0.0018266141414642334 73 1 948 709
face 0.0018238425254821777 73 1 948 709
face 0.0018093287944793701 73 1 948 709
face 0.0017954707145690918 73 1 948 709
face 0.0017916858196258545 73 1 948 709
face 0.0017881989479064941 73 1 948 709
face 0.0017792284488677979 73 1 948 709
face 0.0017780959606170654 73 1 948 709
face 0.0017682313919067383 73 1 948 709
face 0.0017646551132202148 73 1 948 709
face 0.0017642974853515625 73 1 948 709
face 0.0017424821853637695 73 1 948 709
face 0.0017347931861877441 73 1 948 709
