face 0.9966562390327454 436 117 563 278
face 0.8524597883224487 216 498 258 558
face 0.2510899305343628 216 498 258 558
face 0.16083717346191406 216 498 258 558
face 0.04225161671638489 216 498 258 558
face 0.032895416021347046 216 498 258 558
face 0.03183889389038086 216 498 258 558
face 0.03154996037483215 216 498 258 558
face 0.031027883291244507 216 498 258 558
face 0.030947357416152954 216 498 258 558
face 0.030862629413604736 216 498 258 558
face 0.023723483085632324 216 498 258 558
face 0.023297429084777832 216 498 258 558
face 0.021865278482437134 216 498 258 558
face 0.020237654447555542 216 498 258 558
face 0.01999610662460327 216 498 258 558
face 0.019681870937347412 216 498 258 558
face 0.019569754600524902 216 498 258 558
face 0.019537150859832764 216 498 258 558
face 0.01903960108757019 216 498 258 558
face 0.01777133345603943 216 498 258 558
face 0.016925662755966187 216 498 258 558
face 0.01626497507095337 216 498 258 558
face 0.01581975817680359 216 498 258 558
face 0.015407264232635498 216 498 258 558
face 0.01503095030784607 216 498 258 558
face 0.01500779390335083 216 498 258 558
face 0.014593839645385742 216 498 258 558
face 0.014278143644332886 216 498 258 558
face 0.014232784509658813 216 498 258 558
face 0.01394742727279663 216 498 258 558
face 0.013736754655838013 216 498 258 558
face 0.013679355382919312 216 498 258 558
face 0.013518095016479492 216 498 258 558
face 0.01351127028465271 216 498 258 558
face 0.013060837984085083 216 498 258 558
face 0.01294618844985962 216 498 258 558
face 0.012861043214797974 216 498 258 558
face 0.012792408466339111 216 498 258 558
face 0.0125388503074646 216 498 258 558
face 0.012124717235565186 216 498 258 558
face 0.011810392141342163 216 498 258 558
face 0.011613845825195312 216 498 258 558
face 0.01141279935836792 216 498 258 558
face 0.011348843574523926 216 498 258 558
face 0.011119872331619263 216 498 258 558
face 0.011051595211029053 216 498 258 558
face 0.010722190141677856 216 498 258 558
face 0.01057925820350647 216 498 258 558
face 0.010224401950836182 216 498 258 558
face 0.009900420904159546 216 498 258 558
face 0.009850561618804932 216 498 258 558
face 0.009721636772155762 216 498 258 558
face 0.009628146886825562 216 498 258 558
face 0.009585529565811157 216 498 258 558
face 0.00956583023071289 216 498 258 558
face 0.009516239166259766 216 498 258 558
face 0.009442180395126343 216 498 258 558
face 0.009272009134292603 216 498 258 558
face 0.0092410147190094 216 498 258 558
face 0.008912116289138794 216 498 258 558
face 0.008618056774139404 216 498 258 558
face 0.008455455303192139 216 498 258 558
face 0.008438974618911743 216 498 258 558
face 0.008408010005950928 216 498 258 558
face 0.00839880108833313 216 498 258 558
face 0.00835445523262024 216 498 258 558
face 0.008327871561050415 216 498 258 558
face 0.008253097534179688 216 498 258 558
face 0.008080989122390747 216 498 258 558
face 0.008054792881011963 216 498 258 558
face 0.007948368787765503 216 498 258 558
face 0.00792008638381958 216 498 258 558
face 0.007823824882507324 216 498 258 558
face 0.007700502872467041 216 498 258 558
face 0.007598847150802612 216 498 258 558
face 0.0075390636920928955 216 498 258 558
face 0.00744706392288208 216 498 258 558
face 0.007357358932495117 216 498 258 558
face 0.007224857807159424 216 498 258 558
face 0.00721055269241333 216 498 258 558
face 0.007106900215148926 216 498 258 558
face 0.007095515727996826 216 498 258 558
face 0.006796002388000488 216 498 258 558
face 0.006751805543899536 216 498 258 558
face 0.0067296624183654785 216 498 258 558
face 0.006729006767272949 216 498 258 558
face 0.0065950751304626465 216 498 258 558
face 0.006552278995513916 216 498 258 558
face 0.00648266077041626 216 498 258 558
face 0.006454646587371826 216 498 258 558
face 0.006393909454345703 216 498 258 558
face 0.006160169839859009 216 498 258 558
face 0.006135046482086182 216 498 258 558
face 0.006131529808044434 216 498 258 558
face 0.006023436784744263 216 498 258 558
face 0.005962252616882324 216 498 258 558
face 0.0059371888637542725 216 498 258 558
face 0.00592389702796936 216 498 258 558
face 0.0058592259883880615 216 498 258 558
