face 0.952734649181366 103 792 268 1042
face 0.3493383526802063 103 792 268 1042
face 0.2098119556903839 103 792 268 1042
face 0.16019725799560547 103 792 268 1042
face 0.13080081343650818 103 792 268 1042
face 0.0923139750957489 103 792 268 1042
face 0.08041712641716003 103 792 268 1042
face 0.07746636867523193 103 792 268 1042
face 0.07700559496879578 103 792 268 1042
face 0.07033059000968933 103 792 268 1042
face 0.06961143016815186 103 792 268 1042
face 0.059700965881347656 103 792 268 1042
face 0.058030545711517334 103 792 268 1042
face 0.056379467248916626 103 792 268 1042
face 0.052237510681152344 103 792 268 1042
face 0.04777246713638306 103 792 268 1042
face 0.046686023473739624 103 792 268 1042
face 0.042495131492614746 103 792 268 1042
face 0.04087236523628235 103 792 268 1042
face 0.03622007369995117 103 792 268 1042
face 0.0344146192073822 103 792 268 1042
face 0.03393620252609253 103 792 268 1042
face 0.03199648857116699 103 792 268 1042
face 0.029932141304016113 103 792 268 1042
face 0.029541075229644775 103 792 268 1042
face 0.02779737114906311 103 792 268 1042
face 0.027739882469177246 103 792 268 1042
face 0.027230769395828247 103 792 268 1042
face 0.02648422122001648 103 792 268 1042
face 0.02630513906478882 103 792 268 1042
face 0.02620181441307068 103 792 268 1042
face 0.025349825620651245 103 792 268 1042
face 0.024566173553466797 103 792 268 1042
face 0.021609395742416382 103 792 268 1042
face 0.020718157291412354 103 792 268 1042
face 0.020499318838119507 103 792 268 1042
face 0.019167214632034302 103 792 268 1042
face 0.018490642309188843 103 792 268 1042
face 0.01816624402999878 103 792 268 1042
face 0.018123328685760498 103 792 268 1042
face 0.01774728298187256 103 792 268 1042
face 0.015947550535202026 103 792 268 1042
face 0.015753954648971558 103 792 268 1042
face 0.015704303979873657 103 792 268 1042
face 0.015646427869796753 103 792 268 1042
face 0.015418857336044312 103 792 268 1042
face 0.015332907438278198 103 792 268 1042
face 0.015214145183563232 103 792 268 1042
face 0.01518973708152771 103 792 268 1042
face 0.015105724334716797 103 792 268 1042
face 0.014844715595245361 103 792 268 1042
face 0.014425575733184814 103 792 268 1042
face 0.014281511306762695 103 792 268 1042
face 0.014208555221557617 103 792 268 1042
face 0.014029145240783691 103 792 268 1042
face 0.013937056064605713 103 792 268 1042
face 0.013911843299865723 103 792 268 1042
face 0.013577669858932495 103 792 268 1042
face 0.013435125350952148 103 792 268 1042
face 0.013345390558242798 103 792 268 1042
face 0.013154715299606323 103 792 268 1042
face 0.012960851192474365 103 792 268 1042
face 0.012780457735061646 103 792 268 1042
face 0.01273837685585022 103 792 268 1042
face 0.012675255537033081 103 792 268 1042
face 0.012381047010421753 103 792 268 1042
face 0.012293070554733276 103 792 268 1042
face 0.012233257293701172 103 792 268 1042
face 0.01218336820602417 103 792 268 1042
face 0.012020528316497803 103 792 268 1042
face 0.011822879314422607 103 792 268 1042
face 0.01181003451347351 103 792 268 1042
face 0.010609865188598633 103 792 268 1042
face 0.010533809661865234 103 792 268 1042
face 0.0104331374168396 103 792 268 1042
face 0.010044723749160767 103 792 268 1042
face 0.010043531656265259 103 792 268 1042
face 0.009974837303161621 103 792 268 1042
face 0.009963274002075195 103 792 268 1042
face 0.00993335247039795 103 792 268 1042
face 0.009908854961395264 103 792 268 1042
face 0.009847909212112427 103 792 268 1042
face 0.009813487529754639 103 792 268 1042
face 0.009795337915420532 103 792 268 1042
face 0.009792029857635498 103 792 268 1042
face 0.00960347056388855 103 792 268 1042
face 0.009582102298736572 103 792 268 1042
face 0.009475529193878174 103 792 268 1042
face 0.00939333438873291 103 792 268 1042
face 0.009338200092315674 103 792 268 1042
face 0.009209513664245605 103 792 268 1042
face 0.009188205003738403 103 792 268 1042
face 0.008894801139831543 103 792 268 1042
face 0.008850187063217163 103 792 268 1042
face 0.008791297674179077 103 792 268 1042
face 0.008770585060119629 103 792 268 1042
face 0.008766263723373413 103 792 268 1042
face 0.008754074573516846 103 792 268 1042
face 0.00871625542640686 103 792 268 1042
face 0.008609116077423096 103 792 268 1042
