face 0.9998648166656494 291 306 748 823
face 0.0136890709400177 291 306 748 823
face 0.00960591435432434 291 306 748 823
face 0.006153792142868042 291 306 748 823
face 0.005440115928649902 291 306 748 823
face 0.004602998495101929 291 306 748 823
face 0.004426300525665283 291 306 748 823
face 0.0041237473487854 291 306 748 823
face 0.0040323734283447266 291 306 748 823
face 0.003983736038208008 291 306 748 823
face 0.0038455426692962646 291 306 748 823
face 0.0038118362426757812 291 306 748 823
face 0.0036803483963012695 291 306 748 823
face 0.0033640265464782715 291 306 748 823
face 0.0031675100326538086 291 306 748 823
face 0.002973616123199463 291 306 748 823
face 0.002961069345474243 291 306 748 823
face 0.0029456615447998047 291 306 748 823
face 0.002852201461791992 291 306 748 823
face 0.00264546275138855 291 306 748 823
face 0.00248071551322937 291 306 748 823
face 0.0024412572383880615 291 306 748 823
face 0.0024289190769195557 291 306 748 823
face 0.0024095773696899414 291 306 748 823
face 0.0024024546146392822 291 306 748 823
face 0.0023765265941619873 291 306 748 823
face 0.0023189783096313477 291 306 748 823
face 0.002283632755279541 291 306 748 823
face 0.002179056406021118 291 306 748 823
face 0.002166956663131714 291 306 748 823
face 0.00216066837310791 291 306 748 823
face 0.002110093832015991 291 306 748 823
face 0.002079099416732788 291 306 748 823
face 0.002071887254714966 291 306 748 823
face 0.0020705759525299072 291 306 748 823
face 0.0020670294761657715 291 306 748 823
face 0.00202903151512146 291 306 748 823
face 0.0020172595977783203 291 306 748 823
face 0.0020086467266082764 291 306 748 823
face 0.0019814372062683105 291 306 748 823
face 0.0019607245922088623 291 306 748 823
face 0.0019524097442626953 291 306 748 823
face 0.001912236213684082 291 306 748 823
face 0.001910179853439331 291 306 748 823
face 0.0019012987613677979 291 306 748 823
face 0.0019008219242095947 291 306 748 823
face 0.001886218786239624 291 306 748 823
face 0.0018843114376068115 291 306 748 823
face 0.0018534064292907715 291 306 748 823
face 0.001841515302658081 291 306 748 823
face 0.001841127872467041 291 306 748 823
face 0.001813352108001709 291 306 748 823
face 0.0017890334129333496 291 306 748 823
face 0.001739591360092163 291 306 748 823
face 0.0017338097095489502 291 306 748 823
face 0.0017283856868743896 291 306 748 823
face 0.001699686050415039 291 306 748 823
face 0.0016924142837524414 291 306 748 823
face 0.0016888976097106934 291 306 748 823
face 0.0016676783561706543 291 306 748 823
face 0.001658320426940918 291 306 748 823
face 0.001636117696762085 291 306 748 823
face 0.0016239583492279053 291 306 748 823
face 0.0016097426414489746 291 306 748 823
face 0.00160139799118042 291 306 748 823
face 0.0015952587127685547 291 306 748 823
face 0.0015867054462432861 291 306 748 823
face 0.001580953598022461 291 306 748 823
face 0.0015687346458435059 291 306 748 823
face 0.0015354156494140625 291 306 748 823
face 0.0015257596969604492 291 306 748 823
face 0.0015185773372650146 291 306 748 823
face 0.0015173554420471191 291 306 748 823
face 0.001490861177444458 291 306 748 823
face 0.0014873147010803223 291 306 748 823
face 0.0014840662479400635 291 306 748 823
face 0.001483827829360962 291 306 748 823
face 0.0014751553535461426 291 306 748 823
face 0.0014706552028656006 291 306 748 823
face 0.0014577209949493408 291 306 748 823
face 0.001454681158065796 291 306 748 823
face 0.001439601182937622 291 306 748 823
face 0.0014224350452423096 291 306 748 823
face 0.0013934075832366943 291 306 748 823
face 0.0013863742351531982 291 306 748 823
face 0.0013742446899414062 291 306 748 823
face 0.0013652145862579346 291 306 748 823
face 0.0013591349124908447 291 306 748 823
face 0.0013538897037506104 291 306 748 823
face 0.0013493597507476807 291 306 748 823
face 0.001345127820968628 291 306 748 823
face 0.0013413429260253906 291 306 748 823
face 0.001341015100479126 291 306 748 823
face 0.0013342797756195068 291 306 748 823
face 0.0013162791728973389 291 306 748 823
face 0.0012954473495483398 291 306 748 823
face 0.0012954175472259521 291 306 748 823
face 0.0012828707695007324 291 306 748 823
face 0.001279979944229126 291 306 748 823
face 0.001270294189453125 291 306 748 823
