face 0.9893345832824707 523 237 587 310
face 0.9748191833496094 15 153 56 212
face 0.8175408840179443 192 122 243 188
face 0.2127259075641632 192 122 243 188
face 0.14408358931541443 192 122 243 188
face 0.08710336685180664 192 122 243 188
face 0.08550870418548584 192 122 243 188
face 0.07819774746894836 192 122 243 188
face 0.06547170877456665 192 122 243 188
face 0.05281803011894226 192 122 243 188
face 0.04878905415534973 192 122 243 188
face 0.04351285099983215 192 122 243 188
face 0.04051879048347473 192 122 243 188
face 0.03904449939727783 192 122 243 188
face 0.038508713245391846 192 122 243 188
face 0.03468093276023865 192 122 243 188
face 0.034370630979537964 192 122 243 188
face 0.03373691439628601 192 122 243 188
face 0.03204578161239624 192 122 243 188
face 0.03182089328765869 192 122 243 188
face 0.03128194808959961 192 122 243 188
face 0.031049519777297974 192 122 243 188
face 0.029932618141174316 192 122 243 188
face 0.02817016839981079 192 122 243 188
face 0.027726560831069946 192 122 243 188
face 0.027575314044952393 192 122 243 188
face 0.026956528425216675 192 122 243 188
face 0.02649649977684021 192 122 243 188
face 0.026107877492904663 192 122 243 188
face 0.025817811489105225 192 122 243 188
face 0.02521798014640808 192 122 243 188
face 0.024994492530822754 192 122 243 188
face 0.024389266967773438 192 122 243 188
face 0.02204158902168274 192 122 243 188
face 0.02143213152885437 192 122 243 188
face 0.021179139614105225 192 122 243 188
face 0.020798474550247192 192 122 243 188
face 0.019843876361846924 192 122 243 188
face 0.019516289234161377 192 122 243 188
face 0.01918935775756836 192 122 243 188
face 0.01910620927810669 192 122 243 188
face 0.01875743269920349 192 122 243 188
face 0.01834443211555481 192 122 243 188
face 0.017694085836410522 192 122 243 188
face 0.01753881573677063 192 122 243 188
face 0.017075955867767334 192 122 243 188
face 0.017036229372024536 192 122 243 188
face 0.01651817560195923 192 122 243 188
face 0.016355037689208984 192 122 243 188
face 0.015689551830291748 192 122 243 188
face 0.01515507698059082 192 122 243 188
face 0.013632804155349731 192 122 243 188
face 0.013570278882980347 192 122 243 188
face 0.013555020093917847 192 122 243 188
face 0.013452410697937012 192 122 243 188
face 0.013147979974746704 192 122 243 188
face 0.012569814920425415 192 122 243 188
face 0.012477874755859375 192 122 243 188
face 0.01226159930229187 192 122 243 188
face 0.012101203203201294 192 122 243 188
face 0.011929124593734741 192 122 243 188
face 0.01148921251296997 192 122 243 188
face 0.011183083057403564 192 122 243 188
face 0.010942786931991577 192 122 243 188
face 0.01086917519569397 192 122 243 188
face 0.010591000318527222 192 122 243 188
face 0.009936362504959106 192 122 243 188
face 0.009891331195831299 192 122 243 188
face 0.00976666808128357 192 122 243 188
face 0.009632080793380737 192 122 243 188
face 0.009595274925231934 192 122 243 188
face 0.009594261646270752 192 122 243 188
face 0.009562283754348755 192 122 243 188
face 0.009346634149551392 192 122 243 188
face 0.00927799940109253 192 122 243 188
face 0.008989006280899048 192 122 243 188
face 0.008780568838119507 192 122 243 188
face 0.0086841881275177 192 122 243 188
face 0.008676499128341675 192 122 243 188
face 0.008652091026306152 192 122 243 188
face 0.008596032857894897 192 122 243 188
face 0.008564174175262451 192 122 243 188
face 0.008556455373764038 192 122 243 188
face 0.008520722389221191 192 122 243 188
face 0.008512139320373535 192 122 243 188
face 0.008396744728088379 192 122 243 188
face 0.008356243371963501 192 122 243 188
face 0.00824970006942749 192 122 243 188
face 0.00815892219543457 192 122 243 188
face 0.008094877004623413 192 122 243 188
face 0.007804453372955322 192 122 243 188
face 0.0077779293060302734 192 122 243 188
face 0.007768183946609497 192 122 243 188
face 0.007731229066848755 192 122 243 188
face 0.007670879364013672 192 122 243 188
face 0.007586687803268433 192 122 243 188
face 0.007572263479232788 192 122 243 188
face 0.00743439793586731 192 122 243 188
face 0.007422894239425659 192 122 243 188
face 0.00732266902923584 192 122 243 188
