face 0.605650782585144 433 117 613 278
face 0.17496925592422485 433 117 613 278
face 0.0533846914768219 433 117 613 278
face 0.04877471923828125 433 117 613 278
face 0.04553401470184326 433 117 613 278
face 0.03644728660583496 433 117 613 278
face 0.03559166193008423 433 117 613 278
face 0.03272852301597595 433 117 613 278
face 0.029049068689346313 433 117 613 278
face 0.027826577425003052 433 117 613 278
face 0.027225226163864136 433 117 613 278
face 0.02708810567855835 433 117 613 278
face 0.02630862593650818 433 117 613 278
face 0.02584436535835266 433 117 613 278
face 0.025041937828063965 433 117 613 278
face 0.023800045251846313 433 117 613 278
face 0.02329850196838379 433 117 613 278
face 0.023124635219573975 433 117 613 278
face 0.022974252700805664 433 117 613 278
face 0.021894782781600952 433 117 613 278
face 0.021535545587539673 433 117 613 278
face 0.02090391516685486 433 117 613 278
face 0.020346909761428833 433 117 613 278
face 0.01974785327911377 433 117 613 278
face 0.01895889639854431 433 117 613 278
face 0.01886078715324402 433 117 613 278
face 0.018696367740631104 433 117 613 278
face 0.017851293087005615 433 117 613 278
face 0.017589211463928223 433 117 613 278
face 0.017275065183639526 433 117 613 278
face 0.016740739345550537 433 117 613 278
face 0.016562283039093018 433 117 613 278
face 0.016542494297027588 433 117 613 278
face 0.015680253505706787 433 117 613 278
face 0.015542596578598022 433 117 613 278
face 0.015400290489196777 433 117 613 278
face 0.015239357948303223 433 117 613 278
face 0.015226125717163086 433 117 613 278
face 0.014700591564178467 433 117 613 278
face 0.014699786901473999 433 117 613 278
face 0.014555543661117554 433 117 613 278
face 0.014406174421310425 433 117 613 278
face 0.014261633157730103 433 117 613 278
face 0.013807058334350586 433 117 613 278
face 0.013804346323013306 433 117 613 278
face 0.01376640796661377 433 117 613 278
face 0.013639271259307861 433 117 613 278
face 0.013287514448165894 433 117 613 278
face 0.01313742995262146 433 117 613 278
face 0.013102084398269653 433 117 613 278
face 0.012960821390151978 433 117 613 278
face 0.012684553861618042 433 117 613 278
face 0.01262211799621582 433 117 613 278
face 0.012606620788574219 433 117 613 278
face 0.012477487325668335 433 117 613 278
face 0.012395411729812622 433 117 613 278
face 0.012211769819259644 433 117 613 278
face 0.012140154838562012 433 117 613 278
face 0.01210397481918335 433 117 613 278
face 0.012074142694473267 433 117 613 278
face 0.011839181184768677 433 117 613 278
face 0.011668145656585693 433 117 613 278
face 0.0113905668258667 433 117 613 278
face 0.011233270168304443 433 117 613 278
face 0.011228322982788086 433 117 613 278
face 0.011198848485946655 433 117 613 278
face 0.011093199253082275 433 117 613 278
face 0.01100468635559082 433 117 613 278
face 0.010722219944000244 433 117 613 278
face 0.010641306638717651 433 117 613 278
face 0.010581731796264648 433 117 613 278
face 0.01035618782043457 433 117 613 278
face 0.010314792394638062 433 117 613 278
face 0.010192245244979858 433 117 613 278
face 0.01008102297782898 433 117 613 278
face 0.010065644979476929 433 117 613 278
face 0.00987476110458374 433 117 613 278
face 0.009774208068847656 433 117 613 278
face 0.009521424770355225 433 117 613 278
face 0.009496331214904785 433 117 613 278
face 0.009493261575698853 433 117 613 278
face 0.009344011545181274 433 117 613 278
face 0.00931096076965332 433 117 613 278
face 0.009048610925674438 433 117 613 278
face 0.009020179510116577 433 117 613 278
face 0.00899207592010498 433 117 613 278
face 0.008955270051956177 433 117 613 278
face 0.0087127685546875 433 117 613 278
face 0.00869324803352356 433 117 613 278
face 0.008647501468658447 433 117 613 278
face 0.008631259202957153 433 117 613 278
face 0.008590161800384521 433 117 613 278
face 0.008508682250976562 433 117 613 278
face 0.008284598588943481 433 117 613 278
face 0.00827789306640625 433 117 613 278
face 0.008197277784347534 433 117 613 278
face 0.008148670196533203 433 117 613 278
face 0.008093118667602539 433 117 613 278
face 0.008062809705734253 433 117 613 278
face 0.007999449968338013 433 117 613 278
