face 0.9944726228713989 88 164 376 511
face 0.964238166809082 490 84 739 428
face 0.10761716961860657 490 84 739 428
face 0.09217703342437744 490 84 739 428
face 0.03315064311027527 490 84 739 428
face 0.027512818574905396 490 84 739 428
face 0.019739538431167603 490 84 739 428
face 0.019551604986190796 490 84 739 428
face 0.014813721179962158 490 84 739 428
face 0.013747543096542358 490 84 739 428
face 0.013510465621948242 490 84 739 428
face 0.012760132551193237 490 84 739 428
face 0.012351632118225098 490 84 739 428
face 0.012166500091552734 490 84 739 428
face 0.011391371488571167 490 84 739 428
face 0.011299699544906616 490 84 739 428
face 0.010944515466690063 490 84 739 428
face 0.010500937700271606 490 84 739 428
face 0.010320901870727539 490 84 739 428
face 0.010045349597930908 490 84 739 428
face 0.009776175022125244 490 84 739 428
face 0.009628474712371826 490 84 739 428
face 0.008701592683792114 490 84 739 428
face 0.00868237018585205 490 84 739 428
face 0.00859251618385315 490 84 739 428
face 0.00819331407546997 490 84 739 428
face 0.007762253284454346 490 84 739 428
face 0.0075736939907073975 490 84 739 428
face 0.007476061582565308 490 84 739 428
face 0.007435917854309082 490 84 739 428
face 0.006988823413848877 490 84 739 428
face 0.006777137517929077 490 84 739 428
face 0.006681352853775024 490 84 739 428
face 0.0065860748291015625 490 84 739 428
face 0.0064200758934021 490 84 739 428
face 0.006253182888031006 490 84 739 428
face 0.006212681531906128 490 84 739 428
face 0.00596386194229126 490 84 739 428
face 0.00572851300239563 490 84 739 428
face 0.005587130784988403 490 84 739 428
face 0.005534052848815918 490 84 739 428
face 0.005502432584762573 490 84 739 428
face 0.005359143018722534 490 84 739 428
face 0.005246371030807495 490 84 739 428
face 0.005246251821517944 490 84 739 428
face 0.005177855491638184 490 84 739 428
face 0.0051694512367248535 490 84 739 428
face 0.004947394132614136 490 84 739 428
face 0.004922300577163696 490 84 739 428
face 0.004800021648406982 490 84 739 428
face 0.004759877920150757 490 84 739 428
face 0.004670888185501099 490 84 739 428
face 0.0046461522579193115 490 84 739 428
face 0.00443798303604126 490 84 739 428
face 0.004392772912979126 490 84 739 428
face 0.004345238208770752 490 84 739 428
face 0.0042858123779296875 490 84 739 428
face 0.0042705535888671875 490 84 739 428
face 0.0042608678340911865 490 84 739 428
face 0.004255801439285278 490 84 739 428
face 0.004254430532455444 490 84 739 428
face 0.0042459070682525635 490 84 739 428
face 0.004241257905960083 490 84 739 428
face 0.004234015941619873 490 84 739 428
face 0.004175126552581787 490 84 739 428
face 0.004173934459686279 490 84 739 428
face 0.004163593053817749 490 84 739 428
face 0.0040919482707977295 490 84 739 428
face 0.0040878355503082275 490 84 739 428
face 0.0040191709995269775 490 84 739 428
face 0.0039421916007995605 490 84 739 428
face 0.003927081823348999 490 84 739 428
face 0.0038711726665496826 490 84 739 428
face 0.003693997859954834 490 84 739 428
face 0.0036930441856384277 490 84 739 428
face 0.003673046827316284 490 84 739 428
face 0.0035956501960754395 490 84 739 428
face 0.0035721957683563232 490 84 739 428
face 0.0035567879676818848 490 84 739 428
face 0.003553837537765503 490 84 739 428
face 0.00352516770362854 490 84 739 428
face 0.003511965274810791 490 84 739 428
face 0.0034829676151275635 490 84 739 428
face 0.003377079963684082 490 84 739 428
face 0.0033690333366394043 490 84 739 428
face 0.00334891676902771 490 84 739 428
face 0.0033413469791412354 490 84 739 428
face 0.0033186376094818115 490 84 739 428
face 0.0032812654972076416 490 84 739 428
face 0.0032231509685516357 490 84 739 428
face 0.0032115280628204346 490 84 739 428
face 0.003208726644515991 490 84 739 428
face 0.0032002925872802734 490 84 739 428
face 0.003182739019393921 490 84 739 428
face 0.003177046775817871 490 84 739 428
face 0.003054410219192505 490 84 739 428
face 0.003032773733139038 490 84 739 428
face 0.0030211806297302246 490 84 739 428
face 0.002995997667312622 490 84 739 428
face 0.0029880404472351074 490 84 739 428
