face 0.9509618282318115 563 130 676 285
face 0.01534181833267212 563 130 676 285
face 0.012625426054000854 563 130 676 285
face 0.010092407464981079 563 130 676 285
face 0.0086592435836792 563 130 676 285
face 0.008147239685058594 563 130 676 285
face 0.0080585777759552 563 130 676 285
face 0.007212936878204346 563 130 676 285
face 0.00665399432182312 563 130 676 285
face 0.006464660167694092 563 130 676 285
face 0.005783945322036743 563 130 676 285
face 0.0057464540004730225 563 130 676 285
face 0.005522727966308594 563 130 676 285
face 0.005430310964584351 563 130 676 285
face 0.005255073308944702 563 130 676 285
face 0.005099833011627197 563 130 676 285
face 0.005044043064117432 563 130 676 285
face 0.004946887493133545 563 130 676 285
face 0.004916727542877197 563 130 676 285
face 0.004649072885513306 563 130 676 285
face 0.004569649696350098 563 130 676 285
face 0.0045597851276397705 563 130 676 285
face 0.004537761211395264 563 130 676 285
face 0.004503399133682251 563 130 676 285
face 0.004454135894775391 563 130 676 285
face 0.00441703200340271 563 130 676 285
face 0.0042036473751068115 563 130 676 285
face 0.004195362329483032 563 130 676 285
face 0.0041661858558654785 563 130 676 285
face 0.004129767417907715 563 130 676 285
face 0.0041283369064331055 563 130 676 285
face 0.00412595272064209 563 130 676 285
face 0.00406038761138916 563 130 676 285
face 0.003991246223449707 563 130 676 285
face 0.003977984189987183 563 130 676 285
face 0.00393262505531311 563 130 676 285
face 0.003922820091247559 563 130 676 285
face 0.0038898587226867676 563 130 676 285
face 0.003878951072692871 563 130 676 285
face 0.003875255584716797 563 130 676 285
face 0.003849714994430542 563 130 676 285
face 0.003846287727355957 563 130 676 285
face 0.003836989402770996 563 130 676 285
face 0.0038336217403411865 563 130 676 285
face 0.003803551197052002 563 130 676 285
face 0.0038007497787475586 563 130 676 285
face 0.0037213563919067383 563 130 676 285
face 0.0036942362785339355 563 130 676 285
face 0.0036738216876983643 563 130 676 285
face 0.0036433637142181396 563 130 676 285
face 0.0036382079124450684 563 130 676 285
face 0.003588378429412842 563 130 676 285
face 0.0035808980464935303 563 130 676 285
face 0.003551691770553589 563 130 676 285
face 0.00353965163230896 563 130 676 285
face 0.0035341084003448486 563 130 676 285
face 0.0035200119018554688 563 130 676 285
face 0.003461211919784546 563 130 676 285
face 0.0034329891204833984 563 130 676 285
face 0.003405660390853882 563 130 676 285
face 0.0032959580421447754 563 130 676 285
face 0.0032871365547180176 563 130 676 285
face 0.003265857696533203 563 130 676 285
face 0.003229588270187378 563 130 676 285
face 0.0032197535037994385 563 130 676 285
face 0.003215312957763672 563 130 676 285
face 0.0031602084636688232 563 130 676 285
face 0.003125518560409546 563 130 676 285
face 0.003105759620666504 563 130 676 285
face 0.003049910068511963 563 130 676 285
face 0.0030239522457122803 563 130 676 285
face 0.0029974281787872314 563 130 676 285
face 0.0029927492141723633 563 130 676 285
face 0.0029546916484832764 563 130 676 285
face 0.0029449462890625 563 130 676 285
face 0.002928018569946289 563 130 676 285
face 0.0029207468032836914 563 130 676 285
face 0.0029083192348480225 563 130 676 285
face 0.0029055774211883545 563 130 676 285
face 0.002900421619415283 563 130 676 285
face 0.0028888583183288574 563 130 676 285
face 0.002848416566848755 563 130 676 285
face 0.002848029136657715 563 130 676 285
face 0.002767890691757202 563 130 676 285
face 0.002754032611846924 563 130 676 285
face 0.0027465522289276123 563 130 676 285
face 0.002744615077972412 563 130 676 285
face 0.0027075111865997314 563 130 676 285
face 0.0027018189430236816 563 130 676 285
face 0.002699911594390869 563 130 676 285
face 0.0026913583278656006 563 130 676 285
face 0.002671360969543457 563 130 676 285
face 0.0026679933071136475 563 130 676 285
face 0.002638578414916992 563 130 676 285
face 0.002635270357131958 563 130 676 285
face 0.0025779306888580322 563 130 676 285
face 0.002574026584625244 563 130 676 285
face 0.002552539110183716 563 130 676 285
face 0.0025436878204345703 563 130 676 285
face 0.002536952495574951 563 130 676 285
