face 0.9486998319625854 573 152 640 236
face 0.3365551829338074 573 152 640 236
face 0.08581468462944031 573 152 640 236
face 0.05334886908531189 573 152 640 236
face 0.04301047325134277 573 152 640 236
face 0.04221847653388977 573 152 640 236
face 0.040673643350601196 573 152 640 236
face 0.039218366146087646 573 152 640 236
face 0.027464628219604492 573 152 640 236
face 0.024802356958389282 573 152 640 236
face 0.024566054344177246 573 152 640 236
face 0.021730154752731323 573 152 640 236
face 0.018932729959487915 573 152 640 236
face 0.018679767847061157 573 152 640 236
face 0.01803538203239441 573 152 640 236
face 0.016082853078842163 573 152 640 236
face 0.01594361662864685 573 152 640 236
face 0.015526384115219116 573 152 640 236
face 0.015112906694412231 573 152 640 236
face 0.014970481395721436 573 152 640 236
face 0.014921456575393677 573 152 640 236
face 0.013205677270889282 573 152 640 236
face 0.012631148099899292 573 152 640 236
face 0.01240384578704834 573 152 640 236
face 0.012217164039611816 573 152 640 236
face 0.012115836143493652 573 152 640 236
face 0.011451661586761475 573 152 640 236
face 0.011064678430557251 573 152 640 236
face 0.011010587215423584 573 152 640 236
face 0.010991334915161133 573 152 640 236
face 0.010765373706817627 573 152 640 236
face 0.010645449161529541 573 152 640 236
face 0.010500699281692505 573 152 640 236
face 0.010295748710632324 573 152 640 236
face 0.010258853435516357 573 152 640 236
face 0.010178148746490479 573 152 640 236
face 0.010155022144317627 573 152 640 236
face 0.010138928890228271 573 152 640 236
face 0.010082602500915527 573 152 640 236
face 0.010025560855865479 573 152 640 236
face 0.009996175765991211 573 152 640 236
face 0.009884744882583618 573 152 640 236
face 0.009399056434631348 573 152 640 236
face 0.008887112140655518 573 152 640 236
face 0.00810423493385315 573 152 640 236
face 0.008018136024475098 573 152 640 236
face 0.008004695177078247 573 152 640 236
face 0.00799509882926941 573 152 640 236
face 0.007856756448745728 573 152 640 236
face 0.007726788520812988 573 152 640 236
face 0.007723212242126465 573 152 640 236
face 0.007698804140090942 573 152 640 236
face 0.007630467414855957 573 152 640 236
face 0.007561385631561279 573 152 640 236
face 0.007547557353973389 573 152 640 236
face 0.007529735565185547 573 152 640 236
face 0.00752025842666626 573 152 640 236
face 0.007230222225189209 573 152 640 236
face 0.007191777229309082 573 152 640 236
face 0.007048696279525757 573 152 640 236
face 0.006988972425460815 573 152 640 236
face 0.006970077753067017 573 152 640 236
face 0.006905794143676758 573 152 640 236
face 0.006844967603683472 573 152 640 236
face 0.006796658039093018 573 152 640 236
face 0.006785660982131958 573 152 640 236
face 0.00678408145904541 573 152 640 236
face 0.006774395704269409 573 152 640 236
face 0.006660580635070801 573 152 640 236
face 0.00643494725227356 573 152 640 236
face 0.006361782550811768 573 152 640 236
face 0.006307005882263184 573 152 640 236
face 0.0062743425369262695 573 152 640 236
face 0.006228119134902954 573 152 640 236
face 0.006220698356628418 573 152 640 236
face 0.006196498870849609 573 152 640 236
face 0.006189614534378052 573 152 640 236
face 0.006137728691101074 573 152 640 236
face 0.006111025810241699 573 152 640 236
face 0.0060984790325164795 573 152 640 236
face 0.006056249141693115 573 152 640 236
face 0.006050288677215576 573 152 640 236
face 0.0060235559940338135 573 152 640 236
face 0.005858927965164185 573 152 640 236
face 0.005794495344161987 573 152 640 236
face 0.005733311176300049 573 152 640 236
face 0.005702376365661621 573 152 640 236
face 0.005640476942062378 573 152 640 236
face 0.005635082721710205 573 152 640 236
face 0.0055471062660217285 573 152 640 236
face 0.005539149045944214 573 152 640 236
face 0.005532324314117432 573 152 640 236
face 0.005514174699783325 573 152 640 236
face 0.005493968725204468 573 152 640 236
face 0.005473494529724121 573 152 640 236
face 0.0054073333740234375 573 152 640 236
face 0.00537031888961792 573 152 640 236
face 0.005365490913391113 573 152 640 236
face 0.005324512720108032 573 152 640 236
face 0.005304604768753052 573 152 640 236
