face 0.9992226362228394 393 117 412 145
face 0.7618975043296814 419 279 463 320
face 0.7244613766670227 804 82 816 96
face 0.5308967232704163 431 462 470 510
face 0.5037175416946411 680 195 701 220
face 0.44524168968200684 680 195 701 220
face 0.4430371820926666 680 195 701 220
face 0.3434315323829651 680 195 701 220
face 0.2614358067512512 680 195 701 220
face 0.12607356905937195 680 195 701 220
face 0.11126455664634705 680 195 701 220
face 0.09940612316131592 680 195 701 220
face 0.06875592470169067 680 195 701 220
face 0.06499683856964111 680 195 701 220
face 0.06427526473999023 680 195 701 220
face 0.042414456605911255 680 195 701 220
face 0.03434717655181885 680 195 701 220
face 0.028353959321975708 680 195 701 220
face 0.0277845561504364 680 195 701 220
face 0.02483406662940979 680 195 701 220
face 0.02459511160850525 680 195 701 220
face 0.021309703588485718 680 195 701 220
face 0.019109100103378296 680 195 701 220
face 0.01854342222213745 680 195 701 220
face 0.018133044242858887 680 195 701 220
face 0.017741084098815918 680 195 701 220
face 0.017035871744155884 680 195 701 220
face 0.016047954559326172 680 195 701 220
face 0.015567809343338013 680 195 701 220
face 0.015424937009811401 680 195 701 220
face 0.01511770486831665 680 195 701 220
face 0.013584762811660767 680 195 701 220
face 0.013371109962463379 680 195 701 220
face 0.012912839651107788 680 195 701 220
face 0.012574493885040283 680 195 701 220
face 0.012499243021011353 680 195 701 220
face 0.012429744005203247 680 195 701 220
face 0.011714905500411987 680 195 701 220
face 0.011681795120239258 680 195 701 220
face 0.0104522705078125 680 195 701 220
face 0.010335922241210938 680 195 701 220
face 0.010163426399230957 680 195 701 220
face 0.01005101203918457 680 195 701 220
face 0.009890764951705933 680 195 701 220
face 0.009714126586914062 680 195 701 220
face 0.009622544050216675 680 195 701 220
face 0.009604096412658691 680 195 701 220
face 0.009520113468170166 680 195 701 220
face 0.009383976459503174 680 195 701 220
face 0.009291529655456543 680 195 701 220
face 0.009194701910018921 680 195 701 220
face 0.009147614240646362 680 195 701 220
face 0.008762836456298828 680 195 701 220
face 0.008739441633224487 680 195 701 220
face 0.008520632982254028 680 195 701 220
face 0.0076055824756622314 680 195 701 220
face 0.007596015930175781 680 195 701 220
face 0.007595181465148926 680 195 701 220
face 0.007518768310546875 680 195 701 220
face 0.00736352801322937 680 195 701 220
face 0.007303386926651001 680 195 701 220
face 0.007173806428909302 680 195 701 220
face 0.007030785083770752 680 195 701 220
face 0.006993204355239868 680 195 701 220
face 0.006886988878250122 680 195 701 220
face 0.00670132040977478 680 195 701 220
face 0.006666362285614014 680 195 701 220
face 0.006605654954910278 680 195 701 220
face 0.006507694721221924 680 195 701 220
face 0.006217062473297119 680 195 701 220
face 0.006048440933227539 680 195 701 220
face 0.005814194679260254 680 195 701 220
face 0.005732059478759766 680 195 701 220
face 0.005722552537918091 680 195 701 220
face 0.005595266819000244 680 195 701 220
face 0.005501657724380493 680 195 701 220
face 0.00542876124382019 680 195 701 220
face 0.00535544753074646 680 195 701 220
face 0.005346953868865967 680 195 701 220
face 0.005072504281997681 680 195 701 220
face 0.00494953989982605 680 195 701 220
face 0.004914224147796631 680 195 701 220
face 0.0049085915088653564 680 195 701 220
face 0.004898011684417725 680 195 701 220
face 0.004805326461791992 680 195 701 220
face 0.004758477210998535 680 195 701 220
face 0.004757404327392578 680 195 701 220
face 0.004744350910186768 680 195 701 220
face 0.004743248224258423 680 195 701 220
face 0.004704415798187256 680 195 701 220
face 0.0046773552894592285 680 195 701 220
face 0.004613399505615234 680 195 701 220
face 0.004576176404953003 680 195 701 220
face 0.004497021436691284 680 195 701 220
face 0.004455894231796265 680 195 701 220
face 0.004270702600479126 680 195 701 220
face 0.004262208938598633 680 195 701 220
face 0.004142582416534424 680 195 701 220
face 0.004043638706207275 680 195 701 220
face 0.00402495265007019 680 195 701 220
