face 0.924706220626831 842 77 933 191
face 0.8921754360198975 520 153 597 247
face 0.8494393825531006 355 180 388 220
face 0.7870319485664368 574 169 687 311
face 0.6449843645095825 471 188 495 216
face 0.28909075260162354 471 188 495 216
face 0.20707428455352783 471 188 495 216
face 0.14621880650520325 471 188 495 216
face 0.09415966272354126 471 188 495 216
face 0.0853000283241272 471 188 495 216
face 0.08431020379066467 471 188 495 216
face 0.08365648984909058 471 188 495 216
face 0.07975062727928162 471 188 495 216
face 0.07725045084953308 471 188 495 216
face 0.07458499073982239 471 188 495 216
face 0.07402512431144714 471 188 495 216
face 0.06942886114120483 471 188 495 216
face 0.06616511940956116 471 188 495 216
face 0.06601160764694214 471 188 495 216
face 0.06421136856079102 471 188 495 216
face 0.05861148238182068 471 188 495 216
face 0.056126415729522705 471 188 495 216
face 0.05481362342834473 471 188 495 216
face 0.052094876766204834 471 188 495 216
face 0.05000346899032593 471 188 495 216
face 0.04916533827781677 471 188 495 216
face 0.04867136478424072 471 188 495 216
face 0.04545658826828003 471 188 495 216
face 0.04360908269882202 471 188 495 216
face 0.04313027858734131 471 188 495 216
face 0.04151389002799988 471 188 495 216
face 0.0343937873840332 471 188 495 216
face 0.033784955739974976 471 188 495 216
face 0.03321629762649536 471 188 495 216
face 0.03269025683403015 471 188 495 216
face 0.03253445029258728 471 188 495 216
face 0.03247591853141785 471 188 495 216
face 0.02993875741958618 471 188 495 216
face 0.02954643964767456 471 188 495 216
face 0.029529929161071777 471 188 495 216
face 0.02948075532913208 471 188 495 216
face 0.029296040534973145 471 188 495 216
face 0.028756290674209595 471 188 495 216
face 0.02563875913619995 471 188 495 216
face 0.024752050638198853 471 188 495 216
face 0.024625957012176514 471 188 495 216
face 0.02364179491996765 471 188 495 216
face 0.023504942655563354 471 188 495 216
face 0.023232489824295044 471 188 495 216
face 0.02300223708152771 471 188 495 216
face 0.022924602031707764 471 188 495 216
face 0.02273118495941162 471 188 495 216
face 0.02227652072906494 471 188 495 216
face 0.022187858819961548 471 188 495 216
face 0.022009164094924927 471 188 495 216
face 0.021494358777999878 471 188 495 216
face 0.020836681127548218 471 188 495 216
face 0.020527809858322144 471 188 495 216
face 0.020334601402282715 471 188 495 216
face 0.019920796155929565 471 188 495 216
face 0.01986679434776306 471 188 495 216
face 0.019758790731430054 471 188 495 216
face 0.01972907781600952 471 188 495 216
face 0.019657939672470093 471 188 495 216
face 0.019630759954452515 471 188 495 216
face 0.01892852783203125 471 188 495 216
face 0.018640190362930298 471 188 495 216
face 0.018535971641540527 471 188 495 216
face 0.018133819103240967 471 188 495 216
face 0.018086612224578857 471 188 495 216
face 0.018049567937850952 471 188 495 216
face 0.018016517162322998 471 188 495 216
face 0.016805142164230347 471 188 495 216
face 0.016664862632751465 471 188 495 216
face 0.016408294439315796 471 188 495 216
face 0.016197621822357178 471 188 495 216
face 0.016191154718399048 471 188 495 216
face 0.016063541173934937 471 188 495 216
face 0.01589757204055786 471 188 495 216
face 0.01586291193962097 471 188 495 216
face 0.015722960233688354 471 188 495 216
face 0.015616655349731445 471 188 495 216
face 0.015533298254013062 471 188 495 216
face 0.015278726816177368 471 188 495 216
face 0.015250205993652344 471 188 495 216
face 0.01477879285812378 471 188 495 216
face 0.014549314975738525 471 188 495 216
face 0.014536440372467041 471 188 495 216
face 0.014522671699523926 471 188 495 216
face 0.014236301183700562 471 188 495 216
face 0.014224022626876831 471 188 495 216
face 0.014132797718048096 471 188 495 216
face 0.014059871435165405 471 188 495 216
face 0.014009535312652588 471 188 495 216
face 0.01397755742073059 471 188 495 216
face 0.013790279626846313 471 188 495 216
face 0.013507485389709473 471 188 495 216
face 0.013479948043823242 471 188 495 216
face 0.013397961854934692 471 188 495 216
face 0.01338881254196167 471 188 495 216
