face 0.9843966960906982 480 132 540 210
face 0.7674353122711182 392 73 432 127
face 0.17087459564208984 392 73 432 127
face 0.08447802066802979 392 73 432 127
face 0.04933050274848938 392 73 432 127
face 0.039744675159454346 392 73 432 127
face 0.030637264251708984 392 73 432 127
face 0.02476590871810913 392 73 432 127
face 0.023974716663360596 392 73 432 127
face 0.02332744002342224 392 73 432 127
face 0.022707372903823853 392 73 432 127
face 0.0224551260471344 392 73 432 127
face 0.02183324098587036 392 73 432 127
face 0.020982801914215088 392 73 432 127
face 0.020617187023162842 392 73 432 127
face 0.01905912160873413 392 73 432 127
face 0.01822763681411743 392 73 432 127
face 0.01815938949584961 392 73 432 127
face 0.01776784658432007 392 73 432 127
face 0.017544984817504883 392 73 432 127
face 0.01619577407836914 392 73 432 127
face 0.015985190868377686 392 73 432 127
face 0.015447437763214111 392 73 432 127
face 0.01520305871963501 392 73 432 127
face 0.01501607894897461 392 73 432 127
face 0.01459956169128418 392 73 432 127
face 0.014377593994140625 392 73 432 127
face 0.013974040746688843 392 73 432 127
face 0.013817906379699707 392 73 432 127
face 0.013730168342590332 392 73 432 127
face 0.013630092144012451 392 73 432 127
face 0.012923210859298706 392 73 432 127
face 0.012438982725143433 392 73 432 127
face 0.012346804141998291 392 73 432 127
face 0.012259453535079956 392 73 432 127
face 0.012154370546340942 392 73 432 127
face 0.012153178453445435 392 73 432 127
face 0.012123942375183105 392 73 432 127
face 0.012043029069900513 392 73 432 127
face 0.011844813823699951 392 73 432 127
face 0.011628031730651855 392 73 432 127
face 0.011250197887420654 392 73 432 127
face 0.011205285787582397 392 73 432 127
face 0.010995268821716309 392 73 432 127
face 0.010977506637573242 392 73 432 127
face 0.010917037725448608 392 73 432 127
face 0.010901808738708496 392 73 432 127
face 0.010773271322250366 392 73 432 127
face 0.01067003607749939 392 73 432 127
face 0.010637909173965454 392 73 432 127
face 0.010399967432022095 392 73 432 127
face 0.010377764701843262 392 73 432 127
face 0.010349780321121216 392 73 432 127
face 0.010104864835739136 392 73 432 127
face 0.010078251361846924 392 73 432 127
face 0.009859651327133179 392 73 432 127
face 0.009743094444274902 392 73 432 127
face 0.009684532880783081 392 73 432 127
face 0.009662121534347534 392 73 432 127
face 0.009626030921936035 392 73 432 127
face 0.009522885084152222 392 73 432 127
face 0.009392023086547852 392 73 432 127
face 0.009349197149276733 392 73 432 127
face 0.009333878755569458 392 73 432 127
face 0.009260445833206177 392 73 432 127
face 0.009178310632705688 392 73 432 127
face 0.009120315313339233 392 73 432 127
face 0.009057611227035522 392 73 432 127
face 0.008836418390274048 392 73 432 127
face 0.00883328914642334 392 73 432 127
face 0.008826464414596558 392 73 432 127
face 0.008710086345672607 392 73 432 127
face 0.008634418249130249 392 73 432 127
face 0.008540838956832886 392 73 432 127
face 0.008452087640762329 392 73 432 127
face 0.00814858078956604 392 73 432 127
face 0.008074820041656494 392 73 432 127
face 0.00804448127746582 392 73 432 127
face 0.00804370641708374 392 73 432 127
face 0.00800710916519165 392 73 432 127
face 0.00800672173500061 392 73 432 127
face 0.007971525192260742 392 73 432 127
face 0.007959038019180298 392 73 432 127
face 0.007921189069747925 392 73 432 127
face 0.007843345403671265 392 73 432 127
face 0.007833540439605713 392 73 432 127
face 0.007814496755599976 392 73 432 127
face 0.007772386074066162 392 73 432 127
face 0.007695794105529785 392 73 432 127
face 0.007689833641052246 392 73 432 127
face 0.007689058780670166 392 73 432 127
face 0.007659703493118286 392 73 432 127
face 0.007591843605041504 392 73 432 127
face 0.007476180791854858 392 73 432 127
face 0.007416814565658569 392 73 432 127
face 0.007246106863021851 392 73 432 127
face 0.007192075252532959 392 73 432 127
face 0.007104367017745972 392 73 432 127
face 0.007051557302474976 392 73 432 127
face 0.006974637508392334 392 73 432 127
