face 0.9874911308288574 724 143 878 351
face 0.9869635105133057 469 93 628 272
face 0.9524251222610474 17 4 217 210
face 0.04567667841911316 17 4 217 210
face 0.03714373707771301 17 4 217 210
face 0.022128582000732422 17 4 217 210
face 0.01870483160018921 17 4 217 210
face 0.01706710457801819 17 4 217 210
face 0.01615700125694275 17 4 217 210
face 0.015982389450073242 17 4 217 210
face 0.015900254249572754 17 4 217 210
face 0.014953762292861938 17 4 217 210
face 0.014553546905517578 17 4 217 210
face 0.014454871416091919 17 4 217 210
face 0.014424502849578857 17 4 217 210
face 0.012251794338226318 17 4 217 210
face 0.011990457773208618 17 4 217 210
face 0.011880844831466675 17 4 217 210
face 0.011536240577697754 17 4 217 210
face 0.010787159204483032 17 4 217 210
face 0.01036497950553894 17 4 217 210
face 0.010144650936126709 17 4 217 210
face 0.010138630867004395 17 4 217 210
face 0.009978324174880981 17 4 217 210
face 0.009841769933700562 17 4 217 210
face 0.0098341703414917 17 4 217 210
face 0.009755313396453857 17 4 217 210
face 0.009746283292770386 17 4 217 210
face 0.00956881046295166 17 4 217 210
face 0.009546220302581787 17 4 217 210
face 0.009528040885925293 17 4 217 210
face 0.009190499782562256 17 4 217 210
face 0.008809000253677368 17 4 217 210
face 0.008738070726394653 17 4 217 210
face 0.008720219135284424 17 4 217 210
face 0.008610934019088745 17 4 217 210
face 0.008517414331436157 17 4 217 210
face 0.008494287729263306 17 4 217 210
face 0.008471429347991943 17 4 217 210
face 0.008359521627426147 17 4 217 210
face 0.008057951927185059 17 4 217 210
face 0.007970601320266724 17 4 217 210
face 0.007951915264129639 17 4 217 210
face 0.007694453001022339 17 4 217 210
face 0.0076698362827301025 17 4 217 210
face 0.007375001907348633 17 4 217 210
face 0.007213413715362549 17 4 217 210
face 0.007200032472610474 17 4 217 210
face 0.007107079029083252 17 4 217 210
face 0.006943196058273315 17 4 217 210
face 0.006750166416168213 17 4 217 210
face 0.006620913743972778 17 4 217 210
face 0.006583303213119507 17 4 217 210
face 0.006543964147567749 17 4 217 210
face 0.0063266754150390625 17 4 217 210
face 0.006036520004272461 17 4 217 210
face 0.005954861640930176 17 4 217 210
face 0.005906134843826294 17 4 217 210
face 0.005883306264877319 17 4 217 210
face 0.005873441696166992 17 4 217 210
face 0.005785167217254639 17 4 217 210
face 0.0057627856731414795 17 4 217 210
face 0.005742400884628296 17 4 217 210
face 0.005660563707351685 17 4 217 210
face 0.005587726831436157 17 4 217 210
face 0.005560874938964844 17 4 217 210
face 0.005537152290344238 17 4 217 210
face 0.0054901838302612305 17 4 217 210
face 0.005365282297134399 17 4 217 210
face 0.005361825227737427 17 4 217 210
face 0.005358338356018066 17 4 217 210
face 0.005355179309844971 17 4 217 210
face 0.005331933498382568 17 4 217 210
face 0.005326807498931885 17 4 217 210
face 0.005307495594024658 17 4 217 210
face 0.005276858806610107 17 4 217 210
face 0.005245596170425415 17 4 217 210
face 0.005065649747848511 17 4 217 210
face 0.00502583384513855 17 4 217 210
face 0.004996925592422485 17 4 217 210
face 0.004784733057022095 17 4 217 210
face 0.004674851894378662 17 4 217 210
face 0.004663348197937012 17 4 217 210
face 0.004556626081466675 17 4 217 210
face 0.004553854465484619 17 4 217 210
face 0.004462331533432007 17 4 217 210
face 0.0044095516204833984 17 4 217 210
face 0.0044058263301849365 17 4 217 210
face 0.0043273866176605225 17 4 217 210
face 0.004241883754730225 17 4 217 210
face 0.004214257001876831 17 4 217 210
face 0.004194855690002441 17 4 217 210
face 0.004063963890075684 17 4 217 210
face 0.004028588533401489 17 4 217 210
face 0.003937721252441406 17 4 217 210
face 0.003922224044799805 17 4 217 210
face 0.003921061754226685 17 4 217 210
face 0.003913253545761108 17 4 217 210
face 0.0038987398147583008 17 4 217 210
face 0.003758847713470459 17 4 217 210
