face 0.9993754625320435 399 104 431 149
face 0.9838880300521851 452 167 483 210
face 0.9788177013397217 329 109 360 153
face 0.9384018182754517 653 129 681 170
face 0.7247982621192932 693 209 717 247
face 0.7087334394454956 298 114 323 155
face 0.6352471709251404 820 181 842 217
face 0.5241584181785583 10 145 35 189
face 0.4786264896392822 10 145 35 189
face 0.39701974391937256 10 145 35 189
face 0.3483923673629761 10 145 35 189
face 0.315449595451355 10 145 35 189
face 0.29876694083213806 10 145 35 189
face 0.2950596809387207 10 145 35 189
face 0.28755617141723633 10 145 35 189
face 0.22309619188308716 10 145 35 189
face 0.20921018719673157 10 145 35 189
face 0.1602472960948944 10 145 35 189
face 0.15035700798034668 10 145 35 189
face 0.13870775699615479 10 145 35 189
face 0.10622045397758484 10 145 35 189
face 0.10537993907928467 10 145 35 189
face 0.1052674651145935 10 145 35 189
face 0.10369294881820679 10 145 35 189
face 0.08465489745140076 10 145 35 189
face 0.08037221431732178 10 145 35 189
face 0.0688609778881073 10 145 35 189
face 0.06870424747467041 10 145 35 189
face 0.0681600570678711 10 145 35 189
face 0.06752967834472656 10 145 35 189
face 0.06416022777557373 10 145 35 189
face 0.05915150046348572 10 145 35 189
face 0.055477023124694824 10 145 35 189
face 0.05009475350379944 10 145 35 189
face 0.04473266005516052 10 145 35 189
face 0.04401692748069763 10 145 35 189
face 0.042731136083602905 10 145 35 189
face 0.042682260274887085 10 145 35 189
face 0.041173726320266724 10 145 35 189
face 0.040837645530700684 10 145 35 189
face 0.039926618337631226 10 145 35 189
face 0.038905590772628784 10 145 35 189
face 0.03422647714614868 10 145 35 189
face 0.033282697200775146 10 145 35 189
face 0.032311469316482544 10 145 35 189
face 0.0316217839717865 10 145 35 189
face 0.029962003231048584 10 145 35 189
face 0.02981695532798767 10 145 35 189
face 0.02945244312286377 10 145 35 189
face 0.029340684413909912 10 145 35 189
face 0.028780758380889893 10 145 35 189
face 0.0283735990524292 10 145 35 189
face 0.02818092703819275 10 145 35 189
face 0.027233362197875977 10 145 35 189
face 0.026107490062713623 10 145 35 189
face 0.025480151176452637 10 145 35 189
face 0.024245411157608032 10 145 35 189
face 0.02414560317993164 10 145 35 189
face 0.023267269134521484 10 145 35 189
face 0.02304902672767639 10 145 35 189
face 0.02292296290397644 10 145 35 189
face 0.022813886404037476 10 145 35 189
face 0.02269083261489868 10 145 35 189
face 0.022302985191345215 10 145 35 189
face 0.022095829248428345 10 145 35 189
face 0.02196165919303894 10 145 35 189
face 0.021767526865005493 10 145 35 189
face 0.02171987295150757 10 145 35 189
face 0.021455347537994385 10 145 35 189
face 0.020862817764282227 10 145 35 189
face 0.020721018314361572 10 145 35 189
face 0.020377278327941895 10 145 35 189
face 0.019615769386291504 10 145 35 189
face 0.019615739583969116 10 145 35 189
face 0.019581973552703857 10 145 35 189
face 0.019553661346435547 10 145 35 189
face 0.019366085529327393 10 145 35 189
face 0.01936197280883789 10 145 35 189
face 0.019057244062423706 10 145 35 189
face 0.018917113542556763 10 145 35 189
face 0.018426835536956787 10 145 35 189
face 0.017753422260284424 10 145 35 189
face 0.017695128917694092 10 145 35 189
face 0.017125844955444336 10 145 35 189
face 0.017096012830734253 10 145 35 189
face 0.016478538513183594 10 145 35 189
face 0.016016095876693726 10 145 35 189
face 0.01570284366607666 10 145 35 189
face 0.0154191255569458 10 145 35 189
face 0.014758557081222534 10 145 35 189
face 0.014608532190322876 10 145 35 189
face 0.014579474925994873 10 145 35 189
face 0.012899577617645264 10 145 35 189
face 0.012715667486190796 10 145 35 189
face 0.012452960014343262 10 145 35 189
face 0.01241198182106018 10 145 35 189
face 0.012176156044006348 10 145 35 189
face 0.012147068977355957 10 145 35 189
face 0.012142270803451538 10 145 35 189
face 0.012133628129959106 10 145 35 189
