face 0.9663060307502747 193 174 234 225
face 0.9502960443496704 86 254 129 302
face 0.9474799633026123 782 118 897 279
face 0.6657766103744507 695 306 734 345
face 0.051466017961502075 695 306 734 345
face 0.05014538764953613 695 306 734 345
face 0.040524184703826904 695 306 734 345
face 0.03693932294845581 695 306 734 345
face 0.02920624613761902 695 306 734 345
face 0.028352081775665283 695 306 734 345
face 0.026909351348876953 695 306 734 345
face 0.02113357186317444 695 306 734 345
face 0.019844770431518555 695 306 734 345
face 0.019738852977752686 695 306 734 345
face 0.019560664892196655 695 306 734 345
face 0.018844902515411377 695 306 734 345
face 0.01659068465232849 695 306 734 345
face 0.01642853021621704 695 306 734 345
face 0.015802830457687378 695 306 734 345
face 0.01505771279335022 695 306 734 345
face 0.0149155855178833 695 306 734 345
face 0.014887571334838867 695 306 734 345
face 0.014440357685089111 695 306 734 345
face 0.013031184673309326 695 306 734 345
face 0.012848585844039917 695 306 734 345
face 0.012758135795593262 695 306 734 345
face 0.012723922729492188 695 306 734 345
face 0.012547522783279419 695 306 734 345
face 0.012498199939727783 695 306 734 345
face 0.012407422065734863 695 306 734 345
face 0.01186525821685791 695 306 734 345
face 0.011601865291595459 695 306 734 345
face 0.011546909809112549 695 306 734 345
face 0.011484503746032715 695 306 734 345
face 0.011266648769378662 695 306 734 345
face 0.011166036128997803 695 306 734 345
face 0.010911881923675537 695 306 734 345
face 0.010876864194869995 695 306 734 345
face 0.010472148656845093 695 306 734 345
face 0.01037609577178955 695 306 734 345
face 0.010299861431121826 695 306 734 345
face 0.01017811894416809 695 306 734 345
face 0.010116755962371826 695 306 734 345
face 0.009899377822875977 695 306 734 345
face 0.009547203779220581 695 306 734 345
face 0.009533107280731201 695 306 734 345
face 0.009183645248413086 695 306 734 345
face 0.009114474058151245 695 306 734 345
face 0.008846312761306763 695 306 734 345
face 0.008773475885391235 695 306 734 345
face 0.008693724870681763 695 306 734 345
face 0.00863698124885559 695 306 734 345
face 0.00852927565574646 695 306 734 345
face 0.00845685601234436 695 306 734 345
face 0.008228063583374023 695 306 734 345
face 0.00816887617111206 695 306 734 345
face 0.008057326078414917 695 306 734 345
face 0.007969468832015991 695 306 734 345
face 0.007763981819152832 695 306 734 345
face 0.007694631814956665 695 306 734 345
face 0.007475227117538452 695 306 734 345
face 0.007410407066345215 695 306 734 345
face 0.007212042808532715 695 306 734 345
face 0.0071974098682403564 695 306 734 345
face 0.007165193557739258 695 306 734 345
face 0.007130473852157593 695 306 734 345
face 0.00704076886177063 695 306 734 345
face 0.00702589750289917 695 306 734 345
face 0.006977766752243042 695 306 734 345
face 0.006912738084793091 695 306 734 345
face 0.006893634796142578 695 306 734 345
face 0.006863057613372803 695 306 734 345
face 0.006767332553863525 695 306 734 345
face 0.0066513121128082275 695 306 734 345
face 0.006545454263687134 695 306 734 345
face 0.006536364555358887 695 306 734 345
face 0.00652727484703064 695 306 734 345
face 0.006487518548965454 695 306 734 345
face 0.006454497575759888 695 306 734 345
face 0.0064401328563690186 695 306 734 345
face 0.00633692741394043 695 306 734 345
face 0.00629618763923645 695 306 734 345
face 0.00626489520072937 695 306 734 345
face 0.006204754114151001 695 306 734 345
face 0.006131470203399658 695 306 734 345
face 0.005989730358123779 695 306 734 345
face 0.00581282377243042 695 306 734 345
face 0.005599409341812134 695 306 734 345
face 0.005491137504577637 695 306 734 345
face 0.005421161651611328 695 306 734 345
face 0.005344480276107788 695 306 734 345
face 0.005328238010406494 695 306 734 345
face 0.005323618650436401 695 306 734 345
face 0.005296885967254639 695 306 734 345
face 0.005243211984634399 695 306 734 345
face 0.005207628011703491 695 306 734 345
face 0.004988193511962891 695 306 734 345
face 0.004988044500350952 695 306 734 345
face 0.004973232746124268 695 306 734 345
face 0.004968315362930298 695 306 734 345
