face 0.9782631993293762 569 192 697 340
face 0.8247895240783691 284 230 393 317
face 0.17750945687294006 284 230 393 317
face 0.09207817912101746 284 230 393 317
face 0.07286787033081055 284 230 393 317
face 0.05090832710266113 284 230 393 317
face 0.03650087118148804 284 230 393 317
face 0.03558507561683655 284 230 393 317
face 0.03174462914466858 284 230 393 317
face 0.03134125471115112 284 230 393 317
face 0.028400927782058716 284 230 393 317
face 0.027814775705337524 284 230 393 317
face 0.026546448469161987 284 230 393 317
face 0.02474239468574524 284 230 393 317
face 0.023340880870819092 284 230 393 317
face 0.019015014171600342 284 230 393 317
face 0.01571786403656006 284 230 393 317
face 0.015226900577545166 284 230 393 317
face 0.015046924352645874 284 230 393 317
face 0.014933913946151733 284 230 393 317
face 0.014654994010925293 284 230 393 317
face 0.014318197965621948 284 230 393 317
face 0.014301270246505737 284 230 393 317
face 0.013716697692871094 284 230 393 317
face 0.012221038341522217 284 230 393 317
face 0.012022137641906738 284 230 393 317
face 0.011958509683609009 284 230 393 317
face 0.011826962232589722 284 230 393 317
face 0.011437416076660156 284 230 393 317
face 0.011181116104125977 284 230 393 317
face 0.010754197835922241 284 230 393 317
face 0.010490655899047852 284 230 393 317
face 0.00977674126625061 284 230 393 317
face 0.009363949298858643 284 230 393 317
face 0.009315669536590576 284 230 393 317
face 0.008768647909164429 284 230 393 317
face 0.008762776851654053 284 230 393 317
face 0.008569568395614624 284 230 393 317
face 0.007940709590911865 284 230 393 317
face 0.007625550031661987 284 230 393 317
face 0.007526606321334839 284 230 393 317
face 0.007447540760040283 284 230 393 317
face 0.007411390542984009 284 230 393 317
face 0.007055103778839111 284 230 393 317
face 0.007031917572021484 284 230 393 317
face 0.007006853818893433 284 230 393 317
face 0.006933391094207764 284 230 393 317
face 0.006752222776412964 284 230 393 317
face 0.006743490695953369 284 230 393 317
face 0.0067288875579833984 284 230 393 317
face 0.006658345460891724 284 230 393 317
face 0.006646156311035156 284 230 393 317
face 0.006547302007675171 284 230 393 317
face 0.006521552801132202 284 230 393 317
face 0.00635036826133728 284 230 393 317
face 0.006327539682388306 284 230 393 317
face 0.006306588649749756 284 230 393 317
face 0.006156712770462036 284 230 393 317
face 0.006076037883758545 284 230 393 317
face 0.006012976169586182 284 230 393 317
face 0.006008654832839966 284 230 393 317
face 0.005830347537994385 284 230 393 317
face 0.0057686567306518555 284 230 393 317
face 0.0057181715965271 284 230 393 317
face 0.005680114030838013 284 230 393 317
face 0.005579352378845215 284 230 393 317
face 0.00549691915512085 284 230 393 317
face 0.005490899085998535 284 230 393 317
face 0.005398422479629517 284 230 393 317
face 0.005355238914489746 284 230 393 317
face 0.005303144454956055 284 230 393 317
face 0.005292326211929321 284 230 393 317
face 0.005255460739135742 284 230 393 317
face 0.00522458553314209 284 230 393 317
face 0.005140334367752075 284 230 393 317
face 0.005136400461196899 284 230 393 317
face 0.005133241415023804 284 230 393 317
face 0.005106091499328613 284 230 393 317
face 0.005099236965179443 284 230 393 317
face 0.005067050457000732 284 230 393 317
face 0.005061149597167969 284 230 393 317
face 0.004988312721252441 284 230 393 317
face 0.004979640245437622 284 230 393 317
face 0.004965722560882568 284 230 393 317
face 0.004948675632476807 284 230 393 317
face 0.004927515983581543 284 230 393 317
face 0.004876255989074707 284 230 393 317
face 0.004814237356185913 284 230 393 317
face 0.004797697067260742 284 230 393 317
face 0.004775822162628174 284 230 393 317
face 0.004728823900222778 284 230 393 317
face 0.004680722951889038 284 230 393 317
face 0.004667729139328003 284 230 393 317
face 0.004650503396987915 284 230 393 317
face 0.004583895206451416 284 230 393 317
face 0.004552125930786133 284 230 393 317
face 0.004458487033843994 284 230 393 317
face 0.004445970058441162 284 230 393 317
face 0.004434853792190552 284 230 393 317
face 0.0044130682945251465 284 230 393 317
