face 0.9993278980255127 432 66 471 108
face 0.9478862285614014 182 156 230 209
face 0.9439160823822021 573 315 606 351
face 0.911683976650238 618 356 659 406
face 0.8654034733772278 207 28 244 78
face 0.4818601608276367 207 28 244 78
face 0.4636578857898712 207 28 244 78
face 0.3241063356399536 207 28 244 78
face 0.22251465916633606 207 28 244 78
face 0.17829859256744385 207 28 244 78
face 0.1731574833393097 207 28 244 78
face 0.15112245082855225 207 28 244 78
face 0.1084069311618805 207 28 244 78
face 0.10398367047309875 207 28 244 78
face 0.10190477967262268 207 28 244 78
face 0.08752626180648804 207 28 244 78
face 0.08416363596916199 207 28 244 78
face 0.08330109715461731 207 28 244 78
face 0.08317464590072632 207 28 244 78
face 0.08088654279708862 207 28 244 78
face 0.07786989212036133 207 28 244 78
face 0.0777963399887085 207 28 244 78
face 0.07583358883857727 207 28 244 78
face 0.06050652265548706 207 28 244 78
face 0.06006774306297302 207 28 244 78
face 0.059118181467056274 207 28 244 78
face 0.05726698040962219 207 28 244 78
face 0.053336262702941895 207 28 244 78
face 0.05204668641090393 207 28 244 78
face 0.049217432737350464 207 28 244 78
face 0.04839831590652466 207 28 244 78
face 0.04796186089515686 207 28 244 78
face 0.04584011435508728 207 28 244 78
face 0.044533610343933105 207 28 244 78
face 0.04361999034881592 207 28 244 78
face 0.04247689247131348 207 28 244 78
face 0.04230421781539917 207 28 244 78
face 0.04021146893501282 207 28 244 78
face 0.0401117205619812 207 28 244 78
face 0.03910791873931885 207 28 244 78
face 0.03888571262359619 207 28 244 78
face 0.03869795799255371 207 28 244 78
face 0.03728306293487549 207 28 244 78
face 0.03673699498176575 207 28 244 78
face 0.03659132122993469 207 28 244 78
face 0.03634992241859436 207 28 244 78
face 0.03429454565048218 207 28 244 78
face 0.03402996063232422 207 28 244 78
face 0.033899664878845215 207 28 244 78
face 0.03333744406700134 207 28 244 78
face 0.03296858072280884 207 28 244 78
face 0.03256532549858093 207 28 244 78
face 0.0324481725692749 207 28 244 78
face 0.03236463665962219 207 28 244 78
face 0.03183057904243469 207 28 244 78
face 0.03151297569274902 207 28 244 78
face 0.03108075261116028 207 28 244 78
face 0.03102046251296997 207 28 244 78
face 0.030362606048583984 207 28 244 78
face 0.030130594968795776 207 28 244 78
face 0.02910059690475464 207 28 244 78
face 0.027822017669677734 207 28 244 78
face 0.027545660734176636 207 28 244 78
face 0.02735847234725952 207 28 244 78
face 0.026538819074630737 207 28 244 78
face 0.025627732276916504 207 28 244 78
face 0.025575697422027588 207 28 244 78
face 0.025175660848617554 207 28 244 78
face 0.025122642517089844 207 28 244 78
face 0.024760961532592773 207 28 244 78
face 0.02461254596710205 207 28 244 78
face 0.024039924144744873 207 28 244 78
face 0.023818939924240112 207 28 244 78
face 0.023774921894073486 207 28 244 78
face 0.0235041081905365 207 28 244 78
face 0.023272335529327393 207 28 244 78
face 0.02299201488494873 207 28 244 78
face 0.02240660786628723 207 28 244 78
face 0.022302061319351196 207 28 244 78
face 0.02190813422203064 207 28 244 78
face 0.02178296446800232 207 28 244 78
face 0.02166798710823059 207 28 244 78
face 0.021540403366088867 207 28 244 78
face 0.02147090435028076 207 28 244 78
face 0.021351546049118042 207 28 244 78
face 0.021143168210983276 207 28 244 78
face 0.021119356155395508 207 28 244 78
face 0.020723730325698853 207 28 244 78
face 0.02050986886024475 207 28 244 78
face 0.01991298794746399 207 28 244 78
face 0.019811779260635376 207 28 244 78
face 0.01972934603691101 207 28 244 78
face 0.019651561975479126 207 28 244 78
face 0.019266992807388306 207 28 244 78
face 0.01870495080947876 207 28 244 78
face 0.01855778694152832 207 28 244 78
face 0.01854187250137329 207 28 244 78
face 0.018487781286239624 207 28 244 78
face 0.017853856086730957 207 28 244 78
face 0.017637252807617188 207 28 244 78
