face 0.9965359568595886 533 274 583 334
face 0.9746496677398682 254 140 369 290
face 0.9379342198371887 31 20 157 218
face 0.36512213945388794 31 20 157 218
face 0.1818384826183319 31 20 157 218
face 0.05922701954841614 31 20 157 218
face 0.058606863021850586 31 20 157 218
face 0.041250526905059814 31 20 157 218
face 0.033946096897125244 31 20 157 218
face 0.03315374255180359 31 20 157 218
face 0.03194114565849304 31 20 157 218
face 0.03140830993652344 31 20 157 218
face 0.030837148427963257 31 20 157 218
face 0.028554052114486694 31 20 157 218
face 0.021092385053634644 31 20 157 218
face 0.019288867712020874 31 20 157 218
face 0.017935484647750854 31 20 157 218
face 0.017894595861434937 31 20 157 218
face 0.017551571130752563 31 20 157 218
face 0.01646435260772705 31 20 157 218
face 0.015497982501983643 31 20 157 218
face 0.015172392129898071 31 20 157 218
face 0.014753401279449463 31 20 157 218
face 0.014496922492980957 31 20 157 218
face 0.014357835054397583 31 20 157 218
face 0.01414838433265686 31 20 157 218
face 0.013925880193710327 31 20 157 218
face 0.013555139303207397 31 20 157 218
face 0.013261854648590088 31 20 157 218
face 0.013123899698257446 31 20 157 218
face 0.012786000967025757 31 20 157 218
face 0.012776166200637817 31 20 157 218
face 0.012669861316680908 31 20 157 218
face 0.01264992356300354 31 20 157 218
face 0.012456387281417847 31 20 157 218
face 0.011598825454711914 31 20 157 218
face 0.011347919702529907 31 20 157 218
face 0.011111527681350708 31 20 157 218
face 0.01105111837387085 31 20 157 218
face 0.010761052370071411 31 20 157 218
face 0.010525524616241455 31 20 157 218
face 0.010299384593963623 31 20 157 218
face 0.010197341442108154 31 20 157 218
face 0.010031044483184814 31 20 157 218
face 0.009837090969085693 31 20 157 218
face 0.009634315967559814 31 20 157 218
face 0.009507447481155396 31 20 157 218
face 0.009306997060775757 31 20 157 218
face 0.00908595323562622 31 20 157 218
face 0.00905686616897583 31 20 157 218
face 0.008972108364105225 31 20 157 218
face 0.008666247129440308 31 20 157 218
face 0.00839322805404663 31 20 157 218
face 0.008308559656143188 31 20 157 218
face 0.00828900933265686 31 20 157 218
face 0.008224278688430786 31 20 157 218
face 0.008193641901016235 31 20 157 218
face 0.007984519004821777 31 20 157 218
face 0.00796690583229065 31 20 157 218
face 0.00793406367301941 31 20 157 218
face 0.007933497428894043 31 20 157 218
face 0.007915705442428589 31 20 157 218
face 0.007886379957199097 31 20 157 218
face 0.007832378149032593 31 20 157 218
face 0.007538795471191406 31 20 157 218
face 0.007497221231460571 31 20 157 218
face 0.00748869776725769 31 20 157 218
face 0.007415264844894409 31 20 157 218
face 0.007241398096084595 31 20 157 218
face 0.007175743579864502 31 20 157 218
face 0.007175266742706299 31 20 157 218
face 0.006980687379837036 31 20 157 218
face 0.006764084100723267 31 20 157 218
face 0.00670933723449707 31 20 157 218
face 0.00663873553276062 31 20 157 218
face 0.006631910800933838 31 20 157 218
face 0.006581127643585205 31 20 157 218
face 0.006331712007522583 31 20 157 218
face 0.006320089101791382 31 20 157 218
face 0.006246984004974365 31 20 157 218
face 0.006210505962371826 31 20 157 218
face 0.006171524524688721 31 20 157 218
face 0.006078958511352539 31 20 157 218
face 0.006020307540893555 31 20 157 218
face 0.005916863679885864 31 20 157 218
face 0.005892157554626465 31 20 157 218
face 0.0058872997760772705 31 20 157 218
face 0.005865007638931274 31 20 157 218
face 0.005856871604919434 31 20 157 218
face 0.0057586729526519775 31 20 157 218
face 0.005672574043273926 31 20 157 218
face 0.005652934312820435 31 20 157 218
face 0.005568385124206543 31 20 157 218
face 0.0055345892906188965 31 20 157 218
face 0.005528151988983154 31 20 157 218
face 0.0054770708084106445 31 20 157 218
face 0.0054551661014556885 31 20 157 218
face 0.0054413676261901855 31 20 157 218
face 0.0054228901863098145 31 20 157 218
face 0.00539785623550415 31 20 157 218
