face 0.9982759952545166 863 171 904 222
face 0.9974588751792908 443 59 477 114
face 0.9891033172607422 317 215 358 261
face 0.9816949963569641 353 271 397 332
face 0.9797247648239136 675 204 720 258
face 0.9509708881378174 811 75 854 131
face 0.9305741190910339 16 166 51 221
face 0.9285311698913574 500 160 537 211
face 0.922579288482666 218 265 267 324
face 0.9180843234062195 139 280 193 344
face 0.9162274599075317 721 0 761 56
face 0.8776893615722656 681 67 718 114
face 0.8764572143554688 181 202 223 256
face 0.77597576379776 363 399 408 454
face 0.7043681144714355 109 0 143 23
face 0.6804392337799072 574 116 610 163
face 0.6399012804031372 326 0 372 39
face 0.6194952130317688 436 202 471 255
face 0.6081398129463196 98 64 135 114
face 0.6020325422286987 885 1 916 37
face 0.5759907960891724 306 149 349 201
face 0.5645310878753662 774 283 819 337
face 0.551213800907135 194 148 225 191
face 0.49786657094955444 194 148 225 191
face 0.47454187273979187 194 148 225 191
face 0.45364269614219666 194 148 225 191
face 0.4406885802745819 194 148 225 191
face 0.39328745007514954 194 148 225 191
face 0.38790321350097656 194 148 225 191
face 0.3774546682834625 194 148 225 191
face 0.3774433135986328 194 148 225 191
face 0.3510165810585022 194 148 225 191
face 0.2756269574165344 194 148 225 191
face 0.27529606223106384 194 148 225 191
face 0.25499773025512695 194 148 225 191
face 0.24338027834892273 194 148 225 191
face 0.24081450700759888 194 148 225 191
face 0.22720763087272644 194 148 225 191
face 0.22667664289474487 194 148 225 191
face 0.223840594291687 194 148 225 191
face 0.20820754766464233 194 148 225 191
face 0.18543612957000732 194 148 225 191
face 0.18077507615089417 194 148 225 191
face 0.17985576391220093 194 148 225 191
face 0.17812231183052063 194 148 225 191
face 0.17233362793922424 194 148 225 191
face 0.1650533676147461 194 148 225 191
face 0.15698838233947754 194 148 225 191
face 0.14221906661987305 194 148 225 191
face 0.14192301034927368 194 148 225 191
face 0.14077600836753845 194 148 225 191
face 0.14030346274375916 194 148 225 191
face 0.1362834870815277 194 148 225 191
face 0.12112978100776672 194 148 225 191
face 0.10478782653808594 194 148 225 191
face 0.10405111312866211 194 148 225 191
face 0.10023733973503113 194 148 225 191
face 0.09977459907531738 194 148 225 191
face 0.09906816482543945 194 148 225 191
face 0.09873354434967041 194 148 225 191
face 0.09487739205360413 194 148 225 191
face 0.09150969982147217 194 148 225 191
face 0.0907319188117981 194 148 225 191
face 0.0879061222076416 194 148 225 191
face 0.08761763572692871 194 148 225 191
face 0.08576518297195435 194 148 225 191
face 0.08258283138275146 194 148 225 191
face 0.08232679963111877 194 148 225 191
face 0.0789911150932312 194 148 225 191
face 0.0758604109287262 194 148 225 191
face 0.07550954818725586 194 148 225 191
face 0.07497367262840271 194 148 225 191
face 0.07471263408660889 194 148 225 191
face 0.07378959655761719 194 148 225 191
face 0.07207730412483215 194 148 225 191
face 0.07162991166114807 194 148 225 191
face 0.07091721892356873 194 148 225 191
face 0.06866875290870667 194 148 225 191
face 0.06852227449417114 194 148 225 191
face 0.06506752967834473 194 148 225 191
face 0.062652587890625 194 148 225 191
face 0.062291622161865234 194 148 225 191
face 0.06106209754943848 194 148 225 191
face 0.059963375329971313 194 148 225 191
face 0.058571815490722656 194 148 225 191
face 0.05816620588302612 194 148 225 191
face 0.057525187730789185 194 148 225 191
face 0.056999146938323975 194 148 225 191
face 0.05611369013786316 194 148 225 191
face 0.053908199071884155 194 148 225 191
face 0.05326119065284729 194 148 225 191
face 0.052509039640426636 194 148 225 191
face 0.052239179611206055 194 148 225 191
face 0.05181214213371277 194 148 225 191
face 0.05160224437713623 194 148 225 191
face 0.05112802982330322 194 148 225 191
face 0.04952326416969299 194 148 225 191
face 0.04822024703025818 194 148 225 191
face 0.04821455478668213 194 148 225 191
face 0.04738837480545044 194 148 225 191
