face 0.9993190765380859 551 290 582 326
face 0.9761609435081482 69 299 96 338
face 0.8659091591835022 361 300 385 331
face 0.7397753596305847 135 320 152 345
face 0.6482623815536499 634 301 657 327
face 0.6029636263847351 747 281 773 318
face 0.5571901202201843 482 311 501 334
face 0.49634650349617004 482 311 501 334
face 0.4371560215950012 482 311 501 334
face 0.4304993450641632 482 311 501 334
face 0.3963993787765503 482 311 501 334
face 0.3615589439868927 482 311 501 334
face 0.2737979292869568 482 311 501 334
face 0.25593987107276917 482 311 501 334
face 0.2054588794708252 482 311 501 334
face 0.19700780510902405 482 311 501 334
face 0.14958837628364563 482 311 501 334
face 0.1374555230140686 482 311 501 334
face 0.11808979511260986 482 311 501 334
face 0.11210128664970398 482 311 501 334
face 0.10460972785949707 482 311 501 334
face 0.09967273473739624 482 311 501 334
face 0.0867510437965393 482 311 501 334
face 0.08025971055030823 482 311 501 334
face 0.07261046767234802 482 311 501 334
face 0.07160523533821106 482 311 501 334
face 0.060352057218551636 482 311 501 334
face 0.054554134607315063 482 311 501 334
face 0.05016005039215088 482 311 501 334
face 0.04332771897315979 482 311 501 334
face 0.03743267059326172 482 311 501 334
face 0.037279874086380005 482 311 501 334
face 0.03562349081039429 482 311 501 334
face 0.03302755951881409 482 311 501 334
face 0.032894402742385864 482 311 501 334
face 0.023518890142440796 482 311 501 334
face 0.023124903440475464 482 311 501 334
face 0.022961050271987915 482 311 501 334
face 0.022038131952285767 482 311 501 334
face 0.01901155710220337 482 311 501 334
face 0.018245786428451538 482 311 501 334
face 0.01758784055709839 482 311 501 334
face 0.017415344715118408 482 311 501 334
face 0.017345011234283447 482 311 501 334
face 0.01704084873199463 482 311 501 334
face 0.016529560089111328 482 311 501 334
face 0.01613306999206543 482 311 501 334
face 0.01536482572555542 482 311 501 334
face 0.015245765447616577 482 311 501 334
face 0.014358341693878174 482 311 501 334
face 0.014349639415740967 482 311 501 334
face 0.013528585433959961 482 311 501 334
face 0.01253703236579895 482 311 501 334
face 0.012389183044433594 482 311 501 334
face 0.011892944574356079 482 311 501 334
face 0.011880278587341309 482 311 501 334
face 0.010965317487716675 482 311 501 334
face 0.009829580783843994 482 311 501 334
face 0.009554535150527954 482 311 501 334
face 0.00949200987815857 482 311 501 334
face 0.00938829779624939 482 311 501 334
face 0.008377164602279663 482 311 501 334
face 0.008183419704437256 482 311 501 334
face 0.007786959409713745 482 311 501 334
face 0.007690399885177612 482 311 501 334
face 0.007435113191604614 482 311 501 334
face 0.007433891296386719 482 311 501 334
face 0.007242172956466675 482 311 501 334
face 0.007151812314987183 482 311 501 334
face 0.0070615410804748535 482 311 501 334
face 0.006509631872177124 482 311 501 334
face 0.006226271390914917 482 311 501 334
face 0.0061054527759552 482 311 501 334
face 0.0060714781284332275 482 311 501 334
face 0.00584942102432251 482 311 501 334
face 0.00571635365486145 482 311 501 334
face 0.005696803331375122 482 311 501 334
face 0.005583465099334717 482 311 501 334
face 0.005561530590057373 482 311 501 334
face 0.005440115928649902 482 311 501 334
face 0.005439817905426025 482 311 501 334
face 0.0053050220012664795 482 311 501 334
face 0.005214780569076538 482 311 501 334
face 0.005180835723876953 482 311 501 334
face 0.005109995603561401 482 311 501 334
face 0.00510174036026001 482 311 501 334
face 0.005080193281173706 482 311 501 334
face 0.0049079954624176025 482 311 501 334
face 0.004904747009277344 482 311 501 334
face 0.004837065935134888 482 311 501 334
face 0.004811614751815796 482 311 501 334
face 0.004707396030426025 482 311 501 334
face 0.004686325788497925 482 311 501 334
face 0.0045948326587677 482 311 501 334
face 0.004579365253448486 482 311 501 334
face 0.004522770643234253 482 311 501 334
face 0.004497706890106201 482 311 501 334
face 0.004478335380554199 482 311 501 334
face 0.004385501146316528 482 311 501 334
face 0.004380166530609131 482 311 501 334
