face 0.9860386252403259 70 181 99 220
face 0.9483740329742432 453 171 484 210
face 0.9450541734695435 638 192 777 349
face 0.7760350704193115 244 166 275 212
face 0.6036341190338135 151 247 205 314
face 0.5316034555435181 264 166 294 212
face 0.4162331223487854 264 166 294 212
face 0.11096113920211792 264 166 294 212
face 0.10360985994338989 264 166 294 212
face 0.07221508026123047 264 166 294 212
face 0.0657646656036377 264 166 294 212
face 0.04850798845291138 264 166 294 212
face 0.043167173862457275 264 166 294 212
face 0.03646227717399597 264 166 294 212
face 0.034448593854904175 264 166 294 212
face 0.029157936573028564 264 166 294 212
face 0.02909603714942932 264 166 294 212
face 0.027384072542190552 264 166 294 212
face 0.026000022888183594 264 166 294 212
face 0.025131314992904663 264 166 294 212
face 0.022471368312835693 264 166 294 212
face 0.02114689350128174 264 166 294 212
face 0.021134018898010254 264 166 294 212
face 0.019062131643295288 264 166 294 212
face 0.017765164375305176 264 166 294 212
face 0.017627060413360596 264 166 294 212
face 0.017518699169158936 264 166 294 212
face 0.0169408917427063 264 166 294 212
face 0.01653432846069336 264 166 294 212
face 0.016215145587921143 264 166 294 212
face 0.015617579221725464 264 166 294 212
face 0.014667361974716187 264 166 294 212
face 0.01458844542503357 264 166 294 212
face 0.013518214225769043 264 166 294 212
face 0.01336216926574707 264 166 294 212
face 0.013060301542282104 264 166 294 212
face 0.012988060712814331 264 166 294 212
face 0.012367397546768188 264 166 294 212
face 0.01226988434791565 264 166 294 212
face 0.012051135301589966 264 166 294 212
face 0.011404961347579956 264 166 294 212
face 0.011373370885848999 264 166 294 212
face 0.011092960834503174 264 166 294 212
face 0.01100894808769226 264 166 294 212
face 0.011000633239746094 264 166 294 212
face 0.01054343581199646 264 166 294 212
face 0.01051071286201477 264 166 294 212
face 0.010380059480667114 264 166 294 212
face 0.010153740644454956 264 166 294 212
face 0.00986894965171814 264 166 294 212
face 0.00965738296508789 264 166 294 212
face 0.009629607200622559 264 166 294 212
face 0.009482860565185547 264 166 294 212
face 0.009430229663848877 264 166 294 212
face 0.009259730577468872 264 166 294 212
face 0.009079724550247192 264 166 294 212
face 0.008856922388076782 264 166 294 212
face 0.008851975202560425 264 166 294 212
face 0.008688807487487793 264 166 294 212
face 0.007976949214935303 264 166 294 212
face 0.00785738229751587 264 166 294 212
face 0.007704436779022217 264 166 294 212
face 0.007696062326431274 264 166 294 212
face 0.007691293954849243 264 166 294 212
face 0.007642805576324463 264 166 294 212
face 0.0075833797454833984 264 166 294 212
face 0.007533729076385498 264 166 294 212
face 0.007510960102081299 264 166 294 212
face 0.0074912309646606445 264 166 294 212
face 0.007285177707672119 264 166 294 212
face 0.007277041673660278 264 166 294 212
face 0.0072135329246521 264 166 294 212
face 0.007095754146575928 264 166 294 212
face 0.006928443908691406 264 166 294 212
face 0.006826967000961304 264 166 294 212
face 0.0067900121212005615 264 166 294 212
face 0.006746798753738403 264 166 294 212
face 0.006654888391494751 264 166 294 212
face 0.0066543519496917725 264 166 294 212
face 0.006535202264785767 264 166 294 212
face 0.00650554895401001 264 166 294 212
face 0.006480991840362549 264 166 294 212
face 0.006356418132781982 264 166 294 212
face 0.006314009428024292 264 166 294 212
face 0.006299376487731934 264 166 294 212
face 0.006296724081039429 264 166 294 212
face 0.006214350461959839 264 166 294 212
face 0.006104409694671631 264 166 294 212
face 0.006085783243179321 264 166 294 212
face 0.005935013294219971 264 166 294 212
face 0.005786895751953125 264 166 294 212
face 0.005777418613433838 264 166 294 212
face 0.005776584148406982 264 166 294 212
face 0.005755066871643066 264 166 294 212
face 0.0057412683963775635 264 166 294 212
face 0.005603760480880737 264 166 294 212
face 0.005585432052612305 264 166 294 212
face 0.005562156438827515 264 166 294 212
face 0.005554765462875366 264 166 294 212
face 0.0055291056632995605 264 166 294 212
