face 0.908364474773407 476 250 485 263
face 0.89107346534729 413 251 423 265
face 0.8421047329902649 633 272 643 288
face 0.8344943523406982 520 257 530 271
face 0.8169552683830261 368 245 378 258
face 0.7103420495986938 251 249 261 264
face 0.6745831966400146 151 243 161 256
face 0.6079317927360535 677 270 687 285
face 0.5842045545578003 675 263 685 276
face 0.5728601813316345 323 249 333 263
face 0.5118567943572998 592 262 601 274
face 0.5009792447090149 794 288 803 299
face 0.4581964313983917 794 288 803 299
face 0.39461398124694824 794 288 803 299
face 0.3745884299278259 794 288 803 299
face 0.35988494753837585 794 288 803 299
face 0.35194897651672363 794 288 803 299
face 0.34431636333465576 794 288 803 299
face 0.317158579826355 794 288 803 299
face 0.2537516951560974 794 288 803 299
face 0.18471163511276245 794 288 803 299
face 0.1813705563545227 794 288 803 299
face 0.11983925104141235 794 288 803 299
face 0.11787036061286926 794 288 803 299
face 0.10541459918022156 794 288 803 299
face 0.09801831841468811 794 288 803 299
face 0.0857616662979126 794 288 803 299
face 0.08481529355049133 794 288 803 299
face 0.08440783619880676 794 288 803 299
face 0.0834304690361023 794 288 803 299
face 0.07937228679656982 794 288 803 299
face 0.07106190919876099 794 288 803 299
face 0.06786039471626282 794 288 803 299
face 0.06156161427497864 794 288 803 299
face 0.05403444170951843 794 288 803 299
face 0.05273294448852539 794 288 803 299
face 0.04899471998214722 794 288 803 299
face 0.04290366172790527 794 288 803 299
face 0.03640720248222351 794 288 803 299
face 0.03356027603149414 794 288 803 299
face 0.030236423015594482 794 288 803 299
face 0.029549211263656616 794 288 803 299
face 0.02873694896697998 794 288 803 299
face 0.028538107872009277 794 288 803 299
face 0.02832856774330139 794 288 803 299
face 0.026028305292129517 794 288 803 299
face 0.02560332417488098 794 288 803 299
face 0.023656338453292847 794 288 803 299
face 0.023280024528503418 794 288 803 299
face 0.02221342921257019 794 288 803 299
face 0.019932717084884644 794 288 803 299
face 0.01622450351715088 794 288 803 299
face 0.01601913571357727 794 288 803 299
face 0.01581496000289917 794 288 803 299
face 0.015011578798294067 794 288 803 299
face 0.01474088430404663 794 288 803 299
face 0.014423578977584839 794 288 803 299
face 0.013783425092697144 794 288 803 299
face 0.012551635503768921 794 288 803 299
face 0.01072123646736145 794 288 803 299
face 0.010439693927764893 794 288 803 299
face 0.009848058223724365 794 288 803 299
face 0.009756386280059814 794 288 803 299
face 0.009160459041595459 794 288 803 299
face 0.00897979736328125 794 288 803 299
face 0.008746855892241001 794 288 803 299
face 0.008676648139953613 794 288 803 299
face 0.008396655321121216 794 288 803 299
face 0.00808417797088623 794 288 803 299
face 0.007967948913574219 794 288 803 299
face 0.00795280933380127 794 288 803 299
face 0.007600933313369751 794 288 803 299
face 0.007396221160888672 794 288 803 299
face 0.007255136966705322 794 288 803 299
face 0.007102459669113159 794 288 803 299
face 0.006894052028656006 794 288 803 299
face 0.006834506988525391 794 288 803 299
face 0.006787806749343872 794 288 803 299
face 0.006768971681594849 794 288 803 299
face 0.006755828857421875 794 288 803 299
face 0.006703466176986694 794 288 803 299
face 0.006522923707962036 794 288 803 299
face 0.00616300106048584 794 288 803 299
face 0.0060641467571258545 794 288 803 299
face 0.005984276533126831 794 288 803 299
face 0.005952745676040649 794 288 803 299
face 0.005677670240402222 794 288 803 299
face 0.005646049976348877 794 288 803 299
face 0.005605727434158325 794 288 803 299
face 0.005465179681777954 794 288 803 299
face 0.0054607093334198 794 288 803 299
face 0.00541040301322937 794 288 803 299
face 0.005405455827713013 794 288 803 299
face 0.0053462982177734375 794 288 803 299
face 0.005281180143356323 794 288 803 299
face 0.005098521709442139 794 288 803 299
face 0.005050092935562134 794 288 803 299
face 0.005042374134063721 794 288 803 299
face 0.005037814378738403 794 288 803 299
face 0.004988908767700195 794 288 803 299
