face 0.9888131618499756 879 583 924 645
face 0.986872673034668 936 537 969 586
face 0.9828251600265503 716 508 741 544
face 0.9743056297302246 660 525 693 578
face 0.9646073579788208 848 497 873 531
face 0.9197572469711304 779 498 799 528
face 0.8274316787719727 77 529 134 603
face 0.7562874555587769 463 520 480 546
face 0.6429804563522339 187 521 207 545
face 0.616793692111969 243 534 265 559
face 0.5721476078033447 346 514 362 536
face 0.5330357551574707 414 520 434 549
face 0.49924397468566895 414 520 434 549
face 0.4839714467525482 414 520 434 549
face 0.4561922550201416 414 520 434 549
face 0.3664529025554657 414 520 434 549
face 0.3370550870895386 414 520 434 549
face 0.29684770107269287 414 520 434 549
face 0.2815183699131012 414 520 434 549
face 0.2813984453678131 414 520 434 549
face 0.25484922528266907 414 520 434 549
face 0.2511959671974182 414 520 434 549
face 0.23706987500190735 414 520 434 549
face 0.1915612816810608 414 520 434 549
face 0.15913346409797668 414 520 434 549
face 0.11691346764564514 414 520 434 549
face 0.10406962037086487 414 520 434 549
face 0.09509876370429993 414 520 434 549
face 0.08654981851577759 414 520 434 549
face 0.07592862844467163 414 520 434 549
face 0.07103624939918518 414 520 434 549
face 0.06910714507102966 414 520 434 549
face 0.06848552823066711 414 520 434 549
face 0.06243446469306946 414 520 434 549
face 0.04642876982688904 414 520 434 549
face 0.04040369391441345 414 520 434 549
face 0.036660224199295044 414 520 434 549
face 0.0340765118598938 414 520 434 549
face 0.03267395496368408 414 520 434 549
face 0.028791755437850952 414 520 434 549
face 0.028744041919708252 414 520 434 549
face 0.023519665002822876 414 520 434 549
face 0.02269589900970459 414 520 434 549
face 0.019591182470321655 414 520 434 549
face 0.017329365015029907 414 520 434 549
face 0.016982197761535645 414 520 434 549
face 0.015786349773406982 414 520 434 549
face 0.015604168176651001 414 520 434 549
face 0.01556164026260376 414 520 434 549
face 0.014704734086990356 414 520 434 549
face 0.014702051877975464 414 520 434 549
face 0.014493107795715332 414 520 434 549
face 0.014386653900146484 414 520 434 549
face 0.014083832502365112 414 520 434 549
face 0.012975931167602539 414 520 434 549
face 0.012376129627227783 414 520 434 549
face 0.011726975440979004 414 520 434 549
face 0.011145323514938354 414 520 434 549
face 0.010759025812149048 414 520 434 549
face 0.010422110557556152 414 520 434 549
face 0.009962111711502075 414 520 434 549
face 0.009834975004196167 414 520 434 549
face 0.009627938270568848 414 520 434 549
face 0.009618133306503296 414 520 434 549
face 0.009597063064575195 414 520 434 549
face 0.009393006563186646 414 520 434 549
face 0.009269148111343384 414 520 434 549
face 0.009252756834030151 414 520 434 549
face 0.008933335542678833 414 520 434 549
face 0.008615374565124512 414 520 434 549
face 0.008216321468353271 414 520 434 549
face 0.008017778396606445 414 520 434 549
face 0.007991194725036621 414 520 434 549
face 0.00782865285873413 414 520 434 549
face 0.00760456919670105 414 520 434 549
face 0.007267862558364868 414 520 434 549
face 0.007254213094711304 414 520 434 549
face 0.007142692804336548 414 520 434 549
face 0.007139682769775391 414 520 434 549
face 0.007092565298080444 414 520 434 549
face 0.007064193487167358 414 520 434 549
face 0.007021158933639526 414 520 434 549
face 0.0069776177406311035 414 520 434 549
face 0.006904661655426025 414 520 434 549
face 0.006858766078948975 414 520 434 549
face 0.006714999675750732 414 520 434 549
face 0.006708860397338867 414 520 434 549
face 0.006654709577560425 414 520 434 549
face 0.006654411554336548 414 520 434 549
face 0.006600737571716309 414 520 434 549
face 0.006387829780578613 414 520 434 549
face 0.006353884935379028 414 520 434 549
face 0.006280094385147095 414 520 434 549
face 0.006273925304412842 414 520 434 549
face 0.005828857421875 414 520 434 549
face 0.005801737308502197 414 520 434 549
face 0.005673497915267944 414 520 434 549
face 0.005632370710372925 414 520 434 549
face 0.005586594343185425 414 520 434 549
face 0.0055130720138549805 414 520 434 549
