face 0.9908149838447571 940 369 958 394
face 0.9872738122940063 751 365 768 387
face 0.98526930809021 890 446 908 469
face 0.982545018196106 962 442 981 466
face 0.981966495513916 988 472 1007 499
face 0.9802539348602295 685 402 703 426
face 0.9782512784004211 472 402 488 423
face 0.9733277559280396 573 370 589 391
face 0.9639841318130493 852 511 872 535
face 0.9604738354682922 728 509 747 533
face 0.9470433592796326 838 474 856 496
face 0.9435679912567139 508 338 522 357
face 0.9326822757720947 943 521 963 545
face 0.9179481863975525 742 303 757 324
face 0.9106844663619995 900 475 918 498
face 0.8920193910598755 631 381 647 403
face 0.8893578052520752 906 331 923 354
face 0.8869916796684265 624 333 640 353
face 0.8860983848571777 782 402 797 423
face 0.884407639503479 750 441 767 463
face 0.8789514899253845 568 432 587 455
face 0.8689361810684204 678 301 691 320
face 0.8684786558151245 680 364 696 386
face 0.8346990346908569 834 430 851 454
face 0.8313921689987183 791 448 808 470
face 0.8292396664619446 960 612 978 638
face 0.8246734738349915 992 344 1009 366
face 0.8243647813796997 806 540 826 566
face 0.8131920099258423 774 483 792 505
face 0.8104524612426758 775 504 795 529
face 0.8071184754371643 413 378 427 397
face 0.7807344198226929 619 304 633 323
face 0.7749994993209839 606 459 627 485
face 0.7611113786697388 958 339 975 362
face 0.7591315507888794 456 335 469 353
face 0.7472791075706482 529 395 546 416
face 0.7462517023086548 323 364 335 380
face 0.7288080453872681 424 397 440 418
face 0.7281396985054016 735 406 751 428
face 0.7241063117980957 801 306 817 327
face 0.7171186208724976 572 330 587 349
face 0.7138192653656006 363 343 374 359
face 0.708315372467041 800 318 818 343
face 0.7026553153991699 846 553 866 578
face 0.694089412689209 471 373 485 392
face 0.6930968761444092 769 576 789 603
face 0.6744756698608398 522 300 534 318
face 0.658221960067749 612 447 632 471
face 0.6487453579902649 966 395 983 419
face 0.6171078085899353 589 311 602 329
face 0.6156801581382751 484 303 496 321
face 0.6077545881271362 418 431 438 454
face 0.6016325950622559 882 549 902 573
face 0.5800209641456604 996 364 1013 388
face 0.5761222839355469 375 397 389 416
face 0.5734867453575134 801 272 815 292
face 0.5637116432189941 368 368 381 386
face 0.5605072975158691 671 503 691 531
face 0.5530608892440796 839 268 853 288
face 0.5432543754577637 887 588 906 613
face 0.5202133655548096 733 274 746 293
face 0.5152146816253662 940 637 961 667
face 0.5088397860527039 315 348 327 365
face 0.49997004866600037 315 348 327 365
face 0.49625256657600403 315 348 327 365
face 0.4952271580696106 315 348 327 365
face 0.4847346246242523 315 348 327 365
face 0.4825039803981781 315 348 327 365
face 0.4811307489871979 315 348 327 365
face 0.48000672459602356 315 348 327 365
face 0.46836885809898376 315 348 327 365
face 0.46531757712364197 315 348 327 365
face 0.46435391902923584 315 348 327 365
face 0.4580518305301666 315 348 327 365
face 0.45044276118278503 315 348 327 365
face 0.44809913635253906 315 348 327 365
face 0.4477443993091583 315 348 327 365
face 0.4347405731678009 315 348 327 365
face 0.42759567499160767 315 348 327 365
face 0.42199790477752686 315 348 327 365
face 0.4150133728981018 315 348 327 365
face 0.40998905897140503 315 348 327 365
face 0.3971421420574188 315 348 327 365
face 0.38226398825645447 315 348 327 365
face 0.3810330927371979 315 348 327 365
face 0.36473599076271057 315 348 327 365
face 0.3590957820415497 315 348 327 365
face 0.3484899699687958 315 348 327 365
face 0.34527331590652466 315 348 327 365
face 0.34206026792526245 315 348 327 365
face 0.3354093134403229 315 348 327 365
face 0.3273191452026367 315 348 327 365
face 0.31852686405181885 315 348 327 365
face 0.3121013343334198 315 348 327 365
face 0.2882481813430786 315 348 327 365
face 0.2804015278816223 315 348 327 365
face 0.2778945565223694 315 348 327 365
face 0.27547889947891235 315 348 327 365
face 0.27179110050201416 315 348 327 365
face 0.2687314748764038 315 348 327 365
