face 0.5803527235984802 395 504 527 656
face 0.07741767168045044 395 504 527 656
face 0.05420169234275818 395 504 527 656
face 0.04943269491195679 395 504 527 656
face 0.036252617835998535 395 504 527 656
face 0.02603393793106079 395 504 527 656
face 0.019852817058563232 395 504 527 656
face 0.019576579332351685 395 504 527 656
face 0.01886659860610962 395 504 527 656
face 0.01852339506149292 395 504 527 656
face 0.01773834228515625 395 504 527 656
face 0.017237961292266846 395 504 527 656
face 0.014916211366653442 395 504 527 656
face 0.014516353607177734 395 504 527 656
face 0.013900935649871826 395 504 527 656
face 0.013758540153503418 395 504 527 656
face 0.013556629419326782 395 504 527 656
face 0.013312220573425293 395 504 527 656
face 0.012903481721878052 395 504 527 656
face 0.012299805879592896 395 504 527 656
face 0.012232184410095215 395 504 527 656
face 0.011367440223693848 395 504 527 656
face 0.01133507490158081 395 504 527 656
face 0.011264920234680176 395 504 527 656
face 0.011075258255004883 395 504 527 656
face 0.010774433612823486 395 504 527 656
face 0.010571599006652832 395 504 527 656
face 0.010564595460891724 395 504 527 656
face 0.010502487421035767 395 504 527 656
face 0.01048538088798523 395 504 527 656
face 0.010463595390319824 395 504 527 656
face 0.010311633348464966 395 504 527 656
face 0.010277390480041504 395 504 527 656
face 0.010099083185195923 395 504 527 656
face 0.01001247763633728 395 504 527 656
face 0.009923219680786133 395 504 527 656
face 0.009609907865524292 395 504 527 656
face 0.00941893458366394 395 504 527 656
face 0.009072601795196533 395 504 527 656
face 0.009050041437149048 395 504 527 656
face 0.008985400199890137 395 504 527 656
face 0.008947879076004028 395 504 527 656
face 0.00872260332107544 395 504 527 656
face 0.008708864450454712 395 504 527 656
face 0.008671730756759644 395 504 527 656
face 0.008641153573989868 395 504 527 656
face 0.008629322052001953 395 504 527 656
face 0.00850135087966919 395 504 527 656
face 0.008438408374786377 395 504 527 656
face 0.00840720534324646 395 504 527 656
face 0.008307814598083496 395 504 527 656
face 0.00828319787979126 395 504 527 656
face 0.008190900087356567 395 504 527 656
face 0.00817729439586401 395 504 527 656
face 0.0077949464321136475 395 504 527 656
face 0.007490754127502441 395 504 527 656
face 0.007447183132171631 395 504 527 656
face 0.007334470748901367 395 504 527 656
face 0.007315725088119507 395 504 527 656
face 0.007277011871337891 395 504 527 656
face 0.007156282663345337 395 504 527 656
face 0.007084786891937256 395 504 527 656
face 0.007084548473358154 395 504 527 656
face 0.006994426250457764 395 504 527 656
face 0.006910443305969238 395 504 527 656
face 0.006867855787277222 395 504 527 656
face 0.006866276264190674 395 504 527 656
face 0.0068625807762146 395 504 527 656
face 0.006849914789199829 395 504 527 656
face 0.006820023059844971 395 504 527 656
face 0.0068070292472839355 395 504 527 656
face 0.006806910037994385 395 504 527 656
face 0.006771296262741089 395 504 527 656
face 0.006766974925994873 395 504 527 656
face 0.0067580342292785645 395 504 527 656
face 0.006678164005279541 395 504 527 656
face 0.006656527519226074 395 504 527 656
face 0.006646096706390381 395 504 527 656
face 0.006631821393966675 395 504 527 656
face 0.006595790386199951 395 504 527 656
face 0.006567478179931641 395 504 527 656
face 0.00646093487739563 395 504 527 656
face 0.006439626216888428 395 504 527 656
face 0.006253093481063843 395 504 527 656
face 0.00619196891784668 395 504 527 656
face 0.006165027618408203 395 504 527 656
face 0.005970269441604614 395 504 527 656
face 0.005960345268249512 395 504 527 656
face 0.0058602094650268555 395 504 527 656
face 0.005849719047546387 395 504 527 656
face 0.005826860666275024 395 504 527 656
face 0.005823016166687012 395 504 527 656
face 0.005730003118515015 395 504 527 656
face 0.005677014589309692 395 504 527 656
face 0.005611330270767212 395 504 527 656
face 0.00560683012008667 395 504 527 656
face 0.005578786134719849 395 504 527 656
face 0.005474358797073364 395 504 527 656
face 0.00546497106552124 395 504 527 656
face 0.005459636449813843 395 504 527 656
