face 0.988349199295044 766 291 793 325
face 0.9857690334320068 148 181 171 209
face 0.9471221566200256 833 141 853 164
face 0.9260963201522827 934 273 958 308
face 0.9243568181991577 879 313 910 347
face 0.8767843842506409 651 282 677 319
face 0.8656995296478271 717 249 738 280
face 0.8450828194618225 101 239 131 277
face 0.8385618925094604 236 58 259 94
face 0.81856369972229 205 44 222 71
face 0.8168293237686157 822 275 846 306
face 0.787634015083313 366 246 385 272
face 0.7726105451583862 524 144 542 168
face 0.7446396350860596 415 242 432 266
face 0.7283240556716919 568 276 590 306
face 0.6819416284561157 851 265 871 292
face 0.6663053631782532 327 86 352 123
face 0.5773637294769287 465 223 482 248
face 0.5574392080307007 422 231 440 254
face 0.5477392077445984 569 258 589 286
face 0.5194738507270813 526 254 544 278
face 0.4599873721599579 526 254 544 278
face 0.4462476968765259 526 254 544 278
face 0.4428361654281616 526 254 544 278
face 0.42710375785827637 526 254 544 278
face 0.40580981969833374 526 254 544 278
face 0.40549784898757935 526 254 544 278
face 0.40167587995529175 526 254 544 278
face 0.3907472491264343 526 254 544 278
face 0.38040316104888916 526 254 544 278
face 0.36198726296424866 526 254 544 278
face 0.3435078263282776 526 254 544 278
face 0.32089105248451233 526 254 544 278
face 0.3160255551338196 526 254 544 278
face 0.31275510787963867 526 254 544 278
face 0.30666881799697876 526 254 544 278
face 0.28270334005355835 526 254 544 278
face 0.2736899256706238 526 254 544 278
face 0.2734258770942688 526 254 544 278
face 0.2715728282928467 526 254 544 278
face 0.24146124720573425 526 254 544 278
face 0.20752206444740295 526 254 544 278
face 0.20419007539749146 526 254 544 278
face 0.1936337649822235 526 254 544 278
face 0.16795387864112854 526 254 544 278
face 0.1679098904132843 526 254 544 278
face 0.1519961655139923 526 254 544 278
face 0.151475727558136 526 254 544 278
face 0.1509769856929779 526 254 544 278
face 0.14153510332107544 526 254 544 278
face 0.13282275199890137 526 254 544 278
face 0.1083795428276062 526 254 544 278
face 0.10203343629837036 526 254 544 278
face 0.10106399655342102 526 254 544 278
face 0.09177753329277039 526 254 544 278
face 0.07749107480049133 526 254 544 278
face 0.06387564539909363 526 254 544 278
face 0.05761393904685974 526 254 544 278
face 0.056589335203170776 526 254 544 278
face 0.055024296045303345 526 254 544 278
face 0.051311641931533813 526 254 544 278
face 0.05039063096046448 526 254 544 278
face 0.04884639382362366 526 254 544 278
face 0.04869791865348816 526 254 544 278
face 0.04603588581085205 526 254 544 278
face 0.04342854022979736 526 254 544 278
face 0.04216092824935913 526 254 544 278
face 0.04093161225318909 526 254 544 278
face 0.03961658477783203 526 254 544 278
face 0.0392703115940094 526 254 544 278
face 0.03617680072784424 526 254 544 278
face 0.03592720627784729 526 254 544 278
face 0.03572985529899597 526 254 544 278
face 0.03518053889274597 526 254 544 278
face 0.03355714678764343 526 254 544 278
face 0.0330696702003479 526 254 544 278
face 0.0328657329082489 526 254 544 278
face 0.03256034851074219 526 254 544 278
face 0.031709104776382446 526 254 544 278
face 0.029845446348190308 526 254 544 278
face 0.029429197311401367 526 254 544 278
face 0.02800804376602173 526 254 544 278
face 0.027123749256134033 526 254 544 278
face 0.025918394327163696 526 254 544 278
face 0.025543779134750366 526 254 544 278
face 0.024066418409347534 526 254 544 278
face 0.02405264973640442 526 254 544 278
face 0.022817909717559814 526 254 544 278
face 0.022699713706970215 526 254 544 278
face 0.02233034372329712 526 254 544 278
face 0.02201247215270996 526 254 544 278
face 0.021706312894821167 526 254 544 278
face 0.02112153172492981 526 254 544 278
face 0.020705074071884155 526 254 544 278
face 0.020177215337753296 526 254 544 278
face 0.019481033086776733 526 254 544 278
face 0.019444316625595093 526 254 544 278
face 0.019301563501358032 526 254 544 278
face 0.01928773522377014 526 254 544 278
face 0.019171029329299927 526 254 544 278
