face 0.9992679357528687 652 175 691 224
face 0.9985048770904541 391 151 424 188
face 0.9929884672164917 280 114 310 147
face 0.9894769787788391 350 113 378 144
face 0.9885556697845459 251 93 274 119
face 0.9874589443206787 139 88 162 118
face 0.9824369549751282 462 138 495 176
face 0.9820225238800049 84 111 114 146
face 0.9787796139717102 390 67 411 91
face 0.9782527685165405 393 99 416 125
face 0.9780517816543579 623 88 647 117
face 0.9758641719818115 188 63 207 86
face 0.97425377368927 569 61 590 85
face 0.9705058336257935 722 95 747 122
face 0.9684816598892212 519 66 538 89
face 0.9676417112350464 686 38 705 60
face 0.9667540192604065 192 113 219 145
face 0.9667536020278931 868 91 895 126
face 0.9648587107658386 12 95 38 125
face 0.9578636288642883 284 73 305 97
face 0.9560152292251587 935 124 965 158
face 0.9513927698135376 719 137 750 174
face 0.9508646130561829 552 124 585 162
face 0.9461736083030701 742 39 763 63
face 0.9409977197647095 624 61 644 84
face 0.9396137595176697 691 4 707 22
face 0.9368313550949097 829 182 858 219
face 0.9357661008834839 873 211 912 256
face 0.9315438866615295 852 140 879 175
face 0.9250850677490234 716 71 736 96
face 0.9229377508163452 502 89 526 116
face 0.9212642908096313 368 39 383 57
face 0.9199197292327881 453 63 472 85
face 0.9162653684616089 67 71 86 94
face 0.9151953458786011 255 40 270 60
face 0.9113515019416809 616 30 635 51
face 0.9113243818283081 305 41 320 60
face 0.8942003846168518 518 117 547 148
face 0.89268958568573 553 100 578 128
face 0.8875988721847534 80 86 103 112
face 0.8834851980209351 745 3 761 20
face 0.8815796375274658 336 88 359 112
face 0.8787049055099487 568 35 585 55
face 0.8775553703308105 714 113 741 144
face 0.8758655786514282 823 115 848 148
face 0.8697394132614136 411 116 438 146
face 0.8681718111038208 519 41 535 61
face 0.8650177121162415 312 87 335 112
face 0.8576092720031738 472 41 488 60
face 0.8544677495956421 71 44 87 67
face 0.8481382131576538 410 34 426 53
face 0.8389847278594971 19 67 37 90
face 0.8348783254623413 654 90 678 119
face 0.8331693410873413 776 69 796 93
face 0.8312886357307434 631 1 646 17
face 0.8225259780883789 201 84 223 111
face 0.8170146346092224 899 58 922 87
face 0.8129297494888306 798 28 816 50
face 0.8119350671768188 581 2 596 19
face 0.8036066889762878 466 115 494 145
face 0.7995569109916687 142 41 156 61
face 0.7984887957572937 767 135 797 172
face 0.7926517724990845 925 157 957 198
face 0.784951388835907 307 155 340 194
face 0.7734200954437256 187 42 202 61
face 0.7627359628677368 465 4 478 20
face 0.7503745555877686 852 84 876 116
face 0.7437247633934021 550 135 586 175
face 0.738167405128479 672 62 692 85
face 0.7191728353500366 234 66 252 88
face 0.7190903425216675 369 65 388 87
face 0.7121081352233887 470 104 493 129
face 0.6940680742263794 943 58 967 89
face 0.6784254908561707 403 9 417 25
face 0.6696823835372925 370 5 382 19
face 0.6675643920898438 830 28 848 51
face 0.6597297191619873 833 68 854 95
face 0.6545953154563904 803 8 817 27
face 0.640533447265625 508 6 522 23
face 0.6380277872085571 836 3 851 22
face 0.6216207146644592 942 41 961 65
face 0.6127095222473145 308 5 320 20
face 0.6108618378639221 134 64 151 86
face 0.6091533899307251 256 10 269 26
face 0.6084014177322388 775 129 803 164
face 0.5991621017456055 903 32 922 55
face 0.578912615776062 985 151 1018 198
face 0.5734061598777771 1003 87 1021 119
face 0.5679698586463928 630 114 654 142
face 0.4729825556278229 630 114 654 142
face 0.4711558520793915 630 114 654 142
face 0.44994547963142395 630 114 654 142
face 0.44469738006591797 630 114 654 142
face 0.41876518726348877 630 114 654 142
face 0.3769395351409912 630 114 654 142
face 0.36791741847991943 630 114 654 142
face 0.362476646900177 630 114 654 142
face 0.34880703687667847 630 114 654 142
face 0.30200862884521484 630 114 654 142
face 0.29987579584121704 630 114 654 142
