face 0.9783632755279541 1 183 300 583
face 0.9694262146949768 477 278 661 536
face 0.8862719535827637 622 33 703 151
face 0.7448093891143799 452 144 572 281
face 0.45960959792137146 452 144 572 281
face 0.2868330776691437 452 144 572 281
face 0.19446775317192078 452 144 572 281
face 0.19401031732559204 452 144 572 281
face 0.1074780821800232 452 144 572 281
face 0.09553647041320801 452 144 572 281
face 0.08723312616348267 452 144 572 281
face 0.07513812184333801 452 144 572 281
face 0.049158692359924316 452 144 572 281
face 0.046282559633255005 452 144 572 281
face 0.04343581199645996 452 144 572 281
face 0.04298686981201172 452 144 572 281
face 0.04181009531021118 452 144 572 281
face 0.04007706046104431 452 144 572 281
face 0.03702208399772644 452 144 572 281
face 0.03645288944244385 452 144 572 281
face 0.03291216492652893 452 144 572 281
face 0.03277009725570679 452 144 572 281
face 0.032575368881225586 452 144 572 281
face 0.032537758350372314 452 144 572 281
face 0.031701624393463135 452 144 572 281
face 0.03127318620681763 452 144 572 281
face 0.030816376209259033 452 144 572 281
face 0.030553460121154785 452 144 572 281
face 0.0299224853515625 452 144 572 281
face 0.02970123291015625 452 144 572 281
face 0.02958989143371582 452 144 572 281
face 0.028992056846618652 452 144 572 281
face 0.02876177430152893 452 144 572 281
face 0.028661787509918213 452 144 572 281
face 0.02833804488182068 452 144 572 281
face 0.028212696313858032 452 144 572 281
face 0.027870267629623413 452 144 572 281
face 0.02665010094642639 452 144 572 281
face 0.026451438665390015 452 144 572 281
face 0.02545851469039917 452 144 572 281
face 0.024436354637145996 452 144 572 281
face 0.024103671312332153 452 144 572 281
face 0.023988842964172363 452 144 572 281
face 0.023978710174560547 452 144 572 281
face 0.023729324340820312 452 144 572 281
face 0.022974342107772827 452 144 572 281
face 0.022690564393997192 452 144 572 281
face 0.02221912145614624 452 144 572 281
face 0.022013932466506958 452 144 572 281
face 0.02200302481651306 452 144 572 281
face 0.02147790789604187 452 144 572 281
face 0.021452337503433228 452 144 572 281
face 0.02122846245765686 452 144 572 281
face 0.021218866109848022 452 144 572 281
face 0.02119070291519165 452 144 572 281
face 0.020905673503875732 452 144 572 281
face 0.02090391516685486 452 144 572 281
face 0.02086120843887329 452 144 572 281
face 0.020713448524475098 452 144 572 281
face 0.02029961347579956 452 144 572 281
face 0.020200908184051514 452 144 572 281
face 0.020169556140899658 452 144 572 281
face 0.019453048706054688 452 144 572 281
face 0.01925179362297058 452 144 572 281
face 0.01884898543357849 452 144 572 281
face 0.018528759479522705 452 144 572 281
face 0.018510162830352783 452 144 572 281
face 0.018246561288833618 452 144 572 281
face 0.018175482749938965 452 144 572 281
face 0.017865896224975586 452 144 572 281
face 0.01785793900489807 452 144 572 281
face 0.017680615186691284 452 144 572 281
face 0.017499089241027832 452 144 572 281
face 0.017467409372329712 452 144 572 281
face 0.017336666584014893 452 144 572 281
face 0.017116636037826538 452 144 572 281
face 0.017106354236602783 452 144 572 281
face 0.01701316237449646 452 144 572 281
face 0.016836017370224 452 144 572 281
face 0.016823619604110718 452 144 572 281
face 0.01678776741027832 452 144 572 281
face 0.01645141839981079 452 144 572 281
face 0.016055047512054443 452 144 572 281
face 0.01604709029197693 452 144 572 281
face 0.016046792268753052 452 144 572 281
face 0.016002386808395386 452 144 572 281
face 0.01599106192588806 452 144 572 281
face 0.015928715467453003 452 144 572 281
face 0.0158061683177948 452 144 572 281
face 0.015580624341964722 452 144 572 281
face 0.015426397323608398 452 144 572 281
face 0.015407532453536987 452 144 572 281
face 0.015373796224594116 452 144 572 281
face 0.015368044376373291 452 144 572 281
face 0.015359580516815186 452 144 572 281
face 0.015257090330123901 452 144 572 281
face 0.015175879001617432 452 144 572 281
face 0.01504826545715332 452 144 572 281
face 0.014944344758987427 452 144 572 281
face 0.014920711517333984 452 144 572 281
