face 0.9960412979125977 780 205 803 237
face 0.985893964767456 126 207 145 234
face 0.9832793474197388 596 195 629 233
face 0.9821555614471436 391 211 415 242
face 0.9705482125282288 873 192 900 232
face 0.9615636467933655 730 220 754 252
face 0.9503884315490723 63 202 82 229
face 0.9466075897216797 286 193 309 227
face 0.9261889457702637 522 179 543 205
face 0.8761051893234253 250 206 269 233
face 0.8607345819473267 843 206 868 243
face 0.7462501525878906 569 200 598 235
face 0.703087568283081 68 182 83 204
face 0.6547057032585144 952 182 976 216
face 0.6458637118339539 402 142 422 172
face 0.636642336845398 468 182 486 207
face 0.6314462423324585 17 199 37 228
face 0.6165794134140015 739 190 752 205
face 0.6036126613616943 183 208 201 233
face 0.580290675163269 404 172 424 201
face 0.5143752694129944 457 198 477 226
face 0.500988781452179 785 192 798 208
face 0.46224352717399597 785 192 798 208
face 0.4588521122932434 785 192 798 208
face 0.41706418991088867 785 192 798 208
face 0.3721468448638916 785 192 798 208
face 0.33612892031669617 785 192 798 208
face 0.28881242871284485 785 192 798 208
face 0.255489319562912 785 192 798 208
face 0.2538148760795593 785 192 798 208
face 0.20096075534820557 785 192 798 208
face 0.1783834993839264 785 192 798 208
face 0.14309045672416687 785 192 798 208
face 0.13902580738067627 785 192 798 208
face 0.12978559732437134 785 192 798 208
face 0.11139866709709167 785 192 798 208
face 0.10811355710029602 785 192 798 208
face 0.10145556926727295 785 192 798 208
face 0.08757925033569336 785 192 798 208
face 0.08591482043266296 785 192 798 208
face 0.06958496570587158 785 192 798 208
face 0.05178996920585632 785 192 798 208
face 0.040376245975494385 785 192 798 208
face 0.04023590683937073 785 192 798 208
face 0.039030611515045166 785 192 798 208
face 0.038518697023391724 785 192 798 208
face 0.03418987989425659 785 192 798 208
face 0.031944990158081055 785 192 798 208
face 0.03045445680618286 785 192 798 208
face 0.029694199562072754 785 192 798 208
face 0.029262274503707886 785 192 798 208
face 0.024929821491241455 785 192 798 208
face 0.024624735116958618 785 192 798 208
face 0.023703068494796753 785 192 798 208
face 0.022529572248458862 785 192 798 208
face 0.02234715223312378 785 192 798 208
face 0.02227833867073059 785 192 798 208
face 0.021649152040481567 785 192 798 208
face 0.021506398916244507 785 192 798 208
face 0.019474953413009644 785 192 798 208
face 0.018353044986724854 785 192 798 208
face 0.016558706760406494 785 192 798 208
face 0.01602223515510559 785 192 798 208
face 0.015920579433441162 785 192 798 208
face 0.015332341194152832 785 192 798 208
face 0.015320420265197754 785 192 798 208
face 0.015143066644668579 785 192 798 208
face 0.01447749137878418 785 192 798 208
face 0.014303088188171387 785 192 798 208
face 0.012844681739807129 785 192 798 208
face 0.011653333902359009 785 192 798 208
face 0.0115622878074646 785 192 798 208
face 0.011428654193878174 785 192 798 208
face 0.011185050010681152 785 192 798 208
face 0.011115998029708862 785 192 798 208
face 0.010407805442810059 785 192 798 208
face 0.009362548589706421 785 192 798 208
face 0.009026020765304565 785 192 798 208
face 0.008630245923995972 785 192 798 208
face 0.008253395557403564 785 192 798 208
face 0.008222848176956177 785 192 798 208
face 0.008209586143493652 785 192 798 208
face 0.007688581943511963 785 192 798 208
face 0.007076740264892578 785 192 798 208
face 0.007058560848236084 785 192 798 208
face 0.007049620151519775 785 192 798 208
face 0.006979763507843018 785 192 798 208
face 0.006871312856674194 785 192 798 208
face 0.006870239973068237 785 192 798 208
face 0.006860166788101196 785 192 798 208
face 0.006623953580856323 785 192 798 208
face 0.006452113389968872 785 192 798 208
face 0.006319224834442139 785 192 798 208
face 0.006274759769439697 785 192 798 208
face 0.0061016082763671875 785 192 798 208
face 0.006013691425323486 785 192 798 208
face 0.005962252616882324 785 192 798 208
face 0.0058713555335998535 785 192 798 208
face 0.005712270736694336 785 192 798 208
face 0.005695849657058716 785 192 798 208
