face 0.993972659111023 411 153 486 243
face 0.9900687336921692 405 500 424 527
face 0.9768691062927246 691 169 761 247
face 0.9747532606124878 363 502 380 526
face 0.9699028730392456 461 498 483 527
face 0.888268232345581 736 507 785 570
face 0.8817003965377808 868 463 913 532
face 0.8659498691558838 643 475 683 525
face 0.7587026357650757 170 357 249 463
face 0.755449652671814 509 575 598 670
face 0.5762425065040588 20 479 47 518
face 0.5040004849433899 332 659 364 707
face 0.4789251983165741 332 659 364 707
face 0.32058629393577576 332 659 364 707
face 0.2820186913013458 332 659 364 707
face 0.2779875695705414 332 659 364 707
face 0.27320313453674316 332 659 364 707
face 0.21535032987594604 332 659 364 707
face 0.20505893230438232 332 659 364 707
face 0.19501930475234985 332 659 364 707
face 0.19007769227027893 332 659 364 707
face 0.18295547366142273 332 659 364 707
face 0.17303502559661865 332 659 364 707
face 0.16814643144607544 332 659 364 707
face 0.1650065779685974 332 659 364 707
face 0.15154772996902466 332 659 364 707
face 0.13266035914421082 332 659 364 707
face 0.12845277786254883 332 659 364 707
face 0.12679055333137512 332 659 364 707
face 0.1094481348991394 332 659 364 707
face 0.10860046744346619 332 659 364 707
face 0.10691779851913452 332 659 364 707
face 0.1052074134349823 332 659 364 707
face 0.09455046057701111 332 659 364 707
face 0.08456623554229736 332 659 364 707
face 0.08380267024040222 332 659 364 707
face 0.08304998278617859 332 659 364 707
face 0.08108070492744446 332 659 364 707
face 0.07317721843719482 332 659 364 707
face 0.06779536604881287 332 659 364 707
face 0.06775104999542236 332 659 364 707
face 0.06516966223716736 332 659 364 707
face 0.059530556201934814 332 659 364 707
face 0.05790668725967407 332 659 364 707
face 0.05762621760368347 332 659 364 707
face 0.055904537439346313 332 659 364 707
face 0.05528539419174194 332 659 364 707
face 0.05463522672653198 332 659 364 707
face 0.047466784715652466 332 659 364 707
face 0.04540365934371948 332 659 364 707
face 0.04445132613182068 332 659 364 707
face 0.043928682804107666 332 659 364 707
face 0.043067872524261475 332 659 364 707
face 0.03885564208030701 332 659 364 707
face 0.037845224142074585 332 659 364 707
face 0.03653287887573242 332 659 364 707
face 0.03632888197898865 332 659 364 707
face 0.03613835573196411 332 659 364 707
face 0.03599223494529724 332 659 364 707
face 0.03542777895927429 332 659 364 707
face 0.03500199317932129 332 659 364 707
face 0.03445973992347717 332 659 364 707
face 0.03429532051086426 332 659 364 707
face 0.03353193402290344 332 659 364 707
face 0.033276885747909546 332 659 364 707
face 0.03102228045463562 332 659 364 707
face 0.02899840474128723 332 659 364 707
face 0.02857103943824768 332 659 364 707
face 0.02801281213760376 332 659 364 707
face 0.027809947729110718 332 659 364 707
face 0.027114272117614746 332 659 364 707
face 0.02517196536064148 332 659 364 707
face 0.024438858032226562 332 659 364 707
face 0.02432030439376831 332 659 364 707
face 0.024300426244735718 332 659 364 707
face 0.024283558130264282 332 659 364 707
face 0.024248093366622925 332 659 364 707
face 0.024205654859542847 332 659 364 707
face 0.021621525287628174 332 659 364 707
face 0.021358907222747803 332 659 364 707
face 0.02132156491279602 332 659 364 707
face 0.020753711462020874 332 659 364 707
face 0.020389914512634277 332 659 364 707
face 0.02024582028388977 332 659 364 707
face 0.02013784646987915 332 659 364 707
face 0.02003300189971924 332 659 364 707
face 0.019661545753479004 332 659 364 707
face 0.01938888430595398 332 659 364 707
face 0.018828481435775757 332 659 364 707
face 0.017924189567565918 332 659 364 707
face 0.017831623554229736 332 659 364 707
face 0.0170077383518219 332 659 364 707
face 0.016352921724319458 332 659 364 707
face 0.016211658716201782 332 659 364 707
face 0.015285104513168335 332 659 364 707
face 0.015071183443069458 332 659 364 707
face 0.014948546886444092 332 659 364 707
face 0.014198660850524902 332 659 364 707
face 0.013792216777801514 332 659 364 707
face 0.013606727123260498 332 659 364 707
