face 0.9986677169799805 569 323 597 359
face 0.9967953562736511 64 308 98 352
face 0.9952590465545654 616 286 639 319
face 0.9866878390312195 735 326 754 354
face 0.9782822132110596 394 259 440 322
face 0.9585033655166626 480 239 552 335
face 0.9396923780441284 667 293 685 318
face 0.8564549088478088 677 313 695 339
face 0.8476217985153198 167 284 202 329
face 0.8289859294891357 738 303 754 327
face 0.7917025089263916 796 316 813 341
face 0.7675637006759644 905 315 928 342
face 0.7443974018096924 9 301 44 348
face 0.6332610249519348 796 309 812 331
face 0.6292192339897156 221 305 252 345
face 0.5550113320350647 294 281 314 311
face 0.4500397741794586 294 281 314 311
face 0.4405701458454132 294 281 314 311
face 0.41774749755859375 294 281 314 311
face 0.39633849263191223 294 281 314 311
face 0.3241766095161438 294 281 314 311
face 0.21281886100769043 294 281 314 311
face 0.17321443557739258 294 281 314 311
face 0.16752871870994568 294 281 314 311
face 0.1354232132434845 294 281 314 311
face 0.12414079904556274 294 281 314 311
face 0.11631613969802856 294 281 314 311
face 0.11078083515167236 294 281 314 311
face 0.09612700343132019 294 281 314 311
face 0.09229177236557007 294 281 314 311
face 0.08702638745307922 294 281 314 311
face 0.08476987481117249 294 281 314 311
face 0.0817669928073883 294 281 314 311
face 0.07956504821777344 294 281 314 311
face 0.07869759202003479 294 281 314 311
face 0.07532954216003418 294 281 314 311
face 0.07410740852355957 294 281 314 311
face 0.06978121399879456 294 281 314 311
face 0.06800219416618347 294 281 314 311
face 0.06361478567123413 294 281 314 311
face 0.06252574920654297 294 281 314 311
face 0.061186760663986206 294 281 314 311
face 0.05908879637718201 294 281 314 311
face 0.058656513690948486 294 281 314 311
face 0.05758541822433472 294 281 314 311
face 0.051238447427749634 294 281 314 311
face 0.049885839223861694 294 281 314 311
face 0.0464918315410614 294 281 314 311
face 0.04551622271537781 294 281 314 311
face 0.04326978325843811 294 281 314 311
face 0.04273995757102966 294 281 314 311
face 0.03999796509742737 294 281 314 311
face 0.03996241092681885 294 281 314 311
face 0.03970244526863098 294 281 314 311
face 0.03740549087524414 294 281 314 311
face 0.03719830513000488 294 281 314 311
face 0.03686395287513733 294 281 314 311
face 0.03421604633331299 294 281 314 311
face 0.0324057936668396 294 281 314 311
face 0.03196340799331665 294 281 314 311
face 0.0312463641166687 294 281 314 311
face 0.03109493851661682 294 281 314 311
face 0.02993711829185486 294 281 314 311
face 0.028212308883666992 294 281 314 311
face 0.027592062950134277 294 281 314 311
face 0.027119696140289307 294 281 314 311
face 0.026740819215774536 294 281 314 311
face 0.026613891124725342 294 281 314 311
face 0.026258736848831177 294 281 314 311
face 0.026143401861190796 294 281 314 311
face 0.02508026361465454 294 281 314 311
face 0.02495098114013672 294 281 314 311
face 0.02458280324935913 294 281 314 311
face 0.024296045303344727 294 281 314 311
face 0.023987293243408203 294 281 314 311
face 0.023798078298568726 294 281 314 311
face 0.022439807653427124 294 281 314 311
face 0.022243112325668335 294 281 314 311
face 0.022198379039764404 294 281 314 311
face 0.02197745442390442 294 281 314 311
face 0.021738171577453613 294 281 314 311
face 0.021496325731277466 294 281 314 311
face 0.020946353673934937 294 281 314 311
face 0.020572781562805176 294 281 314 311
face 0.020489424467086792 294 281 314 311
face 0.020207196474075317 294 281 314 311
face 0.01991787552833557 294 281 314 311
face 0.019556701183319092 294 281 314 311
face 0.01942303776741028 294 281 314 311
face 0.017971962690353394 294 281 314 311
face 0.017724663019180298 294 281 314 311
face 0.01767146587371826 294 281 314 311
face 0.017117619514465332 294 281 314 311
face 0.016546249389648438 294 281 314 311
face 0.015924781560897827 294 281 314 311
face 0.015920400619506836 294 281 314 311
face 0.01566299796104431 294 281 314 311
face 0.01555374264717102 294 281 314 311
face 0.015546530485153198 294 281 314 311
face 0.015481799840927124 294 281 314 311
