face 0.9913883209228516 604 630 664 699
face 0.9855805039405823 891 1117 984 1231
face 0.9789448380470276 484 759 548 845
face 0.9771435260772705 817 654 874 732
face 0.9688084125518799 502 654 558 734
face 0.9659218788146973 159 803 238 895
face 0.9505295753479004 452 1117 522 1212
face 0.9443145990371704 376 588 434 659
face 0.8991086483001709 685 471 735 543
face 0.7209411263465881 261 233 321 368
face 0.7006688117980957 652 1051 739 1149
face 0.5389032363891602 189 445 225 500
face 0.5295473337173462 397 806 449 865
face 0.46560239791870117 397 806 449 865
face 0.4610287845134735 397 806 449 865
face 0.4534091353416443 397 806 449 865
face 0.44417428970336914 397 806 449 865
face 0.3913426101207733 397 806 449 865
face 0.3687296509742737 397 806 449 865
face 0.31444406509399414 397 806 449 865
face 0.30086609721183777 397 806 449 865
face 0.22691503167152405 397 806 449 865
face 0.20319488644599915 397 806 449 865
face 0.19428405165672302 397 806 449 865
face 0.1750231385231018 397 806 449 865
face 0.17460954189300537 397 806 449 865
face 0.16531184315681458 397 806 449 865
face 0.15540292859077454 397 806 449 865
face 0.14950862526893616 397 806 449 865
face 0.1314985752105713 397 806 449 865
face 0.12147706747055054 397 806 449 865
face 0.11327409744262695 397 806 449 865
face 0.11099043488502502 397 806 449 865
face 0.11083227396011353 397 806 449 865
face 0.10238173604011536 397 806 449 865
face 0.1023457944393158 397 806 449 865
face 0.10080835223197937 397 806 449 865
face 0.09826844930648804 397 806 449 865
face 0.09388449788093567 397 806 449 865
face 0.09026241302490234 397 806 449 865
face 0.08476874232292175 397 806 449 865
face 0.08440428972244263 397 806 449 865
face 0.08426171541213989 397 806 449 865
face 0.08420228958129883 397 806 449 865
face 0.08398529887199402 397 806 449 865
face 0.07612359523773193 397 806 449 865
face 0.0726240873336792 397 806 449 865
face 0.06942430138587952 397 806 449 865
face 0.0684942901134491 397 806 449 865
face 0.06733790040016174 397 806 449 865
face 0.06306412816047668 397 806 449 865
face 0.06263875961303711 397 806 449 865
face 0.06187501549720764 397 806 449 865
face 0.060451120138168335 397 806 449 865
face 0.058159828186035156 397 806 449 865
face 0.057412564754486084 397 806 449 865
face 0.056735068559646606 397 806 449 865
face 0.054696351289749146 397 806 449 865
face 0.0546262264251709 397 806 449 865
face 0.05366373062133789 397 806 449 865
face 0.05285784602165222 397 806 449 865
face 0.05036270618438721 397 806 449 865
face 0.05026179552078247 397 806 449 865
face 0.04984721541404724 397 806 449 865
face 0.04934653639793396 397 806 449 865
face 0.04855316877365112 397 806 449 865
face 0.04847118258476257 397 806 449 865
face 0.047135889530181885 397 806 449 865
face 0.04590299725532532 397 806 449 865
face 0.04567524790763855 397 806 449 865
face 0.045665442943573 397 806 449 865
face 0.04518073797225952 397 806 449 865
face 0.04507482051849365 397 806 449 865
face 0.043655961751937866 397 806 449 865
face 0.04326903820037842 397 806 449 865
face 0.043024301528930664 397 806 449 865
face 0.04299229383468628 397 806 449 865
face 0.04278379678726196 397 806 449 865
face 0.041697919368743896 397 806 449 865
face 0.04166078567504883 397 806 449 865
face 0.04090249538421631 397 806 449 865
face 0.040553390979766846 397 806 449 865
face 0.040248721837997437 397 806 449 865
face 0.039969682693481445 397 806 449 865
face 0.03983065485954285 397 806 449 865
face 0.039621055126190186 397 806 449 865
face 0.039559781551361084 397 806 449 865
face 0.03912472724914551 397 806 449 865
face 0.038156658411026 397 806 449 865
face 0.038039594888687134 397 806 449 865
face 0.03802105784416199 397 806 449 865
face 0.03638267517089844 397 806 449 865
face 0.03533473610877991 397 806 449 865
face 0.03510710597038269 397 806 449 865
face 0.03508239984512329 397 806 449 865
face 0.033990055322647095 397 806 449 865
face 0.03394812345504761 397 806 449 865
face 0.033835649490356445 397 806 449 865
face 0.033424049615859985 397 806 449 865
face 0.032913386821746826 397 806 449 865
