face 0.994849681854248 605 228 641 273
face 0.9766698479652405 975 416 1017 469
face 0.778063178062439 108 419 164 484
face 0.7376896142959595 556 397 627 495
face 0.5809259414672852 730 369 794 452
face 0.5683801174163818 0 343 122 491
face 0.4995015859603882 0 343 122 491
face 0.32265520095825195 0 343 122 491
face 0.2262425422668457 0 343 122 491
face 0.2244570553302765 0 343 122 491
face 0.20553988218307495 0 343 122 491
face 0.18628114461898804 0 343 122 491
face 0.15024268627166748 0 343 122 491
face 0.10144570469856262 0 343 122 491
face 0.09842690825462341 0 343 122 491
face 0.08799481391906738 0 343 122 491
face 0.08445549011230469 0 343 122 491
face 0.07731586694717407 0 343 122 491
face 0.06762763857841492 0 343 122 491
face 0.05949282646179199 0 343 122 491
face 0.05148622393608093 0 343 122 491
face 0.051125168800354004 0 343 122 491
face 0.048489391803741455 0 343 122 491
face 0.04562237858772278 0 343 122 491
face 0.04423937201499939 0 343 122 491
face 0.04414519667625427 0 343 122 491
face 0.04258251190185547 0 343 122 491
face 0.041968196630477905 0 343 122 491
face 0.039473891258239746 0 343 122 491
face 0.038521528244018555 0 343 122 491
face 0.03737327456474304 0 343 122 491
face 0.03697118163108826 0 343 122 491
face 0.036635011434555054 0 343 122 491
face 0.035737305879592896 0 343 122 491
face 0.035242557525634766 0 343 122 491
face 0.03517201542854309 0 343 122 491
face 0.03374341130256653 0 343 122 491
face 0.03271150588989258 0 343 122 491
face 0.03270617127418518 0 343 122 491
face 0.03249618411064148 0 343 122 491
face 0.031081169843673706 0 343 122 491
face 0.030597180128097534 0 343 122 491
face 0.02969500422477722 0 343 122 491
face 0.029088139533996582 0 343 122 491
face 0.0280458927154541 0 343 122 491
face 0.027929991483688354 0 343 122 491
face 0.027573376893997192 0 343 122 491
face 0.027233779430389404 0 343 122 491
face 0.02648940682411194 0 343 122 491
face 0.02610069513320923 0 343 122 491
face 0.025504976511001587 0 343 122 491
face 0.02491322159767151 0 343 122 491
face 0.024244844913482666 0 343 122 491
face 0.02417236566543579 0 343 122 491
face 0.023033231496810913 0 343 122 491
face 0.02289479970932007 0 343 122 491
face 0.022871971130371094 0 343 122 491
face 0.021875321865081787 0 343 122 491
face 0.02180156111717224 0 343 122 491
face 0.021130025386810303 0 343 122 491
face 0.020680159330368042 0 343 122 491
face 0.02052682638168335 0 343 122 491
face 0.020501047372817993 0 343 122 491
face 0.019439131021499634 0 343 122 491
face 0.019406676292419434 0 343 122 491
face 0.019040286540985107 0 343 122 491
face 0.018824785947799683 0 343 122 491
face 0.01822248101234436 0 343 122 491
face 0.018094033002853394 0 343 122 491
face 0.017406046390533447 0 343 122 491
face 0.01702865958213806 0 343 122 491
face 0.016904979944229126 0 343 122 491
face 0.016771256923675537 0 343 122 491
face 0.016508519649505615 0 343 122 491
face 0.016489088535308838 0 343 122 491
face 0.016153484582901 0 343 122 491
face 0.01615181565284729 0 343 122 491
face 0.016003072261810303 0 343 122 491
face 0.015833616256713867 0 343 122 491
face 0.015623211860656738 0 343 122 491
face 0.01534414291381836 0 343 122 491
face 0.015290379524230957 0 343 122 491
face 0.015130430459976196 0 343 122 491
face 0.014845132827758789 0 343 122 491
face 0.014780700206756592 0 343 122 491
face 0.01458132266998291 0 343 122 491
face 0.01455920934677124 0 343 122 491
face 0.014144748449325562 0 343 122 491
face 0.014065295457839966 0 343 122 491
face 0.013824909925460815 0 343 122 491
face 0.013735473155975342 0 343 122 491
face 0.013674020767211914 0 343 122 491
face 0.01345914602279663 0 343 122 491
face 0.01338621973991394 0 343 122 491
face 0.013300508260726929 0 343 122 491
face 0.013232052326202393 0 343 122 491
face 0.013210773468017578 0 343 122 491
face 0.012994259595870972 0 343 122 491
face 0.01298472285270691 0 343 122 491
face 0.012755811214447021 0 343 122 491
