face 0.9976550340652466 484 280 521 328
face 0.9965096712112427 210 124 248 173
face 0.9961804151535034 609 249 646 298
face 0.9934289455413818 215 249 251 294
face 0.985098659992218 409 245 445 295
face 0.9769498109817505 574 236 605 281
face 0.9552013874053955 816 523 847 572
face 0.9352704882621765 847 90 876 136
face 0.9233048558235168 351 8 380 52
face 0.9173802137374878 795 286 818 321
face 0.902828574180603 222 1 259 44
face 0.8871514201164246 976 165 1004 204
face 0.8791192770004272 936 276 962 317
face 0.8513439297676086 130 485 172 538
face 0.8440408706665039 500 240 529 280
face 0.8378761410713196 354 256 392 305
face 0.8367922306060791 330 469 364 516
face 0.8114277124404907 148 232 179 282
face 0.810507595539093 988 282 1012 318
face 0.7705166935920715 750 279 773 314
face 0.7235219478607178 320 513 357 573
face 0.6851820945739746 1004 112 1022 146
face 0.6150871515274048 990 542 1018 579
face 0.6021261215209961 487 33 518 76
face 0.5899126529693604 906 254 926 287
face 0.5811296105384827 512 466 545 514
face 0.5518321990966797 113 290 145 338
face 0.5509920120239258 711 246 738 283
face 0.5051607489585876 308 260 338 299
face 0.49534592032432556 308 260 338 299
face 0.4932180345058441 308 260 338 299
face 0.47637733817100525 308 260 338 299
face 0.45021969079971313 308 260 338 299
face 0.4136878550052643 308 260 338 299
face 0.3711012005805969 308 260 338 299
face 0.3518974781036377 308 260 338 299
face 0.31930047273635864 308 260 338 299
face 0.3164694607257843 308 260 338 299
face 0.3079511523246765 308 260 338 299
face 0.3065759241580963 308 260 338 299
face 0.300528883934021 308 260 338 299
face 0.2929333448410034 308 260 338 299
face 0.2920663058757782 308 260 338 299
face 0.2750488519668579 308 260 338 299
face 0.2678911089897156 308 260 338 299
face 0.26187610626220703 308 260 338 299
face 0.25345566868782043 308 260 338 299
face 0.252285361289978 308 260 338 299
face 0.25043439865112305 308 260 338 299
face 0.24774634838104248 308 260 338 299
face 0.24609291553497314 308 260 338 299
face 0.24296563863754272 308 260 338 299
face 0.23200595378875732 308 260 338 299
face 0.2273629903793335 308 260 338 299
face 0.22277700901031494 308 260 338 299
face 0.2114156186580658 308 260 338 299
face 0.20211997628211975 308 260 338 299
face 0.19504126906394958 308 260 338 299
face 0.19278812408447266 308 260 338 299
face 0.18268001079559326 308 260 338 299
face 0.17297431826591492 308 260 338 299
face 0.16709277033805847 308 260 338 299
face 0.15989473462104797 308 260 338 299
face 0.15332603454589844 308 260 338 299
face 0.1381618082523346 308 260 338 299
face 0.13741973042488098 308 260 338 299
face 0.13295602798461914 308 260 338 299
face 0.1311017870903015 308 260 338 299
face 0.13026997447013855 308 260 338 299
face 0.12322086095809937 308 260 338 299
face 0.11568820476531982 308 260 338 299
face 0.1134805679321289 308 260 338 299
face 0.11165034770965576 308 260 338 299
face 0.11100417375564575 308 260 338 299
face 0.10259541869163513 308 260 338 299
face 0.1015903651714325 308 260 338 299
face 0.10115110874176025 308 260 338 299
face 0.09958699345588684 308 260 338 299
face 0.09925857186317444 308 260 338 299
face 0.09719809889793396 308 260 338 299
face 0.09683948755264282 308 260 338 299
face 0.0967460572719574 308 260 338 299
face 0.09213989973068237 308 260 338 299
face 0.09150385856628418 308 260 338 299
face 0.09051498770713806 308 260 338 299
face 0.08902674913406372 308 260 338 299
face 0.0884867012500763 308 260 338 299
face 0.08675310015678406 308 260 338 299
face 0.08621501922607422 308 260 338 299
face 0.08552366495132446 308 260 338 299
face 0.08452191948890686 308 260 338 299
face 0.0842772126197815 308 260 338 299
face 0.08246129751205444 308 260 338 299
face 0.0824323296546936 308 260 338 299
face 0.0816124975681305 308 260 338 299
face 0.08116376399993896 308 260 338 299
face 0.0798569917678833 308 260 338 299
face 0.07912138104438782 308 260 338 299
face 0.07849976420402527 308 260 338 299
face 0.07812348008155823 308 260 338 299
