face 0.9977389574050903 807 658 896 759
face 0.9911448955535889 428 726 509 829
face 0.04822012782096863 428 726 509 829
face 0.03281092643737793 428 726 509 829
face 0.03170892596244812 428 726 509 829
face 0.02615228295326233 428 726 509 829
face 0.02582573890686035 428 726 509 829
face 0.02334532141685486 428 726 509 829
face 0.02197524905204773 428 726 509 829
face 0.02091345191001892 428 726 509 829
face 0.02037152647972107 428 726 509 829
face 0.01980835199356079 428 726 509 829
face 0.01978406310081482 428 726 509 829
face 0.01941588521003723 428 726 509 829
face 0.019048213958740234 428 726 509 829
face 0.018711358308792114 428 726 509 829
face 0.01718565821647644 428 726 509 829
face 0.017103254795074463 428 726 509 829
face 0.016090035438537598 428 726 509 829
face 0.015631139278411865 428 726 509 829
face 0.01550111174583435 428 726 509 829
face 0.015474766492843628 428 726 509 829
face 0.014347434043884277 428 726 509 829
face 0.013957887887954712 428 726 509 829
face 0.013109982013702393 428 726 509 829
face 0.011853814125061035 428 726 509 829
face 0.011671334505081177 428 726 509 829
face 0.011619508266448975 428 726 509 829
face 0.01057460904121399 428 726 509 829
face 0.0103701651096344 428 726 509 829
face 0.010234981775283813 428 726 509 829
face 0.009984701871871948 428 726 509 829
face 0.009818047285079956 428 726 509 829
face 0.009758621454238892 428 726 509 829
face 0.009139388799667358 428 726 509 829
face 0.008879482746124268 428 726 509 829
face 0.008658289909362793 428 726 509 829
face 0.008571833372116089 428 726 509 829
face 0.008557617664337158 428 726 509 829
face 0.008444726467132568 428 726 509 829
face 0.007848948240280151 428 726 509 829
face 0.007728397846221924 428 726 509 829
face 0.007672756910324097 428 726 509 829
face 0.007620424032211304 428 726 509 829
face 0.007618427276611328 428 726 509 829
face 0.007594555616378784 428 726 509 829
face 0.007476121187210083 428 726 509 829
face 0.007302641868591309 428 726 509 829
face 0.006933689117431641 428 726 509 829
face 0.006843596696853638 428 726 509 829
face 0.006609499454498291 428 726 509 829
face 0.006255656480789185 428 726 509 829
face 0.006198793649673462 428 726 509 829
face 0.0059653520584106445 428 726 509 829
face 0.005912184715270996 428 726 509 829
face 0.005910128355026245 428 726 509 829
face 0.005890697240829468 428 726 509 829
face 0.005861461162567139 428 726 509 829
face 0.005804389715194702 428 726 509 829
face 0.005713135004043579 428 726 509 829
face 0.005599856376647949 428 726 509 829
face 0.005503207445144653 428 726 509 829
face 0.005381524562835693 428 726 509 829
face 0.00537678599357605 428 726 509 829
face 0.005340069532394409 428 726 509 829
face 0.005310237407684326 428 726 509 829
face 0.005289971828460693 428 726 509 829
face 0.005204916000366211 428 726 509 829
face 0.0050331950187683105 428 726 509 829
face 0.0050240159034729 428 726 509 829
face 0.004976779222488403 428 726 509 829
face 0.004973948001861572 428 726 509 829
face 0.004957020282745361 428 726 509 829
face 0.004922837018966675 428 726 509 829
face 0.0049032228998839855 428 726 509 829
face 0.004882514476776123 428 726 509 829
face 0.004867345094680786 428 726 509 829
face 0.004853427410125732 428 726 509 829
face 0.004833638668060303 428 726 509 829
face 0.004776597023010254 428 726 509 829
face 0.00474432110786438 428 726 509 829
face 0.0046949684619903564 428 726 509 829
face 0.0046065449714660645 428 726 509 829
face 0.004558145999908447 428 726 509 829
face 0.004536747932434082 428 726 509 829
face 0.004471868276596069 428 726 509 829
face 0.004465728998184204 428 726 509 829
face 0.004464685916900635 428 726 509 829
face 0.004411786794662476 428 726 509 829
face 0.004403561353683472 428 726 509 829
face 0.004370987415313721 428 726 509 829
face 0.0042428672313690186 428 726 509 829
face 0.0042417049407958984 428 726 509 829
face 0.004240930080413818 428 726 509 829
face 0.004203498363494873 428 726 509 829
face 0.0041938722133636475 428 726 509 829
face 0.004141062498092651 428 726 509 829
face 0.004123568534851074 428 726 509 829
face 0.004110395908355713 428 726 509 829
face 0.004075974225997925 428 726 509 829
