face 0.991023063659668 242 328 268 361
face 0.8798236846923828 839 370 857 399
face 0.7983746528625488 682 444 698 465
face 0.7944087386131287 692 382 709 403
face 0.6789010167121887 465 369 482 398
face 0.5091532468795776 900 390 918 417
face 0.35244449973106384 900 390 918 417
face 0.2905978560447693 900 390 918 417
face 0.26612889766693115 900 390 918 417
face 0.18141508102416992 900 390 918 417
face 0.15861907601356506 900 390 918 417
face 0.13614365458488464 900 390 918 417
face 0.1318701207637787 900 390 918 417
face 0.12707751989364624 900 390 918 417
face 0.12538623809814453 900 390 918 417
face 0.09910497069358826 900 390 918 417
face 0.09658399224281311 900 390 918 417
face 0.09329265356063843 900 390 918 417
face 0.09063723683357239 900 390 918 417
face 0.08836406469345093 900 390 918 417
face 0.08662480115890503 900 390 918 417
face 0.08525234460830688 900 390 918 417
face 0.0826648473739624 900 390 918 417
face 0.07957732677459717 900 390 918 417
face 0.06077268719673157 900 390 918 417
face 0.05932465195655823 900 390 918 417
face 0.05220532417297363 900 390 918 417
face 0.04972177743911743 900 390 918 417
face 0.03793603181838989 900 390 918 417
face 0.03736811876296997 900 390 918 417
face 0.034187644720077515 900 390 918 417
face 0.032972127199172974 900 390 918 417
face 0.03294652700424194 900 390 918 417
face 0.03179800510406494 900 390 918 417
face 0.03078293800354004 900 390 918 417
face 0.027661651372909546 900 390 918 417
face 0.0274791419506073 900 390 918 417
face 0.027438312768936157 900 390 918 417
face 0.026562213897705078 900 390 918 417
face 0.02465534210205078 900 390 918 417
face 0.024036794900894165 900 390 918 417
face 0.02311229705810547 900 390 918 417
face 0.022536754608154297 900 390 918 417
face 0.022366702556610107 900 390 918 417
face 0.022125333547592163 900 390 918 417
face 0.022102296352386475 900 390 918 417
face 0.022060930728912354 900 390 918 417
face 0.01997905969619751 900 390 918 417
face 0.019755035638809204 900 390 918 417
face 0.019348442554473877 900 390 918 417
face 0.018842995166778564 900 390 918 417
face 0.01883372664451599 900 390 918 417
face 0.018681198358535767 900 390 918 417
face 0.018667161464691162 900 390 918 417
face 0.018333137035369873 900 390 918 417
face 0.018226653337478638 900 390 918 417
face 0.018140166997909546 900 390 918 417
face 0.017450720071792603 900 390 918 417
face 0.017000705003738403 900 390 918 417
face 0.01691386103630066 900 390 918 417
face 0.016894280910491943 900 390 918 417
face 0.016416937112808228 900 390 918 417
face 0.015858441591262817 900 390 918 417
face 0.015573829412460327 900 390 918 417
face 0.014992207288742065 900 390 918 417
face 0.014543265104293823 900 390 918 417
face 0.014291435480117798 900 390 918 417
face 0.01407092809677124 900 390 918 417
face 0.013647317886352539 900 390 918 417
face 0.013612568378448486 900 390 918 417
face 0.013609856367111206 900 390 918 417
face 0.013595938682556152 900 390 918 417
face 0.013406068086624146 900 390 918 417
face 0.013305425643920898 900 390 918 417
face 0.013202071189880371 900 390 918 417
face 0.013030558824539185 900 390 918 417
face 0.012683451175689697 900 390 918 417
face 0.012536883354187012 900 390 918 417
face 0.01177757978439331 900 390 918 417
face 0.011610269546508789 900 390 918 417
face 0.011545002460479736 900 390 918 417
face 0.011522650718688965 900 390 918 417
face 0.010727077722549438 900 390 918 417
face 0.01056450605392456 900 390 918 417
face 0.010405302047729492 900 390 918 417
face 0.010401755571365356 900 390 918 417
face 0.01037093997001648 900 390 918 417
face 0.01031389832496643 900 390 918 417
face 0.009988665580749512 900 390 918 417
face 0.009973287582397461 900 390 918 417
face 0.009951293468475342 900 390 918 417
face 0.009921014308929443 900 390 918 417
face 0.009860754013061523 900 390 918 417
face 0.009641319513320923 900 390 918 417
face 0.009587526321411133 900 390 918 417
face 0.009272933006286621 900 390 918 417
face 0.00914674997329712 900 390 918 417
face 0.009142190217971802 900 390 918 417
face 0.00909656286239624 900 390 918 417
face 0.00909435749053955 900 390 918 417
