face 0.8519206047058105 253 151 343 264
face 0.03740552067756653 253 151 343 264
face 0.03658202290534973 253 151 343 264
face 0.03162214159965515 253 151 343 264
face 0.029468059539794922 253 151 343 264
face 0.02446112036705017 253 151 343 264
face 0.023674458265304565 253 151 343 264
face 0.02226012945175171 253 151 343 264
face 0.020982325077056885 253 151 343 264
face 0.019603759050369263 253 151 343 264
face 0.01896005868911743 253 151 343 264
face 0.01873779296875 253 151 343 264
face 0.01846104860305786 253 151 343 264
face 0.01844477653503418 253 151 343 264
face 0.017672091722488403 253 151 343 264
face 0.017568588256835938 253 151 343 264
face 0.017500638961791992 253 151 343 264
face 0.01667243242263794 253 151 343 264
face 0.016347825527191162 253 151 343 264
face 0.01575314998626709 253 151 343 264
face 0.015223175287246704 253 151 343 264
face 0.014909356832504272 253 151 343 264
face 0.01451149582862854 253 151 343 264
face 0.014243543148040771 253 151 343 264
face 0.014184772968292236 253 151 343 264
face 0.014070838689804077 253 151 343 264
face 0.013218313455581665 253 151 343 264
face 0.013211250305175781 253 151 343 264
face 0.013203948736190796 253 151 343 264
face 0.012973964214324951 253 151 343 264
face 0.012862682342529297 253 151 343 264
face 0.012762904167175293 253 151 343 264
face 0.012621015310287476 253 151 343 264
face 0.012388467788696289 253 151 343 264
face 0.012352198362350464 253 151 343 264
face 0.012176513671875 253 151 343 264
face 0.011768847703933716 253 151 343 264
face 0.011492758989334106 253 151 343 264
face 0.011474788188934326 253 151 343 264
face 0.011472970247268677 253 151 343 264
face 0.01120901107788086 253 151 343 264
face 0.011200398206710815 253 151 343 264
face 0.011181652545928955 253 151 343 264
face 0.01113361120223999 253 151 343 264
face 0.01102420687675476 253 151 343 264
face 0.010862559080123901 253 151 343 264
face 0.010857194662094116 253 151 343 264
face 0.01066213846206665 253 151 343 264
face 0.010651081800460815 253 151 343 264
face 0.010650217533111572 253 151 343 264
face 0.010622888803482056 253 151 343 264
face 0.010414034128189087 253 151 343 264
face 0.010305225849151611 253 151 343 264
face 0.010209053754806519 253 151 343 264
face 0.01017141342163086 253 151 343 264
face 0.010143756866455078 253 151 343 264
face 0.009987324476242065 253 151 343 264
face 0.009775489568710327 253 151 343 264
face 0.009660214185714722 253 151 343 264
face 0.00953945517539978 253 151 343 264
face 0.009464114904403687 253 151 343 264
face 0.009439796209335327 253 151 343 264
face 0.009414851665496826 253 151 343 264
face 0.009412229061126709 253 151 343 264
face 0.009395301342010498 253 151 343 264
face 0.00936916470527649 253 151 343 264
face 0.00932881236076355 253 151 343 264
face 0.009309232234954834 253 151 343 264
face 0.009267032146453857 253 151 343 264
face 0.009099721908569336 253 151 343 264
face 0.009067714214324951 253 151 343 264
face 0.008969873189926147 253 151 343 264
face 0.008937984704971313 253 151 343 264
face 0.008891850709915161 253 151 343 264
face 0.008880764245986938 253 151 343 264
face 0.00885993242263794 253 151 343 264
face 0.008849561214447021 253 151 343 264
face 0.00875881314277649 253 151 343 264
face 0.008741945028305054 253 151 343 264
face 0.008727699518203735 253 151 343 264
face 0.008706420660018921 253 151 343 264
face 0.008692622184753418 253 151 343 264
face 0.008615881204605103 253 151 343 264
face 0.008615463972091675 253 151 343 264
face 0.008601725101470947 253 151 343 264
face 0.008538991212844849 253 151 343 264
face 0.008496075868606567 253 151 343 264
face 0.008431851863861084 253 151 343 264
face 0.00840991735458374 253 151 343 264
face 0.008371233940124512 253 151 343 264
face 0.008341789245605469 253 151 343 264
face 0.008283019065856934 253 151 343 264
face 0.008261024951934814 253 151 343 264
face 0.008253365755081177 253 151 343 264
face 0.008242815732955933 253 151 343 264
face 0.008081704378128052 253 151 343 264
face 0.007970303297042847 253 151 343 264
face 0.007936924695968628 253 151 343 264
face 0.007775753736495972 253 151 343 264
face 0.007759749889373779 253 151 343 264
