face 0.9932066202163696 775 353 790 371
face 0.9896723031997681 185 336 198 353
face 0.9864596724510193 625 307 639 323
face 0.9841122627258301 833 349 852 369
face 0.9771246910095215 380 314 393 333
face 0.9454965591430664 904 346 924 368
face 0.9251168966293335 251 335 263 351
face 0.9149961471557617 305 310 318 328
face 0.9095643162727356 714 355 728 372
face 0.9071788787841797 55 332 72 355
face 0.9023580551147461 87 24 110 53
face 0.8942567706108093 304 333 316 349
face 0.8704177141189575 510 315 522 330
face 0.8620200157165527 141 331 156 350
face 0.7510597705841064 413 109 428 128
face 0.7399603724479675 455 313 467 329
face 0.71384197473526 896 106 912 125
face 0.684201717376709 104 350 119 368
face 0.6766786575317383 79 53 98 78
face 0.661221981048584 156 56 177 89
face 0.654654860496521 598 303 611 320
face 0.6367051601409912 253 31 297 83
face 0.4352463483810425 253 31 297 83
face 0.39944785833358765 253 31 297 83
face 0.3693236708641052 253 31 297 83
face 0.3358317017555237 253 31 297 83
face 0.30912303924560547 253 31 297 83
face 0.30083537101745605 253 31 297 83
face 0.29623332619667053 253 31 297 83
face 0.2728462219238281 253 31 297 83
face 0.24738478660583496 253 31 297 83
face 0.23109042644500732 253 31 297 83
face 0.21852260828018188 253 31 297 83
face 0.1875159740447998 253 31 297 83
face 0.1794310212135315 253 31 297 83
face 0.17702823877334595 253 31 297 83
face 0.15964096784591675 253 31 297 83
face 0.1567499339580536 253 31 297 83
face 0.14281684160232544 253 31 297 83
face 0.137166827917099 253 31 297 83
face 0.13709378242492676 253 31 297 83
face 0.13144031167030334 253 31 297 83
face 0.12793657183647156 253 31 297 83
face 0.12403962016105652 253 31 297 83
face 0.12153595685958862 253 31 297 83
face 0.11969751119613647 253 31 297 83
face 0.1159498393535614 253 31 297 83
face 0.11156687140464783 253 31 297 83
face 0.11114230751991272 253 31 297 83
face 0.11091989278793335 253 31 297 83
face 0.1065014898777008 253 31 297 83
face 0.10060182213783264 253 31 297 83
face 0.09018152952194214 253 31 297 83
face 0.09009423851966858 253 31 297 83
face 0.08770060539245605 253 31 297 83
face 0.07708823680877686 253 31 297 83
face 0.07631650567054749 253 31 297 83
face 0.07606929540634155 253 31 297 83
face 0.07561898231506348 253 31 297 83
face 0.07503986358642578 253 31 297 83
face 0.07298603653907776 253 31 297 83
face 0.07173305749893188 253 31 297 83
face 0.0675959587097168 253 31 297 83
face 0.06290081143379211 253 31 297 83
face 0.06217378377914429 253 31 297 83
face 0.05796292424201965 253 31 297 83
face 0.05604070425033569 253 31 297 83
face 0.05510389804840088 253 31 297 83
face 0.050681114196777344 253 31 297 83
face 0.05048111081123352 253 31 297 83
face 0.0498577356338501 253 31 297 83
face 0.048955708742141724 253 31 297 83
face 0.04764100909233093 253 31 297 83
face 0.04568174481391907 253 31 297 83
face 0.04536646604537964 253 31 297 83
face 0.0443861186504364 253 31 297 83
face 0.03978422284126282 253 31 297 83
face 0.035559266805648804 253 31 297 83
face 0.03491160273551941 253 31 297 83
face 0.03229480981826782 253 31 297 83
face 0.03168046474456787 253 31 297 83
face 0.03135651350021362 253 31 297 83
face 0.030519723892211914 253 31 297 83
face 0.030317634344100952 253 31 297 83
face 0.02983972430229187 253 31 297 83
face 0.027411967515945435 253 31 297 83
face 0.02685832977294922 253 31 297 83
face 0.026489168405532837 253 31 297 83
face 0.025391101837158203 253 31 297 83
face 0.02520790696144104 253 31 297 83
face 0.02495160698890686 253 31 297 83
face 0.024050205945968628 253 31 297 83
face 0.0238305926322937 253 31 297 83
face 0.023735225200653076 253 31 297 83
face 0.02316686511039734 253 31 297 83
face 0.02305227518081665 253 31 297 83
face 0.020501762628555298 253 31 297 83
face 0.01921495795249939 253 31 297 83
face 0.019101440906524658 253 31 297 83
face 0.018707275390625 253 31 297 83
