face 0.5241904854774475 442 56 475 107
face 0.4844287633895874 442 56 475 107
face 0.47887060046195984 442 56 475 107
face 0.4648612141609192 442 56 475 107
face 0.3565267324447632 442 56 475 107
face 0.2588459253311157 442 56 475 107
face 0.21615776419639587 442 56 475 107
face 0.1700855791568756 442 56 475 107
face 0.14556577801704407 442 56 475 107
face 0.10375142097473145 442 56 475 107
face 0.09902006387710571 442 56 475 107
face 0.08468499779701233 442 56 475 107
face 0.06728506088256836 442 56 475 107
face 0.06701838970184326 442 56 475 107
face 0.06537318229675293 442 56 475 107
face 0.06196486949920654 442 56 475 107
face 0.06196436285972595 442 56 475 107
face 0.05783206224441528 442 56 475 107
face 0.05191051959991455 442 56 475 107
face 0.05155864357948303 442 56 475 107
face 0.05150735378265381 442 56 475 107
face 0.04742249846458435 442 56 475 107
face 0.0429290235042572 442 56 475 107
face 0.03988492488861084 442 56 475 107
face 0.03772956132888794 442 56 475 107
face 0.03744235634803772 442 56 475 107
face 0.036793291568756104 442 56 475 107
face 0.03638473153114319 442 56 475 107
face 0.035133928060531616 442 56 475 107
face 0.034186989068984985 442 56 475 107
face 0.03386238217353821 442 56 475 107
face 0.03372421860694885 442 56 475 107
face 0.03289097547531128 442 56 475 107
face 0.03214198350906372 442 56 475 107
face 0.031568706035614014 442 56 475 107
face 0.03050011396408081 442 56 475 107
face 0.029672235250473022 442 56 475 107
face 0.029436230659484863 442 56 475 107
face 0.02854675054550171 442 56 475 107
face 0.028498589992523193 442 56 475 107
face 0.028421223163604736 442 56 475 107
face 0.02837255597114563 442 56 475 107
face 0.02829897403717041 442 56 475 107
face 0.027233630418777466 442 56 475 107
face 0.02649936079978943 442 56 475 107
face 0.02529805898666382 442 56 475 107
face 0.025270849466323853 442 56 475 107
face 0.02489224076271057 442 56 475 107
face 0.024408578872680664 442 56 475 107
face 0.024221837520599365 442 56 475 107
face 0.024032622575759888 442 56 475 107
face 0.02338835597038269 442 56 475 107
face 0.023194044828414917 442 56 475 107
face 0.02200305461883545 442 56 475 107
face 0.021437644958496094 442 56 475 107
face 0.02109035849571228 442 56 475 107
face 0.020969420671463013 442 56 475 107
face 0.020566105842590332 442 56 475 107
face 0.02046734094619751 442 56 475 107
face 0.020349860191345215 442 56 475 107
face 0.019914984703063965 442 56 475 107
face 0.01961618661880493 442 56 475 107
face 0.01935189962387085 442 56 475 107
face 0.019306302070617676 442 56 475 107
face 0.01921483874320984 442 56 475 107
face 0.01899617910385132 442 56 475 107
face 0.018358319997787476 442 56 475 107
face 0.018058717250823975 442 56 475 107
face 0.01734757423400879 442 56 475 107
face 0.017021089792251587 442 56 475 107
face 0.016968220472335815 442 56 475 107
face 0.0166032612323761 442 56 475 107
face 0.01624763011932373 442 56 475 107
face 0.015171706676483154 442 56 475 107
face 0.014990270137786865 442 56 475 107
face 0.014803946018218994 442 56 475 107
face 0.014649391174316406 442 56 475 107
face 0.014547884464263916 442 56 475 107
face 0.014539361000061035 442 56 475 107
face 0.014537245035171509 442 56 475 107
face 0.014271140098571777 442 56 475 107
face 0.013958513736724854 442 56 475 107
face 0.013950586318969727 442 56 475 107
face 0.01384839415550232 442 56 475 107
face 0.013737320899963379 442 56 475 107
face 0.01344326138496399 442 56 475 107
face 0.013139843940734863 442 56 475 107
face 0.012867391109466553 442 56 475 107
face 0.01266944408416748 442 56 475 107
face 0.012477874755859375 442 56 475 107
face 0.012077480554580688 442 56 475 107
face 0.011863917112350464 442 56 475 107
face 0.011802881956100464 442 56 475 107
face 0.011676132678985596 442 56 475 107
face 0.011592775583267212 442 56 475 107
face 0.011564403772354126 442 56 475 107
face 0.011541485786437988 442 56 475 107
face 0.010979920625686646 442 56 475 107
face 0.010892033576965332 442 56 475 107
face 0.01084977388381958 442 56 475 107
