face 0.9784550666809082 822 329 854 374
face 0.9732004404067993 248 299 273 336
face 0.9719232320785522 264 428 309 494
face 0.9716492891311646 747 364 787 417
face 0.93157958984375 943 312 968 356
face 0.86259526014328 341 316 363 353
face 0.787222146987915 590 319 611 352
face 0.732970118522644 417 304 435 334
face 0.7005070447921753 127 305 148 332
face 0.6430172920227051 686 352 712 386
face 0.6346178650856018 99 292 116 316
face 0.6167378425598145 645 302 666 330
face 0.6095260381698608 385 312 408 348
face 0.47953230142593384 385 312 408 348
face 0.46569597721099854 385 312 408 348
face 0.42957526445388794 385 312 408 348
face 0.38332122564315796 385 312 408 348
face 0.3200899362564087 385 312 408 348
face 0.2926411032676697 385 312 408 348
face 0.2744607925415039 385 312 408 348
face 0.2711904048919678 385 312 408 348
face 0.2631065249443054 385 312 408 348
face 0.23105892539024353 385 312 408 348
face 0.22569742798805237 385 312 408 348
face 0.20081830024719238 385 312 408 348
face 0.19431650638580322 385 312 408 348
face 0.1307176947593689 385 312 408 348
face 0.1305530071258545 385 312 408 348
face 0.11662885546684265 385 312 408 348
face 0.11071914434432983 385 312 408 348
face 0.08041471242904663 385 312 408 348
face 0.0802728533744812 385 312 408 348
face 0.07994198799133301 385 312 408 348
face 0.07949233055114746 385 312 408 348
face 0.07910153269767761 385 312 408 348
face 0.07209283113479614 385 312 408 348
face 0.06906497478485107 385 312 408 348
face 0.0664595365524292 385 312 408 348
face 0.062410980463027954 385 312 408 348
face 0.062202781438827515 385 312 408 348
face 0.054535508155822754 385 312 408 348
face 0.05317571759223938 385 312 408 348
face 0.0505775511264801 385 312 408 348
face 0.05054605007171631 385 312 408 348
face 0.04745161533355713 385 312 408 348
face 0.04704439640045166 385 312 408 348
face 0.04666560888290405 385 312 408 348
face 0.046361714601516724 385 312 408 348
face 0.04258376359939575 385 312 408 348
face 0.042347997426986694 385 312 408 348
face 0.040604591369628906 385 312 408 348
face 0.04003506898880005 385 312 408 348
face 0.03969457745552063 385 312 408 348
face 0.03839847445487976 385 312 408 348
face 0.03810608386993408 385 312 408 348
face 0.037804365158081055 385 312 408 348
face 0.03715449571609497 385 312 408 348
face 0.036642611026763916 385 312 408 348
face 0.03571304678916931 385 312 408 348
face 0.03528812527656555 385 312 408 348
face 0.033035099506378174 385 312 408 348
face 0.031156301498413086 385 312 408 348
face 0.030597180128097534 385 312 408 348
face 0.029313355684280396 385 312 408 348
face 0.028565049171447754 385 312 408 348
face 0.028360605239868164 385 312 408 348
face 0.028184562921524048 385 312 408 348
face 0.028119325637817383 385 312 408 348
face 0.02726122736930847 385 312 408 348
face 0.027230650186538696 385 312 408 348
face 0.02642938494682312 385 312 408 348
face 0.025886714458465576 385 312 408 348
face 0.02556663751602173 385 312 408 348
face 0.024776935577392578 385 312 408 348
face 0.024446934461593628 385 312 408 348
face 0.02412554621696472 385 312 408 348
face 0.024091631174087524 385 312 408 348
face 0.02398654818534851 385 312 408 348
face 0.02360016107559204 385 312 408 348
face 0.02343308925628662 385 312 408 348
face 0.022526532411575317 385 312 408 348
face 0.022252559661865234 385 312 408 348
face 0.021938323974609375 385 312 408 348
face 0.021580278873443604 385 312 408 348
face 0.02154463529586792 385 312 408 348
face 0.020997077226638794 385 312 408 348
face 0.020989060401916504 385 312 408 348
face 0.020724445581436157 385 312 408 348
face 0.02048403024673462 385 312 408 348
face 0.01960045099258423 385 312 408 348
face 0.01903003454208374 385 312 408 348
face 0.01902472972869873 385 312 408 348
face 0.01871773600578308 385 312 408 348
face 0.01851937174797058 385 312 408 348
face 0.01838323473930359 385 312 408 348
face 0.018278032541275024 385 312 408 348
face 0.018126696348190308 385 312 408 348
face 0.01801779866218567 385 312 408 348
face 0.017487138509750366 385 312 408 348
face 0.0174485445022583 385 312 408 348
