face 0.992324948310852 124 125 171 188
face 0.9682835340499878 727 159 760 222
face 0.9536106586456299 511 162 549 215
face 0.9531772136688232 429 173 481 244
face 0.9135127067565918 576 155 622 224
face 0.9116423726081848 300 133 340 190
face 0.8836970925331116 646 153 682 217
face 0.8803054094314575 834 146 858 191
face 0.8771923780441284 8 147 52 203
face 0.8354456424713135 202 135 245 186
face 0.8268932104110718 813 160 845 215
face 0.7763267755508423 940 174 967 218
face 0.554587185382843 914 146 944 197
face 0.48676827549934387 914 146 944 197
face 0.4680729806423187 914 146 944 197
face 0.36148637533187866 914 146 944 197
face 0.354292631149292 914 146 944 197
face 0.30509793758392334 914 146 944 197
face 0.2815195322036743 914 146 944 197
face 0.21600228548049927 914 146 944 197
face 0.19693666696548462 914 146 944 197
face 0.1831950545310974 914 146 944 197
face 0.10841238498687744 914 146 944 197
face 0.08617666363716125 914 146 944 197
face 0.08127951622009277 914 146 944 197
face 0.06730017066001892 914 146 944 197
face 0.054889142513275146 914 146 944 197
face 0.054553836584091187 914 146 944 197
face 0.052873075008392334 914 146 944 197
face 0.051675498485565186 914 146 944 197
face 0.04201894998550415 914 146 944 197
face 0.03854405879974365 914 146 944 197
face 0.035190463066101074 914 146 944 197
face 0.03260502219200134 914 146 944 197
face 0.031097829341888428 914 146 944 197
face 0.030244439840316772 914 146 944 197
face 0.030181527137756348 914 146 944 197
face 0.028084367513656616 914 146 944 197
face 0.025433063507080078 914 146 944 197
face 0.022482603788375854 914 146 944 197
face 0.022202134132385254 914 146 944 197
face 0.02208888530731201 914 146 944 197
face 0.021174073219299316 914 146 944 197
face 0.02116262912750244 914 146 944 197
face 0.020606279373168945 914 146 944 197
face 0.020137518644332886 914 146 944 197
face 0.01978364586830139 914 146 944 197
face 0.018534541130065918 914 146 944 197
face 0.01540309190750122 914 146 944 197
face 0.014590948820114136 914 146 944 197
face 0.013950705528259277 914 146 944 197
face 0.012638688087463379 914 146 944 197
face 0.012341797351837158 914 146 944 197
face 0.012210845947265625 914 146 944 197
face 0.01219072937965393 914 146 944 197
face 0.012138962745666504 914 146 944 197
face 0.012120097875595093 914 146 944 197
face 0.011999040842056274 914 146 944 197
face 0.011602312326431274 914 146 944 197
face 0.011202841997146606 914 146 944 197
face 0.011104792356491089 914 146 944 197
face 0.010888159275054932 914 146 944 197
face 0.010798513889312744 914 146 944 197
face 0.01024472713470459 914 146 944 197
face 0.00994873046875 914 146 944 197
face 0.009803354740142822 914 146 944 197
face 0.00961393117904663 914 146 944 197
face 0.009441792964935303 914 146 944 197
face 0.009395420551300049 914 146 944 197
face 0.00884181261062622 914 146 944 197
face 0.008680880069732666 914 146 944 197
face 0.008622616529464722 914 146 944 197
face 0.008450090885162354 914 146 944 197
face 0.008442074060440063 914 146 944 197
face 0.008354932069778442 914 146 944 197
face 0.00833633542060852 914 146 944 197
face 0.007995635271072388 914 146 944 197
face 0.007979154586791992 914 146 944 197
face 0.007796883583068848 914 146 944 197
face 0.00765720009803772 914 146 944 197
face 0.007638484239578247 914 146 944 197
face 0.007468372583389282 914 146 944 197
face 0.007375389337539673 914 146 944 197
face 0.007318347692489624 914 146 944 197
face 0.007273256778717041 914 146 944 197
face 0.007224917411804199 914 146 944 197
face 0.007141858339309692 914 146 944 197
face 0.006977975368499756 914 146 944 197
face 0.006926804780960083 914 146 944 197
face 0.006882011890411377 914 146 944 197
face 0.006629317998886108 914 146 944 197
face 0.006472587585449219 914 146 944 197
face 0.00637325644493103 914 146 944 197
face 0.006286978721618652 914 146 944 197
face 0.0062517523765563965 914 146 944 197
face 0.006251096725463867 914 146 944 197
face 0.006219238042831421 914 146 944 197
face 0.00620502233505249 914 146 944 197
face 0.006125926971435547 914 146 944 197
face 0.006088763475418091 914 146 944 197
