face 0.2540547847747803 607 1 628 27
face 0.23998436331748962 607 1 628 27
face 0.21682405471801758 607 1 628 27
face 0.20189973711967468 607 1 628 27
face 0.1681341528892517 607 1 628 27
face 0.14377829432487488 607 1 628 27
face 0.13058152794837952 607 1 628 27
face 0.12967994809150696 607 1 628 27
face 0.10815286636352539 607 1 628 27
face 0.09509345889091492 607 1 628 27
face 0.09200352430343628 607 1 628 27
face 0.09126386046409607 607 1 628 27
face 0.09054878354072571 607 1 628 27
face 0.08785104751586914 607 1 628 27
face 0.08705180883407593 607 1 628 27
face 0.08428037166595459 607 1 628 27
face 0.08158397674560547 607 1 628 27
face 0.07909917831420898 607 1 628 27
face 0.0765303373336792 607 1 628 27
face 0.07018885016441345 607 1 628 27
face 0.06873548030853271 607 1 628 27
face 0.06085008382797241 607 1 628 27
face 0.057124167680740356 607 1 628 27
face 0.05675742030143738 607 1 628 27
face 0.05526575446128845 607 1 628 27
face 0.050795525312423706 607 1 628 27
face 0.04725015163421631 607 1 628 27
face 0.04499545693397522 607 1 628 27
face 0.04499402642250061 607 1 628 27
face 0.04374229907989502 607 1 628 27
face 0.043382614850997925 607 1 628 27
face 0.04321324825286865 607 1 628 27
face 0.04310229420661926 607 1 628 27
face 0.04207757115364075 607 1 628 27
face 0.0415840744972229 607 1 628 27
face 0.0415228009223938 607 1 628 27
face 0.041078925132751465 607 1 628 27
face 0.03891676664352417 607 1 628 27
face 0.03886920213699341 607 1 628 27
face 0.03677225112915039 607 1 628 27
face 0.03642839193344116 607 1 628 27
face 0.036049216985702515 607 1 628 27
face 0.03572958707809448 607 1 628 27
face 0.03542810678482056 607 1 628 27
face 0.03403189778327942 607 1 628 27
face 0.03248748183250427 607 1 628 27
face 0.029208749532699585 607 1 628 27
face 0.02857193350791931 607 1 628 27
face 0.02853327989578247 607 1 628 27
face 0.02715444564819336 607 1 628 27
face 0.026939213275909424 607 1 628 27
face 0.026251018047332764 607 1 628 27
face 0.026238083839416504 607 1 628 27
face 0.025725603103637695 607 1 628 27
face 0.02526944875717163 607 1 628 27
face 0.025103837251663208 607 1 628 27
face 0.02427181601524353 607 1 628 27
face 0.02384379506111145 607 1 628 27
face 0.023640424013137817 607 1 628 27
face 0.02329164743423462 607 1 628 27
face 0.02320718765258789 607 1 628 27
face 0.02220284938812256 607 1 628 27
face 0.022201567888259888 607 1 628 27
face 0.02158704400062561 607 1 628 27
face 0.02155536413192749 607 1 628 27
face 0.021440476179122925 607 1 628 27
face 0.020788997411727905 607 1 628 27
face 0.020714610815048218 607 1 628 27
face 0.020427197217941284 607 1 628 27
face 0.019217610359191895 607 1 628 27
face 0.01884254813194275 607 1 628 27
face 0.01880684494972229 607 1 628 27
face 0.018546372652053833 607 1 628 27
face 0.01823359727859497 607 1 628 27
face 0.018064528703689575 607 1 628 27
face 0.01790010929107666 607 1 628 27
face 0.0177706778049469 607 1 628 27
face 0.01753118634223938 607 1 628 27
face 0.017425119876861572 607 1 628 27
face 0.017341017723083496 607 1 628 27
face 0.017297089099884033 607 1 628 27
face 0.017139434814453125 607 1 628 27
face 0.01713225245475769 607 1 628 27
face 0.01695755124092102 607 1 628 27
face 0.016122668981552124 607 1 628 27
face 0.015987515449523926 607 1 628 27
face 0.01566845178604126 607 1 628 27
face 0.015586763620376587 607 1 628 27
face 0.015314072370529175 607 1 628 27
face 0.015216797590255737 607 1 628 27
face 0.01510930061340332 607 1 628 27
face 0.015079468488693237 607 1 628 27
face 0.015066534280776978 607 1 628 27
face 0.014981746673583984 607 1 628 27
face 0.014900416135787964 607 1 628 27
face 0.014854848384857178 607 1 628 27
face 0.014465659856796265 607 1 628 27
face 0.014099597930908203 607 1 628 27
face 0.014039337635040283 607 1 628 27
face 0.013820797204971313 607 1 628 27
