face 0.999434232711792 607 174 642 222
face 0.9970272779464722 333 210 367 251
face 0.9961096048355103 935 154 967 198
face 0.9856822490692139 287 187 317 228
face 0.9841086864471436 569 173 601 219
face 0.978806734085083 108 189 148 236
face 0.9702978730201721 407 174 438 215
face 0.9319677352905273 5 187 35 228
face 0.8644566535949707 234 156 270 201
face 0.8154129981994629 504 159 538 203
face 0.7980121374130249 789 156 822 204
face 0.7705121636390686 851 170 881 213
face 0.7159492373466492 714 172 742 213
face 0.6722280979156494 850 351 876 386
face 0.6623294949531555 715 163 741 201
face 0.6216267943382263 404 162 430 197
face 0.5745050311088562 318 163 345 196
face 0.48433664441108704 318 163 345 196
face 0.4384118318557739 318 163 345 196
face 0.4135524034500122 318 163 345 196
face 0.40771013498306274 318 163 345 196
face 0.2917523682117462 318 163 345 196
face 0.2892274856567383 318 163 345 196
face 0.2719411849975586 318 163 345 196
face 0.2460249960422516 318 163 345 196
face 0.2403264343738556 318 163 345 196
face 0.21183720231056213 318 163 345 196
face 0.19141441583633423 318 163 345 196
face 0.17733371257781982 318 163 345 196
face 0.17118045687675476 318 163 345 196
face 0.16521862149238586 318 163 345 196
face 0.15642201900482178 318 163 345 196
face 0.1520630419254303 318 163 345 196
face 0.14507049322128296 318 163 345 196
face 0.14155185222625732 318 163 345 196
face 0.14094007015228271 318 163 345 196
face 0.1366707682609558 318 163 345 196
face 0.12082454562187195 318 163 345 196
face 0.11523005366325378 318 163 345 196
face 0.11327970027923584 318 163 345 196
face 0.11293560266494751 318 163 345 196
face 0.10916900634765625 318 163 345 196
face 0.10472643375396729 318 163 345 196
face 0.09976726770401001 318 163 345 196
face 0.09609591960906982 318 163 345 196
face 0.09271135926246643 318 163 345 196
face 0.08697685599327087 318 163 345 196
face 0.08658251166343689 318 163 345 196
face 0.08249631524085999 318 163 345 196
face 0.07709848880767822 318 163 345 196
face 0.07593375444412231 318 163 345 196
face 0.07293978333473206 318 163 345 196
face 0.06791037321090698 318 163 345 196
face 0.06594815850257874 318 163 345 196
face 0.06347644329071045 318 163 345 196
face 0.06317028403282166 318 163 345 196
face 0.06297045946121216 318 163 345 196
face 0.06201404333114624 318 163 345 196
face 0.06193047761917114 318 163 345 196
face 0.06022202968597412 318 163 345 196
face 0.05983614921569824 318 163 345 196
face 0.0590386688709259 318 163 345 196
face 0.053970158100128174 318 163 345 196
face 0.0528700053691864 318 163 345 196
face 0.052130699157714844 318 163 345 196
face 0.051743000745773315 318 163 345 196
face 0.05072891712188721 318 163 345 196
face 0.04781079292297363 318 163 345 196
face 0.04725047945976257 318 163 345 196
face 0.047189533710479736 318 163 345 196
face 0.04698696732521057 318 163 345 196
face 0.04649364948272705 318 163 345 196
face 0.04643815755844116 318 163 345 196
face 0.046111345291137695 318 163 345 196
face 0.04575008153915405 318 163 345 196
face 0.04261291027069092 318 163 345 196
face 0.042175114154815674 318 163 345 196
face 0.04186868667602539 318 163 345 196
face 0.0407029390335083 318 163 345 196
face 0.040262699127197266 318 163 345 196
face 0.03908708691596985 318 163 345 196
face 0.03875270485877991 318 163 345 196
face 0.03861302137374878 318 163 345 196
face 0.03736981749534607 318 163 345 196
face 0.03724318742752075 318 163 345 196
face 0.03646013140678406 318 163 345 196
face 0.034604668617248535 318 163 345 196
face 0.03427037596702576 318 163 345 196
face 0.03360259532928467 318 163 345 196
face 0.03273937106132507 318 163 345 196
face 0.032151490449905396 318 163 345 196
face 0.031957536935806274 318 163 345 196
face 0.03067868947982788 318 163 345 196
face 0.030336767435073853 318 163 345 196
face 0.030106574296951294 318 163 345 196
face 0.029930442571640015 318 163 345 196
face 0.02915629744529724 318 163 345 196
face 0.028989583253860474 318 163 345 196
face 0.028021275997161865 318 163 345 196
face 0.02798876166343689 318 163 345 196
