face 0.9541759490966797 176 209 296 335
face 0.8980981111526489 798 245 915 377
face 0.31757956743240356 798 245 915 377
face 0.31004682183265686 798 245 915 377
face 0.1634100377559662 798 245 915 377
face 0.10465285181999207 798 245 915 377
face 0.10450351238250732 798 245 915 377
face 0.0821351706981659 798 245 915 377
face 0.07777738571166992 798 245 915 377
face 0.06688284873962402 798 245 915 377
face 0.06412345170974731 798 245 915 377
face 0.0629052221775055 798 245 915 377
face 0.061330705881118774 798 245 915 377
face 0.05492231249809265 798 245 915 377
face 0.04918345808982849 798 245 915 377
face 0.04883107542991638 798 245 915 377
face 0.04384636878967285 798 245 915 377
face 0.04156088829040527 798 245 915 377
face 0.03805762529373169 798 245 915 377
face 0.03708833456039429 798 245 915 377
face 0.03670012950897217 798 245 915 377
face 0.035595327615737915 798 245 915 377
face 0.035216301679611206 798 245 915 377
face 0.03300568461418152 798 245 915 377
face 0.032439857721328735 798 245 915 377
face 0.029756367206573486 798 245 915 377
face 0.02849680185317993 798 245 915 377
face 0.02823007106781006 798 245 915 377
face 0.02708342671394348 798 245 915 377
face 0.02501538395881653 798 245 915 377
face 0.02362808585166931 798 245 915 377
face 0.023579835891723633 798 245 915 377
face 0.02346143126487732 798 245 915 377
face 0.02286580204963684 798 245 915 377
face 0.021526038646697998 798 245 915 377
face 0.021244704723358154 798 245 915 377
face 0.02052372694015503 798 245 915 377
face 0.019993245601654053 798 245 915 377
face 0.019965380430221558 798 245 915 377
face 0.01844814419746399 798 245 915 377
face 0.018355101346969604 798 245 915 377
face 0.01816430687904358 798 245 915 377
face 0.017671048641204834 798 245 915 377
face 0.01766929030418396 798 245 915 377
face 0.017498701810836792 798 245 915 377
face 0.016370296478271484 798 245 915 377
face 0.016275137662887573 798 245 915 377
face 0.0161094069480896 798 245 915 377
face 0.015739887952804565 798 245 915 377
face 0.015534430742263794 798 245 915 377
face 0.015291422605514526 798 245 915 377
face 0.015276938676834106 798 245 915 377
face 0.015228569507598877 798 245 915 377
face 0.015188276767730713 798 245 915 377
face 0.014977067708969116 798 245 915 377
face 0.014896810054779053 798 245 915 377
face 0.014590740203857422 798 245 915 377
face 0.014047801494598389 798 245 915 377
face 0.013754069805145264 798 245 915 377
face 0.013635724782943726 798 245 915 377
face 0.013526469469070435 798 245 915 377
face 0.013410419225692749 798 245 915 377
face 0.012818247079849243 798 245 915 377
face 0.01249435544013977 798 245 915 377
face 0.012099236249923706 798 245 915 377
face 0.012076973915100098 798 245 915 377
face 0.011961191892623901 798 245 915 377
face 0.011871933937072754 798 245 915 377
face 0.011847227811813354 798 245 915 377
face 0.011613786220550537 798 245 915 377
face 0.011461496353149414 798 245 915 377
face 0.011442065238952637 798 245 915 377
face 0.01141268014907837 798 245 915 377
face 0.01132732629776001 798 245 915 377
face 0.01094481348991394 798 245 915 377
face 0.01078382134437561 798 245 915 377
face 0.010777533054351807 798 245 915 377
face 0.010772734880447388 798 245 915 377
face 0.010745584964752197 798 245 915 377
face 0.010600268840789795 798 245 915 377
face 0.0105191171169281 798 245 915 377
face 0.010423511266708374 798 245 915 377
face 0.010344743728637695 798 245 915 377
face 0.010317862033843994 798 245 915 377
face 0.010219722986221313 798 245 915 377
face 0.010027557611465454 798 245 915 377
face 0.009928017854690552 798 245 915 377
face 0.0099010169506073 798 245 915 377
face 0.009245723485946655 798 245 915 377
face 0.009002000093460083 798 245 915 377
face 0.008721202611923218 798 245 915 377
face 0.008643388748168945 798 245 915 377
face 0.008574485778808594 798 245 915 377
face 0.008571982383728027 798 245 915 377
face 0.008569806814193726 798 245 915 377
face 0.0085354745388031 798 245 915 377
face 0.008491039276123047 798 245 915 377
face 0.008426398038864136 798 245 915 377
face 0.008367329835891724 798 245 915 377
face 0.008348464965820312 798 245 915 377
