face 0.7521753907203674 650 505 771 642
face 0.6614599227905273 885 475 913 512
face 0.5786014795303345 890 530 923 575
face 0.3420789837837219 890 530 923 575
face 0.19865885376930237 890 530 923 575
face 0.12934526801109314 890 530 923 575
face 0.08907139301300049 890 530 923 575
face 0.07954761385917664 890 530 923 575
face 0.07931503653526306 890 530 923 575
face 0.0771130919456482 890 530 923 575
face 0.07427409291267395 890 530 923 575
face 0.0649527907371521 890 530 923 575
face 0.06465241312980652 890 530 923 575
face 0.06080907583236694 890 530 923 575
face 0.05880668759346008 890 530 923 575
face 0.05557414889335632 890 530 923 575
face 0.054775238037109375 890 530 923 575
face 0.05029362440109253 890 530 923 575
face 0.04792577028274536 890 530 923 575
face 0.04471135139465332 890 530 923 575
face 0.04437458515167236 890 530 923 575
face 0.04116716980934143 890 530 923 575
face 0.03995311260223389 890 530 923 575
face 0.039398401975631714 890 530 923 575
face 0.03892090916633606 890 530 923 575
face 0.03820037841796875 890 530 923 575
face 0.037213653326034546 890 530 923 575
face 0.036351799964904785 890 530 923 575
face 0.03577914834022522 890 530 923 575
face 0.03568586707115173 890 530 923 575
face 0.03458517789840698 890 530 923 575
face 0.03345829248428345 890 530 923 575
face 0.03324174880981445 890 530 923 575
face 0.03161904215812683 890 530 923 575
face 0.031047970056533813 890 530 923 575
face 0.0307733416557312 890 530 923 575
face 0.029751896858215332 890 530 923 575
face 0.02938064932823181 890 530 923 575
face 0.029260575771331787 890 530 923 575
face 0.02873942255973816 890 530 923 575
face 0.02757883071899414 890 530 923 575
face 0.02756720781326294 890 530 923 575
face 0.027388781309127808 890 530 923 575
face 0.027338504791259766 890 530 923 575
face 0.027152180671691895 890 530 923 575
face 0.027138590812683105 890 530 923 575
face 0.026845693588256836 890 530 923 575
face 0.0267297625541687 890 530 923 575
face 0.026682674884796143 890 530 923 575
face 0.026625216007232666 890 530 923 575
face 0.026423156261444092 890 530 923 575
face 0.02640780806541443 890 530 923 575
face 0.025479495525360107 890 530 923 575
face 0.025461584329605103 890 530 923 575
face 0.024870723485946655 890 530 923 575
face 0.024853497743606567 890 530 923 575
face 0.02412360906600952 890 530 923 575
face 0.023930758237838745 890 530 923 575
face 0.02320951223373413 890 530 923 575
face 0.023122310638427734 890 530 923 575
face 0.02294856309890747 890 530 923 575
face 0.02275910973548889 890 530 923 575
face 0.02223658561706543 890 530 923 575
face 0.02200770378112793 890 530 923 575
face 0.021899789571762085 890 530 923 575
face 0.021866261959075928 890 530 923 575
face 0.021834880113601685 890 530 923 575
face 0.02155160903930664 890 530 923 575
face 0.021375983953475952 890 530 923 575
face 0.021039068698883057 890 530 923 575
face 0.020890355110168457 890 530 923 575
face 0.02016294002532959 890 530 923 575
face 0.02013757824897766 890 530 923 575
face 0.020115435123443604 890 530 923 575
face 0.019731998443603516 890 530 923 575
face 0.01969122886657715 890 530 923 575
face 0.019683510065078735 890 530 923 575
face 0.019501954317092896 890 530 923 575
face 0.019426017999649048 890 530 923 575
face 0.018933475017547607 890 530 923 575
face 0.018894821405410767 890 530 923 575
face 0.018869400024414062 890 530 923 575
face 0.018326878547668457 890 530 923 575
face 0.018167734146118164 890 530 923 575
face 0.01812073588371277 890 530 923 575
face 0.01796463131904602 890 530 923 575
face 0.017957955598831177 890 530 923 575
face 0.01729482412338257 890 530 923 575
face 0.01701459288597107 890 530 923 575
face 0.016564100980758667 890 530 923 575
face 0.01608443260192871 890 530 923 575
face 0.015961676836013794 890 530 923 575
face 0.01584109663963318 890 530 923 575
face 0.015819191932678223 890 530 923 575
face 0.015612572431564331 890 530 923 575
face 0.015319138765335083 890 530 923 575
face 0.015162795782089233 890 530 923 575
face 0.015000909566879272 890 530 923 575
face 0.014847725629806519 890 530 923 575
face 0.014555424451828003 890 530 923 575
