face 0.9994161128997803 621 452 639 478
face 0.9956499338150024 94 249 114 278
face 0.9953781366348267 65 332 85 361
face 0.9948276281356812 230 253 249 285
face 0.9946948289871216 232 417 254 447
face 0.9946483373641968 499 444 521 471
face 0.9920520782470703 75 441 95 471
face 0.9900645017623901 138 295 157 324
face 0.9893590211868286 239 302 259 333
face 0.989349365234375 146 376 167 406
face 0.9886003732681274 302 322 321 354
face 0.9873009920120239 78 286 98 315
face 0.9869946241378784 363 340 383 369
face 0.9858508110046387 173 444 195 474
face 0.9820197820663452 764 414 783 440
face 0.978681206703186 187 300 205 329
face 0.9769303798675537 262 199 282 233
face 0.9734333753585815 301 254 319 284
face 0.9723104238510132 11 346 32 375
face 0.9709539413452148 422 411 444 439
face 0.9691798686981201 356 382 376 409
face 0.9662197828292847 524 389 543 415
face 0.9621820449829102 446 296 466 325
face 0.9524762630462646 373 295 390 323
face 0.9522020816802979 13 450 31 481
face 0.9490370154380798 308 428 329 455
face 0.9485524892807007 16 258 35 288
face 0.9446161985397339 175 258 194 287
face 0.936822772026062 367 429 388 457
face 0.9196313619613647 437 449 462 479
face 0.917870044708252 914 423 934 451
face 0.9153803586959839 180 215 198 242
face 0.9092860221862793 399 373 417 399
face 0.8911888599395752 130 425 149 452
face 0.8715176582336426 237 369 258 398
face 0.8572626113891602 176 325 196 355
face 0.8568567037582397 81 382 101 408
face 0.8139959573745728 863 444 882 470
face 0.7959448099136353 19 302 38 330
face 0.7778030633926392 67 431 85 457
face 0.7575554847717285 482 375 500 402
face 0.6643663644790649 472 400 492 427
face 0.6631253957748413 337 197 355 229
face 0.6263572573661804 400 462 422 489
face 0.5725032091140747 278 391 299 418
face 0.5226263403892517 160 324 180 353
face 0.4990927577018738 160 324 180 353
face 0.47045862674713135 160 324 180 353
face 0.46956923604011536 160 324 180 353
face 0.4095810055732727 160 324 180 353
face 0.38432449102401733 160 324 180 353
face 0.33989185094833374 160 324 180 353
face 0.3381454050540924 160 324 180 353
face 0.31366172432899475 160 324 180 353
face 0.3055817484855652 160 324 180 353
face 0.27538520097732544 160 324 180 353
face 0.23175758123397827 160 324 180 353
face 0.21723994612693787 160 324 180 353
face 0.20312803983688354 160 324 180 353
face 0.18984121084213257 160 324 180 353
face 0.18413615226745605 160 324 180 353
face 0.1766093671321869 160 324 180 353
face 0.15605482459068298 160 324 180 353
face 0.13227492570877075 160 324 180 353
face 0.1057436466217041 160 324 180 353
face 0.09623408317565918 160 324 180 353
face 0.08368635177612305 160 324 180 353
face 0.08179709315299988 160 324 180 353
face 0.08112221956253052 160 324 180 353
face 0.06019774079322815 160 324 180 353
face 0.05844584107398987 160 324 180 353
face 0.05765485763549805 160 324 180 353
face 0.056915462017059326 160 324 180 353
face 0.051407068967819214 160 324 180 353
face 0.050061196088790894 160 324 180 353
face 0.04765444993972778 160 324 180 353
face 0.04555979371070862 160 324 180 353
face 0.03784513473510742 160 324 180 353
face 0.03774857521057129 160 324 180 353
face 0.02981129288673401 160 324 180 353
face 0.029535144567489624 160 324 180 353
face 0.024364978075027466 160 324 180 353
face 0.023959606885910034 160 324 180 353
face 0.02296280860900879 160 324 180 353
face 0.021117597818374634 160 324 180 353
face 0.019397586584091187 160 324 180 353
face 0.019200503826141357 160 324 180 353
face 0.01877051591873169 160 324 180 353
face 0.01850283145904541 160 324 180 353
face 0.017764657735824585 160 324 180 353
face 0.017519503831863403 160 324 180 353
face 0.01713031530380249 160 324 180 353
face 0.01464766263961792 160 324 180 353
face 0.014181315898895264 160 324 180 353
face 0.014110833406448364 160 324 180 353
face 0.01409795880317688 160 324 180 353
face 0.013254165649414062 160 324 180 353
face 0.012691766023635864 160 324 180 353
face 0.012591838836669922 160 324 180 353
face 0.011520981788635254 160 324 180 353
