face 0.991470456123352 399 184 669 485
face 0.5653989911079407 65 25 212 190
face 0.227213054895401 65 25 212 190
face 0.17754057049751282 65 25 212 190
face 0.08414161205291748 65 25 212 190
face 0.06359270215034485 65 25 212 190
face 0.061660319566726685 65 25 212 190
face 0.04647332429885864 65 25 212 190
face 0.04143869876861572 65 25 212 190
face 0.03971368074417114 65 25 212 190
face 0.03828650712966919 65 25 212 190
face 0.03678625822067261 65 25 212 190
face 0.036081016063690186 65 25 212 190
face 0.0355149507522583 65 25 212 190
face 0.034706324338912964 65 25 212 190
face 0.034208834171295166 65 25 212 190
face 0.033562660217285156 65 25 212 190
face 0.033321380615234375 65 25 212 190
face 0.03240412473678589 65 25 212 190
face 0.032024770975112915 65 25 212 190
face 0.03134596347808838 65 25 212 190
face 0.02841988205909729 65 25 212 190
face 0.028061777353286743 65 25 212 190
face 0.02744579315185547 65 25 212 190
face 0.025095492601394653 65 25 212 190
face 0.024709969758987427 65 25 212 190
face 0.0239504873752594 65 25 212 190
face 0.023603081703186035 65 25 212 190
face 0.023374110460281372 65 25 212 190
face 0.023366183042526245 65 25 212 190
face 0.02320486307144165 65 25 212 190
face 0.023001372814178467 65 25 212 190
face 0.021533489227294922 65 25 212 190
face 0.021492987871170044 65 25 212 190
face 0.020684778690338135 65 25 212 190
face 0.02054348587989807 65 25 212 190
face 0.020289242267608643 65 25 212 190
face 0.019052326679229736 65 25 212 190
face 0.01901206374168396 65 25 212 190
face 0.018972396850585938 65 25 212 190
face 0.018317729234695435 65 25 212 190
face 0.017983317375183105 65 25 212 190
face 0.01792803406715393 65 25 212 190
face 0.01790863275527954 65 25 212 190
face 0.01722666621208191 65 25 212 190
face 0.01710909605026245 65 25 212 190
face 0.01707780361175537 65 25 212 190
face 0.016546159982681274 65 25 212 190
face 0.01641753315925598 65 25 212 190
face 0.016356587409973145 65 25 212 190
face 0.01623481512069702 65 25 212 190
face 0.016148358583450317 65 25 212 190
face 0.016062557697296143 65 25 212 190
face 0.01582235097885132 65 25 212 190
face 0.015500098466873169 65 25 212 190
face 0.015378177165985107 65 25 212 190
face 0.014943540096282959 65 25 212 190
face 0.014716118574142456 65 25 212 190
face 0.014533966779708862 65 25 212 190
face 0.014367640018463135 65 25 212 190
face 0.014139920473098755 65 25 212 190
face 0.014078289270401001 65 25 212 190
face 0.013885736465454102 65 25 212 190
face 0.013734161853790283 65 25 212 190
face 0.013517111539840698 65 25 212 190
face 0.013424098491668701 65 25 212 190
face 0.01303929090499878 65 25 212 190
face 0.012710213661193848 65 25 212 190
face 0.012633591890335083 65 25 212 190
face 0.012094736099243164 65 25 212 190
face 0.012071549892425537 65 25 212 190
face 0.012048155069351196 65 25 212 190
face 0.011990517377853394 65 25 212 190
face 0.011713266372680664 65 25 212 190
face 0.011052638292312622 65 25 212 190
face 0.011051923036575317 65 25 212 190
face 0.011042207479476929 65 25 212 190
face 0.010826736688613892 65 25 212 190
face 0.010571509599685669 65 25 212 190
face 0.010462641716003418 65 25 212 190
face 0.01037868857383728 65 25 212 190
face 0.010154813528060913 65 25 212 190
face 0.010153383016586304 65 25 212 190
face 0.009982764720916748 65 25 212 190
face 0.009916365146636963 65 25 212 190
face 0.00984114408493042 65 25 212 190
face 0.009802192449569702 65 25 212 190
face 0.009720206260681152 65 25 212 190
face 0.009616881608963013 65 25 212 190
face 0.009521722793579102 65 25 212 190
face 0.009419381618499756 65 25 212 190
face 0.009293675422668457 65 25 212 190
face 0.00925096869468689 65 25 212 190
face 0.009147197008132935 65 25 212 190
face 0.009025871753692627 65 25 212 190
face 0.009016662836074829 65 25 212 190
face 0.008981317281723022 65 25 212 190
face 0.00888034701347351 65 25 212 190
face 0.008848994970321655 65 25 212 190
face 0.008656829595565796 65 25 212 190
