face 0.9912537336349487 56 416 105 472
face 0.9845200777053833 542 441 576 479
face 0.9655745029449463 727 77 804 159
face 0.9628521203994751 648 455 685 491
face 0.8801554441452026 432 449 466 481
face 0.8448043465614319 313 440 355 489
face 0.6455879211425781 588 494 641 550
face 0.634840190410614 4 411 32 448
face 0.5107472538948059 413 455 439 482
face 0.46338605880737305 413 455 439 482
face 0.46192169189453125 413 455 439 482
face 0.3972277343273163 413 455 439 482
face 0.34201517701148987 413 455 439 482
face 0.2879834771156311 413 455 439 482
face 0.2604450583457947 413 455 439 482
face 0.25044241547584534 413 455 439 482
face 0.2396869659423828 413 455 439 482
face 0.23435351252555847 413 455 439 482
face 0.19945865869522095 413 455 439 482
face 0.17114931344985962 413 455 439 482
face 0.16497722268104553 413 455 439 482
face 0.15212932229042053 413 455 439 482
face 0.15072444081306458 413 455 439 482
face 0.1369481086730957 413 455 439 482
face 0.1251763105392456 413 455 439 482
face 0.11101695895195007 413 455 439 482
face 0.1095552146434784 413 455 439 482
face 0.1094355583190918 413 455 439 482
face 0.10364452004432678 413 455 439 482
face 0.1020551323890686 413 455 439 482
face 0.10201910138130188 413 455 439 482
face 0.09718090295791626 413 455 439 482
face 0.09106343984603882 413 455 439 482
face 0.08742493391036987 413 455 439 482
face 0.08383285999298096 413 455 439 482
face 0.07541128993034363 413 455 439 482
face 0.07217845320701599 413 455 439 482
face 0.06920671463012695 413 455 439 482
face 0.06558415293693542 413 455 439 482
face 0.06521791219711304 413 455 439 482
face 0.05947160720825195 413 455 439 482
face 0.05811077356338501 413 455 439 482
face 0.05785948038101196 413 455 439 482
face 0.056418031454086304 413 455 439 482
face 0.05585181713104248 413 455 439 482
face 0.0554557740688324 413 455 439 482
face 0.05423644185066223 413 455 439 482
face 0.05266857147216797 413 455 439 482
face 0.05246657133102417 413 455 439 482
face 0.05229523777961731 413 455 439 482
face 0.05194127559661865 413 455 439 482
face 0.05139628052711487 413 455 439 482
face 0.04988759756088257 413 455 439 482
face 0.04837343096733093 413 455 439 482
face 0.047465384006500244 413 455 439 482
face 0.04533025622367859 413 455 439 482
face 0.04414525628089905 413 455 439 482
face 0.04361659288406372 413 455 439 482
face 0.04258736968040466 413 455 439 482
face 0.04243826866149902 413 455 439 482
face 0.04118913412094116 413 455 439 482
face 0.04091799259185791 413 455 439 482
face 0.04058098793029785 413 455 439 482
face 0.03912705183029175 413 455 439 482
face 0.03702905774116516 413 455 439 482
face 0.03702014684677124 413 455 439 482
face 0.03672650456428528 413 455 439 482
face 0.036506474018096924 413 455 439 482
face 0.036143213510513306 413 455 439 482
face 0.03558969497680664 413 455 439 482
face 0.03484994173049927 413 455 439 482
face 0.034761637449264526 413 455 439 482
face 0.034286826848983765 413 455 439 482
face 0.03419768810272217 413 455 439 482
face 0.03296571969985962 413 455 439 482
face 0.032493263483047485 413 455 439 482
face 0.0321316123008728 413 455 439 482
face 0.03050479292869568 413 455 439 482
face 0.03020918369293213 413 455 439 482
face 0.03003641963005066 413 455 439 482
face 0.030005425214767456 413 455 439 482
face 0.029994338750839233 413 455 439 482
face 0.029992759227752686 413 455 439 482
face 0.029142111539840698 413 455 439 482
face 0.02900075912475586 413 455 439 482
face 0.028805702924728394 413 455 439 482
face 0.028800606727600098 413 455 439 482
face 0.028710871934890747 413 455 439 482
face 0.0283985435962677 413 455 439 482
face 0.027956783771514893 413 455 439 482
face 0.02788364887237549 413 455 439 482
face 0.027062535285949707 413 455 439 482
face 0.025524765253067017 413 455 439 482
face 0.02528005838394165 413 455 439 482
face 0.02517569065093994 413 455 439 482
face 0.02426934242248535 413 455 439 482
face 0.02423703670501709 413 455 439 482
face 0.022898226976394653 413 455 439 482
face 0.022253811359405518 413 455 439 482
face 0.021467208862304688 413 455 439 482
