face 0.9897016286849976 793 424 825 466
face 0.9821735620498657 926 368 958 404
face 0.9719011783599854 823 395 847 427
face 0.9049860239028931 846 367 863 388
face 0.8749243021011353 337 540 364 590
face 0.8517202734947205 67 448 87 472
face 0.8309429883956909 62 512 95 548
face 0.8106505870819092 640 488 676 536
face 0.8032041192054749 617 490 645 531
face 0.7793756723403931 925 510 959 554
face 0.7774521708488464 185 376 203 396
face 0.7506846785545349 887 363 906 386
face 0.7217416167259216 736 366 749 385
face 0.6325867176055908 403 492 427 530
face 0.5939658880233765 999 371 1018 398
face 0.5907057523727417 149 375 166 395
face 0.5841287970542908 181 554 227 612
face 0.5838555097579956 51 403 65 420
face 0.565640926361084 807 359 821 379
face 0.5486340522766113 727 403 745 430
face 0.5358312726020813 884 564 935 615
face 0.4556085765361786 884 564 935 615
face 0.443462997674942 884 564 935 615
face 0.4291423559188843 884 564 935 615
face 0.3924694061279297 884 564 935 615
face 0.35244691371917725 884 564 935 615
face 0.3308020234107971 884 564 935 615
face 0.32906442880630493 884 564 935 615
face 0.2869377136230469 884 564 935 615
face 0.28599292039871216 884 564 935 615
face 0.2723013162612915 884 564 935 615
face 0.2718989849090576 884 564 935 615
face 0.26333087682724 884 564 935 615
face 0.22937136888504028 884 564 935 615
face 0.22228264808654785 884 564 935 615
face 0.20656952261924744 884 564 935 615
face 0.18799716234207153 884 564 935 615
face 0.17170315980911255 884 564 935 615
face 0.16380983591079712 884 564 935 615
face 0.15836289525032043 884 564 935 615
face 0.1577414572238922 884 564 935 615
face 0.1498781144618988 884 564 935 615
face 0.1415429413318634 884 564 935 615
face 0.1380767822265625 884 564 935 615
face 0.13679179549217224 884 564 935 615
face 0.1289099156856537 884 564 935 615
face 0.12518519163131714 884 564 935 615
face 0.12396436929702759 884 564 935 615
face 0.12387371063232422 884 564 935 615
face 0.12386372685432434 884 564 935 615
face 0.12065422534942627 884 564 935 615
face 0.10952439904212952 884 564 935 615
face 0.10711154341697693 884 564 935 615
face 0.10289615392684937 884 564 935 615
face 0.10145449638366699 884 564 935 615
face 0.10020533204078674 884 564 935 615
face 0.0988706648349762 884 564 935 615
face 0.09609606862068176 884 564 935 615
face 0.0948885977268219 884 564 935 615
face 0.08747872710227966 884 564 935 615
face 0.08362773060798645 884 564 935 615
face 0.08158433437347412 884 564 935 615
face 0.07362711429595947 884 564 935 615
face 0.07046443223953247 884 564 935 615
face 0.06978076696395874 884 564 935 615
face 0.06270524859428406 884 564 935 615
face 0.05485990643501282 884 564 935 615
face 0.054492801427841187 884 564 935 615
face 0.0530988872051239 884 564 935 615
face 0.05139803886413574 884 564 935 615
face 0.05047142505645752 884 564 935 615
face 0.04882693290710449 884 564 935 615
face 0.04576188325881958 884 564 935 615
face 0.04571050405502319 884 564 935 615
face 0.045370638370513916 884 564 935 615
face 0.04375776648521423 884 564 935 615
face 0.04292327165603638 884 564 935 615
face 0.04234379529953003 884 564 935 615
face 0.03922957181930542 884 564 935 615
face 0.03716251254081726 884 564 935 615
face 0.03696662187576294 884 564 935 615
face 0.03633469343185425 884 564 935 615
face 0.03470104932785034 884 564 935 615
face 0.03395143151283264 884 564 935 615
face 0.03368934988975525 884 564 935 615
face 0.03355833888053894 884 564 935 615
face 0.031529754400253296 884 564 935 615
face 0.03111809492111206 884 564 935 615
face 0.030082017183303833 884 564 935 615
face 0.02986609935760498 884 564 935 615
face 0.029326140880584717 884 564 935 615
face 0.02893519401550293 884 564 935 615
face 0.027710020542144775 884 564 935 615
face 0.025694698095321655 884 564 935 615
face 0.02446967363357544 884 564 935 615
face 0.024438142776489258 884 564 935 615
face 0.02392825484275818 884 564 935 615
face 0.02365976572036743 884 564 935 615
face 0.02350705862045288 884 564 935 615
face 0.02328595519065857 884 564 935 615
