face 0.9578854441642761 170 162 329 349
face 0.0450822114944458 170 162 329 349
face 0.04122799634933472 170 162 329 349
face 0.03749611973762512 170 162 329 349
face 0.037221431732177734 170 162 329 349
face 0.035438209772109985 170 162 329 349
face 0.03511035442352295 170 162 329 349
face 0.03364729881286621 170 162 329 349
face 0.032888710498809814 170 162 329 349
face 0.03268897533416748 170 162 329 349
face 0.03261634707450867 170 162 329 349
face 0.03225821256637573 170 162 329 349
face 0.03190970420837402 170 162 329 349
face 0.03172221779823303 170 162 329 349
face 0.031391441822052 170 162 329 349
face 0.03132924437522888 170 162 329 349
face 0.030664920806884766 170 162 329 349
face 0.029823213815689087 170 162 329 349
face 0.029305219650268555 170 162 329 349
face 0.02839723229408264 170 162 329 349
face 0.028360098600387573 170 162 329 349
face 0.02826625108718872 170 162 329 349
face 0.02813759446144104 170 162 329 349
face 0.027507096529006958 170 162 329 349
face 0.02727675437927246 170 162 329 349
face 0.027255386114120483 170 162 329 349
face 0.027224421501159668 170 162 329 349
face 0.027020305395126343 170 162 329 349
face 0.02675589919090271 170 162 329 349
face 0.02674049139022827 170 162 329 349
face 0.02661222219467163 170 162 329 349
face 0.026140689849853516 170 162 329 349
face 0.02575954794883728 170 162 329 349
face 0.025709480047225952 170 162 329 349
face 0.02563992142677307 170 162 329 349
face 0.02515733242034912 170 162 329 349
face 0.02514791488647461 170 162 329 349
face 0.024722933769226074 170 162 329 349
face 0.024606019258499146 170 162 329 349
face 0.024588078260421753 170 162 329 349
face 0.02457726001739502 170 162 329 349
face 0.02435573935508728 170 162 329 349
face 0.02369391918182373 170 162 329 349
face 0.02330648899078369 170 162 329 349
face 0.023014307022094727 170 162 329 349
face 0.022803395986557007 170 162 329 349
face 0.022759348154067993 170 162 329 349
face 0.022693097591400146 170 162 329 349
face 0.02267611026763916 170 162 329 349
face 0.022363662719726562 170 162 329 349
face 0.022351205348968506 170 162 329 349
face 0.022274523973464966 170 162 329 349
face 0.021713465452194214 170 162 329 349
face 0.021265864372253418 170 162 329 349
face 0.021200597286224365 170 162 329 349
face 0.020841866731643677 170 162 329 349
face 0.020729035139083862 170 162 329 349
face 0.020681291818618774 170 162 329 349
face 0.020605653524398804 170 162 329 349
face 0.020378410816192627 170 162 329 349
face 0.020305484533309937 170 162 329 349
face 0.02011287212371826 170 162 329 349
face 0.019964396953582764 170 162 329 349
face 0.019509613513946533 170 162 329 349
face 0.019504934549331665 170 162 329 349
face 0.01939639449119568 170 162 329 349
face 0.019335418939590454 170 162 329 349
face 0.019263237714767456 170 162 329 349
face 0.019034087657928467 170 162 329 349
face 0.01880207657814026 170 162 329 349
face 0.018797874450683594 170 162 329 349
face 0.018697351217269897 170 162 329 349
face 0.018464505672454834 170 162 329 349
face 0.018373310565948486 170 162 329 349
face 0.018361061811447144 170 162 329 349
face 0.018198072910308838 170 162 329 349
face 0.01815032958984375 170 162 329 349
face 0.017877042293548584 170 162 329 349
face 0.01782393455505371 170 162 329 349
face 0.01770251989364624 170 162 329 349
face 0.017685681581497192 170 162 329 349
face 0.017667263746261597 170 162 329 349
face 0.017584413290023804 170 162 329 349
face 0.017517417669296265 170 162 329 349
face 0.017516285181045532 170 162 329 349
face 0.017464637756347656 170 162 329 349
face 0.017447471618652344 170 162 329 349
face 0.01744365692138672 170 162 329 349
face 0.017352551221847534 170 162 329 349
face 0.017241239547729492 170 162 329 349
face 0.017175912857055664 170 162 329 349
face 0.017168015241622925 170 162 329 349
face 0.017162322998046875 170 162 329 349
face 0.017058134078979492 170 162 329 349
face 0.016837090253829956 170 162 329 349
face 0.016812026500701904 170 162 329 349
face 0.016781926155090332 170 162 329 349
face 0.01665380597114563 170 162 329 349
face 0.01657739281654358 170 162 329 349
face 0.01651221513748169 170 162 329 349
