face 0.9718908071517944 422 647 735 999
face 0.5657733678817749 1 895 161 1163
face 0.06458151340484619 1 895 161 1163
face 0.053475797176361084 1 895 161 1163
face 0.048916399478912354 1 895 161 1163
face 0.04069218039512634 1 895 161 1163
face 0.031774669885635376 1 895 161 1163
face 0.030164867639541626 1 895 161 1163
face 0.028014004230499268 1 895 161 1163
face 0.026037096977233887 1 895 161 1163
face 0.026020467281341553 1 895 161 1163
face 0.02520841360092163 1 895 161 1163
face 0.024885177612304688 1 895 161 1163
face 0.022307008504867554 1 895 161 1163
face 0.02075725793838501 1 895 161 1163
face 0.02072998881340027 1 895 161 1163
face 0.02063220739364624 1 895 161 1163
face 0.01876920461654663 1 895 161 1163
face 0.017506331205368042 1 895 161 1163
face 0.017352283000946045 1 895 161 1163
face 0.016543477773666382 1 895 161 1163
face 0.016531318426132202 1 895 161 1163
face 0.015881270170211792 1 895 161 1163
face 0.01578688621520996 1 895 161 1163
face 0.015169322490692139 1 895 161 1163
face 0.014582455158233643 1 895 161 1163
face 0.014476090669631958 1 895 161 1163
face 0.014330416917800903 1 895 161 1163
face 0.013341158628463745 1 895 161 1163
face 0.013191431760787964 1 895 161 1163
face 0.013140469789505005 1 895 161 1163
face 0.012933403253555298 1 895 161 1163
face 0.012456059455871582 1 895 161 1163
face 0.012376517057418823 1 895 161 1163
face 0.011797219514846802 1 895 161 1163
face 0.01176789402961731 1 895 161 1163
face 0.011516064405441284 1 895 161 1163
face 0.011285722255706787 1 895 161 1163
face 0.010970264673233032 1 895 161 1163
face 0.010406523942947388 1 895 161 1163
face 0.010377496480941772 1 895 161 1163
face 0.010340452194213867 1 895 161 1163
face 0.009723186492919922 1 895 161 1163
face 0.009652793407440186 1 895 161 1163
face 0.009375989437103271 1 895 161 1163
face 0.00917235016822815 1 895 161 1163
face 0.009117156267166138 1 895 161 1163
face 0.00908750295639038 1 895 161 1163
face 0.009074777364730835 1 895 161 1163
face 0.008485138416290283 1 895 161 1163
face 0.00817212462425232 1 895 161 1163
face 0.008094459772109985 1 895 161 1163
face 0.008076101541519165 1 895 161 1163
face 0.0077731311321258545 1 895 161 1163
face 0.007757902145385742 1 895 161 1163
face 0.007595926523208618 1 895 161 1163
face 0.0075820088386535645 1 895 161 1163
face 0.00736236572265625 1 895 161 1163
face 0.007343381643295288 1 895 161 1163
face 0.007269144058227539 1 895 161 1163
face 0.007198214530944824 1 895 161 1163
face 0.007096916437149048 1 895 161 1163
face 0.007081449031829834 1 895 161 1163
face 0.007037848234176636 1 895 161 1163
face 0.006966441869735718 1 895 161 1163
face 0.006945610046386719 1 895 161 1163
face 0.006887674331665039 1 895 161 1163
face 0.006886214017868042 1 895 161 1163
face 0.0068815648555755615 1 895 161 1163
face 0.006868183612823486 1 895 161 1163
face 0.0067993104457855225 1 895 161 1163
face 0.006787419319152832 1 895 161 1163
face 0.006771266460418701 1 895 161 1163
face 0.00673675537109375 1 895 161 1163
face 0.006704956293106079 1 895 161 1163
face 0.0066973865032196045 1 895 161 1163
face 0.006650060415267944 1 895 161 1163
face 0.00663149356842041 1 895 161 1163
face 0.006608128547668457 1 895 161 1163
face 0.006582975387573242 1 895 161 1163
face 0.00655895471572876 1 895 161 1163
face 0.006394118070602417 1 895 161 1163
face 0.00637972354888916 1 895 161 1163
face 0.0063700079917907715 1 895 161 1163
face 0.00634312629699707 1 895 161 1163
face 0.006333261728286743 1 895 161 1163
face 0.006315737962722778 1 895 161 1163
face 0.006253540515899658 1 895 161 1163
face 0.006224215030670166 1 895 161 1163
face 0.0061692893505096436 1 895 161 1163
face 0.00614890456199646 1 895 161 1163
face 0.006148427724838257 1 895 161 1163
face 0.006142169237136841 1 895 161 1163
face 0.005977541208267212 1 895 161 1163
face 0.005967259407043457 1 895 161 1163
face 0.005915224552154541 1 895 161 1163
face 0.005863785743713379 1 895 161 1163
face 0.005848526954650879 1 895 161 1163
face 0.005834907293319702 1 895 161 1163
face 0.005775928497314453 1 895 161 1163
