face 0.8567317724227905 381 212 449 318
face 0.6660754084587097 935 361 976 439
face 0.6024332046508789 604 183 687 299
face 0.3256457448005676 604 183 687 299
face 0.18247076869010925 604 183 687 299
face 0.15060076117515564 604 183 687 299
face 0.06539449095726013 604 183 687 299
face 0.052722007036209106 604 183 687 299
face 0.051495105028152466 604 183 687 299
face 0.026697278022766113 604 183 687 299
face 0.025560975074768066 604 183 687 299
face 0.02391684055328369 604 183 687 299
face 0.02142062783241272 604 183 687 299
face 0.020371705293655396 604 183 687 299
face 0.019019275903701782 604 183 687 299
face 0.01805788278579712 604 183 687 299
face 0.017810732126235962 604 183 687 299
face 0.017671167850494385 604 183 687 299
face 0.01699802279472351 604 183 687 299
face 0.016908973455429077 604 183 687 299
face 0.016631484031677246 604 183 687 299
face 0.015963733196258545 604 183 687 299
face 0.015552431344985962 604 183 687 299
face 0.014880657196044922 604 183 687 299
face 0.014412939548492432 604 183 687 299
face 0.013403207063674927 604 183 687 299
face 0.013311058282852173 604 183 687 299
face 0.012534171342849731 604 183 687 299
face 0.012352406978607178 604 183 687 299
face 0.01231318712234497 604 183 687 299
face 0.0120621919631958 604 183 687 299
face 0.011703252792358398 604 183 687 299
face 0.011090010404586792 604 183 687 299
face 0.01093590259552002 604 183 687 299
face 0.01075795292854309 604 183 687 299
face 0.010699242353439331 604 183 687 299
face 0.010664939880371094 604 183 687 299
face 0.01054432988166809 604 183 687 299
face 0.010477662086486816 604 183 687 299
face 0.0104123055934906 604 183 687 299
face 0.01030057668685913 604 183 687 299
face 0.01025313138961792 604 183 687 299
face 0.010169148445129395 604 183 687 299
face 0.010094493627548218 604 183 687 299
face 0.010045230388641357 604 183 687 299
face 0.010039955377578735 604 183 687 299
face 0.00929337739944458 604 183 687 299
face 0.009254366159439087 604 183 687 299
face 0.009136676788330078 604 183 687 299
face 0.009039640426635742 604 183 687 299
face 0.009024351835250854 604 183 687 299
face 0.00884014368057251 604 183 687 299
face 0.008797824382781982 604 183 687 299
face 0.00869867205619812 604 183 687 299
face 0.008586853742599487 604 183 687 299
face 0.00844186544418335 604 183 687 299
face 0.008333086967468262 604 183 687 299
face 0.008311986923217773 604 183 687 299
face 0.008181154727935791 604 183 687 299
face 0.008082747459411621 604 183 687 299
face 0.008057057857513428 604 183 687 299
face 0.008014023303985596 604 183 687 299
face 0.007941871881484985 604 183 687 299
face 0.007914185523986816 604 183 687 299
face 0.00787729024887085 604 183 687 299
face 0.007865548133850098 604 183 687 299
face 0.007628649473190308 604 183 687 299
face 0.00749051570892334 604 183 687 299
face 0.0074665844440460205 604 183 687 299
face 0.007465988397598267 604 183 687 299
face 0.007430821657180786 604 183 687 299
face 0.007377922534942627 604 183 687 299
face 0.007321864366531372 604 183 687 299
face 0.007317572832107544 604 183 687 299
face 0.007305949926376343 604 183 687 299
face 0.0072515010833740234 604 183 687 299
face 0.007194846868515015 604 183 687 299
face 0.007146477699279785 604 183 687 299
face 0.007090121507644653 604 183 687 299
face 0.007022172212600708 604 183 687 299
face 0.006872832775115967 604 183 687 299
face 0.006831705570220947 604 183 687 299
face 0.006805866956710815 604 183 687 299
face 0.006772547960281372 604 183 687 299
face 0.0067691802978515625 604 183 687 299
face 0.006749957799911499 604 183 687 299
face 0.006692230701446533 604 183 687 299
face 0.0066849589347839355 604 183 687 299
face 0.006599754095077515 604 183 687 299
face 0.0065882205963134766 604 183 687 299
face 0.00656205415725708 604 183 687 299
face 0.006501287221908569 604 183 687 299
face 0.006482839584350586 604 183 687 299
face 0.00643041729927063 604 183 687 299
face 0.006416797637939453 604 183 687 299
face 0.006412804126739502 604 183 687 299
face 0.006342053413391113 604 183 687 299
face 0.0063245296478271484 604 183 687 299
face 0.006293445825576782 604 183 687 299
face 0.006232202053070068 604 183 687 299
