face 0.9935376644134521 511 290 546 342
face 0.8836507797241211 367 599 385 619
face 0.6969213485717773 293 624 308 646
face 0.4576936364173889 293 624 308 646
face 0.09931516647338867 293 624 308 646
face 0.0857541561126709 293 624 308 646
face 0.08173754811286926 293 624 308 646
face 0.056951045989990234 293 624 308 646
face 0.04707998037338257 293 624 308 646
face 0.044982582330703735 293 624 308 646
face 0.03618264198303223 293 624 308 646
face 0.033336758613586426 293 624 308 646
face 0.027137786149978638 293 624 308 646
face 0.024710863828659058 293 624 308 646
face 0.02365058660507202 293 624 308 646
face 0.023549646139144897 293 624 308 646
face 0.023272395133972168 293 624 308 646
face 0.020748287439346313 293 624 308 646
face 0.020535200834274292 293 624 308 646
face 0.019897937774658203 293 624 308 646
face 0.01906415820121765 293 624 308 646
face 0.01799800992012024 293 624 308 646
face 0.015556424856185913 293 624 308 646
face 0.015028387308120728 293 624 308 646
face 0.01459541916847229 293 624 308 646
face 0.014003872871398926 293 624 308 646
face 0.013156801462173462 293 624 308 646
face 0.012353003025054932 293 624 308 646
face 0.011417984962463379 293 624 308 646
face 0.010769277811050415 293 624 308 646
face 0.010191768407821655 293 624 308 646
face 0.01013857126235962 293 624 308 646
face 0.010128557682037354 293 624 308 646
face 0.008978694677352905 293 624 308 646
face 0.008969426155090332 293 624 308 646
face 0.008483290672302246 293 624 308 646
face 0.008433550596237183 293 624 308 646
face 0.00834190845489502 293 624 308 646
face 0.008126169443130493 293 624 308 646
face 0.00809827446937561 293 624 308 646
face 0.008043229579925537 293 624 308 646
face 0.007977128028869629 293 624 308 646
face 0.00784561038017273 293 624 308 646
face 0.007802814245223999 293 624 308 646
face 0.00771602988243103 293 624 308 646
face 0.007610201835632324 293 624 308 646
face 0.007588982582092285 293 624 308 646
face 0.007562488317489624 293 624 308 646
face 0.007551431655883789 293 624 308 646
face 0.0071884095668792725 293 624 308 646
face 0.006955772638320923 293 624 308 646
face 0.006940126419067383 293 624 308 646
face 0.006827980279922485 293 624 308 646
face 0.006731957197189331 293 624 308 646
face 0.006714493036270142 293 624 308 646
face 0.0063919126987457275 293 624 308 646
face 0.006361126899719238 293 624 308 646
face 0.006273090839385986 293 624 308 646
face 0.006212711334228516 293 624 308 646
face 0.006196051836013794 293 624 308 646
face 0.006175398826599121 293 624 308 646
face 0.006143122911453247 293 624 308 646
face 0.00611501932144165 293 624 308 646
face 0.006112486124038696 293 624 308 646
face 0.005994677543640137 293 624 308 646
face 0.005924433469772339 293 624 308 646
face 0.005863934755325317 293 624 308 646
face 0.005847573280334473 293 624 308 646
face 0.005728274583816528 293 624 308 646
face 0.00564265251159668 293 624 308 646
face 0.005608588457107544 293 624 308 646
face 0.0055086612701416016 293 624 308 646
face 0.005357831716537476 293 624 308 646
face 0.00527837872505188 293 624 308 646
face 0.005272209644317627 293 624 308 646
face 0.0051614344120025635 293 624 308 646
face 0.005152076482772827 293 624 308 646
face 0.005143791437149048 293 624 308 646
face 0.005020111799240112 293 624 308 646
face 0.0047837793827056885 293 624 308 646
face 0.0047566890716552734 293 624 308 646
face 0.0046644508838653564 293 624 308 646
face 0.00462186336517334 293 624 308 646
face 0.004589080810546875 293 624 308 646
face 0.004554927349090576 293 624 308 646
face 0.004465878009796143 293 624 308 646
face 0.004368871450424194 293 624 308 646
face 0.004357397556304932 293 624 308 646
face 0.004326939582824707 293 624 308 646
face 0.004164189100265503 293 624 308 646
face 0.004160761833190918 293 624 308 646
face 0.004020988941192627 293 624 308 646
face 0.0039459168910980225 293 624 308 646
face 0.003929466009140015 293 624 308 646
face 0.003928661346435547 293 624 308 646
face 0.003913015127182007 293 624 308 646
face 0.0038829147815704346 293 624 308 646
face 0.003858417272567749 293 624 308 646
face 0.0038546621799468994 293 624 308 646
face 0.003849416971206665 293 624 308 646
