face 0.8953173160552979 294 548 419 682
face 0.01951691508293152 294 548 419 682
face 0.015559345483779907 294 548 419 682
face 0.013530313968658447 294 548 419 682
face 0.012376666069030762 294 548 419 682
face 0.012161463499069214 294 548 419 682
face 0.011940628290176392 294 548 419 682
face 0.009670495986938477 294 548 419 682
face 0.009518682956695557 294 548 419 682
face 0.00927475094795227 294 548 419 682
face 0.00906190276145935 294 548 419 682
face 0.009059369564056396 294 548 419 682
face 0.008252173662185669 294 548 419 682
face 0.008144855499267578 294 548 419 682
face 0.008110523223876953 294 548 419 682
face 0.008022934198379517 294 548 419 682
face 0.007879555225372314 294 548 419 682
face 0.0078505277633667 294 548 419 682
face 0.007819026708602905 294 548 419 682
face 0.007648766040802002 294 548 419 682
face 0.0074107348918914795 294 548 419 682
face 0.007283210754394531 294 548 419 682
face 0.007133960723876953 294 548 419 682
face 0.007101178169250488 294 548 419 682
face 0.00698205828666687 294 548 419 682
face 0.0067861974239349365 294 548 419 682
face 0.006614327430725098 294 548 419 682
face 0.006555378437042236 294 548 419 682
face 0.006555378437042236 294 548 419 682
face 0.006505131721496582 294 548 419 682
face 0.0064806342124938965 294 548 419 682
face 0.006428152322769165 294 548 419 682
face 0.00633278489112854 294 548 419 682
face 0.006301432847976685 294 548 419 682
face 0.0061876773834228516 294 548 419 682
face 0.006133049726486206 294 548 419 682
face 0.006077557802200317 294 548 419 682
face 0.006057620048522949 294 548 419 682
face 0.005997002124786377 294 548 419 682
face 0.005915611982345581 294 548 419 682
face 0.005694061517715454 294 548 419 682
face 0.005628108978271484 294 548 419 682
face 0.005605041980743408 294 548 419 682
face 0.005593091249465942 294 548 419 682
face 0.005506634712219238 294 548 419 682
face 0.005502521991729736 294 548 419 682
face 0.005384206771850586 294 548 419 682
face 0.005364030599594116 294 548 419 682
face 0.005325347185134888 294 548 419 682
face 0.005316585302352905 294 548 419 682
face 0.0051288604736328125 294 548 419 682
face 0.005012154579162598 294 548 419 682
face 0.004998981952667236 294 548 419 682
face 0.004916101694107056 294 548 419 682
face 0.004900813102722168 294 548 419 682
face 0.0047848522663116455 294 548 419 682
face 0.004755377769470215 294 548 419 682
face 0.004678189754486084 294 548 419 682
face 0.004625916481018066 294 548 419 682
face 0.004585444927215576 294 548 419 682
face 0.004547864198684692 294 548 419 682
face 0.004519373178482056 294 548 419 682
face 0.0044899582862854 294 548 419 682
face 0.0044799745082855225 294 548 419 682
face 0.004477411508560181 294 548 419 682
face 0.00446745753288269 294 548 419 682
face 0.004344463348388672 294 548 419 682
face 0.0042826831340789795 294 548 419 682
face 0.004268825054168701 294 548 419 682
face 0.004161149263381958 294 548 419 682
face 0.004132062196731567 294 548 419 682
face 0.00412672758102417 294 548 419 682
face 0.0041010379791259766 294 548 419 682
face 0.0040930211544036865 294 548 419 682
face 0.00409051775932312 294 548 419 682
face 0.004070907831192017 294 548 419 682
face 0.004040658473968506 294 548 419 682
face 0.004021197557449341 294 548 419 682
face 0.003995835781097412 294 548 419 682
face 0.003989368677139282 294 548 419 682
face 0.00398629903793335 294 548 419 682
face 0.003985375165939331 294 548 419 682
face 0.003968089818954468 294 548 419 682
face 0.003919392824172974 294 548 419 682
face 0.0038972795009613037 294 548 419 682
face 0.003887474536895752 294 548 419 682
face 0.003839164972305298 294 548 419 682
face 0.003780275583267212 294 548 419 682
face 0.0037792325019836426 294 548 419 682
face 0.0037759244441986084 294 548 419 682
face 0.0036891400814056396 294 548 419 682
face 0.003656715154647827 294 548 419 682
face 0.003615140914916992 294 548 419 682
face 0.0035599470138549805 294 548 419 682
face 0.0035515129566192627 294 548 419 682
face 0.003545105457305908 294 548 419 682
face 0.0035352110862731934 294 548 419 682
face 0.0035221874713897705 294 548 419 682
face 0.0034782588481903076 294 548 419 682
face 0.003470301628112793 294 548 419 682
