face 0.9982166290283203 595 551 646 625
face 0.9903645515441895 962 592 1008 659
face 0.9900752305984497 367 313 437 393
face 0.8899531364440918 772 602 813 654
face 0.8716685175895691 60 392 74 409
face 0.6421819925308228 749 546 785 594
face 0.6244556903839111 19 388 32 406
face 0.5918766260147095 116 448 142 476
face 0.43965044617652893 116 448 142 476
face 0.4001747965812683 116 448 142 476
face 0.2940079867839813 116 448 142 476
face 0.22713235020637512 116 448 142 476
face 0.22226539254188538 116 448 142 476
face 0.17303448915481567 116 448 142 476
face 0.1650608479976654 116 448 142 476
face 0.1269313097000122 116 448 142 476
face 0.11754265427589417 116 448 142 476
face 0.11441150307655334 116 448 142 476
face 0.10354089736938477 116 448 142 476
face 0.09586405754089355 116 448 142 476
face 0.09268370270729065 116 448 142 476
face 0.08639219403266907 116 448 142 476
face 0.08429679274559021 116 448 142 476
face 0.07881909608840942 116 448 142 476
face 0.07865956425666809 116 448 142 476
face 0.071036696434021 116 448 142 476
face 0.06696018576622009 116 448 142 476
face 0.06249317526817322 116 448 142 476
face 0.0531063973903656 116 448 142 476
face 0.05104696750640869 116 448 142 476
face 0.045754849910736084 116 448 142 476
face 0.04544153809547424 116 448 142 476
face 0.04503333568572998 116 448 142 476
face 0.04405459761619568 116 448 142 476
face 0.04129025340080261 116 448 142 476
face 0.040559858083724976 116 448 142 476
face 0.03917911648750305 116 448 142 476
face 0.0369286835193634 116 448 142 476
face 0.03677290678024292 116 448 142 476
face 0.035295337438583374 116 448 142 476
face 0.03518494963645935 116 448 142 476
face 0.03494745492935181 116 448 142 476
face 0.03491148352622986 116 448 142 476
face 0.032144784927368164 116 448 142 476
face 0.030509471893310547 116 448 142 476
face 0.029946118593215942 116 448 142 476
face 0.029754191637039185 116 448 142 476
face 0.029276281595230103 116 448 142 476
face 0.029032200574874878 116 448 142 476
face 0.02881607413291931 116 448 142 476
face 0.027431368827819824 116 448 142 476
face 0.027075648307800293 116 448 142 476
face 0.026516705751419067 116 448 142 476
face 0.02611231803894043 116 448 142 476
face 0.02578943967819214 116 448 142 476
face 0.025084197521209717 116 448 142 476
face 0.024589866399765015 116 448 142 476
face 0.024260908365249634 116 448 142 476
face 0.02394840121269226 116 448 142 476
face 0.0234377384185791 116 448 142 476
face 0.023405760526657104 116 448 142 476
face 0.023018568754196167 116 448 142 476
face 0.02186274528503418 116 448 142 476
face 0.02041637897491455 116 448 142 476
face 0.019919484853744507 116 448 142 476
face 0.019464492797851562 116 448 142 476
face 0.019441813230514526 116 448 142 476
face 0.019272923469543457 116 448 142 476
face 0.018798261880874634 116 448 142 476
face 0.01827371120452881 116 448 142 476
face 0.017700165510177612 116 448 142 476
face 0.017309129238128662 116 448 142 476
face 0.01673153042793274 116 448 142 476
face 0.016480356454849243 116 448 142 476
face 0.015614569187164307 116 448 142 476
face 0.015454083681106567 116 448 142 476
face 0.015296489000320435 116 448 142 476
face 0.01526331901550293 116 448 142 476
face 0.01468464732170105 116 448 142 476
face 0.014403074979782104 116 448 142 476
face 0.014305680990219116 116 448 142 476
face 0.014258384704589844 116 448 142 476
face 0.01421782374382019 116 448 142 476
face 0.013985216617584229 116 448 142 476
face 0.013834983110427856 116 448 142 476
face 0.01361897587776184 116 448 142 476
face 0.013583332300186157 116 448 142 476
face 0.013544052839279175 116 448 142 476
face 0.01332816481590271 116 448 142 476
face 0.01325109601020813 116 448 142 476
face 0.013158977031707764 116 448 142 476
face 0.013102501630783081 116 448 142 476
face 0.013024598360061646 116 448 142 476
face 0.012670934200286865 116 448 142 476
face 0.012426167726516724 116 448 142 476
face 0.012337297201156616 116 448 142 476
face 0.01212260127067566 116 448 142 476
face 0.012121438980102539 116 448 142 476
face 0.012036919593811035 116 448 142 476
face 0.01199406385421753 116 448 142 476
