face 0.7480529546737671 589 317 639 369
face 0.08112457394599915 589 317 639 369
face 0.05536198616027832 589 317 639 369
face 0.05397200584411621 589 317 639 369
face 0.05270633101463318 589 317 639 369
face 0.04673871397972107 589 317 639 369
face 0.041428178548812866 589 317 639 369
face 0.039958029985427856 589 317 639 369
face 0.03823390603065491 589 317 639 369
face 0.03808668255805969 589 317 639 369
face 0.03568756580352783 589 317 639 369
face 0.035643696784973145 589 317 639 369
face 0.033867061138153076 589 317 639 369
face 0.032919079065322876 589 317 639 369
face 0.029944539070129395 589 317 639 369
face 0.02993503212928772 589 317 639 369
face 0.028235197067260742 589 317 639 369
face 0.02706792950630188 589 317 639 369
face 0.025945842266082764 589 317 639 369
face 0.025942295789718628 589 317 639 369
face 0.02539825439453125 589 317 639 369
face 0.02427905797958374 589 317 639 369
face 0.023592203855514526 589 317 639 369
face 0.023317962884902954 589 317 639 369
face 0.022647470235824585 589 317 639 369
face 0.022062689065933228 589 317 639 369
face 0.021953582763671875 589 317 639 369
face 0.021919697523117065 589 317 639 369
face 0.020965367555618286 589 317 639 369
face 0.02031886577606201 589 317 639 369
face 0.019819527864456177 589 317 639 369
face 0.019776254892349243 589 317 639 369
face 0.019773125648498535 589 317 639 369
face 0.019441962242126465 589 317 639 369
face 0.018798261880874634 589 317 639 369
face 0.01841425895690918 589 317 639 369
face 0.01797059178352356 589 317 639 369
face 0.017732441425323486 589 317 639 369
face 0.017380177974700928 589 317 639 369
face 0.017294973134994507 589 317 639 369
face 0.01693856716156006 589 317 639 369
face 0.016647785902023315 589 317 639 369
face 0.016519904136657715 589 317 639 369
face 0.016347259283065796 589 317 639 369
face 0.016329705715179443 589 317 639 369
face 0.01608404517173767 589 317 639 369
face 0.01564684510231018 589 317 639 369
face 0.015626341104507446 589 317 639 369
face 0.015578120946884155 589 317 639 369
face 0.015460878610610962 589 317 639 369
face 0.015277057886123657 589 317 639 369
face 0.01522529125213623 589 317 639 369
face 0.015057891607284546 589 317 639 369
face 0.014916151762008667 589 317 639 369
face 0.01490163803100586 589 317 639 369
face 0.014861136674880981 589 317 639 369
face 0.01477709412574768 589 317 639 369
face 0.01465103030204773 589 317 639 369
face 0.01463383436203003 589 317 639 369
face 0.014618784189224243 589 317 639 369
face 0.0143679678440094 589 317 639 369
face 0.014346688985824585 589 317 639 369
face 0.014251887798309326 589 317 639 369
face 0.014156639575958252 589 317 639 369
face 0.013909727334976196 589 317 639 369
face 0.01372748613357544 589 317 639 369
face 0.013698726892471313 589 317 639 369
face 0.013643205165863037 589 317 639 369
face 0.013498485088348389 589 317 639 369
face 0.013484090566635132 589 317 639 369
face 0.013426333665847778 589 317 639 369
face 0.01336824893951416 589 317 639 369
face 0.013184517621994019 589 317 639 369
face 0.012969613075256348 589 317 639 369
face 0.012867569923400879 589 317 639 369
face 0.012496143579483032 589 317 639 369
face 0.012484759092330933 589 317 639 369
face 0.012392103672027588 589 317 639 369
face 0.012306928634643555 589 317 639 369
face 0.012187093496322632 589 317 639 369
face 0.012062638998031616 589 317 639 369
face 0.011883527040481567 589 317 639 369
face 0.011844396591186523 589 317 639 369
face 0.01177150011062622 589 317 639 369
face 0.011765658855438232 589 317 639 369
face 0.011699378490447998 589 317 639 369
face 0.011651784181594849 589 317 639 369
face 0.011609762907028198 589 317 639 369
face 0.011529117822647095 589 317 639 369
face 0.011414855718612671 589 317 639 369
face 0.011404216289520264 589 317 639 369
face 0.011250466108322144 589 317 639 369
face 0.011217653751373291 589 317 639 369
face 0.011146992444992065 589 317 639 369
face 0.011124581098556519 589 317 639 369
face 0.011088520288467407 589 317 639 369
face 0.011050313711166382 589 317 639 369
face 0.011049389839172363 589 317 639 369
face 0.01101994514465332 589 317 639 369
face 0.010941177606582642 589 317 639 369
