face 0.9784859418869019 832 209 856 239
face 0.9611576795578003 468 153 489 180
face 0.9546620845794678 634 168 653 196
face 0.9433825016021729 781 117 799 137
face 0.9112792015075684 251 116 270 135
face 0.8952338695526123 947 108 970 132
face 0.8811944723129272 134 98 151 114
face 0.8744553327560425 345 91 362 110
face 0.8677530288696289 390 194 411 219
face 0.863683819770813 690 152 711 178
face 0.8556993007659912 518 119 534 140
face 0.8440170288085938 292 161 310 184
face 0.8277008533477783 535 94 550 113
face 0.8195997476577759 65 92 82 108
face 0.8072109222412109 445 121 463 142
face 0.7929710745811462 744 122 759 142
face 0.7857822775840759 561 171 579 194
face 0.7574223279953003 423 95 438 113
face 0.7548403739929199 182 123 201 142
face 0.7206819653511047 12 95 28 111
face 0.6214879155158997 142 153 165 179
face 0.596167802810669 997 154 1017 179
face 0.5699442028999329 175 127 195 149
face 0.5549284219741821 345 141 365 163
face 0.5424649715423584 137 69 149 82
face 0.5078511238098145 186 73 199 85
face 0.48914480209350586 186 73 199 85
face 0.48140883445739746 186 73 199 85
face 0.47999560832977295 186 73 199 85
face 0.4722106158733368 186 73 199 85
face 0.4423753023147583 186 73 199 85
face 0.43596193194389343 186 73 199 85
face 0.43375638127326965 186 73 199 85
face 0.42665043473243713 186 73 199 85
face 0.41718047857284546 186 73 199 85
face 0.40973961353302 186 73 199 85
face 0.40420812368392944 186 73 199 85
face 0.3913462162017822 186 73 199 85
face 0.3800855278968811 186 73 199 85
face 0.3798498213291168 186 73 199 85
face 0.3764515221118927 186 73 199 85
face 0.36698657274246216 186 73 199 85
face 0.3633075952529907 186 73 199 85
face 0.3562254309654236 186 73 199 85
face 0.34238216280937195 186 73 199 85
face 0.3333505690097809 186 73 199 85
face 0.3114376664161682 186 73 199 85
face 0.3077053427696228 186 73 199 85
face 0.26992225646972656 186 73 199 85
face 0.26226407289505005 186 73 199 85
face 0.2555803656578064 186 73 199 85
face 0.23835158348083496 186 73 199 85
face 0.23622146248817444 186 73 199 85
face 0.23441028594970703 186 73 199 85
face 0.21367555856704712 186 73 199 85
face 0.20252561569213867 186 73 199 85
face 0.19385087490081787 186 73 199 85
face 0.19089004397392273 186 73 199 85
face 0.18931812047958374 186 73 199 85
face 0.18327736854553223 186 73 199 85
face 0.16797474026679993 186 73 199 85
face 0.14925390481948853 186 73 199 85
face 0.14527627825737 186 73 199 85
face 0.14356687664985657 186 73 199 85
face 0.1404362916946411 186 73 199 85
face 0.13689717650413513 186 73 199 85
face 0.13547104597091675 186 73 199 85
face 0.13431739807128906 186 73 199 85
face 0.1303231418132782 186 73 199 85
face 0.12706446647644043 186 73 199 85
face 0.12099358439445496 186 73 199 85
face 0.11860904097557068 186 73 199 85
face 0.11296254396438599 186 73 199 85
face 0.11083230376243591 186 73 199 85
face 0.10712414979934692 186 73 199 85
face 0.10703954100608826 186 73 199 85
face 0.10625281929969788 186 73 199 85
face 0.09682640433311462 186 73 199 85
face 0.09399160742759705 186 73 199 85
face 0.09369790554046631 186 73 199 85
face 0.09192168712615967 186 73 199 85
face 0.09162014722824097 186 73 199 85
face 0.09034553170204163 186 73 199 85
face 0.08721372485160828 186 73 199 85
face 0.08228254318237305 186 73 199 85
face 0.07938164472579956 186 73 199 85
face 0.07809025049209595 186 73 199 85
face 0.07375457882881165 186 73 199 85
face 0.07353958487510681 186 73 199 85
face 0.0698167085647583 186 73 199 85
face 0.06930509209632874 186 73 199 85
face 0.06423655152320862 186 73 199 85
face 0.0630631148815155 186 73 199 85
face 0.06305333971977234 186 73 199 85
face 0.06239563226699829 186 73 199 85
face 0.061555683612823486 186 73 199 85
face 0.061028629541397095 186 73 199 85
face 0.055572181940078735 186 73 199 85
face 0.05426180362701416 186 73 199 85
face 0.05334112048149109 186 73 199 85
