face 0.9974794387817383 188 89 516 511
face 0.3317590355873108 188 89 516 511
face 0.18696683645248413 188 89 516 511
face 0.13618722558021545 188 89 516 511
face 0.08194366097450256 188 89 516 511
face 0.07607713341712952 188 89 516 511
face 0.06411311030387878 188 89 516 511
face 0.04383471608161926 188 89 516 511
face 0.043701380491256714 188 89 516 511
face 0.033497899770736694 188 89 516 511
face 0.03319069743156433 188 89 516 511
face 0.02724432945251465 188 89 516 511
face 0.026262283325195312 188 89 516 511
face 0.025557368993759155 188 89 516 511
face 0.024876713752746582 188 89 516 511
face 0.023645788431167603 188 89 516 511
face 0.023390471935272217 188 89 516 511
face 0.02324962615966797 188 89 516 511
face 0.02293407917022705 188 89 516 511
face 0.02124875783920288 188 89 516 511
face 0.020359516143798828 188 89 516 511
face 0.020035147666931152 188 89 516 511
face 0.018645495176315308 188 89 516 511
face 0.017289340496063232 188 89 516 511
face 0.017184555530548096 188 89 516 511
face 0.016917258501052856 188 89 516 511
face 0.016699105501174927 188 89 516 511
face 0.016367435455322266 188 89 516 511
face 0.016343891620635986 188 89 516 511
face 0.016196638345718384 188 89 516 511
face 0.016175299882888794 188 89 516 511
face 0.015785813331604004 188 89 516 511
face 0.015697181224822998 188 89 516 511
face 0.015284806489944458 188 89 516 511
face 0.014140784740447998 188 89 516 511
face 0.013917118310928345 188 89 516 511
face 0.013651251792907715 188 89 516 511
face 0.013349473476409912 188 89 516 511
face 0.013280272483825684 188 89 516 511
face 0.013048231601715088 188 89 516 511
face 0.012748897075653076 188 89 516 511
face 0.01213333010673523 188 89 516 511
face 0.011699438095092773 188 89 516 511
face 0.011675000190734863 188 89 516 511
face 0.011243194341659546 188 89 516 511
face 0.01113218069076538 188 89 516 511
face 0.011081904172897339 188 89 516 511
face 0.010833203792572021 188 89 516 511
face 0.010696470737457275 188 89 516 511
face 0.010655581951141357 188 89 516 511
face 0.009818106889724731 188 89 516 511
face 0.00978890061378479 188 89 516 511
face 0.009769320487976074 188 89 516 511
face 0.009756803512573242 188 89 516 511
face 0.00967434048652649 188 89 516 511
face 0.009581983089447021 188 89 516 511
face 0.009401589632034302 188 89 516 511
face 0.009115785360336304 188 89 516 511
face 0.009051471948623657 188 89 516 511
face 0.008980929851531982 188 89 516 511
face 0.008850544691085815 188 89 516 511
face 0.008696436882019043 188 89 516 511
face 0.008691847324371338 188 89 516 511
face 0.008550196886062622 188 89 516 511
face 0.008069813251495361 188 89 516 511
face 0.008049577474594116 188 89 516 511
face 0.007870674133300781 188 89 516 511
face 0.007773756980895996 188 89 516 511
face 0.00770983099937439 188 89 516 511
face 0.007605105638504028 188 89 516 511
face 0.0075622498989105225 188 89 516 511
face 0.007405132055282593 188 89 516 511
face 0.007362097501754761 188 89 516 511
face 0.007313817739486694 188 89 516 511
face 0.007277250289916992 188 89 516 511
face 0.007139027118682861 188 89 516 511
face 0.007034033536911011 188 89 516 511
face 0.007025927305221558 188 89 516 511
face 0.006938159465789795 188 89 516 511
face 0.006815552711486816 188 89 516 511
face 0.006811618804931641 188 89 516 511
face 0.006619065999984741 188 89 516 511
face 0.006473153829574585 188 89 516 511
face 0.006398409605026245 188 89 516 511
face 0.006367802619934082 188 89 516 511
face 0.006249845027923584 188 89 516 511
face 0.006078481674194336 188 89 516 511
face 0.006077110767364502 188 89 516 511
face 0.005733102560043335 188 89 516 511
face 0.005610823631286621 188 89 516 511
face 0.0055747926235198975 188 89 516 511
face 0.005538880825042725 188 89 516 511
face 0.005462378263473511 188 89 516 511
face 0.005410522222518921 188 89 516 511
face 0.005341082811355591 188 89 516 511
face 0.005239427089691162 188 89 516 511
face 0.005233049392700195 188 89 516 511
face 0.005215078592300415 188 89 516 511
face 0.005188554525375366 188 89 516 511
face 0.0051423609256744385 188 89 516 511
