face 0.9987976551055908 287 332 313 363
face 0.9983030557632446 394 329 417 358
face 0.9980491995811462 324 367 357 404
face 0.9973139762878418 116 335 145 366
face 0.9971667528152466 601 323 628 358
face 0.9962335824966431 77 270 96 293
face 0.9953022003173828 565 290 586 318
face 0.994234025478363 893 295 915 322
face 0.9941437244415283 187 371 222 407
face 0.9937410354614258 785 265 803 287
face 0.9936909675598145 284 290 304 317
face 0.9932317733764648 613 262 631 287
face 0.9925395250320435 728 339 755 371
face 0.9921661019325256 255 252 274 275
face 0.9914917945861816 226 326 249 354
face 0.9910029172897339 494 314 520 346
face 0.990885853767395 127 294 150 320
face 0.9905754327774048 836 291 859 317
face 0.9901998043060303 450 260 468 284
face 0.9901696443557739 197 268 218 293
face 0.9886455535888672 365 229 378 247
face 0.9884651899337769 140 230 155 249
face 0.9881770610809326 932 323 958 353
face 0.9881658554077148 518 231 531 250
face 0.9864307641983032 670 264 688 288
face 0.9858000874519348 139 268 158 290
face 0.9857476949691772 202 230 217 248
face 0.9847564697265625 854 262 872 283
face 0.982050895690918 321 255 339 279
face 0.9794329404830933 406 295 425 319
face 0.9776373505592346 413 237 426 255
face 0.975087583065033 40 588 115 664
face 0.9745248556137085 81 188 94 206
face 0.9736800193786621 576 239 589 257
face 0.972585141658783 683 233 697 251
face 0.972125232219696 726 290 746 316
face 0.9716286659240723 961 265 979 287
face 0.9715991020202637 450 299 471 327
face 0.968299150466919 465 373 496 409
face 0.9675179123878479 990 299 1010 326
face 0.9649800062179565 463 237 476 255
face 0.9640406370162964 951 233 966 252
face 0.9611387252807617 735 234 749 252
face 0.9578686356544495 299 232 312 249
face 0.9547919631004333 766 295 789 322
face 0.9521931409835815 157 497 213 547
face 0.9454805850982666 17 291 39 319
face 0.9419773817062378 517 269 534 292
face 0.9358715415000916 893 374 924 407
face 0.9358470439910889 1000 260 1017 285
face 0.9328886270523071 892 231 907 249
face 0.9315530061721802 70 307 92 333
face 0.9290148019790649 332 300 353 326
face 0.9248589277267456 244 227 257 243
face 0.9163182973861694 360 264 377 287
face 0.9119179248809814 11 265 28 287
face 0.8968238234519958 528 295 549 322
face 0.891693115234375 674 302 695 330
face 0.8808073997497559 632 236 645 254
face 0.8774991631507874 97 240 111 259
face 0.8774421215057373 888 193 902 208
face 0.87526535987854 975 352 1002 390
face 0.8657198548316956 1007 232 1021 252
face 0.860735297203064 675 417 709 456
face 0.8590905070304871 48 484 89 533
face 0.8514955043792725 806 428 840 466
face 0.8491976261138916 186 308 209 334
face 0.8452675342559814 965 298 986 323
face 0.844231128692627 69 316 94 346
face 0.831835150718689 994 171 1004 185
face 0.8262273073196411 636 301 657 329
face 0.8214263916015625 784 240 798 256
face 0.8183327913284302 843 231 858 247
face 0.8134034872055054 735 206 744 218
face 0.8058835864067078 145 201 155 214
face 0.7917847633361816 842 197 853 210
face 0.79013592004776 354 472 401 521
face 0.7750409245491028 626 210 635 223
face 0.7619823813438416 745 269 762 290
face 0.7463758587837219 810 321 839 352
face 0.745478630065918 545 453 584 496
face 0.740592360496521 15 188 25 204
face 0.7200925350189209 197 210 207 223
face 0.7117270231246948 577 265 594 287
face 0.705472469329834 251 213 260 225
face 0.7049270868301392 788 211 798 224
face 0.6913168430328369 0 361 16 394
face 0.6797469258308411 897 264 914 284
face 0.678856372833252 423 255 439 278
face 0.6740443706512451 692 206 701 218
face 0.665677011013031 828 372 853 401
face 0.6611952781677246 305 214 313 226
face 0.6471282243728638 974 561 1017 614
face 0.5921005606651306 182 316 205 344
face 0.5916491746902466 578 213 587 225
face 0.5884984731674194 947 203 959 218
face 0.5238901376724243 540 443 576 482
face 0.5192144513130188 358 217 366 228
face 0.494868665933609 358 217 366 228
face 0.48409366607666016 358 217 366 228
