face 0.9993377327919006 407 193 735 640
face 0.007377266883850098 407 193 735 640
face 0.005566269159317017 407 193 735 640
face 0.0054017603397369385 407 193 735 640
face 0.004316866397857666 407 193 735 640
face 0.004202753305435181 407 193 735 640
face 0.004049450159072876 407 193 735 640
face 0.003992795944213867 407 193 735 640
face 0.0036377012729644775 407 193 735 640
face 0.003435879945755005 407 193 735 640
face 0.003259629011154175 407 193 735 640
face 0.003231137990951538 407 193 735 640
face 0.002941310405731201 407 193 735 640
face 0.00275537371635437 407 193 735 640
face 0.002573460340499878 407 193 735 640
face 0.002557694911956787 407 193 735 640
face 0.002462834119796753 407 193 735 640
face 0.0023232102394104004 407 193 735 640
face 0.002319812774658203 407 193 735 640
face 0.002252131700515747 407 193 735 640
face 0.0021937191486358643 407 193 735 640
face 0.002174943685531616 407 193 735 640
face 0.002162456512451172 407 193 735 640
face 0.002139836549758911 407 193 735 640
face 0.002057582139968872 407 193 735 640
face 0.0020268261432647705 407 193 735 640
face 0.0020179450511932373 407 193 735 640
face 0.0019239187240600586 407 193 735 640
face 0.0018737614154815674 407 193 735 640
face 0.0018171370029449463 407 193 735 640
face 0.0018132925033569336 407 193 735 640
face 0.001797407865524292 407 193 735 640
face 0.0017907321453094482 407 193 735 640
face 0.0017383098602294922 407 193 735 640
face 0.0017322897911071777 407 193 735 640
face 0.00172385573387146 407 193 735 640
face 0.0016774535179138184 407 193 735 640
face 0.0016768574714660645 407 193 735 640
face 0.001653224229812622 407 193 735 640
face 0.0016520321369171143 407 193 735 640
face 0.0016516447067260742 407 193 735 640
face 0.0016451478004455566 407 193 735 640
face 0.0016216635704040527 407 193 735 640
face 0.0016145706176757812 407 193 735 640
face 0.0016008317470550537 407 193 735 640
face 0.0015934407711029053 407 193 735 640
face 0.0015925765037536621 407 193 735 640
face 0.0015865564346313477 407 193 735 640
face 0.0015678703784942627 407 193 735 640
face 0.0015661120414733887 407 193 735 640
face 0.001559138298034668 407 193 735 640
face 0.0015316307544708252 407 193 735 640
face 0.0015221238136291504 407 193 735 640
face 0.0014995336532592773 407 193 735 640
face 0.0014741122722625732 407 193 735 640
face 0.0014727115631103516 407 193 735 640
face 0.0014721155166625977 407 193 735 640
face 0.001448512077331543 407 193 735 640
face 0.0014384686946868896 407 193 735 640
face 0.001421421766281128 407 193 735 640
face 0.0014177262783050537 407 193 735 640
face 0.0014016330242156982 407 193 735 640
face 0.0013947784900665283 407 193 735 640
face 0.0013848543167114258 407 193 735 640
face 0.0013806521892547607 407 193 735 640
face 0.0013714730739593506 407 193 735 640
face 0.0013502240180969238 407 193 735 640
face 0.0013458430767059326 407 193 735 640
face 0.001329571008682251 407 193 735 640
face 0.0013249218463897705 407 193 735 640
face 0.0013245642185211182 407 193 735 640
face 0.0013228058815002441 407 193 735 640
face 0.0013196170330047607 407 193 735 640
face 0.0013089776039123535 407 193 735 640
face 0.0013088881969451904 407 193 735 640
face 0.0013070404529571533 407 193 735 640
face 0.0012805759906768799 407 193 735 640
face 0.0012782514095306396 407 193 735 640
face 0.001276642084121704 407 193 735 640
face 0.0012698471546173096 407 193 735 640
face 0.0012679994106292725 407 193 735 640
face 0.0012651383876800537 407 193 735 640
face 0.0012632906436920166 407 193 735 640
face 0.00125885009765625 407 193 735 640
face 0.0012338459491729736 407 193 735 640
face 0.0012336671352386475 407 193 735 640
face 0.0012272298336029053 407 193 735 640
face 0.0012159645557403564 407 193 735 640
face 0.0012053251266479492 407 193 735 640
face 0.0011995136737823486 407 193 735 640
face 0.0011979937553405762 407 193 735 640
face 0.0011968910694122314 407 193 735 640
face 0.0011884868144989014 407 193 735 640
face 0.0011861324310302734 407 193 735 640
face 0.0011712312698364258 407 193 735 640
face 0.0011686980724334717 407 193 735 640
face 0.0011670887470245361 407 193 735 640
face 0.0011597871780395508 407 193 735 640
face 0.0011587738990783691 407 193 735 640
face 0.0011567473411560059 407 193 735 640
