face 0.9937810897827148 716 161 767 229
face 0.9584092497825623 251 173 277 203
face 0.9583126306533813 425 116 474 176
face 0.7783538103103638 459 168 500 213
face 0.7732231616973877 124 208 156 249
face 0.7644363641738892 937 119 961 149
face 0.7483628988265991 201 165 214 181
face 0.5478454232215881 349 177 368 199
face 0.5157145261764526 1006 114 1021 143
face 0.47607287764549255 1006 114 1021 143
face 0.3443358540534973 1006 114 1021 143
face 0.31439608335494995 1006 114 1021 143
face 0.3113207221031189 1006 114 1021 143
face 0.3054271340370178 1006 114 1021 143
face 0.27605921030044556 1006 114 1021 143
face 0.2586669325828552 1006 114 1021 143
face 0.2555496096611023 1006 114 1021 143
face 0.23482102155685425 1006 114 1021 143
face 0.2166590690612793 1006 114 1021 143
face 0.20304790139198303 1006 114 1021 143
face 0.1717875897884369 1006 114 1021 143
face 0.13758602738380432 1006 114 1021 143
face 0.12069278955459595 1006 114 1021 143
face 0.11239373683929443 1006 114 1021 143
face 0.10738420486450195 1006 114 1021 143
face 0.10649287700653076 1006 114 1021 143
face 0.09275493025779724 1006 114 1021 143
face 0.0913395881652832 1006 114 1021 143
face 0.08925673365592957 1006 114 1021 143
face 0.08629858493804932 1006 114 1021 143
face 0.08190864324569702 1006 114 1021 143
face 0.07616668939590454 1006 114 1021 143
face 0.07166090607643127 1006 114 1021 143
face 0.06931149959564209 1006 114 1021 143
face 0.05723792314529419 1006 114 1021 143
face 0.056004852056503296 1006 114 1021 143
face 0.04675447940826416 1006 114 1021 143
face 0.045972973108291626 1006 114 1021 143
face 0.045554786920547485 1006 114 1021 143
face 0.04249289631843567 1006 114 1021 143
face 0.0424407422542572 1006 114 1021 143
face 0.03929418325424194 1006 114 1021 143
face 0.03926306962966919 1006 114 1021 143
face 0.03849387168884277 1006 114 1021 143
face 0.03739479184150696 1006 114 1021 143
face 0.03629809617996216 1006 114 1021 143
face 0.03478896617889404 1006 114 1021 143
face 0.03273218870162964 1006 114 1021 143
face 0.028585582971572876 1006 114 1021 143
face 0.025647729635238647 1006 114 1021 143
face 0.02541416883468628 1006 114 1021 143
face 0.02507162094116211 1006 114 1021 143
face 0.024482697248458862 1006 114 1021 143
face 0.021927475929260254 1006 114 1021 143
face 0.021692484617233276 1006 114 1021 143
face 0.021473556756973267 1006 114 1021 143
face 0.02096572518348694 1006 114 1021 143
face 0.020792216062545776 1006 114 1021 143
face 0.01976633071899414 1006 114 1021 143
face 0.019005149602890015 1006 114 1021 143
face 0.016593903303146362 1006 114 1021 143
face 0.016191720962524414 1006 114 1021 143
face 0.014014989137649536 1006 114 1021 143
face 0.013500809669494629 1006 114 1021 143
face 0.013275116682052612 1006 114 1021 143
face 0.013003051280975342 1006 114 1021 143
face 0.012767761945724487 1006 114 1021 143
face 0.012226998805999756 1006 114 1021 143
face 0.011144369840621948 1006 114 1021 143
face 0.011038392782211304 1006 114 1021 143
face 0.010909080505371094 1006 114 1021 143
face 0.01069536805152893 1006 114 1021 143
face 0.010501980781555176 1006 114 1021 143
face 0.01033693552017212 1006 114 1021 143
face 0.01024821400642395 1006 114 1021 143
face 0.009969860315322876 1006 114 1021 143
face 0.009850829839706421 1006 114 1021 143
face 0.009850144386291504 1006 114 1021 143
face 0.009820222854614258 1006 114 1021 143
face 0.009735524654388428 1006 114 1021 143
face 0.009605467319488525 1006 114 1021 143
face 0.00959247350692749 1006 114 1021 143
face 0.008778601884841919 1006 114 1021 143
face 0.00871625542640686 1006 114 1021 143
face 0.00854918360710144 1006 114 1021 143
face 0.008356839418411255 1006 114 1021 143
face 0.008342772722244263 1006 114 1021 143
face 0.007935285568237305 1006 114 1021 143
face 0.007879465818405151 1006 114 1021 143
face 0.007859677076339722 1006 114 1021 143
face 0.007818788290023804 1006 114 1021 143
face 0.007799983024597168 1006 114 1021 143
face 0.007735878229141235 1006 114 1021 143
face 0.007584601640701294 1006 114 1021 143
face 0.007542937994003296 1006 114 1021 143
face 0.007529944181442261 1006 114 1021 143
face 0.0075241029262542725 1006 114 1021 143
face 0.007299929857254028 1006 114 1021 143
face 0.007140457630157471 1006 114 1021 143
face 0.006962686777114868 1006 114 1021 143
