face 0.9609807729721069 313 99 400 207
face 0.7590463161468506 28 108 106 228
face 0.7280203700065613 535 400 579 455
face 0.5415046215057373 678 273 782 401
face 0.3060542643070221 678 273 782 401
face 0.2906842827796936 678 273 782 401
face 0.241446852684021 678 273 782 401
face 0.23847022652626038 678 273 782 401
face 0.20352429151535034 678 273 782 401
face 0.13360249996185303 678 273 782 401
face 0.08291178941726685 678 273 782 401
face 0.06857362389564514 678 273 782 401
face 0.06738796830177307 678 273 782 401
face 0.06339454650878906 678 273 782 401
face 0.06052517890930176 678 273 782 401
face 0.059906601905822754 678 273 782 401
face 0.05603271722793579 678 273 782 401
face 0.05392727255821228 678 273 782 401
face 0.052781641483306885 678 273 782 401
face 0.05100548267364502 678 273 782 401
face 0.05098024010658264 678 273 782 401
face 0.05041569471359253 678 273 782 401
face 0.04781651496887207 678 273 782 401
face 0.03935995697975159 678 273 782 401
face 0.03459787368774414 678 273 782 401
face 0.03113880753517151 678 273 782 401
face 0.03013131022453308 678 273 782 401
face 0.029428094625473022 678 273 782 401
face 0.029334932565689087 678 273 782 401
face 0.02876034379005432 678 273 782 401
face 0.028677165508270264 678 273 782 401
face 0.027158260345458984 678 273 782 401
face 0.027030974626541138 678 273 782 401
face 0.02582317590713501 678 273 782 401
face 0.02575203776359558 678 273 782 401
face 0.025629371404647827 678 273 782 401
face 0.02560955286026001 678 273 782 401
face 0.02520960569381714 678 273 782 401
face 0.02496543526649475 678 273 782 401
face 0.023554682731628418 678 273 782 401
face 0.023491710424423218 678 273 782 401
face 0.023261845111846924 678 273 782 401
face 0.022980928421020508 678 273 782 401
face 0.0225028395652771 678 273 782 401
face 0.02221331000328064 678 273 782 401
face 0.021611034870147705 678 273 782 401
face 0.02118086814880371 678 273 782 401
face 0.02107459306716919 678 273 782 401
face 0.020814597606658936 678 273 782 401
face 0.02073606848716736 678 273 782 401
face 0.020361512899398804 678 273 782 401
face 0.019553452730178833 678 273 782 401
face 0.019104421138763428 678 273 782 401
face 0.018589138984680176 678 273 782 401
face 0.018420010805130005 678 273 782 401
face 0.01839342713356018 678 273 782 401
face 0.018386393785476685 678 273 782 401
face 0.017574787139892578 678 273 782 401
face 0.01705750823020935 678 273 782 401
face 0.01704367995262146 678 273 782 401
face 0.016842901706695557 678 273 782 401
face 0.016730040311813354 678 273 782 401
face 0.016677141189575195 678 273 782 401
face 0.016560614109039307 678 273 782 401
face 0.016220957040786743 678 273 782 401
face 0.01590251922607422 678 273 782 401
face 0.015850216150283813 678 273 782 401
face 0.015824317932128906 678 273 782 401
face 0.015729665756225586 678 273 782 401
face 0.015714555978775024 678 273 782 401
face 0.01567751169204712 678 273 782 401
face 0.015605658292770386 678 273 782 401
face 0.015220344066619873 678 273 782 401
face 0.015181750059127808 678 273 782 401
face 0.015159964561462402 678 273 782 401
face 0.015073627233505249 678 273 782 401
face 0.014818370342254639 678 273 782 401
face 0.014702856540679932 678 273 782 401
face 0.014692515134811401 678 273 782 401
face 0.014385730028152466 678 273 782 401
face 0.013989150524139404 678 273 782 401
face 0.013712823390960693 678 273 782 401
face 0.013391643762588501 678 273 782 401
face 0.013320177793502808 678 273 782 401
face 0.013242006301879883 678 273 782 401
face 0.013049066066741943 678 273 782 401
face 0.012960374355316162 678 273 782 401
face 0.012940675020217896 678 273 782 401
face 0.012900710105895996 678 273 782 401
face 0.012808918952941895 678 273 782 401
face 0.012770235538482666 678 273 782 401
face 0.012707442045211792 678 273 782 401
face 0.012665808200836182 678 273 782 401
face 0.01259651780128479 678 273 782 401
face 0.0123654305934906 678 273 782 401
face 0.012301117181777954 678 273 782 401
face 0.012201756238937378 678 273 782 401
face 0.011999934911727905 678 273 782 401
face 0.011968761682510376 678 273 782 401
face 0.0119534432888031 678 273 782 401
