face 0.9947692155838013 597 212 626 251
face 0.9919615983963013 72 206 113 261
face 0.9884624481201172 182 211 218 267
face 0.9874061346054077 843 213 875 253
face 0.9844989776611328 284 243 314 281
face 0.9817622900009155 393 242 424 277
face 0.9255069494247437 530 263 552 289
face 0.8450725078582764 470 225 493 252
face 0.6918286085128784 991 248 1015 283
face 0.43378376960754395 991 248 1015 283
face 0.42483076453208923 991 248 1015 283
face 0.2495092749595642 991 248 1015 283
face 0.22020232677459717 991 248 1015 283
face 0.17264246940612793 991 248 1015 283
face 0.15948158502578735 991 248 1015 283
face 0.12645792961120605 991 248 1015 283
face 0.09947970509529114 991 248 1015 283
face 0.09474050998687744 991 248 1015 283
face 0.08665084838867188 991 248 1015 283
face 0.07564973831176758 991 248 1015 283
face 0.0707409679889679 991 248 1015 283
face 0.06006166338920593 991 248 1015 283
face 0.05152297019958496 991 248 1015 283
face 0.05049273371696472 991 248 1015 283
face 0.05024769902229309 991 248 1015 283
face 0.044309526681900024 991 248 1015 283
face 0.043434977531433105 991 248 1015 283
face 0.036637336015701294 991 248 1015 283
face 0.036583781242370605 991 248 1015 283
face 0.03331756591796875 991 248 1015 283
face 0.0307578444480896 991 248 1015 283
face 0.030749022960662842 991 248 1015 283
face 0.030175060033798218 991 248 1015 283
face 0.029811441898345947 991 248 1015 283
face 0.028497010469436646 991 248 1015 283
face 0.027911603450775146 991 248 1015 283
face 0.027526825666427612 991 248 1015 283
face 0.02743631601333618 991 248 1015 283
face 0.02687162160873413 991 248 1015 283
face 0.02599203586578369 991 248 1015 283
face 0.025975704193115234 991 248 1015 283
face 0.0255146324634552 991 248 1015 283
face 0.025101035833358765 991 248 1015 283
face 0.02506089210510254 991 248 1015 283
face 0.02386784553527832 991 248 1015 283
face 0.022217512130737305 991 248 1015 283
face 0.021697044372558594 991 248 1015 283
face 0.021022528409957886 991 248 1015 283
face 0.020462214946746826 991 248 1015 283
face 0.020447373390197754 991 248 1015 283
face 0.019598841667175293 991 248 1015 283
face 0.01935124397277832 991 248 1015 283
face 0.018033862113952637 991 248 1015 283
face 0.01722240447998047 991 248 1015 283
face 0.016982465982437134 991 248 1015 283
face 0.0160333514213562 991 248 1015 283
face 0.01601448655128479 991 248 1015 283
face 0.015471190214157104 991 248 1015 283
face 0.014919131994247437 991 248 1015 283
face 0.014733225107192993 991 248 1015 283
face 0.01464223861694336 991 248 1015 283
face 0.014450639486312866 991 248 1015 283
face 0.014158785343170166 991 248 1015 283
face 0.013797640800476074 991 248 1015 283
face 0.013775259256362915 991 248 1015 283
face 0.013529747724533081 991 248 1015 283
face 0.013244807720184326 991 248 1015 283
face 0.012919425964355469 991 248 1015 283
face 0.012740373611450195 991 248 1015 283
face 0.012686580419540405 991 248 1015 283
face 0.012571096420288086 991 248 1015 283
face 0.011637270450592041 991 248 1015 283
face 0.011196792125701904 991 248 1015 283
face 0.011131435632705688 991 248 1015 283
face 0.010855406522750854 991 248 1015 283
face 0.010689139366149902 991 248 1015 283
face 0.01039305329322815 991 248 1015 283
face 0.01006653904914856 991 248 1015 283
face 0.009870797395706177 991 248 1015 283
face 0.009075552225112915 991 248 1015 283
face 0.009010851383209229 991 248 1015 283
face 0.008928745985031128 991 248 1015 283
face 0.008737742900848389 991 248 1015 283
face 0.008650630712509155 991 248 1015 283
face 0.008296608924865723 991 248 1015 283
face 0.007909297943115234 991 248 1015 283
face 0.007690876722335815 991 248 1015 283
face 0.007632344961166382 991 248 1015 283
face 0.007580667734146118 991 248 1015 283
face 0.007110297679901123 991 248 1015 283
face 0.007039755582809448 991 248 1015 283
face 0.006730109453201294 991 248 1015 283
face 0.006624579429626465 991 248 1015 283
face 0.006534099578857422 991 248 1015 283
face 0.006450146436691284 991 248 1015 283
face 0.006404995918273926 991 248 1015 283
face 0.006347954273223877 991 248 1015 283
face 0.006188690662384033 991 248 1015 283
face 0.006143301725387573 991 248 1015 283
face 0.006132185459136963 991 248 1015 283
