face 0.9409692287445068 796 263 819 293
face 0.9355638027191162 629 454 659 489
face 0.9314578771591187 704 331 734 362
face 0.891775369644165 575 319 598 350
face 0.7552391290664673 529 359 549 387
face 0.6392464637756348 847 375 875 410
face 0.6171238422393799 548 450 575 484
face 0.5158421993255615 580 392 611 428
face 0.4669405221939087 580 392 611 428
face 0.44969412684440613 580 392 611 428
face 0.347135454416275 580 392 611 428
face 0.308553010225296 580 392 611 428
face 0.2480742633342743 580 392 611 428
face 0.24163571000099182 580 392 611 428
face 0.23848426342010498 580 392 611 428
face 0.2100057601928711 580 392 611 428
face 0.192503422498703 580 392 611 428
face 0.18829062581062317 580 392 611 428
face 0.1877545416355133 580 392 611 428
face 0.17724758386611938 580 392 611 428
face 0.17117905616760254 580 392 611 428
face 0.16833406686782837 580 392 611 428
face 0.14741212129592896 580 392 611 428
face 0.13638123869895935 580 392 611 428
face 0.12247160077095032 580 392 611 428
face 0.11831817030906677 580 392 611 428
face 0.11667129397392273 580 392 611 428
face 0.11129170656204224 580 392 611 428
face 0.10748624801635742 580 392 611 428
face 0.10380730032920837 580 392 611 428
face 0.10246795415878296 580 392 611 428
face 0.09518226981163025 580 392 611 428
face 0.0913117527961731 580 392 611 428
face 0.08916601538658142 580 392 611 428
face 0.08482450246810913 580 392 611 428
face 0.08389291167259216 580 392 611 428
face 0.08151492476463318 580 392 611 428
face 0.07679486274719238 580 392 611 428
face 0.07620352506637573 580 392 611 428
face 0.07041686773300171 580 392 611 428
face 0.06999307870864868 580 392 611 428
face 0.06840324401855469 580 392 611 428
face 0.06361275911331177 580 392 611 428
face 0.061354637145996094 580 392 611 428
face 0.06121116876602173 580 392 611 428
face 0.06097954511642456 580 392 611 428
face 0.055098116397857666 580 392 611 428
face 0.05452835559844971 580 392 611 428
face 0.050047367811203 580 392 611 428
face 0.049283742904663086 580 392 611 428
face 0.04638370871543884 580 392 611 428
face 0.04366767406463623 580 392 611 428
face 0.043485164642333984 580 392 611 428
face 0.04275974631309509 580 392 611 428
face 0.042657315731048584 580 392 611 428
face 0.04232749342918396 580 392 611 428
face 0.04205942153930664 580 392 611 428
face 0.04106515645980835 580 392 611 428
face 0.040114134550094604 580 392 611 428
face 0.039965927600860596 580 392 611 428
face 0.03930768370628357 580 392 611 428
face 0.038821250200271606 580 392 611 428
face 0.03864949941635132 580 392 611 428
face 0.03247392177581787 580 392 611 428
face 0.032020121812820435 580 392 611 428
face 0.03186497092247009 580 392 611 428
face 0.031367093324661255 580 392 611 428
face 0.029798120260238647 580 392 611 428
face 0.02875298261642456 580 392 611 428
face 0.027498453855514526 580 392 611 428
face 0.02658975124359131 580 392 611 428
face 0.02584901452064514 580 392 611 428
face 0.025443583726882935 580 392 611 428
face 0.025296568870544434 580 392 611 428
face 0.025166690349578857 580 392 611 428
face 0.02416566014289856 580 392 611 428
face 0.022841066122055054 580 392 611 428
face 0.022793292999267578 580 392 611 428
face 0.02263772487640381 580 392 611 428
face 0.02233022451400757 580 392 611 428
face 0.022327065467834473 580 392 611 428
face 0.022034049034118652 580 392 611 428
face 0.021596282720565796 580 392 611 428
face 0.020911455154418945 580 392 611 428
face 0.020719707012176514 580 392 611 428
face 0.020453602075576782 580 392 611 428
face 0.02022022008895874 580 392 611 428
face 0.02013269066810608 580 392 611 428
face 0.019682079553604126 580 392 611 428
face 0.01942545175552368 580 392 611 428
face 0.01914474368095398 580 392 611 428
face 0.019101470708847046 580 392 611 428
face 0.01894792914390564 580 392 611 428
face 0.018542170524597168 580 392 611 428
face 0.018525511026382446 580 392 611 428
face 0.018293917179107666 580 392 611 428
face 0.017867326736450195 580 392 611 428
face 0.01737484335899353 580 392 611 428
face 0.017359793186187744 580 392 611 428
face 0.01729479432106018 580 392 611 428
