face 0.9563632011413574 291 495 373 606
face 0.9545397758483887 620 581 708 693
face 0.0724252462387085 620 581 708 693
face 0.05270841717720032 620 581 708 693
face 0.04651021957397461 620 581 708 693
face 0.04095926880836487 620 581 708 693
face 0.03970569372177124 620 581 708 693
face 0.03660842776298523 620 581 708 693
face 0.030691832304000854 620 581 708 693
face 0.02943083643913269 620 581 708 693
face 0.024570047855377197 620 581 708 693
face 0.02414494752883911 620 581 708 693
face 0.02403557300567627 620 581 708 693
face 0.023740947246551514 620 581 708 693
face 0.02311190962791443 620 581 708 693
face 0.022340238094329834 620 581 708 693
face 0.02159571647644043 620 581 708 693
face 0.021561622619628906 620 581 708 693
face 0.020955979824066162 620 581 708 693
face 0.020644664764404297 620 581 708 693
face 0.020081281661987305 620 581 708 693
face 0.019848406314849854 620 581 708 693
face 0.019162416458129883 620 581 708 693
face 0.01899474859237671 620 581 708 693
face 0.01892140507698059 620 581 708 693
face 0.01868113875389099 620 581 708 693
face 0.018622785806655884 620 581 708 693
face 0.018153250217437744 620 581 708 693
face 0.01724112033843994 620 581 708 693
face 0.017057061195373535 620 581 708 693
face 0.01686719059944153 620 581 708 693
face 0.01683083176612854 620 581 708 693
face 0.016787588596343994 620 581 708 693
face 0.01609906554222107 620 581 708 693
face 0.01607036590576172 620 581 708 693
face 0.015904933214187622 620 581 708 693
face 0.015832334756851196 620 581 708 693
face 0.015645325183868408 620 581 708 693
face 0.015433520078659058 620 581 708 693
face 0.015386313199996948 620 581 708 693
face 0.014557957649230957 620 581 708 693
face 0.014068782329559326 620 581 708 693
face 0.01387876272201538 620 581 708 693
face 0.013744205236434937 620 581 708 693
face 0.01370355486869812 620 581 708 693
face 0.01358214020729065 620 581 708 693
face 0.012952238321304321 620 581 708 693
face 0.012568444013595581 620 581 708 693
face 0.012478828430175781 620 581 708 693
face 0.012262314558029175 620 581 708 693
face 0.01185142993927002 620 581 708 693
face 0.01155245304107666 620 581 708 693
face 0.011455178260803223 620 581 708 693
face 0.011143743991851807 620 581 708 693
face 0.010671049356460571 620 581 708 693
face 0.010361313819885254 620 581 708 693
face 0.009893953800201416 620 581 708 693
face 0.009857505559921265 620 581 708 693
face 0.009733349084854126 620 581 708 693
face 0.00961458683013916 620 581 708 693
face 0.009453058242797852 620 581 708 693
face 0.009369373321533203 620 581 708 693
face 0.00931018590927124 620 581 708 693
face 0.00914311408996582 620 581 708 693
face 0.009043246507644653 620 581 708 693
face 0.008969306945800781 620 581 708 693
face 0.008519947528839111 620 581 708 693
face 0.008469760417938232 620 581 708 693
face 0.00841909646987915 620 581 708 693
face 0.008310258388519287 620 581 708 693
face 0.008307397365570068 620 581 708 693
face 0.008275628089904785 620 581 708 693
face 0.008255213499069214 620 581 708 693
face 0.00812608003616333 620 581 708 693
face 0.007910400629043579 620 581 708 693
face 0.007722675800323486 620 581 708 693
face 0.00772172212600708 620 581 708 693
face 0.007591575384140015 620 581 708 693
face 0.007561057806015015 620 581 708 693
face 0.007501780986785889 620 581 708 693
face 0.007201641798019409 620 581 708 693
face 0.007127255201339722 620 581 708 693
face 0.007028043270111084 620 581 708 693
face 0.006895482540130615 620 581 708 693
face 0.006891369819641113 620 581 708 693
face 0.0068631768226623535 620 581 708 693
face 0.006855189800262451 620 581 708 693
face 0.006842136383056641 620 581 708 693
face 0.006776630878448486 620 581 708 693
face 0.006670922040939331 620 581 708 693
face 0.006655246019363403 620 581 708 693
face 0.006649881601333618 620 581 708 693
face 0.006615340709686279 620 581 708 693
face 0.006602257490158081 620 581 708 693
face 0.006573200225830078 620 581 708 693
face 0.006307482719421387 620 581 708 693
face 0.006270349025726318 620 581 708 693
face 0.006089925765991211 620 581 708 693
face 0.0060575008392333984 620 581 708 693
face 0.006005614995956421 620 581 708 693
