face 0.9164823889732361 479 123 522 174
face 0.8673556447029114 802 130 847 183
face 0.8403102159500122 609 111 657 163
face 0.8139785528182983 386 112 438 166
face 0.7990607023239136 673 141 713 188
face 0.641193687915802 843 68 866 101
face 0.35888659954071045 843 68 866 101
face 0.3519652187824249 843 68 866 101
face 0.32909661531448364 843 68 866 101
face 0.2898128032684326 843 68 866 101
face 0.2635344862937927 843 68 866 101
face 0.25627774000167847 843 68 866 101
face 0.22402897477149963 843 68 866 101
face 0.21491384506225586 843 68 866 101
face 0.20889541506767273 843 68 866 101
face 0.2076062262058258 843 68 866 101
face 0.2066282033920288 843 68 866 101
face 0.19452068209648132 843 68 866 101
face 0.1757679581642151 843 68 866 101
face 0.1605350375175476 843 68 866 101
face 0.14871537685394287 843 68 866 101
face 0.14848247170448303 843 68 866 101
face 0.14402279257774353 843 68 866 101
face 0.13827967643737793 843 68 866 101
face 0.1298713982105255 843 68 866 101
face 0.12814638018608093 843 68 866 101
face 0.12673026323318481 843 68 866 101
face 0.12445202469825745 843 68 866 101
face 0.12199124693870544 843 68 866 101
face 0.11779561638832092 843 68 866 101
face 0.1172151267528534 843 68 866 101
face 0.11698701977729797 843 68 866 101
face 0.11572834849357605 843 68 866 101
face 0.11161553859710693 843 68 866 101
face 0.10489827394485474 843 68 866 101
face 0.10367542505264282 843 68 866 101
face 0.1034938395023346 843 68 866 101
face 0.09996539354324341 843 68 866 101
face 0.09931516647338867 843 68 866 101
face 0.09713336825370789 843 68 866 101
face 0.09432035684585571 843 68 866 101
face 0.09399399161338806 843 68 866 101
face 0.09300225973129272 843 68 866 101
face 0.09207680821418762 843 68 866 101
face 0.09189826250076294 843 68 866 101
face 0.09064051508903503 843 68 866 101
face 0.09015399217605591 843 68 866 101
face 0.08980771899223328 843 68 866 101
face 0.08952516317367554 843 68 866 101
face 0.08881548047065735 843 68 866 101
face 0.08881077170372009 843 68 866 101
face 0.0887521505355835 843 68 866 101
face 0.08740818500518799 843 68 866 101
face 0.08648315072059631 843 68 866 101
face 0.0849771797657013 843 68 866 101
face 0.0840962827205658 843 68 866 101
face 0.07944619655609131 843 68 866 101
face 0.07889500260353088 843 68 866 101
face 0.07877296209335327 843 68 866 101
face 0.07754570245742798 843 68 866 101
face 0.0756203830242157 843 68 866 101
face 0.07473111152648926 843 68 866 101
face 0.07472842931747437 843 68 866 101
face 0.07468029856681824 843 68 866 101
face 0.07437625527381897 843 68 866 101
face 0.07271409034729004 843 68 866 101
face 0.07267752289772034 843 68 866 101
face 0.07267060875892639 843 68 866 101
face 0.0700463354587555 843 68 866 101
face 0.06932935118675232 843 68 866 101
face 0.06923803687095642 843 68 866 101
face 0.06897750496864319 843 68 866 101
face 0.06833988428115845 843 68 866 101
face 0.06814846396446228 843 68 866 101
face 0.06809291243553162 843 68 866 101
face 0.06794530153274536 843 68 866 101
face 0.06756985187530518 843 68 866 101
face 0.06546178460121155 843 68 866 101
face 0.06475570797920227 843 68 866 101
face 0.06387519836425781 843 68 866 101
face 0.06350162625312805 843 68 866 101
face 0.06199812889099121 843 68 866 101
face 0.061941295862197876 843 68 866 101
face 0.06133788824081421 843 68 866 101
face 0.061102092266082764 843 68 866 101
face 0.05991193652153015 843 68 866 101
face 0.059553444385528564 843 68 866 101
face 0.058348000049591064 843 68 866 101
face 0.05777007341384888 843 68 866 101
face 0.05755352973937988 843 68 866 101
face 0.05749791860580444 843 68 866 101
face 0.0570426881313324 843 68 866 101
face 0.055797964334487915 843 68 866 101
face 0.05522605776786804 843 68 866 101
face 0.05424293875694275 843 68 866 101
face 0.053943485021591187 843 68 866 101
face 0.05367100238800049 843 68 866 101
face 0.05330169200897217 843 68 866 101
face 0.05320891737937927 843 68 866 101
face 0.05303969979286194 843 68 866 101
