face 0.9947859644889832 435 120 480 173
face 0.9905117154121399 533 55 604 133
face 0.9381868839263916 699 65 754 133
face 0.8773944973945618 97 93 118 119
face 0.576403021812439 226 126 256 179
face 0.5182651877403259 900 49 950 148
face 0.2486191987991333 900 49 950 148
face 0.12792468070983887 900 49 950 148
face 0.12403973937034607 900 49 950 148
face 0.11813989281654358 900 49 950 148
face 0.11359629034996033 900 49 950 148
face 0.1097470223903656 900 49 950 148
face 0.0718192458152771 900 49 950 148
face 0.06301677227020264 900 49 950 148
face 0.05078965425491333 900 49 950 148
face 0.042286306619644165 900 49 950 148
face 0.037753134965896606 900 49 950 148
face 0.03342205286026001 900 49 950 148
face 0.03145793080329895 900 49 950 148
face 0.02889353036880493 900 49 950 148
face 0.025865256786346436 900 49 950 148
face 0.02367037534713745 900 49 950 148
face 0.02347394824028015 900 49 950 148
face 0.022511988878250122 900 49 950 148
face 0.022402465343475342 900 49 950 148
face 0.022400379180908203 900 49 950 148
face 0.02185097336769104 900 49 950 148
face 0.02163037657737732 900 49 950 148
face 0.01954600214958191 900 49 950 148
face 0.018995821475982666 900 49 950 148
face 0.018689721822738647 900 49 950 148
face 0.018261641263961792 900 49 950 148
face 0.01822701096534729 900 49 950 148
face 0.017527908086776733 900 49 950 148
face 0.01731395721435547 900 49 950 148
face 0.017108649015426636 900 49 950 148
face 0.01675274968147278 900 49 950 148
face 0.01632791757583618 900 49 950 148
face 0.01580178737640381 900 49 950 148
face 0.015713661909103394 900 49 950 148
face 0.01562848687171936 900 49 950 148
face 0.015596389770507812 900 49 950 148
face 0.015585452318191528 900 49 950 148
face 0.015578538179397583 900 49 950 148
face 0.015517711639404297 900 49 950 148
face 0.01543542742729187 900 49 950 148
face 0.015063077211380005 900 49 950 148
face 0.014919787645339966 900 49 950 148
face 0.014279276132583618 900 49 950 148
face 0.014169394969940186 900 49 950 148
face 0.013770341873168945 900 49 950 148
face 0.013726979494094849 900 49 950 148
face 0.013032257556915283 900 49 950 148
face 0.012676119804382324 900 49 950 148
face 0.012346625328063965 900 49 950 148
face 0.01233762502670288 900 49 950 148
face 0.01205471158027649 900 49 950 148
face 0.011998653411865234 900 49 950 148
face 0.011645913124084473 900 49 950 148
face 0.011373072862625122 900 49 950 148
face 0.011332333087921143 900 49 950 148
face 0.011156558990478516 900 49 950 148
face 0.011138737201690674 900 49 950 148
face 0.011136949062347412 900 49 950 148
face 0.01105150580406189 900 49 950 148
face 0.01092451810836792 900 49 950 148
face 0.010591059923171997 900 49 950 148
face 0.010011374950408936 900 49 950 148
face 0.01001131534576416 900 49 950 148
face 0.009604990482330322 900 49 950 148
face 0.00949057936668396 900 49 950 148
face 0.009480893611907959 900 49 950 148
face 0.009379476308822632 900 49 950 148
face 0.009245574474334717 900 49 950 148
face 0.009042233228683472 900 49 950 148
face 0.008970171213150024 900 49 950 148
face 0.008773654699325562 900 49 950 148
face 0.00870901346206665 900 49 950 148
face 0.008668899536132812 900 49 950 148
face 0.008612453937530518 900 49 950 148
face 0.008603990077972412 900 49 950 148
face 0.008510380983352661 900 49 950 148
face 0.00844612717628479 900 49 950 148
face 0.008391320705413818 900 49 950 148
face 0.008327573537826538 900 49 950 148
face 0.008252888917922974 900 49 950 148
face 0.008245408535003662 900 49 950 148
face 0.008233398199081421 900 49 950 148
face 0.008224636316299438 900 49 950 148
face 0.008176803588867188 900 49 950 148
face 0.008120447397232056 900 49 950 148
face 0.00805559754371643 900 49 950 148
face 0.00800621509552002 900 49 950 148
face 0.00797995924949646 900 49 950 148
face 0.007960110902786255 900 49 950 148
face 0.007858723402023315 900 49 950 148
face 0.007815510034561157 900 49 950 148
face 0.00753861665725708 900 49 950 148
face 0.007484227418899536 900 49 950 148
face 0.007391810417175293 900 49 950 148
