face 0.9758214354515076 283 238 342 315
face 0.8113781213760376 37 602 111 669
face 0.7815203666687012 637 486 676 553
face 0.7773400545120239 447 284 496 342
face 0.7413453459739685 791 178 864 261
face 0.6527078747749329 32 401 84 474
face 0.49635884165763855 32 401 84 474
face 0.3786962032318115 32 401 84 474
face 0.2770542800426483 32 401 84 474
face 0.23604655265808105 32 401 84 474
face 0.20014292001724243 32 401 84 474
face 0.19370508193969727 32 401 84 474
face 0.15587222576141357 32 401 84 474
face 0.1540478765964508 32 401 84 474
face 0.14914470911026 32 401 84 474
face 0.14048463106155396 32 401 84 474
face 0.11820539832115173 32 401 84 474
face 0.11777356266975403 32 401 84 474
face 0.1040840744972229 32 401 84 474
face 0.10331699252128601 32 401 84 474
face 0.09911751747131348 32 401 84 474
face 0.09550872445106506 32 401 84 474
face 0.08050501346588135 32 401 84 474
face 0.07048076391220093 32 401 84 474
face 0.06762668490409851 32 401 84 474
face 0.06555208563804626 32 401 84 474
face 0.06090781092643738 32 401 84 474
face 0.05845850706100464 32 401 84 474
face 0.057638347148895264 32 401 84 474
face 0.0564495325088501 32 401 84 474
face 0.05507025122642517 32 401 84 474
face 0.05438727140426636 32 401 84 474
face 0.05391663312911987 32 401 84 474
face 0.04518219828605652 32 401 84 474
face 0.04194515943527222 32 401 84 474
face 0.04073047637939453 32 401 84 474
face 0.04000121355056763 32 401 84 474
face 0.03996819257736206 32 401 84 474
face 0.03871002793312073 32 401 84 474
face 0.03818821907043457 32 401 84 474
face 0.036968886852264404 32 401 84 474
face 0.03624531626701355 32 401 84 474
face 0.03607335686683655 32 401 84 474
face 0.0358353853225708 32 401 84 474
face 0.03450939059257507 32 401 84 474
face 0.03441372513771057 32 401 84 474
face 0.03411465883255005 32 401 84 474
face 0.03407621383666992 32 401 84 474
face 0.033662647008895874 32 401 84 474
face 0.03303864598274231 32 401 84 474
face 0.0326257050037384 32 401 84 474
face 0.03125414252281189 32 401 84 474
face 0.03115716576576233 32 401 84 474
face 0.031142473220825195 32 401 84 474
face 0.03039202094078064 32 401 84 474
face 0.029833167791366577 32 401 84 474
face 0.02979409694671631 32 401 84 474
face 0.029329001903533936 32 401 84 474
face 0.029170095920562744 32 401 84 474
face 0.029155045747756958 32 401 84 474
face 0.028118014335632324 32 401 84 474
face 0.02794337272644043 32 401 84 474
face 0.027868270874023438 32 401 84 474
face 0.027441412210464478 32 401 84 474
face 0.027378857135772705 32 401 84 474
face 0.02722260355949402 32 401 84 474
face 0.026711761951446533 32 401 84 474
face 0.026668250560760498 32 401 84 474
face 0.026565253734588623 32 401 84 474
face 0.02643457055091858 32 401 84 474
face 0.026418685913085938 32 401 84 474
face 0.025989264249801636 32 401 84 474
face 0.02559337019920349 32 401 84 474
face 0.025248318910598755 32 401 84 474
face 0.02522486448287964 32 401 84 474
face 0.025156259536743164 32 401 84 474
face 0.025081902742385864 32 401 84 474
face 0.024232149124145508 32 401 84 474
face 0.023455709218978882 32 401 84 474
face 0.022860616445541382 32 401 84 474
face 0.022526025772094727 32 401 84 474
face 0.022480517625808716 32 401 84 474
face 0.022402554750442505 32 401 84 474
face 0.022151798009872437 32 401 84 474
face 0.022124260663986206 32 401 84 474
face 0.0215969979763031 32 401 84 474
face 0.021359294652938843 32 401 84 474
face 0.020986586809158325 32 401 84 474
face 0.02082875370979309 32 401 84 474
face 0.0208110511302948 32 401 84 474
face 0.02076241374015808 32 401 84 474
face 0.020609617233276367 32 401 84 474
face 0.020432323217391968 32 401 84 474
face 0.01994001865386963 32 401 84 474
face 0.019788146018981934 32 401 84 474
face 0.01955762505531311 32 401 84 474
face 0.019511252641677856 32 401 84 474
face 0.019362419843673706 32 401 84 474
face 0.01924470067024231 32 401 84 474
face 0.018919169902801514 32 401 84 474
