face 0.9960266351699829 442 68 495 144
face 0.9519321918487549 678 91 746 161
face 0.9341622591018677 262 59 314 114
face 0.5858950018882751 544 156 574 202
face 0.47680264711380005 544 156 574 202
face 0.2151297926902771 544 156 574 202
face 0.1675102412700653 544 156 574 202
face 0.14928817749023438 544 156 574 202
face 0.12126389145851135 544 156 574 202
face 0.11108449101448059 544 156 574 202
face 0.10580000281333923 544 156 574 202
face 0.10310730338096619 544 156 574 202
face 0.09568744897842407 544 156 574 202
face 0.08247023820877075 544 156 574 202
face 0.07961827516555786 544 156 574 202
face 0.07556131482124329 544 156 574 202
face 0.07180863618850708 544 156 574 202
face 0.06916368007659912 544 156 574 202
face 0.06832817196846008 544 156 574 202
face 0.06765937805175781 544 156 574 202
face 0.060487061738967896 544 156 574 202
face 0.05803057551383972 544 156 574 202
face 0.05647832155227661 544 156 574 202
face 0.056376755237579346 544 156 574 202
face 0.052499085664749146 544 156 574 202
face 0.05095648765563965 544 156 574 202
face 0.04874062538146973 544 156 574 202
face 0.04775500297546387 544 156 574 202
face 0.04761981964111328 544 156 574 202
face 0.04340404272079468 544 156 574 202
face 0.042957812547683716 544 156 574 202
face 0.04280954599380493 544 156 574 202
face 0.03991645574569702 544 156 574 202
face 0.03718653321266174 544 156 574 202
face 0.03646305203437805 544 156 574 202
face 0.03603813052177429 544 156 574 202
face 0.033391594886779785 544 156 574 202
face 0.031160056591033936 544 156 574 202
face 0.029781848192214966 544 156 574 202
face 0.029117047786712646 544 156 574 202
face 0.027547717094421387 544 156 574 202
face 0.027363091707229614 544 156 574 202
face 0.026059627532958984 544 156 574 202
face 0.026040703058242798 544 156 574 202
face 0.02582898736000061 544 156 574 202
face 0.02509671449661255 544 156 574 202
face 0.0232008695602417 544 156 574 202
face 0.023117661476135254 544 156 574 202
face 0.022513240575790405 544 156 574 202
face 0.021709322929382324 544 156 574 202
face 0.020948350429534912 544 156 574 202
face 0.020761072635650635 544 156 574 202
face 0.0200900137424469 544 156 574 202
face 0.019659101963043213 544 156 574 202
face 0.019354939460754395 544 156 574 202
face 0.018584907054901123 544 156 574 202
face 0.017839699983596802 544 156 574 202
face 0.017833083868026733 544 156 574 202
face 0.017446517944335938 544 156 574 202
face 0.016972333192825317 544 156 574 202
face 0.016549348831176758 544 156 574 202
face 0.016047805547714233 544 156 574 202
face 0.015586018562316895 544 156 574 202
face 0.015063226222991943 544 156 574 202
face 0.014375925064086914 544 156 574 202
face 0.01406925916671753 544 156 574 202
face 0.014066249132156372 544 156 574 202
face 0.014047622680664062 544 156 574 202
face 0.013964533805847168 544 156 574 202
face 0.013688862323760986 544 156 574 202
face 0.013605266809463501 544 156 574 202
face 0.013411194086074829 544 156 574 202
face 0.013136297464370728 544 156 574 202
face 0.012648552656173706 544 156 574 202
face 0.012590140104293823 544 156 574 202
face 0.012568056583404541 544 156 574 202
face 0.012472987174987793 544 156 574 202
face 0.012229442596435547 544 156 574 202
face 0.012139320373535156 544 156 574 202
face 0.01196664571762085 544 156 574 202
face 0.01191672682762146 544 156 574 202
face 0.011912763118743896 544 156 574 202
face 0.01189473271369934 544 156 574 202
face 0.01143065094947815 544 156 574 202
face 0.010696113109588623 544 156 574 202
face 0.010669171810150146 544 156 574 202
face 0.010623127222061157 544 156 574 202
face 0.010570287704467773 544 156 574 202
face 0.010564714670181274 544 156 574 202
face 0.010410100221633911 544 156 574 202
face 0.010278165340423584 544 156 574 202
face 0.010245203971862793 544 156 574 202
face 0.010183364152908325 544 156 574 202
face 0.010121673345565796 544 156 574 202
face 0.009933620691299438 544 156 574 202
face 0.009853631258010864 544 156 574 202
face 0.00955703854560852 544 156 574 202
face 0.009483575820922852 544 156 574 202
face 0.009387373924255371 544 156 574 202
face 0.009106308221817017 544 156 574 202
