face 0.9098227024078369 395 268 449 337
face 0.8997589945793152 700 247 761 311
face 0.8573521375656128 557 283 594 319
face 0.8292684555053711 208 202 359 395
face 0.8102686405181885 575 776 627 832
face 0.5647144317626953 0 247 67 383
face 0.35737112164497375 0 247 67 383
face 0.18352308869361877 0 247 67 383
face 0.1655098795890808 0 247 67 383
face 0.12662369012832642 0 247 67 383
face 0.1122363805770874 0 247 67 383
face 0.09543722867965698 0 247 67 383
face 0.08605208992958069 0 247 67 383
face 0.08590874075889587 0 247 67 383
face 0.06866726279258728 0 247 67 383
face 0.06286439299583435 0 247 67 383
face 0.047067344188690186 0 247 67 383
face 0.04664686322212219 0 247 67 383
face 0.044033586978912354 0 247 67 383
face 0.043705254793167114 0 247 67 383
face 0.04149731993675232 0 247 67 383
face 0.03958877921104431 0 247 67 383
face 0.034935206174850464 0 247 67 383
face 0.034101903438568115 0 247 67 383
face 0.03351658582687378 0 247 67 383
face 0.032226502895355225 0 247 67 383
face 0.03205111622810364 0 247 67 383
face 0.026955366134643555 0 247 67 383
face 0.02633845806121826 0 247 67 383
face 0.025114208459854126 0 247 67 383
face 0.025085747241973877 0 247 67 383
face 0.023674190044403076 0 247 67 383
face 0.02298852801322937 0 247 67 383
face 0.022673606872558594 0 247 67 383
face 0.021932989358901978 0 247 67 383
face 0.02104032039642334 0 247 67 383
face 0.020172029733657837 0 247 67 383
face 0.020146220922470093 0 247 67 383
face 0.019734472036361694 0 247 67 383
face 0.01835724711418152 0 247 67 383
face 0.017996132373809814 0 247 67 383
face 0.017535805702209473 0 247 67 383
face 0.017260730266571045 0 247 67 383
face 0.01611223816871643 0 247 67 383
face 0.01607528328895569 0 247 67 383
face 0.015814006328582764 0 247 67 383
face 0.015767902135849 0 247 67 383
face 0.01576372981071472 0 247 67 383
face 0.015424549579620361 0 247 67 383
face 0.014757782220840454 0 247 67 383
face 0.014483839273452759 0 247 67 383
face 0.014240235090255737 0 247 67 383
face 0.014145523309707642 0 247 67 383
face 0.013929784297943115 0 247 67 383
face 0.01377260684967041 0 247 67 383
face 0.013595551252365112 0 247 67 383
face 0.01335132122039795 0 247 67 383
face 0.012945175170898438 0 247 67 383
face 0.012809187173843384 0 247 67 383
face 0.012044817209243774 0 247 67 383
face 0.011861532926559448 0 247 67 383
face 0.01174241304397583 0 247 67 383
face 0.011707127094268799 0 247 67 383
face 0.011612683534622192 0 247 67 383
face 0.011210888624191284 0 247 67 383
face 0.011128813028335571 0 247 67 383
face 0.011102497577667236 0 247 67 383
face 0.01109585165977478 0 247 67 383
face 0.011086612939834595 0 247 67 383
face 0.011037379503250122 0 247 67 383
face 0.010974675416946411 0 247 67 383
face 0.010968267917633057 0 247 67 383
face 0.010887354612350464 0 247 67 383
face 0.010660827159881592 0 247 67 383
face 0.010378211736679077 0 247 67 383
face 0.010169446468353271 0 247 67 383
face 0.009896188974380493 0 247 67 383
face 0.00978708267211914 0 247 67 383
face 0.009720176458358765 0 247 67 383
face 0.00966942310333252 0 247 67 383
face 0.009540766477584839 0 247 67 383
face 0.009416967630386353 0 247 67 383
face 0.009408712387084961 0 247 67 383
face 0.009400516748428345 0 247 67 383
face 0.009290933609008789 0 247 67 383
face 0.009256988763809204 0 247 67 383
face 0.009211421012878418 0 247 67 383
face 0.009145200252532959 0 247 67 383
face 0.009135603904724121 0 247 67 383
face 0.008603900671005249 0 247 67 383
face 0.008575141429901123 0 247 67 383
face 0.00845155119895935 0 247 67 383
face 0.008431047201156616 0 247 67 383
face 0.008312880992889404 0 247 67 383
face 0.008174329996109009 0 247 67 383
face 0.008106708526611328 0 247 67 383
face 0.008086681365966797 0 247 67 383
face 0.008079171180725098 0 247 67 383
face 0.007919281721115112 0 247 67 383
face 0.00788891315460205 0 247 67 383
