face 0.9921953678131104 867 335 923 413
face 0.6191257238388062 760 349 805 410
face 0.507166862487793 975 292 1023 374
face 0.38869407773017883 975 292 1023 374
face 0.37019649147987366 975 292 1023 374
face 0.2694438099861145 975 292 1023 374
face 0.22107213735580444 975 292 1023 374
face 0.19872590899467468 975 292 1023 374
face 0.18412521481513977 975 292 1023 374
face 0.1547754406929016 975 292 1023 374
face 0.15353506803512573 975 292 1023 374
face 0.1369524896144867 975 292 1023 374
face 0.1355023980140686 975 292 1023 374
face 0.1331581175327301 975 292 1023 374
face 0.13223963975906372 975 292 1023 374
face 0.1228061318397522 975 292 1023 374
face 0.11848104000091553 975 292 1023 374
face 0.11531040072441101 975 292 1023 374
face 0.11186617612838745 975 292 1023 374
face 0.11074292659759521 975 292 1023 374
face 0.10407450795173645 975 292 1023 374
face 0.10279667377471924 975 292 1023 374
face 0.09627503156661987 975 292 1023 374
face 0.09568792581558228 975 292 1023 374
face 0.09538659453392029 975 292 1023 374
face 0.09443151950836182 975 292 1023 374
face 0.09374916553497314 975 292 1023 374
face 0.09254202246665955 975 292 1023 374
face 0.090823233127594 975 292 1023 374
face 0.08983829617500305 975 292 1023 374
face 0.08939024806022644 975 292 1023 374
face 0.08892151713371277 975 292 1023 374
face 0.08141273260116577 975 292 1023 374
face 0.07867497205734253 975 292 1023 374
face 0.07743853330612183 975 292 1023 374
face 0.07626599073410034 975 292 1023 374
face 0.07532396912574768 975 292 1023 374
face 0.07511821389198303 975 292 1023 374
face 0.07327455282211304 975 292 1023 374
face 0.07146921753883362 975 292 1023 374
face 0.07057955861091614 975 292 1023 374
face 0.06986960768699646 975 292 1023 374
face 0.06968322396278381 975 292 1023 374
face 0.06784740090370178 975 292 1023 374
face 0.06585490703582764 975 292 1023 374
face 0.06507372856140137 975 292 1023 374
face 0.06400343775749207 975 292 1023 374
face 0.06357067823410034 975 292 1023 374
face 0.06291422247886658 975 292 1023 374
face 0.06168338656425476 975 292 1023 374
face 0.06069833040237427 975 292 1023 374
face 0.060426682233810425 975 292 1023 374
face 0.059934794902801514 975 292 1023 374
face 0.05947604775428772 975 292 1023 374
face 0.05940619111061096 975 292 1023 374
face 0.058413684368133545 975 292 1023 374
face 0.056723564863204956 975 292 1023 374
face 0.05480062961578369 975 292 1023 374
face 0.054664045572280884 975 292 1023 374
face 0.05402642488479614 975 292 1023 374
face 0.05357310175895691 975 292 1023 374
face 0.05242335796356201 975 292 1023 374
face 0.051199525594711304 975 292 1023 374
face 0.05105084180831909 975 292 1023 374
face 0.05060353875160217 975 292 1023 374
face 0.0498180091381073 975 292 1023 374
face 0.04950717091560364 975 292 1023 374
face 0.04944688081741333 975 292 1023 374
face 0.04938885569572449 975 292 1023 374
face 0.04935547709465027 975 292 1023 374
face 0.04928886890411377 975 292 1023 374
face 0.049137651920318604 975 292 1023 374
face 0.04896792769432068 975 292 1023 374
face 0.0489429235458374 975 292 1023 374
face 0.04842275381088257 975 292 1023 374
face 0.04703021049499512 975 292 1023 374
face 0.045859694480895996 975 292 1023 374
face 0.04566234350204468 975 292 1023 374
face 0.045231640338897705 975 292 1023 374
face 0.04496580362319946 975 292 1023 374
face 0.04476812481880188 975 292 1023 374
face 0.04437115788459778 975 292 1023 374
face 0.04325902462005615 975 292 1023 374
face 0.04277727007865906 975 292 1023 374
face 0.04241499304771423 975 292 1023 374
face 0.040691494941711426 975 292 1023 374
face 0.039738744497299194 975 292 1023 374
face 0.03925645351409912 975 292 1023 374
face 0.0391119122505188 975 292 1023 374
face 0.03889787197113037 975 292 1023 374
face 0.03888508677482605 975 292 1023 374
face 0.03874996304512024 975 292 1023 374
face 0.03860411047935486 975 292 1023 374
face 0.03798970580101013 975 292 1023 374
face 0.036571621894836426 975 292 1023 374
face 0.03655877709388733 975 292 1023 374
face 0.036525189876556396 975 292 1023 374
face 0.03618159890174866 975 292 1023 374
face 0.035817623138427734 975 292 1023 374
face 0.03578859567642212 975 292 1023 374
