face 0.9979923963546753 399 27 425 59
face 0.9946145415306091 197 36 220 66
face 0.9842785596847534 939 37 962 68
face 0.9834392070770264 135 38 157 69
face 0.9744354486465454 302 38 326 68
face 0.962816596031189 765 42 787 74
face 0.9372320175170898 478 24 505 59
face 0.9043288230895996 820 48 841 78
face 0.876671552658081 9 42 32 72
face 0.8529436588287354 689 55 711 85
face 0.843988835811615 600 33 623 63
face 0.8171665668487549 85 59 110 92
face 0.6859307289123535 252 48 275 75
face 0.6082181930541992 5 0 26 23
face 0.5681746006011963 509 0 532 23
face 0.5229283571243286 607 1 628 27
face 0.4823015630245209 607 1 628 27
face 0.4616876244544983 607 1 628 27
face 0.448562890291214 607 1 628 27
face 0.39192819595336914 607 1 628 27
face 0.37515518069267273 607 1 628 27
face 0.35650700330734253 607 1 628 27
face 0.3265215754508972 607 1 628 27
face 0.27542537450790405 607 1 628 27
face 0.24938824772834778 607 1 628 27
face 0.24878749251365662 607 1 628 27
face 0.23858889937400818 607 1 628 27
face 0.23364990949630737 607 1 628 27
face 0.21382248401641846 607 1 628 27
face 0.2067587673664093 607 1 628 27
face 0.20522695779800415 607 1 628 27
face 0.18599388003349304 607 1 628 27
face 0.17964431643486023 607 1 628 27
face 0.13344934582710266 607 1 628 27
face 0.117531418800354 607 1 628 27
face 0.09968441724777222 607 1 628 27
face 0.08880016207695007 607 1 628 27
face 0.08570140600204468 607 1 628 27
face 0.06463807821273804 607 1 628 27
face 0.06283357739448547 607 1 628 27
face 0.060392528772354126 607 1 628 27
face 0.054484009742736816 607 1 628 27
face 0.052394360303878784 607 1 628 27
face 0.05068272352218628 607 1 628 27
face 0.04769816994667053 607 1 628 27
face 0.045402348041534424 607 1 628 27
face 0.04007449746131897 607 1 628 27
face 0.03395390510559082 607 1 628 27
face 0.03091442584991455 607 1 628 27
face 0.029554545879364014 607 1 628 27
face 0.028151601552963257 607 1 628 27
face 0.027478069067001343 607 1 628 27
face 0.02736419439315796 607 1 628 27
face 0.027338087558746338 607 1 628 27
face 0.02627965807914734 607 1 628 27
face 0.02462780475616455 607 1 628 27
face 0.024568557739257812 607 1 628 27
face 0.02247530221939087 607 1 628 27
face 0.022411644458770752 607 1 628 27
face 0.020725876092910767 607 1 628 27
face 0.018525242805480957 607 1 628 27
face 0.01583191752433777 607 1 628 27
face 0.015148550271987915 607 1 628 27
face 0.0150948166847229 607 1 628 27
face 0.014739543199539185 607 1 628 27
face 0.014600425958633423 607 1 628 27
face 0.014112472534179688 607 1 628 27
face 0.012662440538406372 607 1 628 27
face 0.011572539806365967 607 1 628 27
face 0.011193782091140747 607 1 628 27
face 0.010907411575317383 607 1 628 27
face 0.01085275411605835 607 1 628 27
face 0.010809451341629028 607 1 628 27
face 0.010800957679748535 607 1 628 27
face 0.010429739952087402 607 1 628 27
face 0.009974271059036255 607 1 628 27
face 0.009226888418197632 607 1 628 27
face 0.009000927209854126 607 1 628 27
face 0.008164972066879272 607 1 628 27
face 0.008138775825500488 607 1 628 27
face 0.007977306842803955 607 1 628 27
face 0.007761180400848389 607 1 628 27
face 0.0074682533740997314 607 1 628 27
face 0.007195502519607544 607 1 628 27
face 0.0070416927337646484 607 1 628 27
face 0.006854653358459473 607 1 628 27
face 0.006675899028778076 607 1 628 27
face 0.006477922201156616 607 1 628 27
face 0.006474733352661133 607 1 628 27
face 0.00630226731300354 607 1 628 27
face 0.006205499172210693 607 1 628 27
face 0.006162583827972412 607 1 628 27
face 0.005926698446273804 607 1 628 27
face 0.0058529675006866455 607 1 628 27
face 0.0057218968868255615 607 1 628 27
face 0.005643665790557861 607 1 628 27
face 0.005640506744384766 607 1 628 27
face 0.005574256181716919 607 1 628 27
face 0.0054517388343811035 607 1 628 27
face 0.005398094654083252 607 1 628 27
