face 0.9952455759048462 46 266 86 319
face 0.99058997631073 124 244 162 291
face 0.9886903762817383 276 243 315 290
face 0.9711847901344299 695 185 760 257
face 0.9194060564041138 444 221 473 257
face 0.869478166103363 579 232 645 306
face 0.6867395043373108 343 224 379 285
face 0.6484891176223755 509 219 560 279
face 0.5624301433563232 210 234 243 277
face 0.23066648840904236 210 234 243 277
face 0.12618249654769897 210 234 243 277
face 0.09571287035942078 210 234 243 277
face 0.03364074230194092 210 234 243 277
face 0.030039221048355103 210 234 243 277
face 0.02992650866508484 210 234 243 277
face 0.02641087770462036 210 234 243 277
face 0.025342434644699097 210 234 243 277
face 0.024536818265914917 210 234 243 277
face 0.02433830499649048 210 234 243 277
face 0.022756636142730713 210 234 243 277
face 0.022682487964630127 210 234 243 277
face 0.022131651639938354 210 234 243 277
face 0.022054076194763184 210 234 243 277
face 0.021960824728012085 210 234 243 277
face 0.02182847261428833 210 234 243 277
face 0.020540088415145874 210 234 243 277
face 0.019284218549728394 210 234 243 277
face 0.018891453742980957 210 234 243 277
face 0.018364310264587402 210 234 243 277
face 0.01809552311897278 210 234 243 277
face 0.017929822206497192 210 234 243 277
face 0.017284810543060303 210 234 243 277
face 0.0171719491481781 210 234 243 277
face 0.016882270574569702 210 234 243 277
face 0.016874372959136963 210 234 243 277
face 0.016773343086242676 210 234 243 277
face 0.01659083366394043 210 234 243 277
face 0.016545623540878296 210 234 243 277
face 0.01601758599281311 210 234 243 277
face 0.015711694955825806 210 234 243 277
face 0.014834463596343994 210 234 243 277
face 0.014699161052703857 210 234 243 277
face 0.014673441648483276 210 234 243 277
face 0.014489561319351196 210 234 243 277
face 0.014436215162277222 210 234 243 277
face 0.013747721910476685 210 234 243 277
face 0.013694345951080322 210 234 243 277
face 0.013551920652389526 210 234 243 277
face 0.01262366771697998 210 234 243 277
face 0.012561827898025513 210 234 243 277
face 0.01203697919845581 210 234 243 277
face 0.01189190149307251 210 234 243 277
face 0.011851668357849121 210 234 243 277
face 0.0116233229637146 210 234 243 277
face 0.010665833950042725 210 234 243 277
face 0.010630100965499878 210 234 243 277
face 0.010316461324691772 210 234 243 277
face 0.010056942701339722 210 234 243 277
face 0.009737879037857056 210 234 243 277
face 0.00955188274383545 210 234 243 277
face 0.009520471096038818 210 234 243 277
face 0.009420782327651978 210 234 243 277
face 0.009327411651611328 210 234 243 277
face 0.009322762489318848 210 234 243 277
face 0.00906902551651001 210 234 243 277
face 0.009034156799316406 210 234 243 277
face 0.008980870246887207 210 234 243 277
face 0.008731752634048462 210 234 243 277
face 0.008421659469604492 210 234 243 277
face 0.00832211971282959 210 234 243 277
face 0.008059799671173096 210 234 243 277
face 0.008027702569961548 210 234 243 277
face 0.007865935564041138 210 234 243 277
face 0.007697075605392456 210 234 243 277
face 0.007471531629562378 210 234 243 277
face 0.007377713918685913 210 234 243 277
face 0.007344067096710205 210 234 243 277
face 0.0072946250438690186 210 234 243 277
face 0.007288575172424316 210 234 243 277
face 0.007279694080352783 210 234 243 277
face 0.007205963134765625 210 234 243 277
face 0.007095038890838623 210 234 243 277
face 0.006904691457748413 210 234 243 277
face 0.0067528486251831055 210 234 243 277
face 0.0067178308963775635 210 234 243 277
face 0.006698042154312134 210 234 243 277
face 0.006659775972366333 210 234 243 277
face 0.0066031813621521 210 234 243 277
face 0.006587028503417969 210 234 243 277
face 0.006459355354309082 210 234 243 277
face 0.006445080041885376 210 234 243 277
face 0.006269007921218872 210 234 243 277
face 0.006227999925613403 210 234 243 277
face 0.006226956844329834 210 234 243 277
face 0.006151735782623291 210 234 243 277
face 0.006148874759674072 210 234 243 277
face 0.0060364603996276855 210 234 243 277
face 0.006028801202774048 210 234 243 277
face 0.005858898162841797 210 234 243 277
face 0.0058470070362091064 210 234 243 277
