face 0.9756937623023987 468 128 570 261
face 0.8931053876876831 669 470 698 504
face 0.7805200815200806 792 493 819 519
face 0.5841416716575623 132 452 156 482
face 0.2813247740268707 132 452 156 482
face 0.21273523569107056 132 452 156 482
face 0.1674996018409729 132 452 156 482
face 0.1381082832813263 132 452 156 482
face 0.12422871589660645 132 452 156 482
face 0.11786001920700073 132 452 156 482
face 0.11735847592353821 132 452 156 482
face 0.09413516521453857 132 452 156 482
face 0.09369522333145142 132 452 156 482
face 0.0869646966457367 132 452 156 482
face 0.08622533082962036 132 452 156 482
face 0.08256739377975464 132 452 156 482
face 0.08242806792259216 132 452 156 482
face 0.08193841576576233 132 452 156 482
face 0.0747348964214325 132 452 156 482
face 0.07230058312416077 132 452 156 482
face 0.06707677245140076 132 452 156 482
face 0.06362098455429077 132 452 156 482
face 0.06267911195755005 132 452 156 482
face 0.06237336993217468 132 452 156 482
face 0.06178402900695801 132 452 156 482
face 0.060890913009643555 132 452 156 482
face 0.060441434383392334 132 452 156 482
face 0.05905315279960632 132 452 156 482
face 0.05884140729904175 132 452 156 482
face 0.056784987449645996 132 452 156 482
face 0.054215848445892334 132 452 156 482
face 0.052732259035110474 132 452 156 482
face 0.050849974155426025 132 452 156 482
face 0.04825502634048462 132 452 156 482
face 0.04764363169670105 132 452 156 482
face 0.0464649498462677 132 452 156 482
face 0.046045392751693726 132 452 156 482
face 0.04522356390953064 132 452 156 482
face 0.04505506157875061 132 452 156 482
face 0.04466503858566284 132 452 156 482
face 0.04389381408691406 132 452 156 482
face 0.043725281953811646 132 452 156 482
face 0.043657153844833374 132 452 156 482
face 0.042639851570129395 132 452 156 482
face 0.03748941421508789 132 452 156 482
face 0.03636530041694641 132 452 156 482
face 0.036044806241989136 132 452 156 482
face 0.035389453172683716 132 452 156 482
face 0.03508839011192322 132 452 156 482
face 0.03499844670295715 132 452 156 482
face 0.03490146994590759 132 452 156 482
face 0.03485679626464844 132 452 156 482
face 0.034411877393722534 132 452 156 482
face 0.03436177968978882 132 452 156 482
face 0.034188300371170044 132 452 156 482
face 0.034075021743774414 132 452 156 482
face 0.03401339054107666 132 452 156 482
face 0.033907800912857056 132 452 156 482
face 0.0335555374622345 132 452 156 482
face 0.03318539261817932 132 452 156 482
face 0.03250440955162048 132 452 156 482
face 0.03245079517364502 132 452 156 482
face 0.032420068979263306 132 452 156 482
face 0.032368749380111694 132 452 156 482
face 0.03235065937042236 132 452 156 482
face 0.03201255202293396 132 452 156 482
face 0.031989216804504395 132 452 156 482
face 0.03130856156349182 132 452 156 482
face 0.031280845403671265 132 452 156 482
face 0.03071191906929016 132 452 156 482
face 0.03065246343612671 132 452 156 482
face 0.030545711517333984 132 452 156 482
face 0.030428797006607056 132 452 156 482
face 0.030270665884017944 132 452 156 482
face 0.02997004985809326 132 452 156 482
face 0.029965907335281372 132 452 156 482
face 0.02966037392616272 132 452 156 482
face 0.02959829568862915 132 452 156 482
face 0.029532194137573242 132 452 156 482
face 0.029492080211639404 132 452 156 482
face 0.028956443071365356 132 452 156 482
face 0.027924805879592896 132 452 156 482
face 0.027793586254119873 132 452 156 482
face 0.027752339839935303 132 452 156 482
face 0.02769303321838379 132 452 156 482
face 0.027010202407836914 132 452 156 482
face 0.02700185775756836 132 452 156 482
face 0.026792526245117188 132 452 156 482
face 0.02678084373474121 132 452 156 482
face 0.026454955339431763 132 452 156 482
face 0.026269495487213135 132 452 156 482
face 0.025935202836990356 132 452 156 482
face 0.025645285844802856 132 452 156 482
face 0.025565415620803833 132 452 156 482
face 0.025423765182495117 132 452 156 482
face 0.025267958641052246 132 452 156 482
face 0.025237679481506348 132 452 156 482
face 0.025175809860229492 132 452 156 482
face 0.024904191493988037 132 452 156 482
face 0.024858593940734863 132 452 156 482
