face 0.9824122190475464 284 116 310 143
face 0.9278820753097534 675 67 704 100
face 0.8527568578720093 624 121 641 142
face 0.6917591094970703 475 44 495 71
face 0.4711851477622986 475 44 495 71
face 0.33294227719306946 475 44 495 71
face 0.3319806456565857 475 44 495 71
face 0.25222814083099365 475 44 495 71
face 0.2167435884475708 475 44 495 71
face 0.21547743678092957 475 44 495 71
face 0.19281432032585144 475 44 495 71
face 0.16715511679649353 475 44 495 71
face 0.1614147424697876 475 44 495 71
face 0.14725348353385925 475 44 495 71
face 0.13994479179382324 475 44 495 71
face 0.1381969451904297 475 44 495 71
face 0.13760468363761902 475 44 495 71
face 0.13581055402755737 475 44 495 71
face 0.10352647304534912 475 44 495 71
face 0.10075363516807556 475 44 495 71
face 0.09312599897384644 475 44 495 71
face 0.08930611610412598 475 44 495 71
face 0.0882347822189331 475 44 495 71
face 0.08325397968292236 475 44 495 71
face 0.08243796229362488 475 44 495 71
face 0.08056849241256714 475 44 495 71
face 0.07755327224731445 475 44 495 71
face 0.07573738694190979 475 44 495 71
face 0.07569694519042969 475 44 495 71
face 0.07251137495040894 475 44 495 71
face 0.06946158409118652 475 44 495 71
face 0.06332769989967346 475 44 495 71
face 0.06093919277191162 475 44 495 71
face 0.058703869581222534 475 44 495 71
face 0.057869523763656616 475 44 495 71
face 0.05743327736854553 475 44 495 71
face 0.05653369426727295 475 44 495 71
face 0.05633708834648132 475 44 495 71
face 0.05451187491416931 475 44 495 71
face 0.05439150333404541 475 44 495 71
face 0.0537409782409668 475 44 495 71
face 0.05352222919464111 475 44 495 71
face 0.04890298843383789 475 44 495 71
face 0.048204660415649414 475 44 495 71
face 0.04659169912338257 475 44 495 71
face 0.04539051651954651 475 44 495 71
face 0.044689059257507324 475 44 495 71
face 0.04401487112045288 475 44 495 71
face 0.04257193207740784 475 44 495 71
face 0.04227614402770996 475 44 495 71
face 0.04116535186767578 475 44 495 71
face 0.04067555069923401 475 44 495 71
face 0.040190815925598145 475 44 495 71
face 0.03958684206008911 475 44 495 71
face 0.039184242486953735 475 44 495 71
face 0.037761390209198 475 44 495 71
face 0.03672519326210022 475 44 495 71
face 0.035980403423309326 475 44 495 71
face 0.03523340821266174 475 44 495 71
face 0.032502055168151855 475 44 495 71
face 0.030882984399795532 475 44 495 71
face 0.030827045440673828 475 44 495 71
face 0.030130058526992798 475 44 495 71
face 0.029157161712646484 475 44 495 71
face 0.029024094343185425 475 44 495 71
face 0.028892219066619873 475 44 495 71
face 0.028655022382736206 475 44 495 71
face 0.028456032276153564 475 44 495 71
face 0.02802640199661255 475 44 495 71
face 0.027450144290924072 475 44 495 71
face 0.027219682931900024 475 44 495 71
face 0.027065306901931763 475 44 495 71
face 0.026373177766799927 475 44 495 71
face 0.02622559666633606 475 44 495 71
face 0.02615794539451599 475 44 495 71
face 0.02594408392906189 475 44 495 71
face 0.02579939365386963 475 44 495 71
face 0.02526828646659851 475 44 495 71
face 0.02416127920150757 475 44 495 71
face 0.023896485567092896 475 44 495 71
face 0.023849397897720337 475 44 495 71
face 0.023354530334472656 475 44 495 71
face 0.022701174020767212 475 44 495 71
face 0.02235206961631775 475 44 495 71
face 0.0205838680267334 475 44 495 71
face 0.020482778549194336 475 44 495 71
face 0.019895434379577637 475 44 495 71
face 0.019534766674041748 475 44 495 71
face 0.01936519145965576 475 44 495 71
face 0.01925089955329895 475 44 495 71
face 0.018550217151641846 475 44 495 71
face 0.01816868782043457 475 44 495 71
face 0.018061459064483643 475 44 495 71
face 0.01805517077445984 475 44 495 71
face 0.01771533489227295 475 44 495 71
face 0.017238646745681763 475 44 495 71
face 0.01668068766593933 475 44 495 71
face 0.015991002321243286 475 44 495 71
face 0.01557573676109314 475 44 495 71
face 0.015251725912094116 475 44 495 71
