face 0.9720888137817383 554 173 652 305
face 0.8799325227737427 67 263 98 306
face 0.7823870182037354 331 199 399 292
face 0.6480740308761597 888 252 926 315
face 0.5622154474258423 21 261 45 305
face 0.45925232768058777 21 261 45 305
face 0.42381706833839417 21 261 45 305
face 0.4162251651287079 21 261 45 305
face 0.3356199264526367 21 261 45 305
face 0.2745184302330017 21 261 45 305
face 0.17296314239501953 21 261 45 305
face 0.14549648761749268 21 261 45 305
face 0.11775213479995728 21 261 45 305
face 0.08014383912086487 21 261 45 305
face 0.07720279693603516 21 261 45 305
face 0.06787323951721191 21 261 45 305
face 0.06585526466369629 21 261 45 305
face 0.0651865303516388 21 261 45 305
face 0.06084290146827698 21 261 45 305
face 0.057873934507369995 21 261 45 305
face 0.05615398287773132 21 261 45 305
face 0.051492542028427124 21 261 45 305
face 0.04854431748390198 21 261 45 305
face 0.0418550968170166 21 261 45 305
face 0.03958481550216675 21 261 45 305
face 0.03866896033287048 21 261 45 305
face 0.036006778478622437 21 261 45 305
face 0.0327572226524353 21 261 45 305
face 0.03225794434547424 21 261 45 305
face 0.03147771954536438 21 261 45 305
face 0.031351715326309204 21 261 45 305
face 0.029949486255645752 21 261 45 305
face 0.02991291880607605 21 261 45 305
face 0.02848106622695923 21 261 45 305
face 0.028337091207504272 21 261 45 305
face 0.02783435583114624 21 261 45 305
face 0.026831895112991333 21 261 45 305
face 0.026730775833129883 21 261 45 305
face 0.02614530920982361 21 261 45 305
face 0.025397419929504395 21 261 45 305
face 0.024999797344207764 21 261 45 305
face 0.023589789867401123 21 261 45 305
face 0.023389160633087158 21 261 45 305
face 0.02311113476753235 21 261 45 305
face 0.022111475467681885 21 261 45 305
face 0.021252363920211792 21 261 45 305
face 0.021202445030212402 21 261 45 305
face 0.020656824111938477 21 261 45 305
face 0.020645976066589355 21 261 45 305
face 0.02058345079421997 21 261 45 305
face 0.020029217004776 21 261 45 305
face 0.01957547664642334 21 261 45 305
face 0.019526958465576172 21 261 45 305
face 0.019384413957595825 21 261 45 305
face 0.019310206174850464 21 261 45 305
face 0.017034947872161865 21 261 45 305
face 0.01703035831451416 21 261 45 305
face 0.01692548394203186 21 261 45 305
face 0.01669171452522278 21 261 45 305
face 0.016367673873901367 21 261 45 305
face 0.016343653202056885 21 261 45 305
face 0.01599976420402527 21 261 45 305
face 0.015766561031341553 21 261 45 305
face 0.015620112419128418 21 261 45 305
face 0.015302211046218872 21 261 45 305
face 0.015104413032531738 21 261 45 305
face 0.015084594488143921 21 261 45 305
face 0.014829665422439575 21 261 45 305
face 0.013579517602920532 21 261 45 305
face 0.01336437463760376 21 261 45 305
face 0.013309299945831299 21 261 45 305
face 0.012933611869812012 21 261 45 305
face 0.012734293937683105 21 261 45 305
face 0.012732625007629395 21 261 45 305
face 0.012575328350067139 21 261 45 305
face 0.012531012296676636 21 261 45 305
face 0.01228344440460205 21 261 45 305
face 0.012270838022232056 21 261 45 305
face 0.012223243713378906 21 261 45 305
face 0.01206943392753601 21 261 45 305
face 0.011981666088104248 21 261 45 305
face 0.011710137128829956 21 261 45 305
face 0.011612266302108765 21 261 45 305
face 0.011487990617752075 21 261 45 305
face 0.011449277400970459 21 261 45 305
face 0.011061161756515503 21 261 45 305
face 0.010959148406982422 21 261 45 305
face 0.010922402143478394 21 261 45 305
face 0.010913938283920288 21 261 45 305
face 0.010787218809127808 21 261 45 305
face 0.01074516773223877 21 261 45 305
face 0.01073920726776123 21 261 45 305
face 0.010492116212844849 21 261 45 305
face 0.010335922241210938 21 261 45 305
face 0.01030990481376648 21 261 45 305
face 0.010302752256393433 21 261 45 305
face 0.010211706161499023 21 261 45 305
face 0.010140717029571533 21 261 45 305
face 0.010059863328933716 21 261 45 305
face 0.010056525468826294 21 261 45 305
