face 0.9697823524475098 633 1183 658 1219
face 0.9641476273536682 170 1088 204 1125
face 0.8816671371459961 544 1137 574 1183
face 0.8813759088516235 75 1067 115 1114
face 0.7831807732582092 718 1192 743 1225
face 0.5656743049621582 377 1108 408 1152
face 0.5555285215377808 933 1253 958 1280
face 0.4218474328517914 933 1253 958 1280
face 0.23487240076065063 933 1253 958 1280
face 0.22361350059509277 933 1253 958 1280
face 0.19529998302459717 933 1253 958 1280
face 0.168096661567688 933 1253 958 1280
face 0.11324456334114075 933 1253 958 1280
face 0.08371037244796753 933 1253 958 1280
face 0.08038404583930969 933 1253 958 1280
face 0.07961201667785645 933 1253 958 1280
face 0.07245448231697083 933 1253 958 1280
face 0.07076090574264526 933 1253 958 1280
face 0.04610872268676758 933 1253 958 1280
face 0.040114402770996094 933 1253 958 1280
face 0.0400145947933197 933 1253 958 1280
face 0.03510043025016785 933 1253 958 1280
face 0.03434237837791443 933 1253 958 1280
face 0.034261077642440796 933 1253 958 1280
face 0.027845323085784912 933 1253 958 1280
face 0.024393022060394287 933 1253 958 1280
face 0.022169172763824463 933 1253 958 1280
face 0.01895323395729065 933 1253 958 1280
face 0.018221765756607056 933 1253 958 1280
face 0.014902979135513306 933 1253 958 1280
face 0.014439761638641357 933 1253 958 1280
face 0.014367789030075073 933 1253 958 1280
face 0.011431634426116943 933 1253 958 1280
face 0.010473042726516724 933 1253 958 1280
face 0.010455965995788574 933 1253 958 1280
face 0.010450661182403564 933 1253 958 1280
face 0.0101851224899292 933 1253 958 1280
face 0.010017633438110352 933 1253 958 1280
face 0.009560704231262207 933 1253 958 1280
face 0.009127557277679443 933 1253 958 1280
face 0.008445918560028076 933 1253 958 1280
face 0.008003294467926025 933 1253 958 1280
face 0.007451176643371582 933 1253 958 1280
face 0.0071759819984436035 933 1253 958 1280
face 0.007080525159835815 933 1253 958 1280
face 0.006772130727767944 933 1253 958 1280
face 0.006722509860992432 933 1253 958 1280
face 0.0067105889320373535 933 1253 958 1280
face 0.006663650274276733 933 1253 958 1280
face 0.006635904312133789 933 1253 958 1280
face 0.006613969802856445 933 1253 958 1280
face 0.006540268659591675 933 1253 958 1280
face 0.0064487457275390625 933 1253 958 1280
face 0.005899399518966675 933 1253 958 1280
face 0.005793243646621704 933 1253 958 1280
face 0.005671977996826172 933 1253 958 1280
face 0.005334675312042236 933 1253 958 1280
face 0.005315989255905151 933 1253 958 1280
face 0.005254775285720825 933 1253 958 1280
face 0.004754245281219482 933 1253 958 1280
face 0.00470888614654541 933 1253 958 1280
face 0.004498392343521118 933 1253 958 1280
face 0.004482746124267578 933 1253 958 1280
face 0.004420936107635498 933 1253 958 1280
face 0.004414886236190796 933 1253 958 1280
face 0.004408657550811768 933 1253 958 1280
face 0.004225701093673706 933 1253 958 1280
face 0.004218637943267822 933 1253 958 1280
face 0.004102051258087158 933 1253 958 1280
face 0.003957927227020264 933 1253 958 1280
face 0.0038547515869140625 933 1253 958 1280
face 0.0037488937377929688 933 1253 958 1280
face 0.0036191046237945557 933 1253 958 1280
face 0.003605782985687256 933 1253 958 1280
face 0.0035949647426605225 933 1253 958 1280
face 0.003536015748977661 933 1253 958 1280
face 0.0035355687141418457 933 1253 958 1280
face 0.0034897029399871826 933 1253 958 1280
face 0.003459364175796509 933 1253 958 1280
face 0.0034563541412353516 933 1253 958 1280
face 0.003451436758041382 933 1253 958 1280
face 0.0034452080726623535 933 1253 958 1280
face 0.0034061968326568604 933 1253 958 1280
face 0.0033791661262512207 933 1253 958 1280
face 0.003372490406036377 933 1253 958 1280
face 0.0033131837844848633 933 1253 958 1280
face 0.0032875537872314453 933 1253 958 1280
face 0.0032311975955963135 933 1253 958 1280
face 0.003016531467437744 933 1253 958 1280
face 0.0030140578746795654 933 1253 958 1280
face 0.0029906034469604492 933 1253 958 1280
face 0.0029509365558624268 933 1253 958 1280
face 0.0029438138008117676 933 1253 958 1280
face 0.00293047446757555 933 1253 958 1280
face 0.002879321575164795 933 1253 958 1280
face 0.0028663277626037598 933 1253 958 1280
face 0.002840399742126465 933 1253 958 1280
face 0.0028208792209625244 933 1253 958 1280
face 0.0028038620948791504 933 1253 958 1280
face 0.0027912259101867676 933 1253 958 1280
