face 0.7568691968917847 185 86 218 137
face 0.6817497611045837 612 267 638 297
face 0.6593597531318665 632 349 681 406
face 0.5176788568496704 663 293 695 326
face 0.472660094499588 663 293 695 326
face 0.4401093125343323 663 293 695 326
face 0.4085196554660797 663 293 695 326
face 0.39174550771713257 663 293 695 326
face 0.3408393859863281 663 293 695 326
face 0.2731330394744873 663 293 695 326
face 0.180128276348114 663 293 695 326
face 0.14425909519195557 663 293 695 326
face 0.13657090067863464 663 293 695 326
face 0.13495483994483948 663 293 695 326
face 0.13109850883483887 663 293 695 326
face 0.12588322162628174 663 293 695 326
face 0.1256796419620514 663 293 695 326
face 0.12219980359077454 663 293 695 326
face 0.12205648422241211 663 293 695 326
face 0.10498031973838806 663 293 695 326
face 0.09557998180389404 663 293 695 326
face 0.09114894270896912 663 293 695 326
face 0.08489987254142761 663 293 695 326
face 0.08040720224380493 663 293 695 326
face 0.07833883166313171 663 293 695 326
face 0.07792097330093384 663 293 695 326
face 0.07756724953651428 663 293 695 326
face 0.07575944066047668 663 293 695 326
face 0.07531365752220154 663 293 695 326
face 0.07472890615463257 663 293 695 326
face 0.07401925325393677 663 293 695 326
face 0.07377976179122925 663 293 695 326
face 0.07345831394195557 663 293 695 326
face 0.07330009341239929 663 293 695 326
face 0.07184040546417236 663 293 695 326
face 0.06919080018997192 663 293 695 326
face 0.06869569420814514 663 293 695 326
face 0.0643773078918457 663 293 695 326
face 0.06365105509757996 663 293 695 326
face 0.06353592872619629 663 293 695 326
face 0.06260257959365845 663 293 695 326
face 0.06247398257255554 663 293 695 326
face 0.06057703495025635 663 293 695 326
face 0.06003597378730774 663 293 695 326
face 0.054677218198776245 663 293 695 326
face 0.05397334694862366 663 293 695 326
face 0.05304831266403198 663 293 695 326
face 0.05231371521949768 663 293 695 326
face 0.05151009559631348 663 293 695 326
face 0.05098053812980652 663 293 695 326
face 0.05001300573348999 663 293 695 326
face 0.04932329058647156 663 293 695 326
face 0.04885151982307434 663 293 695 326
face 0.04872807860374451 663 293 695 326
face 0.048556745052337646 663 293 695 326
face 0.048340678215026855 663 293 695 326
face 0.0470336377620697 663 293 695 326
face 0.04557386040687561 663 293 695 326
face 0.04475167393684387 663 293 695 326
face 0.04416799545288086 663 293 695 326
face 0.043942153453826904 663 293 695 326
face 0.0431860089302063 663 293 695 326
face 0.042812347412109375 663 293 695 326
face 0.04165765643119812 663 293 695 326
face 0.04150465130805969 663 293 695 326
face 0.04141736030578613 663 293 695 326
face 0.04113715887069702 663 293 695 326
face 0.04092082381248474 663 293 695 326
face 0.04079437255859375 663 293 695 326
face 0.04055950045585632 663 293 695 326
face 0.03988569974899292 663 293 695 326
face 0.039832085371017456 663 293 695 326
face 0.03966006636619568 663 293 695 326
face 0.0383182168006897 663 293 695 326
face 0.038024067878723145 663 293 695 326
face 0.03795608878135681 663 293 695 326
face 0.03701886534690857 663 293 695 326
face 0.03693768382072449 663 293 695 326
face 0.03640645742416382 663 293 695 326
face 0.03596004843711853 663 293 695 326
face 0.035906195640563965 663 293 695 326
face 0.035459309816360474 663 293 695 326
face 0.03530523180961609 663 293 695 326
face 0.035161614418029785 663 293 695 326
face 0.03510785102844238 663 293 695 326
face 0.03501519560813904 663 293 695 326
face 0.03422188758850098 663 293 695 326
face 0.03413873910903931 663 293 695 326
face 0.03359365463256836 663 293 695 326
face 0.03293290734291077 663 293 695 326
face 0.03263285756111145 663 293 695 326
face 0.0323067307472229 663 293 695 326
face 0.03229200839996338 663 293 695 326
face 0.03189012408256531 663 293 695 326
face 0.031868696212768555 663 293 695 326
face 0.03133079409599304 663 293 695 326
face 0.03122308850288391 663 293 695 326
face 0.03110557794570923 663 293 695 326
face 0.031040489673614502 663 293 695 326
face 0.03085145354270935 663 293 695 326
