face 0.9818374514579773 198 360 220 387
face 0.6584895253181458 441 329 466 361
face 0.649226188659668 144 356 165 384
face 0.6031534671783447 824 346 850 394
face 0.5579657554626465 749 306 776 339
face 0.4998229444026947 749 306 776 339
face 0.46030619740486145 749 306 776 339
face 0.3268059492111206 749 306 776 339
face 0.30897682905197144 749 306 776 339
face 0.2860422134399414 749 306 776 339
face 0.1888885796070099 749 306 776 339
face 0.17689865827560425 749 306 776 339
face 0.14966240525245667 749 306 776 339
face 0.14653316140174866 749 306 776 339
face 0.11442387104034424 749 306 776 339
face 0.1059424877166748 749 306 776 339
face 0.1017962098121643 749 306 776 339
face 0.09688806533813477 749 306 776 339
face 0.09645533561706543 749 306 776 339
face 0.09513098001480103 749 306 776 339
face 0.08646798133850098 749 306 776 339
face 0.08370169997215271 749 306 776 339
face 0.07646483182907104 749 306 776 339
face 0.0742739737033844 749 306 776 339
face 0.07157787680625916 749 306 776 339
face 0.053529202938079834 749 306 776 339
face 0.04922041296958923 749 306 776 339
face 0.04507184028625488 749 306 776 339
face 0.043983399868011475 749 306 776 339
face 0.040786564350128174 749 306 776 339
face 0.03851461410522461 749 306 776 339
face 0.034541428089141846 749 306 776 339
face 0.03215903043746948 749 306 776 339
face 0.030209720134735107 749 306 776 339
face 0.028975218534469604 749 306 776 339
face 0.025719374418258667 749 306 776 339
face 0.025318920612335205 749 306 776 339
face 0.02479580044746399 749 306 776 339
face 0.02325078845024109 749 306 776 339
face 0.02241605520248413 749 306 776 339
face 0.021672427654266357 749 306 776 339
face 0.021166622638702393 749 306 776 339
face 0.020913511514663696 749 306 776 339
face 0.02003610134124756 749 306 776 339
face 0.019501715898513794 749 306 776 339
face 0.019201457500457764 749 306 776 339
face 0.01904413104057312 749 306 776 339
face 0.016484379768371582 749 306 776 339
face 0.01579385995864868 749 306 776 339
face 0.015781760215759277 749 306 776 339
face 0.015287339687347412 749 306 776 339
face 0.01503792405128479 749 306 776 339
face 0.01498401165008545 749 306 776 339
face 0.014674633741378784 749 306 776 339
face 0.014329284429550171 749 306 776 339
face 0.013993561267852783 749 306 776 339
face 0.01325485110282898 749 306 776 339
face 0.013236552476882935 749 306 776 339
face 0.013227224349975586 749 306 776 339
face 0.013029098510742188 749 306 776 339
face 0.012341976165771484 749 306 776 339
face 0.011959373950958252 749 306 776 339
face 0.011895030736923218 749 306 776 339
face 0.01152956485748291 749 306 776 339
face 0.011146783828735352 749 306 776 339
face 0.011099815368652344 749 306 776 339
face 0.01103276014328003 749 306 776 339
face 0.01098942756652832 749 306 776 339
face 0.010811805725097656 749 306 776 339
face 0.010575085878372192 749 306 776 339
face 0.010383695363998413 749 306 776 339
face 0.010220468044281006 749 306 776 339
face 0.01021885871887207 749 306 776 339
face 0.010103493928909302 749 306 776 339
face 0.009840607643127441 749 306 776 339
face 0.009820014238357544 749 306 776 339
face 0.009682983160018921 749 306 776 339
face 0.009659022092819214 749 306 776 339
face 0.009296685457229614 749 306 776 339
face 0.009112447500228882 749 306 776 339
face 0.00871431827545166 749 306 776 339
face 0.008422106504440308 749 306 776 339
face 0.0083065927028656 749 306 776 339
face 0.008211880922317505 749 306 776 339
face 0.008148044347763062 749 306 776 339
face 0.007993578910827637 749 306 776 339
face 0.007910668849945068 749 306 776 339
face 0.007872253656387329 749 306 776 339
face 0.007471352815628052 749 306 776 339
face 0.0074017345905303955 749 306 776 339
face 0.007332354784011841 749 306 776 339
face 0.007302761077880859 749 306 776 339
face 0.0072380900382995605 749 306 776 339
face 0.007228076457977295 749 306 776 339
face 0.006960630416870117 749 306 776 339
face 0.006960570812225342 749 306 776 339
face 0.006716877222061157 749 306 776 339
face 0.006682336330413818 749 306 776 339
face 0.006462007761001587 749 306 776 339
face 0.006326347589492798 749 306 776 339
