face 0.9956942796707153 940 163 966 205
face 0.9253973960876465 800 199 821 231
face 0.8258308172225952 196 194 214 215
face 0.8206626176834106 469 169 488 200
face 0.6546420454978943 421 177 442 210
face 0.6477240920066833 601 150 620 180
face 0.6376996040344238 737 141 756 171
face 0.5620366334915161 287 240 306 263
face 0.5015231370925903 256 119 277 143
face 0.4868246018886566 256 119 277 143
face 0.4821934103965759 256 119 277 143
face 0.46575474739074707 256 119 277 143
face 0.45621660351753235 256 119 277 143
face 0.454593688249588 256 119 277 143
face 0.39426589012145996 256 119 277 143
face 0.3543628454208374 256 119 277 143
face 0.3277972340583801 256 119 277 143
face 0.31059491634368896 256 119 277 143
face 0.30358362197875977 256 119 277 143
face 0.28909537196159363 256 119 277 143
face 0.28416961431503296 256 119 277 143
face 0.2832358777523041 256 119 277 143
face 0.2821558713912964 256 119 277 143
face 0.21939301490783691 256 119 277 143
face 0.1880568563938141 256 119 277 143
face 0.16975563764572144 256 119 277 143
face 0.16972893476486206 256 119 277 143
face 0.1596071422100067 256 119 277 143
face 0.15873518586158752 256 119 277 143
face 0.1487966775894165 256 119 277 143
face 0.14779233932495117 256 119 277 143
face 0.14287397265434265 256 119 277 143
face 0.13908231258392334 256 119 277 143
face 0.13106954097747803 256 119 277 143
face 0.1296291947364807 256 119 277 143
face 0.12550464272499084 256 119 277 143
face 0.12357059121131897 256 119 277 143
face 0.11928516626358032 256 119 277 143
face 0.11678251624107361 256 119 277 143
face 0.11095637083053589 256 119 277 143
face 0.11068585515022278 256 119 277 143
face 0.10649645328521729 256 119 277 143
face 0.1018809974193573 256 119 277 143
face 0.09820368885993958 256 119 277 143
face 0.09261518716812134 256 119 277 143
face 0.09102991223335266 256 119 277 143
face 0.08649906516075134 256 119 277 143
face 0.08574548363685608 256 119 277 143
face 0.08430120348930359 256 119 277 143
face 0.07886350154876709 256 119 277 143
face 0.07854950428009033 256 119 277 143
face 0.07816442847251892 256 119 277 143
face 0.07651954889297485 256 119 277 143
face 0.0764167308807373 256 119 277 143
face 0.07338273525238037 256 119 277 143
face 0.0679791271686554 256 119 277 143
face 0.06620892882347107 256 119 277 143
face 0.05814364552497864 256 119 277 143
face 0.056160032749176025 256 119 277 143
face 0.05577075481414795 256 119 277 143
face 0.05535033345222473 256 119 277 143
face 0.04911714792251587 256 119 277 143
face 0.046315521001815796 256 119 277 143
face 0.04457196593284607 256 119 277 143
face 0.04390650987625122 256 119 277 143
face 0.043209344148635864 256 119 277 143
face 0.04240599274635315 256 119 277 143
face 0.041488438844680786 256 119 277 143
face 0.038335561752319336 256 119 277 143
face 0.03814101219177246 256 119 277 143
face 0.036546409130096436 256 119 277 143
face 0.03498700261116028 256 119 277 143
face 0.03483462333679199 256 119 277 143
face 0.03426358103752136 256 119 277 143
face 0.034012287855148315 256 119 277 143
face 0.03396061062812805 256 119 277 143
face 0.03385007381439209 256 119 277 143
face 0.033432573080062866 256 119 277 143
face 0.030593425035476685 256 119 277 143
face 0.030497461557388306 256 119 277 143
face 0.029064446687698364 256 119 277 143
face 0.028799086809158325 256 119 277 143
face 0.028206318616867065 256 119 277 143
face 0.027703464031219482 256 119 277 143
face 0.027586370706558228 256 119 277 143
face 0.02718934416770935 256 119 277 143
face 0.02692905068397522 256 119 277 143
face 0.02673560380935669 256 119 277 143
face 0.025805294513702393 256 119 277 143
face 0.025166362524032593 256 119 277 143
face 0.023382514715194702 256 119 277 143
face 0.023146778345108032 256 119 277 143
face 0.022935599088668823 256 119 277 143
face 0.022819101810455322 256 119 277 143
face 0.02203267812728882 256 119 277 143
face 0.02178347110748291 256 119 277 143
face 0.02112773060798645 256 119 277 143
face 0.020924299955368042 256 119 277 143
face 0.020827263593673706 256 119 277 143
face 0.020722538232803345 256 119 277 143
