face 0.9979556202888489 132 324 167 367
face 0.9976409673690796 434 318 478 385
face 0.9776059985160828 53 293 88 330
face 0.9484133720397949 742 438 798 488
face 0.8974597454071045 611 342 654 393
face 0.8137214183807373 255 315 298 371
face 0.6543750762939453 684 140 692 152
face 0.6498830914497375 0 315 21 347
face 0.4357587695121765 0 315 21 347
face 0.4230261445045471 0 315 21 347
face 0.37216442823410034 0 315 21 347
face 0.36681002378463745 0 315 21 347
face 0.34742873907089233 0 315 21 347
face 0.3185034990310669 0 315 21 347
face 0.19593316316604614 0 315 21 347
face 0.1729905903339386 0 315 21 347
face 0.12333798408508301 0 315 21 347
face 0.10519912838935852 0 315 21 347
face 0.10348525643348694 0 315 21 347
face 0.10278269648551941 0 315 21 347
face 0.09588754177093506 0 315 21 347
face 0.08693620562553406 0 315 21 347
face 0.07540670037269592 0 315 21 347
face 0.0706033706665039 0 315 21 347
face 0.0650479793548584 0 315 21 347
face 0.0639525055885315 0 315 21 347
face 0.06380105018615723 0 315 21 347
face 0.06358861923217773 0 315 21 347
face 0.06230327486991882 0 315 21 347
face 0.061620503664016724 0 315 21 347
face 0.059917598962783813 0 315 21 347
face 0.049415796995162964 0 315 21 347
face 0.04591861367225647 0 315 21 347
face 0.044280558824539185 0 315 21 347
face 0.04292416572570801 0 315 21 347
face 0.03705146908760071 0 315 21 347
face 0.034776896238327026 0 315 21 347
face 0.03453180193901062 0 315 21 347
face 0.034254103899002075 0 315 21 347
face 0.03346896171569824 0 315 21 347
face 0.03337636590003967 0 315 21 347
face 0.03193435072898865 0 315 21 347
face 0.030458807945251465 0 315 21 347
face 0.02778005599975586 0 315 21 347
face 0.027024388313293457 0 315 21 347
face 0.02683478593826294 0 315 21 347
face 0.025927573442459106 0 315 21 347
face 0.025725066661834717 0 315 21 347
face 0.025721579790115356 0 315 21 347
face 0.025074541568756104 0 315 21 347
face 0.025015175342559814 0 315 21 347
face 0.024659395217895508 0 315 21 347
face 0.024459004402160645 0 315 21 347
face 0.023539334535598755 0 315 21 347
face 0.02185240387916565 0 315 21 347
face 0.021572142839431763 0 315 21 347
face 0.01996159553527832 0 315 21 347
face 0.019726574420928955 0 315 21 347
face 0.019699037075042725 0 315 21 347
face 0.01964554190635681 0 315 21 347
face 0.019530773162841797 0 315 21 347
face 0.01872152090072632 0 315 21 347
face 0.018700629472732544 0 315 21 347
face 0.018168747425079346 0 315 21 347
face 0.017770707607269287 0 315 21 347
face 0.017593055963516235 0 315 21 347
face 0.017507970333099365 0 315 21 347
face 0.017421185970306396 0 315 21 347
face 0.016847431659698486 0 315 21 347
face 0.016742318868637085 0 315 21 347
face 0.01651778817176819 0 315 21 347
face 0.01612737774848938 0 315 21 347
face 0.015726417303085327 0 315 21 347
face 0.015653282403945923 0 315 21 347
face 0.015511482954025269 0 315 21 347
face 0.015126287937164307 0 315 21 347
face 0.014650225639343262 0 315 21 347
face 0.013758480548858643 0 315 21 347
face 0.013374567031860352 0 315 21 347
face 0.013325661420822144 0 315 21 347
face 0.01303941011428833 0 315 21 347
face 0.013004153966903687 0 315 21 347
face 0.012858867645263672 0 315 21 347
face 0.012763381004333496 0 315 21 347
face 0.012500792741775513 0 315 21 347
face 0.011939465999603271 0 315 21 347
face 0.011800020933151245 0 315 21 347
face 0.01135474443435669 0 315 21 347
face 0.011320561170578003 0 315 21 347
face 0.011087268590927124 0 315 21 347
face 0.010863542556762695 0 315 21 347
face 0.010764509439468384 0 315 21 347
face 0.010640263557434082 0 315 21 347
face 0.010539829730987549 0 315 21 347
face 0.010537713766098022 0 315 21 347
face 0.010280609130859375 0 315 21 347
face 0.010259628295898438 0 315 21 347
face 0.010219156742095947 0 315 21 347
face 0.009832918643951416 0 315 21 347
face 0.009827792644500732 0 315 21 347
