face 0.998492956161499 399 506 421 531
face 0.9983092546463013 782 434 802 457
face 0.9980588555335999 835 259 850 281
face 0.9979223608970642 780 259 796 282
face 0.997530460357666 669 544 688 570
face 0.9970874190330505 342 405 361 430
face 0.9970099329948425 891 398 911 422
face 0.9967148303985596 609 434 629 458
face 0.9964521527290344 795 78 808 98
face 0.9962888956069946 414 439 434 464
face 0.9958096742630005 363 582 386 609
face 0.9954239130020142 244 472 263 499
face 0.9952770471572876 892 299 908 321
face 0.994747519493103 575 258 592 282
face 0.9947385787963867 405 473 424 495
face 0.9946802854537964 897 80 910 98
face 0.9945415258407593 241 222 257 244
face 0.9943089485168457 346 336 364 359
face 0.994243323802948 955 299 971 322
face 0.9942352771759033 527 214 543 238
face 0.9941887855529785 566 299 583 324
face 0.9940618872642517 196 293 213 316
face 0.9937503337860107 790 117 804 138
face 0.9937026500701904 692 91 705 110
face 0.993620753288269 138 465 156 489
face 0.993537425994873 355 295 372 318
face 0.9935305714607239 628 48 639 65
face 0.9935159087181091 624 298 640 322
face 0.9934895038604736 831 404 851 429
face 0.9933450818061829 639 472 659 498
face 0.9931559562683105 947 223 962 245
face 0.9928978085517883 460 198 475 219
face 0.9927807450294495 466 474 485 499
face 0.992518424987793 991 258 1007 279
face 0.9922776222229004 405 153 419 173
face 0.9922294616699219 880 535 899 561
face 0.9919438362121582 412 122 425 141
face 0.9916220903396606 410 201 425 221
face 0.9910591840744019 256 267 273 290
face 0.9908849000930786 901 187 917 208
face 0.9906173944473267 629 403 647 426
face 0.9904693961143494 243 363 261 386
face 0.9901881217956543 152 325 170 349
face 0.9901443719863892 189 426 207 452
face 0.989702045917511 462 358 480 383
face 0.9896938800811768 952 90 966 109
face 0.989586591720581 738 83 750 102
face 0.988775372505188 999 49 1014 69
face 0.9880657196044922 685 400 703 424
face 0.987775444984436 683 191 697 212
face 0.9870815277099609 68 196 84 219
face 0.9867275953292847 897 262 912 284
face 0.9863650798797607 206 256 223 278
face 0.986210823059082 418 292 435 315
face 0.9855272769927979 175 506 194 531
face 0.9855114221572876 897 361 915 382
face 0.9846099615097046 677 125 691 144
face 0.9844682216644287 456 507 475 531
face 0.9832324981689453 299 161 312 181
face 0.983132004737854 304 118 316 138
face 0.982885479927063 907 157 922 178
face 0.982830286026001 742 113 756 134
face 0.9827036261558533 670 47 682 65
face 0.982501745223999 997 160 1011 181
face 0.9824572801589966 568 92 579 110
face 0.9823006391525269 353 157 366 177
face 0.9818317890167236 787 480 806 505
face 0.9803376793861389 420 404 438 428
face 0.9802463054656982 683 440 701 464
face 0.9800084233283997 635 87 647 104
face 0.9798323512077332 58 302 76 326
face 0.9796825647354126 623 234 638 255
face 0.9796364307403564 504 304 522 329
face 0.9792413711547852 412 333 429 357
face 0.9792250990867615 735 326 752 348
face 0.9791755676269531 997 572 1019 601
face 0.9788946509361267 395 256 413 279
face 0.9786624312400818 354 123 366 142
face 0.9779156446456909 80 268 96 291
face 0.9766234159469604 667 372 685 395
face 0.9765279293060303 6 405 26 431
face 0.9762605428695679 119 502 139 526
face 0.9759055972099304 266 569 286 593
face 0.9758071303367615 841 187 855 207
face 0.9755412340164185 742 229 757 250
face 0.9753260016441345 15 515 34 538
face 0.9752126932144165 515 464 534 489
face 0.974967896938324 307 217 323 238
face 0.9748015403747559 283 427 302 452
face 0.9744981527328491 470 56 481 72
face 0.9743943214416504 140 96 152 114
face 0.9736850261688232 259 320 277 343
face 0.9734046459197998 463 303 480 326
face 0.9732606410980225 306 479 325 503
face 0.9729235172271729 842 116 855 136
face 0.9725987911224365 136 291 153 313
face 0.9714635014533997 992 328 1008 349
face 0.9713102579116821 77 123 91 145
face 0.9710591435432434 588 48 599 65
face 0.9708516597747803 521 89 532 106
