face 0.988997220993042 402 184 443 231
face 0.9761692881584167 825 495 877 547
face 0.9160099029541016 393 375 494 535
face 0.8689801692962646 727 507 744 528
face 0.7874285578727722 560 541 578 564
face 0.7221329212188721 959 509 997 554
face 0.6982719898223877 251 94 285 136
face 0.6596530079841614 205 192 259 245
face 0.6594102382659912 878 507 901 534
face 0.4904053509235382 878 507 901 534
face 0.43651312589645386 878 507 901 534
face 0.38803279399871826 878 507 901 534
face 0.32866770029067993 878 507 901 534
face 0.23150205612182617 878 507 901 534
face 0.22941985726356506 878 507 901 534
face 0.22578251361846924 878 507 901 534
face 0.19101199507713318 878 507 901 534
face 0.1879698932170868 878 507 901 534
face 0.17782846093177795 878 507 901 534
face 0.16542020440101624 878 507 901 534
face 0.14441177248954773 878 507 901 534
face 0.14315110445022583 878 507 901 534
face 0.12592247128486633 878 507 901 534
face 0.12108582258224487 878 507 901 534
face 0.12033945322036743 878 507 901 534
face 0.11978226900100708 878 507 901 534
face 0.11414706707000732 878 507 901 534
face 0.10294151306152344 878 507 901 534
face 0.08073404431343079 878 507 901 534
face 0.07619848847389221 878 507 901 534
face 0.07482889294624329 878 507 901 534
face 0.07025602459907532 878 507 901 534
face 0.0667870044708252 878 507 901 534
face 0.06397697329521179 878 507 901 534
face 0.05938678979873657 878 507 901 534
face 0.05740171670913696 878 507 901 534
face 0.05399659276008606 878 507 901 534
face 0.05185416340827942 878 507 901 534
face 0.04637253284454346 878 507 901 534
face 0.04608464241027832 878 507 901 534
face 0.04580536484718323 878 507 901 534
face 0.04219907522201538 878 507 901 534
face 0.040031760931015015 878 507 901 534
face 0.03850370645523071 878 507 901 534
face 0.03792330622673035 878 507 901 534
face 0.036378830671310425 878 507 901 534
face 0.035144269466400146 878 507 901 534
face 0.03458002209663391 878 507 901 534
face 0.034090518951416016 878 507 901 534
face 0.03163599967956543 878 507 901 534
face 0.031492531299591064 878 507 901 534
face 0.03098192811012268 878 507 901 534
face 0.03034961223602295 878 507 901 534
face 0.02954322099685669 878 507 901 534
face 0.02915775775909424 878 507 901 534
face 0.028789818286895752 878 507 901 534
face 0.028442293405532837 878 507 901 534
face 0.027421951293945312 878 507 901 534
face 0.027340024709701538 878 507 901 534
face 0.027081012725830078 878 507 901 534
face 0.026993215084075928 878 507 901 534
face 0.026157379150390625 878 507 901 534
face 0.025883257389068604 878 507 901 534
face 0.02513936161994934 878 507 901 534
face 0.0250377357006073 878 507 901 534
face 0.02464282512664795 878 507 901 534
face 0.022207558155059814 878 507 901 534
face 0.021785050630569458 878 507 901 534
face 0.021549999713897705 878 507 901 534
face 0.02147740125656128 878 507 901 534
face 0.02115732431411743 878 507 901 534
face 0.021008014678955078 878 507 901 534
face 0.020972996950149536 878 507 901 534
face 0.02082762122154236 878 507 901 534
face 0.020751655101776123 878 507 901 534
face 0.02045464515686035 878 507 901 534
face 0.018434107303619385 878 507 901 534
face 0.018140673637390137 878 507 901 534
face 0.018048644065856934 878 507 901 534
face 0.017869889736175537 878 507 901 534
face 0.017686039209365845 878 507 901 534
face 0.01700723171234131 878 507 901 534
face 0.016025811433792114 878 507 901 534
face 0.0157565176486969 878 507 901 534
face 0.015738338232040405 878 507 901 534
face 0.0150642991065979 878 507 901 534
face 0.0149708092212677 878 507 901 534
face 0.014830201864242554 878 507 901 534
face 0.014577746391296387 878 507 901 534
face 0.014552414417266846 878 507 901 534
face 0.01435476541519165 878 507 901 534
face 0.01430174708366394 878 507 901 534
face 0.014201879501342773 878 507 901 534
face 0.01353338360786438 878 507 901 534
face 0.013057708740234375 878 507 901 534
face 0.012860625982284546 878 507 901 534
face 0.012679696083068848 878 507 901 534
face 0.012577146291732788 878 507 901 534
face 0.01181843876838684 878 507 901 534
face 0.011781811714172363 878 507 901 534
