face 0.9960148334503174 564 327 586 354
face 0.9953364133834839 128 343 148 367
face 0.9685034155845642 503 348 522 371
face 0.9177126288414001 200 356 219 377
face 0.9145581126213074 405 358 419 375
face 0.9069481492042542 851 342 870 362
face 0.9017196893692017 469 354 485 373
face 0.7824327945709229 795 336 810 352
face 0.6655158996582031 61 365 79 385
face 0.5172551274299622 890 339 906 356
face 0.2628350853919983 890 339 906 356
face 0.25087958574295044 890 339 906 356
face 0.24605295062065125 890 339 906 356
face 0.24527600407600403 890 339 906 356
face 0.1383698284626007 890 339 906 356
face 0.1342640519142151 890 339 906 356
face 0.13235047459602356 890 339 906 356
face 0.12760108709335327 890 339 906 356
face 0.1093049943447113 890 339 906 356
face 0.1048533022403717 890 339 906 356
face 0.10347715020179749 890 339 906 356
face 0.08003544807434082 890 339 906 356
face 0.06331053376197815 890 339 906 356
face 0.06002923846244812 890 339 906 356
face 0.054888248443603516 890 339 906 356
face 0.040925949811935425 890 339 906 356
face 0.03805670142173767 890 339 906 356
face 0.03616639971733093 890 339 906 356
face 0.03440868854522705 890 339 906 356
face 0.03236711025238037 890 339 906 356
face 0.0323125422000885 890 339 906 356
face 0.03212934732437134 890 339 906 356
face 0.030306518077850342 890 339 906 356
face 0.029204189777374268 890 339 906 356
face 0.02707257866859436 890 339 906 356
face 0.02560180425643921 890 339 906 356
face 0.025430232286453247 890 339 906 356
face 0.02507159113883972 890 339 906 356
face 0.02428308129310608 890 339 906 356
face 0.023246943950653076 890 339 906 356
face 0.020676136016845703 890 339 906 356
face 0.019680887460708618 890 339 906 356
face 0.018156588077545166 890 339 906 356
face 0.017740875482559204 890 339 906 356
face 0.01743495464324951 890 339 906 356
face 0.01738092303276062 890 339 906 356
face 0.017161428928375244 890 339 906 356
face 0.017100632190704346 890 339 906 356
face 0.016328662633895874 890 339 906 356
face 0.016162365674972534 890 339 906 356
face 0.014373838901519775 890 339 906 356
face 0.014073222875595093 890 339 906 356
face 0.012768179178237915 890 339 906 356
face 0.012474238872528076 890 339 906 356
face 0.012200653553009033 890 339 906 356
face 0.011979430913925171 890 339 906 356
face 0.011826843023300171 890 339 906 356
face 0.011778116226196289 890 339 906 356
face 0.01176789402961731 890 339 906 356
face 0.011754333972930908 890 339 906 356
face 0.011310309171676636 890 339 906 356
face 0.01096382737159729 890 339 906 356
face 0.01081085205078125 890 339 906 356
face 0.010726988315582275 890 339 906 356
face 0.010532081127166748 890 339 906 356
face 0.010404646396636963 890 339 906 356
face 0.010308057069778442 890 339 906 356
face 0.0101090669631958 890 339 906 356
face 0.00997018814086914 890 339 906 356
face 0.009952813386917114 890 339 906 356
face 0.009903371334075928 890 339 906 356
face 0.009884744882583618 890 339 906 356
face 0.009830594062805176 890 339 906 356
face 0.009786248207092285 890 339 906 356
face 0.009517937898635864 890 339 906 356
face 0.009301245212554932 890 339 906 356
face 0.00929209589958191 890 339 906 356
face 0.009253054857254028 890 339 906 356
face 0.009171903133392334 890 339 906 356
face 0.00916588306427002 890 339 906 356
face 0.008832067251205444 890 339 906 356
face 0.008779793977737427 890 339 906 356
face 0.008703827857971191 890 339 906 356
face 0.008646845817565918 890 339 906 356
face 0.008602917194366455 890 339 906 356
face 0.008555561304092407 890 339 906 356
face 0.008530020713806152 890 339 906 356
face 0.008442282676696777 890 339 906 356
face 0.008325338363647461 890 339 906 356
face 0.00830891728401184 890 339 906 356
face 0.008192241191864014 890 339 906 356
face 0.008189350366592407 890 339 906 356
face 0.008109033107757568 890 339 906 356
face 0.008009552955627441 890 339 906 356
face 0.007909893989562988 890 339 906 356
face 0.007809668779373169 890 339 906 356
face 0.007774233818054199 890 339 906 356
face 0.0076285600662231445 890 339 906 356
face 0.007377415895462036 890 339 906 356
face 0.007318675518035889 890 339 906 356
