face 0.9913241863250732 290 434 319 468
face 0.9898184537887573 403 400 422 426
face 0.9819765090942383 250 405 274 434
face 0.9803694486618042 68 430 99 465
face 0.9237543344497681 415 359 430 380
face 0.8629730939865112 262 496 300 542
face 0.8520857095718384 346 351 361 371
face 0.8417845368385315 417 447 440 476
face 0.8237639665603638 186 351 203 373
face 0.8144757747650146 201 397 223 425
face 0.795539140701294 98 389 121 416
face 0.7774971723556519 365 413 385 438
face 0.6970784068107605 412 311 425 329
face 0.6919556260108948 247 312 260 330
face 0.6895967721939087 206 318 219 336
face 0.6339424252510071 103 345 124 370
face 0.6296939849853516 318 307 332 326
face 0.616488516330719 58 498 96 551
face 0.6096950769424438 909 351 928 375
face 0.5802635550498962 311 352 326 373
face 0.5726661086082458 155 426 179 457
face 0.5377790331840515 60 490 93 526
face 0.514531672000885 133 320 147 338
face 0.5135055184364319 259 362 274 383
face 0.5099515318870544 421 460 447 493
face 0.5097858309745789 753 354 770 374
face 0.4939422905445099 753 354 770 374
face 0.4868123531341553 753 354 770 374
face 0.4786754548549652 753 354 770 374
face 0.47807756066322327 753 354 770 374
face 0.4717085361480713 753 354 770 374
face 0.4658410847187042 753 354 770 374
face 0.42731958627700806 753 354 770 374
face 0.4248681664466858 753 354 770 374
face 0.4110329747200012 753 354 770 374
face 0.410931259393692 753 354 770 374
face 0.40526068210601807 753 354 770 374
face 0.38422784209251404 753 354 770 374
face 0.3600335121154785 753 354 770 374
face 0.3571786880493164 753 354 770 374
face 0.35520365834236145 753 354 770 374
face 0.3507746458053589 753 354 770 374
face 0.34474945068359375 753 354 770 374
face 0.30553752183914185 753 354 770 374
face 0.30291345715522766 753 354 770 374
face 0.2897123694419861 753 354 770 374
face 0.28055328130722046 753 354 770 374
face 0.2594597637653351 753 354 770 374
face 0.25666508078575134 753 354 770 374
face 0.2511565685272217 753 354 770 374
face 0.23643720149993896 753 354 770 374
face 0.23558875918388367 753 354 770 374
face 0.22949695587158203 753 354 770 374
face 0.2143213152885437 753 354 770 374
face 0.19185659289360046 753 354 770 374
face 0.19162338972091675 753 354 770 374
face 0.17531856894493103 753 354 770 374
face 0.1646977961063385 753 354 770 374
face 0.13378915190696716 753 354 770 374
face 0.13080930709838867 753 354 770 374
face 0.12384900450706482 753 354 770 374
face 0.12240326404571533 753 354 770 374
face 0.10132572054862976 753 354 770 374
face 0.09985166788101196 753 354 770 374
face 0.09554412961006165 753 354 770 374
face 0.09128442406654358 753 354 770 374
face 0.07811501622200012 753 354 770 374
face 0.07756698131561279 753 354 770 374
face 0.07660841941833496 753 354 770 374
face 0.07422405481338501 753 354 770 374
face 0.0733199417591095 753 354 770 374
face 0.0716487467288971 753 354 770 374
face 0.06861227750778198 753 354 770 374
face 0.0669323205947876 753 354 770 374
face 0.06296250224113464 753 354 770 374
face 0.06238064169883728 753 354 770 374
face 0.062195003032684326 753 354 770 374
face 0.058485835790634155 753 354 770 374
face 0.05408120155334473 753 354 770 374
face 0.05292806029319763 753 354 770 374
face 0.052402377128601074 753 354 770 374
face 0.05220106244087219 753 354 770 374
face 0.05069771409034729 753 354 770 374
face 0.050038933753967285 753 354 770 374
face 0.048839181661605835 753 354 770 374
face 0.047613292932510376 753 354 770 374
face 0.04654976725578308 753 354 770 374
face 0.04510831832885742 753 354 770 374
face 0.042150288820266724 753 354 770 374
face 0.040269047021865845 753 354 770 374
face 0.03973183035850525 753 354 770 374
face 0.03910377621650696 753 354 770 374
face 0.039063483476638794 753 354 770 374
face 0.038994401693344116 753 354 770 374
face 0.036306798458099365 753 354 770 374
face 0.03574982285499573 753 354 770 374
face 0.03520125150680542 753 354 770 374
face 0.0350460410118103 753 354 770 374
face 0.033998459577560425 753 354 770 374
face 0.032013922929763794 753 354 770 374
