face 0.9917887449264526 500 316 533 381
face 0.9374449849128723 589 280 654 379
face 0.8782894611358643 942 135 968 170
face 0.6837995648384094 764 368 802 425
face 0.6585643291473389 364 128 438 264
face 0.6145473718643188 743 289 760 311
face 0.4125066101551056 743 289 760 311
face 0.3885059356689453 743 289 760 311
face 0.3535301685333252 743 289 760 311
face 0.34601545333862305 743 289 760 311
face 0.22492095828056335 743 289 760 311
face 0.12983092665672302 743 289 760 311
face 0.12553244829177856 743 289 760 311
face 0.10236489772796631 743 289 760 311
face 0.10021620988845825 743 289 760 311
face 0.09635314345359802 743 289 760 311
face 0.09425538778305054 743 289 760 311
face 0.08619409799575806 743 289 760 311
face 0.08586490154266357 743 289 760 311
face 0.08581900596618652 743 289 760 311
face 0.08479529619216919 743 289 760 311
face 0.08103767037391663 743 289 760 311
face 0.07889249920845032 743 289 760 311
face 0.07517194747924805 743 289 760 311
face 0.0726458728313446 743 289 760 311
face 0.07202550768852234 743 289 760 311
face 0.07169073820114136 743 289 760 311
face 0.05886402726173401 743 289 760 311
face 0.05627521872520447 743 289 760 311
face 0.05309242010116577 743 289 760 311
face 0.052682965993881226 743 289 760 311
face 0.051240772008895874 743 289 760 311
face 0.05082067847251892 743 289 760 311
face 0.04871654510498047 743 289 760 311
face 0.047583818435668945 743 289 760 311
face 0.04735511541366577 743 289 760 311
face 0.047309935092926025 743 289 760 311
face 0.046406060457229614 743 289 760 311
face 0.04385638236999512 743 289 760 311
face 0.041229069232940674 743 289 760 311
face 0.04029318690299988 743 289 760 311
face 0.039092838764190674 743 289 760 311
face 0.03905835747718811 743 289 760 311
face 0.037249594926834106 743 289 760 311
face 0.035302937030792236 743 289 760 311
face 0.03406509757041931 743 289 760 311
face 0.03401130437850952 743 289 760 311
face 0.03296619653701782 743 289 760 311
face 0.03281554579734802 743 289 760 311
face 0.032583534717559814 743 289 760 311
face 0.032359182834625244 743 289 760 311
face 0.03234302997589111 743 289 760 311
face 0.031363338232040405 743 289 760 311
face 0.03132212162017822 743 289 760 311
face 0.030987024307250977 743 289 760 311
face 0.03023451566696167 743 289 760 311
face 0.030117899179458618 743 289 760 311
face 0.030074268579483032 743 289 760 311
face 0.028660118579864502 743 289 760 311
face 0.028003841638565063 743 289 760 311
face 0.027907371520996094 743 289 760 311
face 0.027906864881515503 743 289 760 311
face 0.02768692374229431 743 289 760 311
face 0.02653104066848755 743 289 760 311
face 0.026527464389801025 743 289 760 311
face 0.026187121868133545 743 289 760 311
face 0.025623857975006104 743 289 760 311
face 0.02546745538711548 743 289 760 311
face 0.025317400693893433 743 289 760 311
face 0.024446189403533936 743 289 760 311
face 0.024007588624954224 743 289 760 311
face 0.02372637391090393 743 289 760 311
face 0.023407548666000366 743 289 760 311
face 0.022824645042419434 743 289 760 311
face 0.021914392709732056 743 289 760 311
face 0.021508991718292236 743 289 760 311
face 0.020794779062271118 743 289 760 311
face 0.02078118920326233 743 289 760 311
face 0.020411312580108643 743 289 760 311
face 0.020403385162353516 743 289 760 311
face 0.02024662494659424 743 289 760 311
face 0.020096927881240845 743 289 760 311
face 0.01973399519920349 743 289 760 311
face 0.01945677399635315 743 289 760 311
face 0.019159555435180664 743 289 760 311
face 0.019148588180541992 743 289 760 311
face 0.018861740827560425 743 289 760 311
face 0.01858845353126526 743 289 760 311
face 0.018299221992492676 743 289 760 311
face 0.017752081155776978 743 289 760 311
face 0.017565280199050903 743 289 760 311
face 0.0175534188747406 743 289 760 311
face 0.017321467399597168 743 289 760 311
face 0.017196625471115112 743 289 760 311
face 0.016757816076278687 743 289 760 311
face 0.016623646020889282 743 289 760 311
face 0.016589969396591187 743 289 760 311
face 0.016304880380630493 743 289 760 311
face 0.01599326729774475 743 289 760 311
face 0.015705913305282593 743 289 760 311
