face 0.9992253184318542 325 53 373 105
face 0.9580390453338623 537 54 595 116
face 0.9287458062171936 425 41 475 99
face 0.7711746096611023 144 46 198 96
face 0.5175949335098267 220 127 272 182
face 0.10878518223762512 220 127 272 182
face 0.07205763459205627 220 127 272 182
face 0.020448654890060425 220 127 272 182
face 0.01713341474533081 220 127 272 182
face 0.01650485396385193 220 127 272 182
face 0.014826834201812744 220 127 272 182
face 0.014649838209152222 220 127 272 182
face 0.010787338018417358 220 127 272 182
face 0.009623497724533081 220 127 272 182
face 0.009606719017028809 220 127 272 182
face 0.008373379707336426 220 127 272 182
face 0.007806986570358276 220 127 272 182
face 0.00774732232093811 220 127 272 182
face 0.007454425096511841 220 127 272 182
face 0.007369518280029297 220 127 272 182
face 0.007082611322402954 220 127 272 182
face 0.006948590278625488 220 127 272 182
face 0.006903201341629028 220 127 272 182
face 0.006896555423736572 220 127 272 182
face 0.0068412721157073975 220 127 272 182
face 0.006728947162628174 220 127 272 182
face 0.00668412446975708 220 127 272 182
face 0.00596204400062561 220 127 272 182
face 0.005952060222625732 220 127 272 182
face 0.0059347450733184814 220 127 272 182
face 0.005665421485900879 220 127 272 182
face 0.005516678094863892 220 127 272 182
face 0.005478769540786743 220 127 272 182
face 0.0054183900356292725 220 127 272 182
face 0.0054051876068115234 220 127 272 182
face 0.005382120609283447 220 127 272 182
face 0.005379050970077515 220 127 272 182
face 0.005125522613525391 220 127 272 182
face 0.005080521106719971 220 127 272 182
face 0.005058705806732178 220 127 272 182
face 0.005030333995819092 220 127 272 182
face 0.004889369010925293 220 127 272 182
face 0.004840284585952759 220 127 272 182
face 0.004827141761779785 220 127 272 182
face 0.004808515310287476 220 127 272 182
face 0.004794329404830933 220 127 272 182
face 0.004730850458145142 220 127 272 182
face 0.004671871662139893 220 127 272 182
face 0.004614651203155518 220 127 272 182
face 0.004456222057342529 220 127 272 182
face 0.004440009593963623 220 127 272 182
face 0.004396617412567139 220 127 272 182
face 0.004378914833068848 220 127 272 182
face 0.0043756961822509766 220 127 272 182
face 0.004241734743118286 220 127 272 182
face 0.004213809967041016 220 127 272 182
face 0.004070281982421875 220 127 272 182
face 0.004056841135025024 220 127 272 182
face 0.004024505615234375 220 127 272 182
face 0.0039472877979278564 220 127 272 182
face 0.0038645565509796143 220 127 272 182
face 0.0038600564002990723 220 127 272 182
face 0.0038209855556488037 220 127 272 182
face 0.003815680742263794 220 127 272 182
face 0.0037980079650878906 220 127 272 182
face 0.0037858784198760986 220 127 272 182
face 0.003746926784515381 220 127 272 182
face 0.003701329231262207 220 127 272 182
face 0.003668874502182007 220 127 272 182
face 0.0036302506923675537 220 127 272 182
face 0.0035708844661712646 220 127 272 182
face 0.0035284459590911865 220 127 272 182
face 0.003469139337539673 220 127 272 182
face 0.003427743911743164 220 127 272 182
face 0.0033908486366271973 220 127 272 182
face 0.0032969117164611816 220 127 272 182
face 0.003295332193374634 220 127 272 182
face 0.0032506585121154785 220 127 272 182
face 0.0032039284706115723 220 127 272 182
face 0.0031990408897399902 220 127 272 182
face 0.003163278102874756 220 127 272 182
face 0.003157109022140503 220 127 272 182
face 0.003071904182434082 220 127 272 182
face 0.0030632317066192627 220 127 272 182
face 0.0030211806297302246 220 127 272 182
face 0.003019362688064575 220 127 272 182
face 0.0030113160610198975 220 127 272 182
face 0.0029675960540771484 220 127 272 182
face 0.0029386281967163086 220 127 272 182
face 0.00292360782623291 220 127 272 182
face 0.0029105842113494873 220 127 272 182
face 0.0029084384441375732 220 127 272 182
face 0.002897709608078003 220 127 272 182
face 0.0028562843799591064 220 127 272 182
face 0.002839803695678711 220 127 272 182
face 0.0028294026851654053 220 127 272 182
face 0.002828836441040039 220 127 272 182
face 0.0028095245361328125 220 127 272 182
face 0.002780705690383911 220 127 272 182
face 0.002763301134109497 220 127 272 182
