face 0.9991234540939331 199 171 743 833
face 0.007925987243652344 199 171 743 833
face 0.007048994302749634 199 171 743 833
face 0.006628602743148804 199 171 743 833
face 0.004536241292953491 199 171 743 833
face 0.004151761531829834 199 171 743 833
face 0.00411948561668396 199 171 743 833
face 0.004110753536224365 199 171 743 833
face 0.0038445591926574707 199 171 743 833
face 0.003833562135696411 199 171 743 833
face 0.00369909405708313 199 171 743 833
face 0.003697901964187622 199 171 743 833
face 0.003694981336593628 199 171 743 833
face 0.0036163628101348877 199 171 743 833
face 0.0035760700702667236 199 171 743 833
face 0.003478318452835083 199 171 743 833
face 0.0032048821449279785 199 171 743 833
face 0.0031977295875549316 199 171 743 833
face 0.0030856728553771973 199 171 743 833
face 0.0030732452869415283 199 171 743 833
face 0.0030432045459747314 199 171 743 833
face 0.003035038709640503 199 171 743 833
face 0.0030057132244110107 199 171 743 833
face 0.002991288900375366 199 171 743 833
face 0.0029646754264831543 199 171 743 833
face 0.002772688865661621 199 171 743 833
face 0.0027495920658111572 199 171 743 833
face 0.002650439739227295 199 171 743 833
face 0.002641618251800537 199 171 743 833
face 0.0026189982891082764 199 171 743 833
face 0.0025832951068878174 199 171 743 833
face 0.0025690197944641113 199 171 743 833
face 0.002520918846130371 199 171 743 833
face 0.0025024116039276123 199 171 743 833
face 0.0024887025356292725 199 171 743 833
face 0.002478659152984619 199 171 743 833
face 0.002458035945892334 199 171 743 833
face 0.0024486184120178223 199 171 743 833
face 0.002441495656967163 199 171 743 833
face 0.0023775100708007812 199 171 743 833
face 0.0023749172687530518 199 171 743 833
face 0.0023320913314819336 199 171 743 833
face 0.0023038387298583984 199 171 743 833
face 0.0022838711738586426 199 171 743 833
face 0.0022616982460021973 199 171 743 833
face 0.002260059118270874 199 171 743 833
face 0.0022294223308563232 199 171 743 833
face 0.0021930932998657227 199 171 743 833
face 0.0021864473819732666 199 171 743 833
face 0.002129077911376953 199 171 743 833
face 0.0021289288997650146 199 171 743 833
face 0.0021282732486724854 199 171 743 833
face 0.002118527889251709 199 171 743 833
face 0.0021028220653533936 199 171 743 833
face 0.002087205648422241 199 171 743 833
face 0.0020496249198913574 199 171 743 833
face 0.0020083189010620117 199 171 743 833
face 0.002002716064453125 199 171 743 833
face 0.001980721950531006 199 171 743 833
face 0.0019750595092773438 199 171 743 833
face 0.0019539594650268555 199 171 743 833
face 0.0019538402557373047 199 171 743 833
face 0.0019430816173553467 199 171 743 833
face 0.00190773606300354 199 171 743 833
face 0.001907050609588623 199 171 743 833
face 0.001906365156173706 199 171 743 833
face 0.0018978714942932129 199 171 743 833
face 0.0018961131572723389 199 171 743 833
face 0.0018883049488067627 199 171 743 833
face 0.001860886812210083 199 171 743 833
face 0.0018391311168670654 199 171 743 833
face 0.0018358826637268066 199 171 743 833
face 0.0018038749694824219 199 171 743 833
face 0.0018030107021331787 199 171 743 833
face 0.0017962753772735596 199 171 743 833
face 0.00179213285446167 199 171 743 833
face 0.001787722110748291 199 171 743 833
face 0.0017685294151306152 199 171 743 833
face 0.0017642378807067871 199 171 743 833
face 0.0017625093460083008 199 171 743 833
face 0.0017477571964263916 199 171 743 833
face 0.0017470121383666992 199 171 743 833
face 0.0017462968826293945 199 171 743 833
face 0.0017388463020324707 199 171 743 833
face 0.0017361342906951904 199 171 743 833
face 0.0017350614070892334 199 171 743 833
face 0.001721888780593872 199 171 743 833
face 0.0017211735248565674 199 171 743 833
face 0.0016964972019195557 199 171 743 833
face 0.0016814470291137695 199 171 743 833
face 0.00166398286819458 199 171 743 833
face 0.0016612708568572998 199 171 743 833
face 0.0016583502292633057 199 171 743 833
face 0.0016525685787200928 199 171 743 833
face 0.0016519725322723389 199 171 743 833
face 0.0016369819641113281 199 171 743 833
face 0.0016332566738128662 199 171 743 833
face 0.0016253888607025146 199 171 743 833
face 0.001607269048690796 199 171 743 833
face 0.0016057193279266357 199 171 743 833
