face 0.7506892085075378 350 24 432 96
face 0.5034842491149902 430 21 502 87
face 0.4345265328884125 430 21 502 87
face 0.1880238950252533 430 21 502 87
face 0.07950863242149353 430 21 502 87
face 0.05778670310974121 430 21 502 87
face 0.05393880605697632 430 21 502 87
face 0.050499022006988525 430 21 502 87
face 0.04993551969528198 430 21 502 87
face 0.03617623448371887 430 21 502 87
face 0.03387376666069031 430 21 502 87
face 0.03366771340370178 430 21 502 87
face 0.03340250253677368 430 21 502 87
face 0.03178486227989197 430 21 502 87
face 0.030797213315963745 430 21 502 87
face 0.029356449842453003 430 21 502 87
face 0.024982720613479614 430 21 502 87
face 0.023826777935028076 430 21 502 87
face 0.02211862802505493 430 21 502 87
face 0.021949201822280884 430 21 502 87
face 0.02013978362083435 430 21 502 87
face 0.01990818977355957 430 21 502 87
face 0.01955917477607727 430 21 502 87
face 0.01868191361427307 430 21 502 87
face 0.017464399337768555 430 21 502 87
face 0.017139136791229248 430 21 502 87
face 0.016923457384109497 430 21 502 87
face 0.016894638538360596 430 21 502 87
face 0.016800224781036377 430 21 502 87
face 0.015300959348678589 430 21 502 87
face 0.014912068843841553 430 21 502 87
face 0.014543473720550537 430 21 502 87
face 0.014334768056869507 430 21 502 87
face 0.013473838567733765 430 21 502 87
face 0.013447314500808716 430 21 502 87
face 0.013427257537841797 430 21 502 87
face 0.012976467609405518 430 21 502 87
face 0.01286780834197998 430 21 502 87
face 0.012561768293380737 430 21 502 87
face 0.012188434600830078 430 21 502 87
face 0.011905759572982788 430 21 502 87
face 0.011842161417007446 430 21 502 87
face 0.011839032173156738 430 21 502 87
face 0.011836975812911987 430 21 502 87
face 0.011611878871917725 430 21 502 87
face 0.011322468519210815 430 21 502 87
face 0.011185020208358765 430 21 502 87
face 0.011088699102401733 430 21 502 87
face 0.011048227548599243 430 21 502 87
face 0.010866284370422363 430 21 502 87
face 0.010322600603103638 430 21 502 87
face 0.010283827781677246 430 21 502 87
face 0.01015356183052063 430 21 502 87
face 0.009953141212463379 430 21 502 87
face 0.00995182991027832 430 21 502 87
face 0.00991639494895935 430 21 502 87
face 0.009834766387939453 430 21 502 87
face 0.009829074144363403 430 21 502 87
face 0.009714066982269287 430 21 502 87
face 0.00966915488243103 430 21 502 87
face 0.009610682725906372 430 21 502 87
face 0.00956881046295166 430 21 502 87
face 0.009507149457931519 430 21 502 87
face 0.009480029344558716 430 21 502 87
face 0.009476512670516968 430 21 502 87
face 0.009345829486846924 430 21 502 87
face 0.009267568588256836 430 21 502 87
face 0.009186238050460815 430 21 502 87
face 0.008993834257125854 430 21 502 87
face 0.008843839168548584 430 21 502 87
face 0.008791834115982056 430 21 502 87
face 0.008669674396514893 430 21 502 87
face 0.008648067712783813 430 21 502 87
face 0.008539915084838867 430 21 502 87
face 0.008426398038864136 430 21 502 87
face 0.008358895778656006 430 21 502 87
face 0.00829574465751648 430 21 502 87
face 0.008289366960525513 430 21 502 87
face 0.008263915777206421 430 21 502 87
face 0.008239597082138062 430 21 502 87
face 0.007966935634613037 430 21 502 87
face 0.007965773344039917 430 21 502 87
face 0.007919490337371826 430 21 502 87
face 0.007760852575302124 430 21 502 87
face 0.007726103067398071 430 21 502 87
face 0.007677197456359863 430 21 502 87
face 0.007656723260879517 430 21 502 87
face 0.0075830817222595215 430 21 502 87
face 0.007565617561340332 430 21 502 87
face 0.0075220465660095215 430 21 502 87
face 0.007461488246917725 430 21 502 87
face 0.007409721612930298 430 21 502 87
face 0.007406383752822876 430 21 502 87
face 0.0073854029178619385 430 21 502 87
face 0.007330179214477539 430 21 502 87
face 0.007316380739212036 430 21 502 87
face 0.007209748029708862 430 21 502 87
face 0.007132530212402344 430 21 502 87
face 0.007089823484420776 430 21 502 87
face 0.007070571184158325 430 21 502 87
