face 0.9762965440750122 478 308 545 375
face 0.8445626497268677 322 279 376 334
face 0.7106451392173767 145 160 217 261
face 0.7025105357170105 583 185 656 261
face 0.6036391854286194 84 257 123 313
face 0.5940858125686646 287 281 326 329
face 0.3941817879676819 287 281 326 329
face 0.25640755891799927 287 281 326 329
face 0.23487669229507446 287 281 326 329
face 0.16801553964614868 287 281 326 329
face 0.14835089445114136 287 281 326 329
face 0.10986396670341492 287 281 326 329
face 0.10465353727340698 287 281 326 329
face 0.1038731038570404 287 281 326 329
face 0.10286059975624084 287 281 326 329
face 0.09900695085525513 287 281 326 329
face 0.08194637298583984 287 281 326 329
face 0.07957649230957031 287 281 326 329
face 0.07898426055908203 287 281 326 329
face 0.07432675361633301 287 281 326 329
face 0.07421711087226868 287 281 326 329
face 0.07037633657455444 287 281 326 329
face 0.07033252716064453 287 281 326 329
face 0.06992849707603455 287 281 326 329
face 0.06710955500602722 287 281 326 329
face 0.06521674990653992 287 281 326 329
face 0.0651688277721405 287 281 326 329
face 0.06102484464645386 287 281 326 329
face 0.05773681402206421 287 281 326 329
face 0.05676737427711487 287 281 326 329
face 0.05449801683425903 287 281 326 329
face 0.04828524589538574 287 281 326 329
face 0.04664620757102966 287 281 326 329
face 0.04502058029174805 287 281 326 329
face 0.04434669017791748 287 281 326 329
face 0.044249922037124634 287 281 326 329
face 0.044223517179489136 287 281 326 329
face 0.04417505860328674 287 281 326 329
face 0.041032105684280396 287 281 326 329
face 0.04083886742591858 287 281 326 329
face 0.04083791375160217 287 281 326 329
face 0.03991281986236572 287 281 326 329
face 0.039655715227127075 287 281 326 329
face 0.039576977491378784 287 281 326 329
face 0.03763434290885925 287 281 326 329
face 0.03556755185127258 287 281 326 329
face 0.03406107425689697 287 281 326 329
face 0.03223544359207153 287 281 326 329
face 0.03218373656272888 287 281 326 329
face 0.02977052330970764 287 281 326 329
face 0.0290105938911438 287 281 326 329
face 0.028905272483825684 287 281 326 329
face 0.027723044157028198 287 281 326 329
face 0.027702122926712036 287 281 326 329
face 0.027426987886428833 287 281 326 329
face 0.02713567018508911 287 281 326 329
face 0.02711579203605652 287 281 326 329
face 0.026385784149169922 287 281 326 329
face 0.025995463132858276 287 281 326 329
face 0.02540084719657898 287 281 326 329
face 0.024604439735412598 287 281 326 329
face 0.024102896451950073 287 281 326 329
face 0.02402600646018982 287 281 326 329
face 0.023829728364944458 287 281 326 329
face 0.023708879947662354 287 281 326 329
face 0.023319005966186523 287 281 326 329
face 0.02283349633216858 287 281 326 329
face 0.022522181272506714 287 281 326 329
face 0.022503584623336792 287 281 326 329
face 0.022132396697998047 287 281 326 329
face 0.02208206057548523 287 281 326 329
face 0.021165281534194946 287 281 326 329
face 0.02098962664604187 287 281 326 329
face 0.020906567573547363 287 281 326 329
face 0.020829856395721436 287 281 326 329
face 0.02068391442298889 287 281 326 329
face 0.0206739604473114 287 281 326 329
face 0.02047109603881836 287 281 326 329
face 0.020176291465759277 287 281 326 329
face 0.019860804080963135 287 281 326 329
face 0.019838035106658936 287 281 326 329
face 0.01969742774963379 287 281 326 329
face 0.01967206597328186 287 281 326 329
face 0.01963987946510315 287 281 326 329
face 0.01919594407081604 287 281 326 329
face 0.019161850214004517 287 281 326 329
face 0.01908808946609497 287 281 326 329
face 0.018995076417922974 287 281 326 329
face 0.018809914588928223 287 281 326 329
face 0.01880088448524475 287 281 326 329
face 0.01844051480293274 287 281 326 329
face 0.01778218150138855 287 281 326 329
face 0.017733722925186157 287 281 326 329
face 0.01768895983695984 287 281 326 329
face 0.017618536949157715 287 281 326 329
face 0.01724889874458313 287 281 326 329
face 0.017190754413604736 287 281 326 329
face 0.017160028219223022 287 281 326 329
face 0.01713794469833374 287 281 326 329
face 0.017002463340759277 287 281 326 329
