face 0.9796957969665527 284 95 545 380
face 0.9236001968383789 650 253 888 505
face 0.09624949097633362 650 253 888 505
face 0.036004453897476196 650 253 888 505
face 0.02534845471382141 650 253 888 505
face 0.024907171726226807 650 253 888 505
face 0.021124541759490967 650 253 888 505
face 0.020282089710235596 650 253 888 505
face 0.01994827389717102 650 253 888 505
face 0.019696563482284546 650 253 888 505
face 0.01772022247314453 650 253 888 505
face 0.014641374349594116 650 253 888 505
face 0.014600515365600586 650 253 888 505
face 0.01391860842704773 650 253 888 505
face 0.013518571853637695 650 253 888 505
face 0.012805849313735962 650 253 888 505
face 0.012742996215820312 650 253 888 505
face 0.012588411569595337 650 253 888 505
face 0.012563854455947876 650 253 888 505
face 0.010160505771636963 650 253 888 505
face 0.009952366352081299 650 253 888 505
face 0.00993424654006958 650 253 888 505
face 0.009932756423950195 650 253 888 505
face 0.009694159030914307 650 253 888 505
face 0.009421706199645996 650 253 888 505
face 0.008975446224212646 650 253 888 505
face 0.0089053213596344 650 253 888 505
face 0.008856236934661865 650 253 888 505
face 0.008829891681671143 650 253 888 505
face 0.008811384439468384 650 253 888 505
face 0.008741766214370728 650 253 888 505
face 0.008595883846282959 650 253 888 505
face 0.008585929870605469 650 253 888 505
face 0.008498430252075195 650 253 888 505
face 0.00843784213066101 650 253 888 505
face 0.00795862078666687 650 253 888 505
face 0.007855325937271118 650 253 888 505
face 0.007825344800949097 650 253 888 505
face 0.007821410894393921 650 253 888 505
face 0.007810026407241821 650 253 888 505
face 0.007748126983642578 650 253 888 505
face 0.007695645093917847 650 253 888 505
face 0.007385849952697754 650 253 888 505
face 0.007349282503128052 650 253 888 505
face 0.007285892963409424 650 253 888 505
face 0.007239729166030884 650 253 888 505
face 0.007230699062347412 650 253 888 505
face 0.007169395685195923 650 253 888 505
face 0.007116436958312988 650 253 888 505
face 0.006951481103897095 650 253 888 505
face 0.006814628839492798 650 253 888 505
face 0.006698012351989746 650 253 888 505
face 0.0066928863525390625 650 253 888 505
face 0.006669908761978149 650 253 888 505
face 0.0065956711769104 650 253 888 505
face 0.00657343864440918 650 253 888 505
face 0.006511062383651733 650 253 888 505
face 0.006509542465209961 650 253 888 505
face 0.006477236747741699 650 253 888 505
face 0.00641515851020813 650 253 888 505
face 0.006391644477844238 650 253 888 505
face 0.006373584270477295 650 253 888 505
face 0.006351053714752197 650 253 888 505
face 0.006310701370239258 650 253 888 505
face 0.006287127733230591 650 253 888 505
face 0.006180763244628906 650 253 888 505
face 0.0060644447803497314 650 253 888 505
face 0.00601765513420105 650 253 888 505
face 0.00596734881401062 650 253 888 505
face 0.0059632062911987305 650 253 888 505
face 0.005959361791610718 650 253 888 505
face 0.005949229001998901 650 253 888 505
face 0.005941033363342285 650 253 888 505
face 0.0059098899364471436 650 253 888 505
face 0.0058825016021728516 650 253 888 505
face 0.005882054567337036 650 253 888 505
face 0.005873203277587891 650 253 888 505
face 0.005858659744262695 650 253 888 505
face 0.005851089954376221 650 253 888 505
face 0.005844295024871826 650 253 888 505
face 0.0058338940143585205 650 253 888 505
face 0.005722463130950928 650 253 888 505
face 0.0057021379470825195 650 253 888 505
face 0.005680084228515625 650 253 888 505
face 0.005600392818450928 650 253 888 505
face 0.005548804998397827 650 253 888 505
face 0.005541414022445679 650 253 888 505
face 0.005381166934967041 650 253 888 505
face 0.0053327083587646484 650 253 888 505
face 0.005324631929397583 650 253 888 505
face 0.005279719829559326 650 253 888 505
face 0.005259871482849121 650 253 888 505
face 0.005232751369476318 650 253 888 505
face 0.005130469799041748 650 253 888 505
face 0.005066096782684326 650 253 888 505
face 0.0049735307693481445 650 253 888 505
face 0.004909783601760864 650 253 888 505
face 0.004897475242614746 650 253 888 505
face 0.004858434200286865 650 253 888 505
face 0.0048584043979644775 650 253 888 505
