face 0.997193455696106 226 192 360 353
face 0.08623522520065308 226 192 360 353
face 0.06172195076942444 226 192 360 353
face 0.04516136646270752 226 192 360 353
face 0.04482492804527283 226 192 360 353
face 0.04416656494140625 226 192 360 353
face 0.03541567921638489 226 192 360 353
face 0.03315451741218567 226 192 360 353
face 0.03127533197402954 226 192 360 353
face 0.027899056673049927 226 192 360 353
face 0.027041465044021606 226 192 360 353
face 0.02347591519355774 226 192 360 353
face 0.022655218839645386 226 192 360 353
face 0.021802186965942383 226 192 360 353
face 0.021591782569885254 226 192 360 353
face 0.020115643739700317 226 192 360 353
face 0.020022690296173096 226 192 360 353
face 0.018827885389328003 226 192 360 353
face 0.016783565282821655 226 192 360 353
face 0.016312241554260254 226 192 360 353
face 0.01566004753112793 226 192 360 353
face 0.015589803457260132 226 192 360 353
face 0.015019655227661133 226 192 360 353
face 0.014578372240066528 226 192 360 353
face 0.014231443405151367 226 192 360 353
face 0.01408502459526062 226 192 360 353
face 0.013876467943191528 226 192 360 353
face 0.013833940029144287 226 192 360 353
face 0.013053447008132935 226 192 360 353
face 0.012954026460647583 226 192 360 353
face 0.012877434492111206 226 192 360 353
face 0.012444347143173218 226 192 360 353
face 0.01242712140083313 226 192 360 353
face 0.011881649494171143 226 192 360 353
face 0.011732131242752075 226 192 360 353
face 0.011714011430740356 226 192 360 353
face 0.011707425117492676 226 192 360 353
face 0.011650115251541138 226 192 360 353
face 0.011389046907424927 226 192 360 353
face 0.011310189962387085 226 192 360 353
face 0.011278688907623291 226 192 360 353
face 0.011082977056503296 226 192 360 353
face 0.011022329330444336 226 192 360 353
face 0.011000573635101318 226 192 360 353
face 0.010946035385131836 226 192 360 353
face 0.010945826768875122 226 192 360 353
face 0.010931730270385742 226 192 360 353
face 0.010924428701400757 226 192 360 353
face 0.010794073343276978 226 192 360 353
face 0.010635286569595337 226 192 360 353
face 0.010448098182678223 226 192 360 353
face 0.010413050651550293 226 192 360 353
face 0.010316729545593262 226 192 360 353
face 0.01023837924003601 226 192 360 353
face 0.010152190923690796 226 192 360 353
face 0.010078907012939453 226 192 360 353
face 0.009985506534576416 226 192 360 353
face 0.009949028491973877 226 192 360 353
face 0.009918361902236938 226 192 360 353
face 0.009906560182571411 226 192 360 353
face 0.00976264476776123 226 192 360 353
face 0.00973200798034668 226 192 360 353
face 0.009728729724884033 226 192 360 353
face 0.009620457887649536 226 192 360 353
face 0.009404867887496948 226 192 360 353
face 0.00939294695854187 226 192 360 353
face 0.009392261505126953 226 192 360 353
face 0.0093153715133667 226 192 360 353
face 0.009178191423416138 226 192 360 353
face 0.009139597415924072 226 192 360 353
face 0.009098738431930542 226 192 360 353
face 0.009097784757614136 226 192 360 353
face 0.008993864059448242 226 192 360 353
face 0.008984297513961792 226 192 360 353
face 0.008948355913162231 226 192 360 353
face 0.008855253458023071 226 192 360 353
face 0.00871497392654419 226 192 360 353
face 0.008701205253601074 226 192 360 353
face 0.008680790662765503 226 192 360 353
face 0.008659213781356812 226 192 360 353
face 0.008502960205078125 226 192 360 353
face 0.008469551801681519 226 192 360 353
face 0.00843629240989685 226 192 360 353
face 0.008388519287109375 226 192 360 353
face 0.008385032415390015 226 192 360 353
face 0.008297145366668701 226 192 360 353
face 0.008267045021057129 226 192 360 353
face 0.00825721025466919 226 192 360 353
face 0.008254140615463257 226 192 360 353
face 0.00824931263923645 226 192 360 353
face 0.008243978023529053 226 192 360 353
face 0.0082319974899292 226 192 360 353
face 0.00822669267654419 226 192 360 353
face 0.008186012506484985 226 192 360 353
face 0.008139580488204956 226 192 360 353
face 0.008036106824874878 226 192 360 353
face 0.00796741247177124 226 192 360 353
face 0.00790625810623169 226 192 360 353
face 0.007890820503234863 226 192 360 353
face 0.00784650444984436 226 192 360 353
