face 0.9707326889038086 404 135 565 358
face 0.04826125502586365 404 135 565 358
face 0.03318801522254944 404 135 565 358
face 0.03276878595352173 404 135 565 358
face 0.028664767742156982 404 135 565 358
face 0.02769172191619873 404 135 565 358
face 0.025422096252441406 404 135 565 358
face 0.023270010948181152 404 135 565 358
face 0.022610604763031006 404 135 565 358
face 0.022172093391418457 404 135 565 358
face 0.02032172679901123 404 135 565 358
face 0.01916712522506714 404 135 565 358
face 0.01867687702178955 404 135 565 358
face 0.01840054988861084 404 135 565 358
face 0.018220573663711548 404 135 565 358
face 0.017951637506484985 404 135 565 358
face 0.01773357391357422 404 135 565 358
face 0.01612722873687744 404 135 565 358
face 0.016003966331481934 404 135 565 358
face 0.014943569898605347 404 135 565 358
face 0.014653772115707397 404 135 565 358
face 0.01463174819946289 404 135 565 358
face 0.014399588108062744 404 135 565 358
face 0.01301458477973938 404 135 565 358
face 0.01251956820487976 404 135 565 358
face 0.012066960334777832 404 135 565 358
face 0.01147034764289856 404 135 565 358
face 0.010824859142303467 404 135 565 358
face 0.010687768459320068 404 135 565 358
face 0.010114043951034546 404 135 565 358
face 0.009871512651443481 404 135 565 358
face 0.009200125932693481 404 135 565 358
face 0.008974701166152954 404 135 565 358
face 0.008780598640441895 404 135 565 358
face 0.008500665426254272 404 135 565 358
face 0.008270472288131714 404 135 565 358
face 0.008193254470825195 404 135 565 358
face 0.008130908012390137 404 135 565 358
face 0.00808948278427124 404 135 565 358
face 0.007853150367736816 404 135 565 358
face 0.007809340953826904 404 135 565 358
face 0.007537513971328735 404 135 565 358
face 0.007398247718811035 404 135 565 358
face 0.007256418466567993 404 135 565 358
face 0.007143110036849976 404 135 565 358
face 0.006749480962753296 404 135 565 358
face 0.006711423397064209 404 135 565 358
face 0.006585419178009033 404 135 565 358
face 0.0065104663372039795 404 135 565 358
face 0.006364792585372925 404 135 565 358
face 0.006326049566268921 404 135 565 358
face 0.006292849779129028 404 135 565 358
face 0.006266772747039795 404 135 565 358
face 0.006193667650222778 404 135 565 358
face 0.006177634000778198 404 135 565 358
face 0.006086587905883789 404 135 565 358
face 0.00607675313949585 404 135 565 358
face 0.006030172109603882 404 135 565 358
face 0.005996614694595337 404 135 565 358
face 0.005995899438858032 404 135 565 358
face 0.0059844255447387695 404 135 565 358
face 0.005956470966339111 404 135 565 358
face 0.005591243505477905 404 135 565 358
face 0.005541175603866577 404 135 565 358
face 0.005380451679229736 404 135 565 358
face 0.005366712808609009 404 135 565 358
face 0.005118221044540405 404 135 565 358
face 0.005115896463394165 404 135 565 358
face 0.005052715539932251 404 135 565 358
face 0.0049529969692230225 404 135 565 358
face 0.004877626895904541 404 135 565 358
face 0.004576325416564941 404 135 565 358
face 0.004516512155532837 404 135 565 358
face 0.0044441819190979 404 135 565 358
face 0.004443466663360596 404 135 565 358
face 0.0044266581535339355 404 135 565 358
face 0.004425674676895142 404 135 565 358
face 0.004407137632369995 404 135 565 358
face 0.0042622387409210205 404 135 565 358
face 0.004129081964492798 404 135 565 358
face 0.0040454864501953125 404 135 565 358
face 0.0040357112884521484 404 135 565 358
face 0.003955245018005371 404 135 565 358
face 0.003866136074066162 404 135 565 358
face 0.0038535892963409424 404 135 565 358
face 0.0037707090377807617 404 135 565 358
face 0.0037574172019958496 404 135 565 358
face 0.0036602020263671875 404 135 565 358
face 0.003601968288421631 404 135 565 358
face 0.003587067127227783 404 135 565 358
face 0.0035806894302368164 404 135 565 358
face 0.0035788416862487793 404 135 565 358
face 0.003554791212081909 404 135 565 358
face 0.003491699695587158 404 135 565 358
face 0.0034641027450561523 404 135 565 358
face 0.003410518169403076 404 135 565 358
face 0.003408759832382202 404 135 565 358
face 0.003393024206161499 404 135 565 358
