face 0.9359377026557922 434 177 638 437
face 0.004900693893432617 434 177 638 437
face 0.004421532154083252 434 177 638 437
face 0.003364384174346924 434 177 638 437
face 0.0027291476726531982 434 177 638 437
face 0.0027056634426116943 434 177 638 437
face 0.0026985108852386475 434 177 638 437
face 0.002578556537628174 434 177 638 437
face 0.002494513988494873 434 177 638 437
face 0.0024918019771575928 434 177 638 437
face 0.002446502447128296 434 177 638 437
face 0.0023538172245025635 434 177 638 437
face 0.002303987741470337 434 177 638 437
face 0.0022415220737457275 434 177 638 437
face 0.002214103937149048 434 177 638 437
face 0.0022008121013641357 434 177 638 437
face 0.002194702625274658 434 177 638 437
face 0.0021129846572875977 434 177 638 437
face 0.0019844472408294678 434 177 638 437
face 0.0019366443157196045 434 177 638 437
face 0.0018559396266937256 434 177 638 437
face 0.0018507838249206543 434 177 638 437
face 0.0018464624881744385 434 177 638 437
face 0.0017634332180023193 434 177 638 437
face 0.0017000138759613037 434 177 638 437
face 0.0016765892505645752 434 177 638 437
face 0.001669555902481079 434 177 638 437
face 0.0016503334045410156 434 177 638 437
face 0.001620173454284668 434 177 638 437
face 0.0015992224216461182 434 177 638 437
face 0.0015729069709777832 434 177 638 437
face 0.0015625357627868652 434 177 638 437
face 0.0015604197978973389 434 177 638 437
face 0.0015343129634857178 434 177 638 437
face 0.0015243887901306152 434 177 638 437
face 0.0015239417552947998 434 177 638 437
face 0.0014921128749847412 434 177 638 437
face 0.0014919042587280273 434 177 638 437
face 0.0014702379703521729 434 177 638 437
face 0.001452714204788208 434 177 638 437
face 0.0014483928680419922 434 177 638 437
face 0.0014200210571289062 434 177 638 437
face 0.0014162659645080566 434 177 638 437
face 0.001400589942932129 434 177 638 437
face 0.0013845264911651611 434 177 638 437
face 0.0013654828071594238 434 177 638 437
face 0.0013290941715240479 434 177 638 437
face 0.0013217329978942871 434 177 638 437
face 0.0013087987899780273 434 177 638 437
face 0.0013085007667541504 434 177 638 437
face 0.0013052821159362793 434 177 638 437
face 0.0012874007225036621 434 177 638 437
face 0.0012850463390350342 434 177 638 437
face 0.001272350549697876 434 177 638 437
face 0.0012722611427307129 434 177 638 437
face 0.0012706220149993896 434 177 638 437
face 0.001268148422241211 434 177 638 437
face 0.0012641549110412598 434 177 638 437
face 0.0012362003326416016 434 177 638 437
face 0.0012333095073699951 434 177 638 437
face 0.0012218952178955078 434 177 638 437
face 0.0012166798114776611 434 177 638 437
face 0.001206517219543457 434 177 638 437
face 0.0012038350105285645 434 177 638 437
face 0.0011723339557647705 434 177 638 437
face 0.00115126371383667 434 177 638 437
face 0.0011297762393951416 434 177 638 437
face 0.0011276006698608398 434 177 638 437
face 0.0011268258094787598 434 177 638 437
face 0.0011145174503326416 434 177 638 437
face 0.0011073946952819824 434 177 638 437
face 0.0010749995708465576 434 177 638 437
face 0.001073211431503296 434 177 638 437
face 0.0010706186294555664 434 177 638 437
face 0.0010601580142974854 434 177 638 437
face 0.0010470151901245117 434 177 638 437
face 0.0010439753532409668 434 177 638 437
face 0.0010377466678619385 434 177 638 437
face 0.0010304152965545654 434 177 638 437
face 0.0010063648223876953 434 177 638 437
face 0.0009906589984893799 434 177 638 437
face 0.0009852349758148193 434 177 638 437
face 0.0009832382202148438 434 177 638 437
face 0.0009800493717193604 434 177 638 437
face 0.0009796321392059326 434 177 638 437
face 0.0009681582450866699 434 177 638 437
face 0.0009545087814331055 434 177 638 437
face 0.0009504556655883789 434 177 638 437
face 0.0009268224239349365 434 177 638 437
face 0.0009091496467590332 434 177 638 437
face 0.000908583402633667 434 177 638 437
face 0.0009061992168426514 434 177 638 437
face 0.0008922219276428223 434 177 638 437
face 0.000884711742401123 434 177 638 437
face 0.0008805990219116211 434 177 638 437
face 0.0008802115917205811 434 177 638 437
face 0.0008795857429504395 434 177 638 437
face 0.0008789598941802979 434 177 638 437
face 0.0008748769760131836 434 177 638 437
face 0.0008696317672729492 434 177 638 437
