face 0.9711489677429199 802 254 854 306
face 0.9514510631561279 510 165 581 269
face 0.6247318983078003 298 114 359 229
face 0.1505909562110901 298 114 359 229
face 0.059468865394592285 298 114 359 229
face 0.037288010120391846 298 114 359 229
face 0.028242439031600952 298 114 359 229
face 0.02654576301574707 298 114 359 229
face 0.02593928575515747 298 114 359 229
face 0.025592029094696045 298 114 359 229
face 0.02338460087776184 298 114 359 229
face 0.023016661405563354 298 114 359 229
face 0.022038966417312622 298 114 359 229
face 0.02072194218635559 298 114 359 229
face 0.020286381244659424 298 114 359 229
face 0.020133942365646362 298 114 359 229
face 0.018801778554916382 298 114 359 229
face 0.018623381853103638 298 114 359 229
face 0.018473327159881592 298 114 359 229
face 0.01832592487335205 298 114 359 229
face 0.016426563262939453 298 114 359 229
face 0.01626342535018921 298 114 359 229
face 0.01623573899269104 298 114 359 229
face 0.01455637812614441 298 114 359 229
face 0.014232665300369263 298 114 359 229
face 0.014219701290130615 298 114 359 229
face 0.014185518026351929 298 114 359 229
face 0.013745129108428955 298 114 359 229
face 0.01351502537727356 298 114 359 229
face 0.013477504253387451 298 114 359 229
face 0.013363897800445557 298 114 359 229
face 0.013108402490615845 298 114 359 229
face 0.012918263673782349 298 114 359 229
face 0.012450218200683594 298 114 359 229
face 0.01202535629272461 298 114 359 229
face 0.011891454458236694 298 114 359 229
face 0.011356353759765625 298 114 359 229
face 0.010994940996170044 298 114 359 229
face 0.010797321796417236 298 114 359 229
face 0.010649383068084717 298 114 359 229
face 0.010436475276947021 298 114 359 229
face 0.010278403759002686 298 114 359 229
face 0.010130226612091064 298 114 359 229
face 0.009895503520965576 298 114 359 229
face 0.009588956832885742 298 114 359 229
face 0.009510964155197144 298 114 359 229
face 0.009503811597824097 298 114 359 229
face 0.00926351547241211 298 114 359 229
face 0.008967161178588867 298 114 359 229
face 0.008729934692382812 298 114 359 229
face 0.008675932884216309 298 114 359 229
face 0.008641302585601807 298 114 359 229
face 0.008580118417739868 298 114 359 229
face 0.008474409580230713 298 114 359 229
face 0.008252173662185669 298 114 359 229
face 0.008077353239059448 298 114 359 229
face 0.008009105920791626 298 114 359 229
face 0.007988840341567993 298 114 359 229
face 0.007973700761795044 298 114 359 229
face 0.007817864418029785 298 114 359 229
face 0.007745653390884399 298 114 359 229
face 0.007704317569732666 298 114 359 229
face 0.007579207420349121 298 114 359 229
face 0.0075234174728393555 298 114 359 229
face 0.007432281970977783 298 114 359 229
face 0.0073465704917907715 298 114 359 229
face 0.007225006818771362 298 114 359 229
face 0.007149249315261841 298 114 359 229
face 0.007035791873931885 298 114 359 229
face 0.0067539215087890625 298 114 359 229
face 0.006547451019287109 298 114 359 229
face 0.006410330533981323 298 114 359 229
face 0.006112337112426758 298 114 359 229
face 0.005895465612411499 298 114 359 229
face 0.0058329105377197266 298 114 359 229
face 0.005554556846618652 298 114 359 229
face 0.005554258823394775 298 114 359 229
face 0.005366265773773193 298 114 359 229
face 0.005226701498031616 298 114 359 229
face 0.005215734243392944 298 114 359 229
face 0.005072087049484253 298 114 359 229
face 0.0050147175788879395 298 114 359 229
face 0.004961580038070679 298 114 359 229
face 0.004755795001983643 298 114 359 229
face 0.004712492227554321 298 114 359 229
face 0.004592210054397583 298 114 359 229
face 0.0045487284660339355 298 114 359 229
face 0.0045393407344818115 298 114 359 229
face 0.004522591829299927 298 114 359 229
face 0.0045053958892822266 298 114 359 229
face 0.004412829875946045 298 114 359 229
face 0.004346132278442383 298 114 359 229
face 0.004314392805099487 298 114 359 229
face 0.004306703805923462 298 114 359 229
face 0.004297405481338501 298 114 359 229
face 0.004258930683135986 298 114 359 229
face 0.004243135452270508 298 114 359 229
face 0.0041799843311309814 298 114 359 229
face 0.004160106182098389 298 114 359 229
face 0.004157513380050659 298 114 359 229
