face 0.9296602010726929 517 90 803 354
face 0.7355050444602966 224 95 482 338
face 0.05868247151374817 224 95 482 338
face 0.04906773567199707 224 95 482 338
face 0.03993675112724304 224 95 482 338
face 0.03755640983581543 224 95 482 338
face 0.03699153661727905 224 95 482 338
face 0.03372594714164734 224 95 482 338
face 0.03280121088027954 224 95 482 338
face 0.032389700412750244 224 95 482 338
face 0.03236544132232666 224 95 482 338
face 0.031556010246276855 224 95 482 338
face 0.03153109550476074 224 95 482 338
face 0.031493693590164185 224 95 482 338
face 0.029869556427001953 224 95 482 338
face 0.029671043157577515 224 95 482 338
face 0.02954268455505371 224 95 482 338
face 0.02901548147201538 224 95 482 338
face 0.028346896171569824 224 95 482 338
face 0.027504920959472656 224 95 482 338
face 0.026920229196548462 224 95 482 338
face 0.026890218257904053 224 95 482 338
face 0.02657070755958557 224 95 482 338
face 0.02654343843460083 224 95 482 338
face 0.02595353126525879 224 95 482 338
face 0.025536328554153442 224 95 482 338
face 0.02553534507751465 224 95 482 338
face 0.025267213582992554 224 95 482 338
face 0.02482658624649048 224 95 482 338
face 0.024429112672805786 224 95 482 338
face 0.024247288703918457 224 95 482 338
face 0.023965448141098022 224 95 482 338
face 0.023882687091827393 224 95 482 338
face 0.023783326148986816 224 95 482 338
face 0.0236627459526062 224 95 482 338
face 0.02361971139907837 224 95 482 338
face 0.02289620041847229 224 95 482 338
face 0.022769451141357422 224 95 482 338
face 0.022706925868988037 224 95 482 338
face 0.02265647053718567 224 95 482 338
face 0.022264480590820312 224 95 482 338
face 0.021642327308654785 224 95 482 338
face 0.021593600511550903 224 95 482 338
face 0.021449953317642212 224 95 482 338
face 0.021205008029937744 224 95 482 338
face 0.021176248788833618 224 95 482 338
face 0.02094513177871704 224 95 482 338
face 0.020742177963256836 224 95 482 338
face 0.020316779613494873 224 95 482 338
face 0.02024620771408081 224 95 482 338
face 0.020237863063812256 224 95 482 338
face 0.020169615745544434 224 95 482 338
face 0.019967466592788696 224 95 482 338
face 0.01991713047027588 224 95 482 338
face 0.019835978746414185 224 95 482 338
face 0.019626498222351074 224 95 482 338
face 0.019532501697540283 224 95 482 338
face 0.018992632627487183 224 95 482 338
face 0.018946319818496704 224 95 482 338
face 0.01876428723335266 224 95 482 338
face 0.018722862005233765 224 95 482 338
face 0.01869499683380127 224 95 482 338
face 0.01849132776260376 224 95 482 338
face 0.018353670835494995 224 95 482 338
face 0.018164247274398804 224 95 482 338
face 0.018118053674697876 224 95 482 338
face 0.018082350492477417 224 95 482 338
face 0.01784035563468933 224 95 482 338
face 0.017735928297042847 224 95 482 338
face 0.01766839623451233 224 95 482 338
face 0.017614364624023438 224 95 482 338
face 0.01751720905303955 224 95 482 338
face 0.017472535371780396 224 95 482 338
face 0.017460674047470093 224 95 482 338
face 0.017343640327453613 224 95 482 338
face 0.01732209324836731 224 95 482 338
face 0.01704433560371399 224 95 482 338
face 0.01696494221687317 224 95 482 338
face 0.016588717699050903 224 95 482 338
face 0.01637914776802063 224 95 482 338
face 0.016375958919525146 224 95 482 338
face 0.0163232684135437 224 95 482 338
face 0.01616966724395752 224 95 482 338
face 0.016166627407073975 224 95 482 338
face 0.016054242849349976 224 95 482 338
face 0.01584342122077942 224 95 482 338
face 0.015821248292922974 224 95 482 338
face 0.015801995992660522 224 95 482 338
face 0.015734940767288208 224 95 482 338
face 0.015587002038955688 224 95 482 338
face 0.015398681163787842 224 95 482 338
face 0.015397101640701294 224 95 482 338
face 0.01534891128540039 224 95 482 338
face 0.01534116268157959 224 95 482 338
face 0.01525336503982544 224 95 482 338
face 0.015201747417449951 224 95 482 338
face 0.015186429023742676 224 95 482 338
face 0.015142649412155151 224 95 482 338
face 0.015090644359588623 224 95 482 338
face 0.015013009309768677 224 95 482 338
