face 0.8630486726760864 371 236 566 488
face 0.5884670615196228 770 237 939 443
face 0.18477818369865417 770 237 939 443
face 0.0848221480846405 770 237 939 443
face 0.03891673684120178 770 237 939 443
face 0.036439985036849976 770 237 939 443
face 0.03569638729095459 770 237 939 443
face 0.03185868263244629 770 237 939 443
face 0.03146231174468994 770 237 939 443
face 0.027011632919311523 770 237 939 443
face 0.022842317819595337 770 237 939 443
face 0.021829575300216675 770 237 939 443
face 0.021686196327209473 770 237 939 443
face 0.020173847675323486 770 237 939 443
face 0.01915985345840454 770 237 939 443
face 0.01839393377304077 770 237 939 443
face 0.018326669931411743 770 237 939 443
face 0.018093794584274292 770 237 939 443
face 0.017964273691177368 770 237 939 443
face 0.017763763666152954 770 237 939 443
face 0.017074137926101685 770 237 939 443
face 0.016804903745651245 770 237 939 443
face 0.01669025421142578 770 237 939 443
face 0.016158610582351685 770 237 939 443
face 0.015982776880264282 770 237 939 443
face 0.015922069549560547 770 237 939 443
face 0.015897393226623535 770 237 939 443
face 0.015536010265350342 770 237 939 443
face 0.015368789434432983 770 237 939 443
face 0.015234529972076416 770 237 939 443
face 0.015202075242996216 770 237 939 443
face 0.014580637216567993 770 237 939 443
face 0.014551162719726562 770 237 939 443
face 0.014378368854522705 770 237 939 443
face 0.014341175556182861 770 237 939 443
face 0.014017492532730103 770 237 939 443
face 0.01395106315612793 770 237 939 443
face 0.013878554105758667 770 237 939 443
face 0.01376110315322876 770 237 939 443
face 0.013050287961959839 770 237 939 443
face 0.012934774160385132 770 237 939 443
face 0.012745916843414307 770 237 939 443
face 0.012405365705490112 770 237 939 443
face 0.012276172637939453 770 237 939 443
face 0.01222527027130127 770 237 939 443
face 0.01211276650428772 770 237 939 443
face 0.011996686458587646 770 237 939 443
face 0.011952906847000122 770 237 939 443
face 0.011913537979125977 770 237 939 443
face 0.011753976345062256 770 237 939 443
face 0.011580109596252441 770 237 939 443
face 0.011549323797225952 770 237 939 443
face 0.011231839656829834 770 237 939 443
face 0.01112392544746399 770 237 939 443
face 0.010983169078826904 770 237 939 443
face 0.010905683040618896 770 237 939 443
face 0.010867327451705933 770 237 939 443
face 0.010754495859146118 770 237 939 443
face 0.010649025440216064 770 237 939 443
face 0.010534077882766724 770 237 939 443
face 0.010437369346618652 770 237 939 443
face 0.010252177715301514 770 237 939 443
face 0.010082453489303589 770 237 939 443
face 0.010041475296020508 770 237 939 443
face 0.01002475619316101 770 237 939 443
face 0.009831011295318604 770 237 939 443
face 0.009830713272094727 770 237 939 443
face 0.009796679019927979 770 237 939 443
face 0.00972670316696167 770 237 939 443
face 0.009586483240127563 770 237 939 443
face 0.009543657302856445 770 237 939 443
face 0.009399205446243286 770 237 939 443
face 0.009291023015975952 770 237 939 443
face 0.009264200925827026 770 237 939 443
face 0.00909450650215149 770 237 939 443
face 0.009013175964355469 770 237 939 443
face 0.00899893045425415 770 237 939 443
face 0.008903861045837402 770 237 939 443
face 0.00883108377456665 770 237 939 443
face 0.008813172578811646 770 237 939 443
face 0.008647680282592773 770 237 939 443
face 0.008563190698623657 770 237 939 443
face 0.008407294750213623 770 237 939 443
face 0.008286148309707642 770 237 939 443
face 0.008235454559326172 770 237 939 443
face 0.008202970027923584 770 237 939 443
face 0.008170008659362793 770 237 939 443
face 0.0081540048122406 770 237 939 443
face 0.008134275674819946 770 237 939 443
face 0.008001774549484253 770 237 939 443
face 0.007998108863830566 770 237 939 443
face 0.007963895797729492 770 237 939 443
face 0.007950931787490845 770 237 939 443
face 0.007890522480010986 770 237 939 443
face 0.007871627807617188 770 237 939 443
face 0.007838904857635498 770 237 939 443
face 0.0078047215938568115 770 237 939 443
face 0.007733285427093506 770 237 939 443
face 0.007689237594604492 770 237 939 443
face 0.007688254117965698 770 237 939 443
