face 0.9825242757797241 678 170 786 341
face 0.8232824206352234 343 215 440 383
face 0.09904441237449646 343 215 440 383
face 0.038531213998794556 343 215 440 383
face 0.028730064630508423 343 215 440 383
face 0.027390629053115845 343 215 440 383
face 0.025951683521270752 343 215 440 383
face 0.014583706855773926 343 215 440 383
face 0.013900548219680786 343 215 440 383
face 0.013729184865951538 343 215 440 383
face 0.01368287205696106 343 215 440 383
face 0.013248205184936523 343 215 440 383
face 0.013210207223892212 343 215 440 383
face 0.013154417276382446 343 215 440 383
face 0.012569308280944824 343 215 440 383
face 0.011882394552230835 343 215 440 383
face 0.0118408203125 343 215 440 383
face 0.011514782905578613 343 215 440 383
face 0.01131477952003479 343 215 440 383
face 0.011291533708572388 343 215 440 383
face 0.010976165533065796 343 215 440 383
face 0.009838640689849854 343 215 440 383
face 0.009482592344284058 343 215 440 383
face 0.009407192468643188 343 215 440 383
face 0.00902700424194336 343 215 440 383
face 0.008817225694656372 343 215 440 383
face 0.008771955966949463 343 215 440 383
face 0.00860866904258728 343 215 440 383
face 0.008546173572540283 343 215 440 383
face 0.008420169353485107 343 215 440 383
face 0.008370071649551392 343 215 440 383
face 0.007943183183670044 343 215 440 383
face 0.0077530741691589355 343 215 440 383
face 0.007342219352722168 343 215 440 383
face 0.007161438465118408 343 215 440 383
face 0.007097333669662476 343 215 440 383
face 0.007056623697280884 343 215 440 383
face 0.006791293621063232 343 215 440 383
face 0.0065000951290130615 343 215 440 383
face 0.00646016001701355 343 215 440 383
face 0.006361216306686401 343 215 440 383
face 0.006260931491851807 343 215 440 383
face 0.006259888410568237 343 215 440 383
face 0.0062261223793029785 343 215 440 383
face 0.006213366985321045 343 215 440 383
face 0.006193399429321289 343 215 440 383
face 0.006028473377227783 343 215 440 383
face 0.00599294900894165 343 215 440 383
face 0.005798697471618652 343 215 440 383
face 0.005746632814407349 343 215 440 383
face 0.0056269168853759766 343 215 440 383
face 0.0055963099002838135 343 215 440 383
face 0.005574166774749756 343 215 440 383
face 0.005523741245269775 343 215 440 383
face 0.005463540554046631 343 215 440 383
face 0.005418688058853149 343 215 440 383
face 0.005247712135314941 343 215 440 383
face 0.005244344472885132 343 215 440 383
face 0.005212217569351196 343 215 440 383
face 0.005211144685745239 343 215 440 383
face 0.005167603492736816 343 215 440 383
face 0.005054950714111328 343 215 440 383
face 0.004911988973617554 343 215 440 383
face 0.004896491765975952 343 215 440 383
face 0.004806458950042725 343 215 440 383
face 0.00476112961769104 343 215 440 383
face 0.004662811756134033 343 215 440 383
face 0.004549235105514526 343 215 440 383
face 0.004515320062637329 343 215 440 383
face 0.004475980997085571 343 215 440 383
face 0.004284948110580444 343 215 440 383
face 0.004278510808944702 343 215 440 383
face 0.004269242286682129 343 215 440 383
face 0.0042562782764434814 343 215 440 383
face 0.004247605800628662 343 215 440 383
face 0.004134714603424072 343 215 440 383
face 0.004114806652069092 343 215 440 383
face 0.004090756177902222 343 215 440 383
face 0.004080384969711304 343 215 440 383
face 0.004073053598403931 343 215 440 383
face 0.00402495265007019 343 215 440 383
face 0.00400879979133606 343 215 440 383
face 0.003924757242202759 343 215 440 383
face 0.003912597894668579 343 215 440 383
face 0.003892183303833008 343 215 440 383
face 0.0038437843322753906 343 215 440 383
face 0.003816664218902588 343 215 440 383
face 0.003797978162765503 343 215 440 383
face 0.00377461314201355 343 215 440 383
face 0.0037600696086883545 343 215 440 383
face 0.0037420988082885742 343 215 440 383
face 0.0037287473678588867 343 215 440 383
face 0.0037228167057037354 343 215 440 383
face 0.0036734938621520996 343 215 440 383
face 0.003654181957244873 343 215 440 383
face 0.0036467909812927246 343 215 440 383
face 0.0035677850246429443 343 215 440 383
face 0.003525763750076294 343 215 440 383
face 0.0035047829151153564 343 215 440 383
face 0.00349465012550354 343 215 440 383
