face 0.9922956824302673 191 62 227 113
face 0.9889140129089355 331 96 367 145
face 0.9652854800224304 777 165 823 226
face 0.49788716435432434 777 165 823 226
face 0.10422006249427795 777 165 823 226
face 0.09230640530586243 777 165 823 226
face 0.09153389930725098 777 165 823 226
face 0.07409828901290894 777 165 823 226
face 0.07240080833435059 777 165 823 226
face 0.05555728077888489 777 165 823 226
face 0.05236196517944336 777 165 823 226
face 0.04498469829559326 777 165 823 226
face 0.04237690567970276 777 165 823 226
face 0.04173976182937622 777 165 823 226
face 0.04026031494140625 777 165 823 226
face 0.03931495547294617 777 165 823 226
face 0.036464959383010864 777 165 823 226
face 0.03467917442321777 777 165 823 226
face 0.03310459852218628 777 165 823 226
face 0.032228440046310425 777 165 823 226
face 0.03135886788368225 777 165 823 226
face 0.03125101327896118 777 165 823 226
face 0.03015577793121338 777 165 823 226
face 0.028392553329467773 777 165 823 226
face 0.028164952993392944 777 165 823 226
face 0.025992095470428467 777 165 823 226
face 0.025240331888198853 777 165 823 226
face 0.02382519841194153 777 165 823 226
face 0.02321767807006836 777 165 823 226
face 0.022966474294662476 777 165 823 226
face 0.02281242609024048 777 165 823 226
face 0.022595494985580444 777 165 823 226
face 0.022333413362503052 777 165 823 226
face 0.020964711904525757 777 165 823 226
face 0.019449591636657715 777 165 823 226
face 0.018784523010253906 777 165 823 226
face 0.017779111862182617 777 165 823 226
face 0.017381012439727783 777 165 823 226
face 0.016013890504837036 777 165 823 226
face 0.015926212072372437 777 165 823 226
face 0.01541447639465332 777 165 823 226
face 0.01486310362815857 777 165 823 226
face 0.014024496078491211 777 165 823 226
face 0.013008952140808105 777 165 823 226
face 0.012708127498626709 777 165 823 226
face 0.012596994638442993 777 165 823 226
face 0.012491464614868164 777 165 823 226
face 0.01246953010559082 777 165 823 226
face 0.012312173843383789 777 165 823 226
face 0.012175798416137695 777 165 823 226
face 0.011673688888549805 777 165 823 226
face 0.011431485414505005 777 165 823 226
face 0.010857760906219482 777 165 823 226
face 0.010641306638717651 777 165 823 226
face 0.010591983795166016 777 165 823 226
face 0.010555833578109741 777 165 823 226
face 0.010450124740600586 777 165 823 226
face 0.01004171371459961 777 165 823 226
face 0.009911686182022095 777 165 823 226
face 0.009907364845275879 777 165 823 226
face 0.009467154741287231 777 165 823 226
face 0.009411424398422241 777 165 823 226
face 0.00936397910118103 777 165 823 226
face 0.009299129247665405 777 165 823 226
face 0.009188026189804077 777 165 823 226
face 0.009184062480926514 777 165 823 226
face 0.009013831615447998 777 165 823 226
face 0.009006530046463013 777 165 823 226
face 0.008973419666290283 777 165 823 226
face 0.008926570415496826 777 165 823 226
face 0.008919686079025269 777 165 823 226
face 0.008858412504196167 777 165 823 226
face 0.008740842342376709 777 165 823 226
face 0.008555710315704346 777 165 823 226
face 0.008370131254196167 777 165 823 226
face 0.008072376251220703 777 165 823 226
face 0.008064508438110352 777 165 823 226
face 0.00797361135482788 777 165 823 226
face 0.007966399192810059 777 165 823 226
face 0.007947862148284912 777 165 823 226
face 0.007933199405670166 777 165 823 226
face 0.007875770330429077 777 165 823 226
face 0.007864892482757568 777 165 823 226
face 0.007691085338592529 777 165 823 226
face 0.0076878368854522705 777 165 823 226
face 0.007641434669494629 777 165 823 226
face 0.007598757743835449 777 165 823 226
face 0.007507979869842529 777 165 823 226
face 0.007492363452911377 777 165 823 226
face 0.007045835256576538 777 165 823 226
face 0.006920546293258667 777 165 823 226
face 0.006886422634124756 777 165 823 226
face 0.0068052709102630615 777 165 823 226
face 0.006715148687362671 777 165 823 226
face 0.006671905517578125 777 165 823 226
face 0.0065045952796936035 777 165 823 226
face 0.00635942816734314 777 165 823 226
face 0.00626644492149353 777 165 823 226
face 0.006177991628646851 777 165 823 226
face 0.0061772167682647705 777 165 823 226
