face 0.8722301125526428 681 192 779 293
face 0.8195567727088928 204 178 305 275
face 0.42356374859809875 204 178 305 275
face 0.11819100379943848 204 178 305 275
face 0.04817759990692139 204 178 305 275
face 0.036397069692611694 204 178 305 275
face 0.019202440977096558 204 178 305 275
face 0.017845869064331055 204 178 305 275
face 0.01721230149269104 204 178 305 275
face 0.016338378190994263 204 178 305 275
face 0.016086935997009277 204 178 305 275
face 0.015985488891601562 204 178 305 275
face 0.01490330696105957 204 178 305 275
face 0.014578431844711304 204 178 305 275
face 0.014178097248077393 204 178 305 275
face 0.013197511434555054 204 178 305 275
face 0.012616962194442749 204 178 305 275
face 0.012203395366668701 204 178 305 275
face 0.012074887752532959 204 178 305 275
face 0.012048542499542236 204 178 305 275
face 0.011683374643325806 204 178 305 275
face 0.011056631803512573 204 178 305 275
face 0.010975062847137451 204 178 305 275
face 0.010814547538757324 204 178 305 275
face 0.010375410318374634 204 178 305 275
face 0.010137677192687988 204 178 305 275
face 0.010027647018432617 204 178 305 275
face 0.009639978408813477 204 178 305 275
face 0.008906573057174683 204 178 305 275
face 0.00882101058959961 204 178 305 275
face 0.008756697177886963 204 178 305 275
face 0.008717715740203857 204 178 305 275
face 0.00864359736442566 204 178 305 275
face 0.008353859186172485 204 178 305 275
face 0.00827762484550476 204 178 305 275
face 0.007994920015335083 204 178 305 275
face 0.007893204689025879 204 178 305 275
face 0.007884413003921509 204 178 305 275
face 0.00783759355545044 204 178 305 275
face 0.00782504677772522 204 178 305 275
face 0.007684975862503052 204 178 305 275
face 0.00762331485748291 204 178 305 275
face 0.007468879222869873 204 178 305 275
face 0.007404953241348267 204 178 305 275
face 0.0072100162506103516 204 178 305 275
face 0.006902337074279785 204 178 305 275
face 0.006713211536407471 204 178 305 275
face 0.006617933511734009 204 178 305 275
face 0.006576657295227051 204 178 305 275
face 0.006265580654144287 204 178 305 275
face 0.006170451641082764 204 178 305 275
face 0.005899369716644287 204 178 305 275
face 0.005894124507904053 204 178 305 275
face 0.005816429853439331 204 178 305 275
face 0.005808204412460327 204 178 305 275
face 0.005764514207839966 204 178 305 275
face 0.005670040845870972 204 178 305 275
face 0.00564458966255188 204 178 305 275
face 0.0055408775806427 204 178 305 275
face 0.005535989999771118 204 178 305 275
face 0.00553479790687561 204 178 305 275
face 0.005534350872039795 204 178 305 275
face 0.005520850419998169 204 178 305 275
face 0.005519181489944458 204 178 305 275
face 0.005502223968505859 204 178 305 275
face 0.005485057830810547 204 178 305 275
face 0.0054153501987457275 204 178 305 275
face 0.0054007768630981445 204 178 305 275
face 0.005392998456954956 204 178 305 275
face 0.005378454923629761 204 178 305 275
face 0.005312025547027588 204 178 305 275
face 0.005304127931594849 204 178 305 275
face 0.005299091339111328 204 178 305 275
face 0.005269050598144531 204 178 305 275
face 0.005213797092437744 204 178 305 275
face 0.005205065011978149 204 178 305 275
face 0.005094587802886963 204 178 305 275
face 0.005039334297180176 204 178 305 275
face 0.00494074821472168 204 178 305 275
face 0.004894763231277466 204 178 305 275
face 0.0048934221267700195 204 178 305 275
face 0.0048746466636657715 204 178 305 275
face 0.0048621296882629395 204 178 305 275
face 0.00485306978225708 204 178 305 275
face 0.00484350323677063 204 178 305 275
face 0.004817456007003784 204 178 305 275
face 0.004801392555236816 204 178 305 275
face 0.004693955183029175 204 178 305 275
face 0.004681318998336792 204 178 305 275
face 0.0046651363372802734 204 178 305 275
face 0.004654884338378906 204 178 305 275
face 0.004628419876098633 204 178 305 275
face 0.004628390073776245 204 178 305 275
face 0.004623353481292725 204 178 305 275
face 0.00462263822555542 204 178 305 275
face 0.004587531089782715 204 178 305 275
face 0.004584938287734985 204 178 305 275
face 0.004556983709335327 204 178 305 275
face 0.00455242395401001 204 178 305 275
face 0.004542529582977295 204 178 305 275
