face 0.7191966772079468 583 367 659 473
face 0.538239598274231 298 233 390 359
face 0.06564527750015259 298 233 390 359
face 0.06392300128936768 298 233 390 359
face 0.05613294243812561 298 233 390 359
face 0.048243939876556396 298 233 390 359
face 0.039789021015167236 298 233 390 359
face 0.03007751703262329 298 233 390 359
face 0.028673559427261353 298 233 390 359
face 0.02708280086517334 298 233 390 359
face 0.026716142892837524 298 233 390 359
face 0.024927914142608643 298 233 390 359
face 0.024536341428756714 298 233 390 359
face 0.022706151008605957 298 233 390 359
face 0.022683918476104736 298 233 390 359
face 0.0209825336933136 298 233 390 359
face 0.02044275403022766 298 233 390 359
face 0.019750893115997314 298 233 390 359
face 0.01968035101890564 298 233 390 359
face 0.01813817024230957 298 233 390 359
face 0.01805815100669861 298 233 390 359
face 0.017848581075668335 298 233 390 359
face 0.017338424921035767 298 233 390 359
face 0.016343683004379272 298 233 390 359
face 0.0155106782913208 298 233 390 359
face 0.01478654146194458 298 233 390 359
face 0.014784127473831177 298 233 390 359
face 0.014483153820037842 298 233 390 359
face 0.013464570045471191 298 233 390 359
face 0.013383269309997559 298 233 390 359
face 0.013024091720581055 298 233 390 359
face 0.0124417245388031 298 233 390 359
face 0.01241561770439148 298 233 390 359
face 0.01224362850189209 298 233 390 359
face 0.012034952640533447 298 233 390 359
face 0.011822015047073364 298 233 390 359
face 0.01177668571472168 298 233 390 359
face 0.011765152215957642 298 233 390 359
face 0.011733263731002808 298 233 390 359
face 0.011700361967086792 298 233 390 359
face 0.011693209409713745 298 233 390 359
face 0.011677563190460205 298 233 390 359
face 0.011542648077011108 298 233 390 359
face 0.011435151100158691 298 233 390 359
face 0.011115968227386475 298 233 390 359
face 0.010874271392822266 298 233 390 359
face 0.01084718108177185 298 233 390 359
face 0.010817915201187134 298 233 390 359
face 0.010817497968673706 298 233 390 359
face 0.010671675205230713 298 233 390 359
face 0.010221213102340698 298 233 390 359
face 0.010163962841033936 298 233 390 359
face 0.010080784559249878 298 233 390 359
face 0.009927511215209961 298 233 390 359
face 0.009900152683258057 298 233 390 359
face 0.009487450122833252 298 233 390 359
face 0.009298264980316162 298 233 390 359
face 0.009272754192352295 298 233 390 359
face 0.008828669786453247 298 233 390 359
face 0.008438289165496826 298 233 390 359
face 0.008424073457717896 298 233 390 359
face 0.00842323899269104 298 233 390 359
face 0.008141577243804932 298 233 390 359
face 0.008031994104385376 298 233 390 359
face 0.008028268814086914 298 233 390 359
face 0.00797969102859497 298 233 390 359
face 0.007913738489151001 298 233 390 359
face 0.007894694805145264 298 233 390 359
face 0.007761478424072266 298 233 390 359
face 0.007754415273666382 298 233 390 359
face 0.007722735404968262 298 233 390 359
face 0.007669419050216675 298 233 390 359
face 0.007394134998321533 298 233 390 359
face 0.007358163595199585 298 233 390 359
face 0.007270127534866333 298 233 390 359
face 0.0072380900382995605 298 233 390 359
face 0.007221639156341553 298 233 390 359
face 0.006853967905044556 298 233 390 359
face 0.006714373826980591 298 233 390 359
face 0.006648004055023193 298 233 390 359
face 0.006491124629974365 298 233 390 359
face 0.006422191858291626 298 233 390 359
face 0.006362199783325195 298 233 390 359
face 0.006149351596832275 298 233 390 359
face 0.006020158529281616 298 233 390 359
face 0.006003260612487793 298 233 390 359
face 0.005982458591461182 298 233 390 359
face 0.005959570407867432 298 233 390 359
face 0.005923151969909668 298 233 390 359
face 0.005846112966537476 298 233 390 359
face 0.005829274654388428 298 233 390 359
face 0.005803495645523071 298 233 390 359
face 0.005692571401596069 298 233 390 359
face 0.005647599697113037 298 233 390 359
face 0.005621582269668579 298 233 390 359
face 0.005536675453186035 298 233 390 359
face 0.00543820858001709 298 233 390 359
face 0.005410820245742798 298 233 390 359
face 0.00539669394493103 298 233 390 359
face 0.005377262830734253 298 233 390 359
