face 0.6886005401611328 435 78 569 250
face 0.00886458158493042 435 78 569 250
face 0.008752286434173584 435 78 569 250
face 0.008161664009094238 435 78 569 250
face 0.007363379001617432 435 78 569 250
face 0.007142812013626099 435 78 569 250
face 0.007049232721328735 435 78 569 250
face 0.0053784847259521484 435 78 569 250
face 0.005357593297958374 435 78 569 250
face 0.0052908360958099365 435 78 569 250
face 0.005172461271286011 435 78 569 250
face 0.004864603281021118 435 78 569 250
face 0.004815191030502319 435 78 569 250
face 0.0045427680015563965 435 78 569 250
face 0.004498273134231567 435 78 569 250
face 0.004330962896347046 435 78 569 250
face 0.004288524389266968 435 78 569 250
face 0.004248946905136108 435 78 569 250
face 0.004167824983596802 435 78 569 250
face 0.004047393798828125 435 78 569 250
face 0.003980904817581177 435 78 569 250
face 0.0037469863891601562 435 78 569 250
face 0.0036537349224090576 435 78 569 250
face 0.00351676344871521 435 78 569 250
face 0.0035162270069122314 435 78 569 250
face 0.003370314836502075 435 78 569 250
face 0.003360360860824585 435 78 569 250
face 0.0033092200756073 435 78 569 250
face 0.0032971203327178955 435 78 569 250
face 0.003260374069213867 435 78 569 250
face 0.003227829933166504 435 78 569 250
face 0.0031966865062713623 435 78 569 250
face 0.003196239471435547 435 78 569 250
face 0.003170609474182129 435 78 569 250
face 0.0031451284885406494 435 78 569 250
face 0.003039807081222534 435 78 569 250
face 0.0029768645763397217 435 78 569 250
face 0.002881646156311035 435 78 569 250
face 0.002857714891433716 435 78 569 250
face 0.0028492212295532227 435 78 569 250
face 0.0028484463691711426 435 78 569 250
face 0.0028481781482696533 435 78 569 250
face 0.002834916114807129 435 78 569 250
face 0.0028276145458221436 435 78 569 250
face 0.0028167366981506348 435 78 569 250
face 0.0028080642223358154 435 78 569 250
face 0.0027792751789093018 435 78 569 250
face 0.0027747154235839844 435 78 569 250
face 0.0027634501457214355 435 78 569 250
face 0.002745896577835083 435 78 569 250
face 0.002735316753387451 435 78 569 250
face 0.002724677324295044 435 78 569 250
face 0.002720564603805542 435 78 569 250
face 0.0027012228965759277 435 78 569 250
face 0.002689540386199951 435 78 569 250
face 0.002689450979232788 435 78 569 250
face 0.0026760995388031006 435 78 569 250
face 0.002670764923095703 435 78 569 250
face 0.002643376588821411 435 78 569 250
face 0.002614259719848633 435 78 569 250
face 0.002606004476547241 435 78 569 250
face 0.0025877952575683594 435 78 569 250
face 0.0025855600833892822 435 78 569 250
face 0.002576112747192383 435 78 569 250
face 0.0025720985140651464 435 78 569 250
face 0.002568364143371582 435 78 569 250
face 0.0025635361671447754 435 78 569 250
face 0.002559483051300049 435 78 569 250
face 0.0024520158767700195 435 78 569 250
face 0.0024255216121673584 435 78 569 250
face 0.0024234652519226074 435 78 569 250
face 0.002414107322692871 435 78 569 250
face 0.002370119094848633 435 78 569 250
face 0.0023003816604614258 435 78 569 250
face 0.0022566020488739014 435 78 569 250
face 0.002202361822128296 435 78 569 250
face 0.002185821533203125 435 78 569 250
face 0.0021849870681762695 435 78 569 250
face 0.0021720528602600098 435 78 569 250
face 0.002165853977203369 435 78 569 250
face 0.00215950608253479 435 78 569 250
face 0.002138674259185791 435 78 569 250
face 0.0021210908889770508 435 78 569 250
face 0.0021183788776397705 435 78 569 250
face 0.00211334228515625 435 78 569 250
face 0.0021122395992279053 435 78 569 250
face 0.0020950734615325928 435 78 569 250
face 0.002079010009765625 435 78 569 250
face 0.0020695924758911133 435 78 569 250
face 0.002056986093521118 435 78 569 250
face 0.002049058675765991 435 78 569 250
face 0.0020328760147094727 435 78 569 250
face 0.0020293593406677246 435 78 569 250
face 0.00202023983001709 435 78 569 250
face 0.0019752085208892822 435 78 569 250
face 0.001964062452316284 435 78 569 250
face 0.0019597411155700684 435 78 569 250
face 0.0019491910934448242 435 78 569 250
face 0.0019460320472717285 435 78 569 250
face 0.0019214153289794922 435 78 569 250
