face 0.7249599695205688 272 258 390 408
face 0.6867504715919495 669 114 778 260
face 0.04271900653839111 669 114 778 260
face 0.020238786935806274 669 114 778 260
face 0.019743233919143677 669 114 778 260
face 0.018901050090789795 669 114 778 260
face 0.017096996307373047 669 114 778 260
face 0.016667157411575317 669 114 778 260
face 0.016633182764053345 669 114 778 260
face 0.0162203311920166 669 114 778 260
face 0.01575303077697754 669 114 778 260
face 0.014209747314453125 669 114 778 260
face 0.013780206441879272 669 114 778 260
face 0.013576269149780273 669 114 778 260
face 0.013378441333770752 669 114 778 260
face 0.013184279203414917 669 114 778 260
face 0.013017266988754272 669 114 778 260
face 0.012963324785232544 669 114 778 260
face 0.012632966041564941 669 114 778 260
face 0.01255190372467041 669 114 778 260
face 0.012506872415542603 669 114 778 260
face 0.012504249811172485 669 114 778 260
face 0.012486398220062256 669 114 778 260
face 0.012424767017364502 669 114 778 260
face 0.012124985456466675 669 114 778 260
face 0.011907309293746948 669 114 778 260
face 0.011580348014831543 669 114 778 260
face 0.011403113603591919 669 114 778 260
face 0.011200577020645142 669 114 778 260
face 0.01096034049987793 669 114 778 260
face 0.010465294122695923 669 114 778 260
face 0.009736090898513794 669 114 778 260
face 0.009692192077636719 669 114 778 260
face 0.00965726375579834 669 114 778 260
face 0.0095272958278656 669 114 778 260
face 0.009316742420196533 669 114 778 260
face 0.009295850992202759 669 114 778 260
face 0.008965760469436646 669 114 778 260
face 0.008817881345748901 669 114 778 260
face 0.00880160927772522 669 114 778 260
face 0.008801490068435669 669 114 778 260
face 0.0087624192237854 669 114 778 260
face 0.008636713027954102 669 114 778 260
face 0.00854465365409851 669 114 778 260
face 0.008446097373962402 669 114 778 260
face 0.008342474699020386 669 114 778 260
face 0.007880806922912598 669 114 778 260
face 0.007745951414108276 669 114 778 260
face 0.007664799690246582 669 114 778 260
face 0.007376581430435181 669 114 778 260
face 0.007235407829284668 669 114 778 260
face 0.007190793752670288 669 114 778 260
face 0.007161527872085571 669 114 778 260
face 0.00691571831703186 669 114 778 260
face 0.006836146116256714 669 114 778 260
face 0.006749927997589111 669 114 778 260
face 0.006731778383255005 669 114 778 260
face 0.006664246320724487 669 114 778 260
face 0.006472229957580566 669 114 778 260
face 0.006237059831619263 669 114 778 260
face 0.006117314100265503 669 114 778 260
face 0.005885690450668335 669 114 778 260
face 0.005794256925582886 669 114 778 260
face 0.00578656792640686 669 114 778 260
face 0.005776911973953247 669 114 778 260
face 0.005733013153076172 669 114 778 260
face 0.005695611238479614 669 114 778 260
face 0.005593210458755493 669 114 778 260
face 0.005576193332672119 669 114 778 260
face 0.005529582500457764 669 114 778 260
face 0.005503267049789429 669 114 778 260
face 0.005495637655258179 669 114 778 260
face 0.005475074052810669 669 114 778 260
face 0.005390644073486328 669 114 778 260
face 0.00538221001625061 669 114 778 260
face 0.005257248878479004 669 114 778 260
face 0.005241960287094116 669 114 778 260
face 0.005111992359161377 669 114 778 260
face 0.0050418078899383545 669 114 778 260
face 0.005020409822463989 669 114 778 260
face 0.004994511604309082 669 114 778 260
face 0.004993796348571777 669 114 778 260
face 0.004976540803909302 669 114 778 260
face 0.004857242107391357 669 114 778 260
face 0.0048216283321380615 669 114 778 260
face 0.004777818918228149 669 114 778 260
face 0.0047251880168914795 669 114 778 260
face 0.004715025424957275 669 114 778 260
face 0.004712969064712524 669 114 778 260
face 0.004520595073699951 669 114 778 260
face 0.004508346319198608 669 114 778 260
face 0.004485756158828735 669 114 778 260
face 0.004462897777557373 669 114 778 260
face 0.004399299621582031 669 114 778 260
face 0.004345804452896118 669 114 778 260
face 0.004208624362945557 669 114 778 260
face 0.004173994064331055 669 114 778 260
face 0.004171311855316162 669 114 778 260
face 0.004155844449996948 669 114 778 260
face 0.004149675369262695 669 114 778 260
