face 0.9943233132362366 322 126 476 326
face 0.01502034068107605 322 126 476 326
face 0.008247792720794678 322 126 476 326
face 0.0066072940826416016 322 126 476 326
face 0.006542623043060303 322 126 476 326
face 0.005995690822601318 322 126 476 326
face 0.0056844353675842285 322 126 476 326
face 0.004844367504119873 322 126 476 326
face 0.004739701747894287 322 126 476 326
face 0.0043678879737854 322 126 476 326
face 0.004323720932006836 322 126 476 326
face 0.004252821207046509 322 126 476 326
face 0.0042175352573394775 322 126 476 326
face 0.004154562950134277 322 126 476 326
face 0.004114508628845215 322 126 476 326
face 0.004098296165466309 322 126 476 326
face 0.003988593816757202 322 126 476 326
face 0.003941923379898071 322 126 476 326
face 0.003924965858459473 322 126 476 326
face 0.0038164854049682617 322 126 476 326
face 0.0037163197994232178 322 126 476 326
face 0.003543853759765625 322 126 476 326
face 0.0035157501697540283 322 126 476 326
face 0.003512263298034668 322 126 476 326
face 0.003434598445892334 322 126 476 326
face 0.003366798162460327 322 126 476 326
face 0.0033506453037261963 322 126 476 326
face 0.0032931268215179443 322 126 476 326
face 0.0032554268836975098 322 126 476 326
face 0.0030431151390075684 322 126 476 326
face 0.0030123889446258545 322 126 476 326
face 0.0029934346675872803 322 126 476 326
face 0.002927422523498535 322 126 476 326
face 0.0029089152812957764 322 126 476 326
face 0.002872258424758911 322 126 476 326
face 0.0028603076934814453 322 126 476 326
face 0.002775132656097412 322 126 476 326
face 0.002706289291381836 322 126 476 326
face 0.002615600824356079 322 126 476 326
face 0.002598494291305542 322 126 476 326
face 0.0025959014892578125 322 126 476 326
face 0.00251808762550354 322 126 476 326
face 0.0025114119052886963 322 126 476 326
face 0.0024906694889068604 322 126 476 326
face 0.0024780631065368652 322 126 476 326
face 0.0024771392345428467 322 126 476 326
face 0.0024733543395996094 322 126 476 326
face 0.0024586915969848633 322 126 476 326
face 0.00245743989944458 322 126 476 326
face 0.0024300217628479004 322 126 476 326
face 0.0024241209030151367 322 126 476 326
face 0.0023542940616607666 322 126 476 326
face 0.002351313829421997 322 126 476 326
face 0.0023379921913146973 322 126 476 326
face 0.0023214519023895264 322 126 476 326
face 0.0022780001163482666 322 126 476 326
face 0.0022757649421691895 322 126 476 326
face 0.0022710561752319336 322 126 476 326
face 0.0022690296173095703 322 126 476 326
face 0.002261132001876831 322 126 476 326
face 0.002199232578277588 322 126 476 326
face 0.002186000347137451 322 126 476 326
face 0.002176821231842041 322 126 476 326
face 0.002129852771759033 322 126 476 326
face 0.0020896494388580322 322 126 476 326
face 0.002068161964416504 322 126 476 326
face 0.002064645290374756 322 126 476 326
face 0.002060502767562866 322 126 476 326
face 0.0020483732223510742 322 126 476 326
face 0.0020403265953063965 322 126 476 326
face 0.0020276904106140137 322 126 476 326
face 0.002003490924835205 322 126 476 326
face 0.0019930601119995117 322 126 476 326
face 0.0019901692867279053 322 126 476 326
face 0.00198441743850708 322 126 476 326
face 0.00195351243019104 322 126 476 326
face 0.0019242167472839355 322 126 476 326
face 0.0019177496433258057 322 126 476 326
face 0.0019160807132720947 322 126 476 326
face 0.0019056200981140137 322 126 476 326
face 0.0018964111804962158 322 126 476 326
face 0.0018801689147949219 322 126 476 326
face 0.0018425285816192627 322 126 476 326
face 0.0018084943294525146 322 126 476 326
face 0.0017996728420257568 322 126 476 326
face 0.0017979443073272705 322 126 476 326
face 0.0017897486686706543 322 126 476 326
face 0.0017727017402648926 322 126 476 326
face 0.0017726719379425049 322 126 476 326
face 0.0017663538455963135 322 126 476 326
face 0.001703023910522461 322 126 476 326
face 0.001690000295639038 322 126 476 326
face 0.0016798675060272217 322 126 476 326
face 0.0016793012619018555 322 126 476 326
face 0.0016736388206481934 322 126 476 326
face 0.001672118902206421 322 126 476 326
face 0.0016595125198364258 322 126 476 326
face 0.0016582608222961426 322 126 476 326
face 0.0016504228115081787 322 126 476 326
face 0.0016482174396514893 322 126 476 326
