face 0.9918685555458069 826 222 876 281
face 0.09121698141098022 826 222 876 281
face 0.04983702301979065 826 222 876 281
face 0.03179475665092468 826 222 876 281
face 0.016075432300567627 826 222 876 281
face 0.015109539031982422 826 222 876 281
face 0.013494700193405151 826 222 876 281
face 0.01340097188949585 826 222 876 281
face 0.012779325246810913 826 222 876 281
face 0.011344820261001587 826 222 876 281
face 0.01107761263847351 826 222 876 281
face 0.009672224521636963 826 222 876 281
face 0.008854389190673828 826 222 876 281
face 0.007623463869094849 826 222 876 281
face 0.007222801446914673 826 222 876 281
face 0.006680309772491455 826 222 876 281
face 0.006609052419662476 826 222 876 281
face 0.006558030843734741 826 222 876 281
face 0.006071507930755615 826 222 876 281
face 0.005760371685028076 826 222 876 281
face 0.00550609827041626 826 222 876 281
face 0.004995107650756836 826 222 876 281
face 0.00483432412147522 826 222 876 281
face 0.004832237958908081 826 222 876 281
face 0.004691988229751587 826 222 876 281
face 0.004670172929763794 826 222 876 281
face 0.004525333642959595 826 222 876 281
face 0.0045088231563568115 826 222 876 281
face 0.004452317953109741 826 222 876 281
face 0.004194825887680054 826 222 876 281
face 0.004121065139770508 826 222 876 281
face 0.00396275520324707 826 222 876 281
face 0.0039000213146209717 826 222 876 281
face 0.003851264715194702 826 222 876 281
face 0.003663957118988037 826 222 876 281
face 0.003583282232284546 826 222 876 281
face 0.0034911036491394043 826 222 876 281
face 0.0033357739448547363 826 222 876 281
face 0.0032737255096435547 826 222 876 281
face 0.0031952261924743652 826 222 876 281
face 0.003169119358062744 826 222 876 281
face 0.003151029348373413 826 222 876 281
face 0.0030778050422668457 826 222 876 281
face 0.003069847822189331 826 222 876 281
face 0.003066927194595337 826 222 876 281
face 0.003055572509765625 826 222 876 281
face 0.002990931272506714 826 222 876 281
face 0.002969980239868164 826 222 876 281
face 0.002938896417617798 826 222 876 281
face 0.0029299557209014893 826 222 876 281
face 0.002916991710662842 826 222 876 281
face 0.0029169321060180664 826 222 876 281
face 0.0028183460235595703 826 222 876 281
face 0.0028172433376312256 826 222 876 281
face 0.002817213535308838 826 222 876 281
face 0.002816617488861084 826 222 876 281
face 0.0025236010551452637 826 222 876 281
face 0.0025173425674438477 826 222 876 281
face 0.0025007128715515137 826 222 876 281
face 0.0024704933166503906 826 222 876 281
face 0.0024003684520721436 826 222 876 281
face 0.0023438334465026855 826 222 876 281
face 0.0021914243698120117 826 222 876 281
face 0.001991838216781616 826 222 876 281
face 0.0019788742065429688 826 222 876 281
face 0.0018935203552246094 826 222 876 281
face 0.0018797516822814941 826 222 876 281
face 0.0018296539783477783 826 222 876 281
face 0.0018198490142822266 826 222 876 281
face 0.0017648637294769287 826 222 876 281
face 0.0017437934875488281 826 222 876 281
face 0.0017341673374176025 826 222 876 281
face 0.0016975998878479004 826 222 876 281
face 0.0016973912715911865 826 222 876 281
face 0.0016788840293884277 826 222 876 281
face 0.0016712546348571777 826 222 876 281
face 0.0016553401947021484 826 222 876 281
face 0.0016103386878967285 826 222 876 281
face 0.0015909969806671143 826 222 876 281
face 0.0015820562839508057 826 222 876 281
face 0.0015634000301361084 826 222 876 281
face 0.0015579462051391602 826 222 876 281
face 0.001531064510345459 826 222 876 281
face 0.0014719963073730469 826 222 876 281
face 0.0014475584030151367 826 222 876 281
face 0.0014189481735229492 826 222 876 281
face 0.0013992488384246826 826 222 876 281
face 0.0013928711414337158 826 222 876 281
face 0.0013851523399353027 826 222 876 281
face 0.0013803839683532715 826 222 876 281
face 0.0013099312782287598 826 222 876 281
face 0.0012850165367126465 826 222 876 281
face 0.0012768208980560303 826 222 876 281
face 0.0012706220149993896 826 222 876 281
face 0.0012501180171966553 826 222 876 281
face 0.0012056827545166016 826 222 876 281
face 0.0012051761150360107 826 222 876 281
face 0.001185774803161621 826 222 876 281
face 0.0011749863624572754 826 222 876 281
face 0.0011667907238006592 826 222 876 281
