face 0.9834975004196167 311 279 371 350
face 0.9805057048797607 797 167 882 245
face 0.9640734791755676 171 317 212 367
face 0.8920543193817139 134 257 155 279
face 0.7689505815505981 680 361 711 395
face 0.6386309862136841 497 283 568 373
face 0.20296502113342285 497 283 568 373
face 0.1571444869041443 497 283 568 373
face 0.15245747566223145 497 283 568 373
face 0.11293607950210571 497 283 568 373
face 0.10314741730690002 497 283 568 373
face 0.0967993438243866 497 283 568 373
face 0.07250750064849854 497 283 568 373
face 0.05964440107345581 497 283 568 373
face 0.052539825439453125 497 283 568 373
face 0.047791361808776855 497 283 568 373
face 0.04074379801750183 497 283 568 373
face 0.04072698950767517 497 283 568 373
face 0.04036355018615723 497 283 568 373
face 0.03988724946975708 497 283 568 373
face 0.03945353627204895 497 283 568 373
face 0.03503406047821045 497 283 568 373
face 0.03477919101715088 497 283 568 373
face 0.034451305866241455 497 283 568 373
face 0.029439210891723633 497 283 568 373
face 0.0272061824798584 497 283 568 373
face 0.0263119637966156 497 283 568 373
face 0.024707108736038208 497 283 568 373
face 0.024343818426132202 497 283 568 373
face 0.02418917417526245 497 283 568 373
face 0.024185240268707275 497 283 568 373
face 0.023890048265457153 497 283 568 373
face 0.02222752571105957 497 283 568 373
face 0.022034883499145508 497 283 568 373
face 0.021676242351531982 497 283 568 373
face 0.02165067195892334 497 283 568 373
face 0.021273672580718994 497 283 568 373
face 0.021185338497161865 497 283 568 373
face 0.020957589149475098 497 283 568 373
face 0.019303709268569946 497 283 568 373
face 0.018335580825805664 497 283 568 373
face 0.018292218446731567 497 283 568 373
face 0.017657041549682617 497 283 568 373
face 0.017273634672164917 497 283 568 373
face 0.016270846128463745 497 283 568 373
face 0.01612454652786255 497 283 568 373
face 0.01511421799659729 497 283 568 373
face 0.014883488416671753 497 283 568 373
face 0.014789223670959473 497 283 568 373
face 0.013908803462982178 497 283 568 373
face 0.013865083456039429 497 283 568 373
face 0.013089686632156372 497 283 568 373
face 0.012909144163131714 497 283 568 373
face 0.012762635946273804 497 283 568 373
face 0.012606918811798096 497 283 568 373
face 0.012592971324920654 497 283 568 373
face 0.012249678373336792 497 283 568 373
face 0.011805474758148193 497 283 568 373
face 0.011778295040130615 497 283 568 373
face 0.0116557776927948 497 283 568 373
face 0.011464595794677734 497 283 568 373
face 0.01127171516418457 497 283 568 373
face 0.011255264282226562 497 283 568 373
face 0.011191397905349731 497 283 568 373
face 0.011052548885345459 497 283 568 373
face 0.010923027992248535 497 283 568 373
face 0.010920286178588867 497 283 568 373
face 0.010895580053329468 497 283 568 373
face 0.010825365781784058 497 283 568 373
face 0.010765373706817627 497 283 568 373
face 0.010491549968719482 497 283 568 373
face 0.010035485029220581 497 283 568 373
face 0.009968549013137817 497 283 568 373
face 0.00987502932548523 497 283 568 373
face 0.009836703538894653 497 283 568 373
face 0.00974467396736145 497 283 568 373
face 0.009573668241500854 497 283 568 373
face 0.009547591209411621 497 283 568 373
face 0.009524613618850708 497 283 568 373
face 0.009365975856781006 497 283 568 373
face 0.009267657995223999 497 283 568 373
face 0.008956074714660645 497 283 568 373
face 0.008844554424285889 497 283 568 373
face 0.008820772171020508 497 283 568 373
face 0.008789092302322388 497 283 568 373
face 0.00870177149772644 497 283 568 373
face 0.008593171834945679 497 283 568 373
face 0.008470505475997925 497 283 568 373
face 0.008447021245956421 497 283 568 373
face 0.008393585681915283 497 283 568 373
face 0.008295059204101562 497 283 568 373
face 0.008256584405899048 497 283 568 373
face 0.008084893226623535 497 283 568 373
face 0.008081555366516113 497 283 568 373
face 0.008007675409317017 497 283 568 373
face 0.007981747388839722 497 283 568 373
face 0.00794723629951477 497 283 568 373
face 0.00782620906829834 497 283 568 373
face 0.007736623287200928 497 283 568 373
face 0.007647126913070679 497 283 568 373
