face 0.9811710119247437 183 115 310 265
face 0.5992544889450073 769 57 828 128
face 0.5934352278709412 638 83 695 163
face 0.444538414478302 638 83 695 163
face 0.4055268466472626 638 83 695 163
face 0.2726094722747803 638 83 695 163
face 0.2524494528770447 638 83 695 163
face 0.2373102307319641 638 83 695 163
face 0.20136314630508423 638 83 695 163
face 0.12843546271324158 638 83 695 163
face 0.11423173546791077 638 83 695 163
face 0.10313129425048828 638 83 695 163
face 0.09127041697502136 638 83 695 163
face 0.07717663049697876 638 83 695 163
face 0.06104794144630432 638 83 695 163
face 0.061040282249450684 638 83 695 163
face 0.05926966667175293 638 83 695 163
face 0.05906522274017334 638 83 695 163
face 0.055812835693359375 638 83 695 163
face 0.05407309532165527 638 83 695 163
face 0.048817962408065796 638 83 695 163
face 0.04694059491157532 638 83 695 163
face 0.04686081409454346 638 83 695 163
face 0.04313817620277405 638 83 695 163
face 0.04303598403930664 638 83 695 163
face 0.04209071397781372 638 83 695 163
face 0.041504472494125366 638 83 695 163
face 0.04109439253807068 638 83 695 163
face 0.04052281379699707 638 83 695 163
face 0.0393962562084198 638 83 695 163
face 0.03893077373504639 638 83 695 163
face 0.03866329789161682 638 83 695 163
face 0.03856191039085388 638 83 695 163
face 0.03803384304046631 638 83 695 163
face 0.03702974319458008 638 83 695 163
face 0.03695330023765564 638 83 695 163
face 0.03664827346801758 638 83 695 163
face 0.03560018539428711 638 83 695 163
face 0.034656792879104614 638 83 695 163
face 0.03289923071861267 638 83 695 163
face 0.03165680170059204 638 83 695 163
face 0.030840039253234863 638 83 695 163
face 0.030518680810928345 638 83 695 163
face 0.029406309127807617 638 83 695 163
face 0.02899029850959778 638 83 695 163
face 0.028862208127975464 638 83 695 163
face 0.028638184070587158 638 83 695 163
face 0.02834218740463257 638 83 695 163
face 0.027363240718841553 638 83 695 163
face 0.027121305465698242 638 83 695 163
face 0.02674064040184021 638 83 695 163
face 0.026307672262191772 638 83 695 163
face 0.024314552545547485 638 83 695 163
face 0.02360588312149048 638 83 695 163
face 0.02360069751739502 638 83 695 163
face 0.023445993661880493 638 83 695 163
face 0.023380577564239502 638 83 695 163
face 0.022791802883148193 638 83 695 163
face 0.022400349378585815 638 83 695 163
face 0.022358715534210205 638 83 695 163
face 0.02226671576499939 638 83 695 163
face 0.021940380334854126 638 83 695 163
face 0.02167409658432007 638 83 695 163
face 0.021668434143066406 638 83 695 163
face 0.021633833646774292 638 83 695 163
face 0.021482795476913452 638 83 695 163
face 0.02143913507461548 638 83 695 163
face 0.021397799253463745 638 83 695 163
face 0.021393179893493652 638 83 695 163
face 0.021361976861953735 638 83 695 163
face 0.021281331777572632 638 83 695 163
face 0.021009206771850586 638 83 695 163
face 0.0207957923412323 638 83 695 163
face 0.020751953125 638 83 695 163
face 0.02051258087158203 638 83 695 163
face 0.02012428641319275 638 83 695 163
face 0.02009880542755127 638 83 695 163
face 0.019758552312850952 638 83 695 163
face 0.01952013373374939 638 83 695 163
face 0.019347280263900757 638 83 695 163
face 0.018883168697357178 638 83 695 163
face 0.018804699182510376 638 83 695 163
face 0.01872164011001587 638 83 695 163
face 0.018720626831054688 638 83 695 163
face 0.01866328716278076 638 83 695 163
face 0.018485724925994873 638 83 695 163
face 0.018421292304992676 638 83 695 163
face 0.018419474363327026 638 83 695 163
face 0.018334001302719116 638 83 695 163
face 0.01822054386138916 638 83 695 163
face 0.018214374780654907 638 83 695 163
face 0.017983704805374146 638 83 695 163
face 0.01790425181388855 638 83 695 163
face 0.017753124237060547 638 83 695 163
face 0.017582833766937256 638 83 695 163
face 0.017564713954925537 638 83 695 163
face 0.01724952459335327 638 83 695 163
face 0.01716521382331848 638 83 695 163
face 0.017068803310394287 638 83 695 163
face 0.01682242751121521 638 83 695 163
