face 0.8639445304870605 305 175 421 323
face 0.20112955570220947 305 175 421 323
face 0.015017956495285034 305 175 421 323
face 0.011871874332427979 305 175 421 323
face 0.010054618120193481 305 175 421 323
face 0.009793609380722046 305 175 421 323
face 0.008596569299697876 305 175 421 323
face 0.008572876453399658 305 175 421 323
face 0.007123440504074097 305 175 421 323
face 0.00634339451789856 305 175 421 323
face 0.006156653165817261 305 175 421 323
face 0.0058827996253967285 305 175 421 323
face 0.005636543035507202 305 175 421 323
face 0.0055273473262786865 305 175 421 323
face 0.005210608243942261 305 175 421 323
face 0.005190640687942505 305 175 421 323
face 0.005171269178390503 305 175 421 323
face 0.005122661590576172 305 175 421 323
face 0.00511324405670166 305 175 421 323
face 0.004799365997314453 305 175 421 323
face 0.004167228937149048 305 175 421 323
face 0.004016667604446411 305 175 421 323
face 0.004008352756500244 305 175 421 323
face 0.003898799419403076 305 175 421 323
face 0.0038918256759643555 305 175 421 323
face 0.0038716495037078857 305 175 421 323
face 0.003843337297439575 305 175 421 323
face 0.003704577684402466 305 175 421 323
face 0.003524482250213623 305 175 421 323
face 0.003469228744506836 305 175 421 323
face 0.003417462110519409 305 175 421 323
face 0.0032999515533447266 305 175 421 323
face 0.0031239092350006104 305 175 421 323
face 0.003011852502822876 305 175 421 323
face 0.002912372350692749 305 175 421 323
face 0.0028738975524902344 305 175 421 323
face 0.0028363466262817383 305 175 421 323
face 0.0028245151042938232 305 175 421 323
face 0.0027336180210113525 305 175 421 323
face 0.002646893262863159 305 175 421 323
face 0.002550750970840454 305 175 421 323
face 0.002546072006225586 305 175 421 323
face 0.0025009512901306152 305 175 421 323
face 0.0024725794792175293 305 175 421 323
face 0.0024659037590026855 305 175 421 323
face 0.002437770366668701 305 175 421 323
face 0.002396523952484131 305 175 421 323
face 0.0023286044597625732 305 175 421 323
face 0.0023054778575897217 305 175 421 323
face 0.002304375171661377 305 175 421 323
face 0.0023041069507598877 305 175 421 323
face 0.002270936965942383 305 175 421 323
face 0.002267301082611084 305 175 421 323
face 0.0022462010383605957 305 175 421 323
face 0.00222131609916687 305 175 421 323
face 0.00218161940574646 305 175 421 323
face 0.0021638870239257812 305 175 421 323
face 0.002090364694595337 305 175 421 323
face 0.0020353198051452637 305 175 421 323
face 0.0020088553428649902 305 175 421 323
face 0.0019868314266204834 305 175 421 323
face 0.001980036497116089 305 175 421 323
face 0.001974761486053467 305 175 421 323
face 0.001972764730453491 305 175 421 323
face 0.0019372105598449707 305 175 421 323
face 0.0019274353981018066 305 175 421 323
face 0.001920938491821289 305 175 421 323
face 0.0018678903579711914 305 175 421 323
face 0.0018560588359832764 305 175 421 323
face 0.0017975568771362305 305 175 421 323
face 0.0017790794372558594 305 175 421 323
face 0.0017489492893218994 305 175 421 323
face 0.0017290115356445312 305 175 421 323
face 0.0016999244689941406 305 175 421 323
face 0.0016939938068389893 305 175 421 323
face 0.0016858875751495361 305 175 421 323
face 0.0016713738441467285 305 175 421 323
face 0.0016550421714782715 305 175 421 323
face 0.0016312003135681152 305 175 421 323
face 0.0016292035579681396 305 175 421 323
face 0.0015498995780944824 305 175 421 323
face 0.0014836490154266357 305 175 421 323
face 0.0014779269695281982 305 175 421 323
face 0.001454859972000122 305 175 421 323
face 0.0014227628707885742 305 175 421 323
face 0.0014223754405975342 305 175 421 323
face 0.0014011859893798828 305 175 421 323
face 0.0013959109783172607 305 175 421 323
face 0.001390695571899414 305 175 421 323
face 0.00138169527053833 305 175 421 323
face 0.0013724267482757568 305 175 421 323
face 0.0013611018657684326 305 175 421 323
face 0.0013342499732971191 305 175 421 323
face 0.0013335049152374268 305 175 421 323
face 0.0013183057308197021 305 175 421 323
face 0.0013123750686645508 305 175 421 323
face 0.001304030418395996 305 175 421 323
face 0.0012992918491363525 305 175 421 323
face 0.0012708306312561035 305 175 421 323
face 0.00126686692237854 305 175 421 323
