face 0.9575256109237671 827 50 958 221
face 0.833045244216919 342 81 447 215
face 0.5543934106826782 174 58 276 197
face 0.015335321426391602 174 58 276 197
face 0.013576686382293701 174 58 276 197
face 0.013353586196899414 174 58 276 197
face 0.012631803750991821 174 58 276 197
face 0.010800868272781372 174 58 276 197
face 0.010565787553787231 174 58 276 197
face 0.010496854782104492 174 58 276 197
face 0.010258913040161133 174 58 276 197
face 0.010169684886932373 174 58 276 197
face 0.009890943765640259 174 58 276 197
face 0.009387105703353882 174 58 276 197
face 0.009360015392303467 174 58 276 197
face 0.008684366941452026 174 58 276 197
face 0.008116155862808228 174 58 276 197
face 0.00800710916519165 174 58 276 197
face 0.00750616192817688 174 58 276 197
face 0.006997734308242798 174 58 276 197
face 0.006777971982955933 174 58 276 197
face 0.006753087043762207 174 58 276 197
face 0.0067224204540252686 174 58 276 197
face 0.006659060716629028 174 58 276 197
face 0.006587177515029907 174 58 276 197
face 0.006551027297973633 174 58 276 197
face 0.006491184234619141 174 58 276 197
face 0.006113111972808838 174 58 276 197
face 0.0059265196323394775 174 58 276 197
face 0.0057975053787231445 174 58 276 197
face 0.0054180920124053955 174 58 276 197
face 0.005399554967880249 174 58 276 197
face 0.005322635173797607 174 58 276 197
face 0.005094259977340698 174 58 276 197
face 0.005021423101425171 174 58 276 197
face 0.004981428384780884 174 58 276 197
face 0.00495418906211853 174 58 276 197
face 0.0048569440841674805 174 58 276 197
face 0.0047844648361206055 174 58 276 197
face 0.00468522310256958 174 58 276 197
face 0.004596084356307983 174 58 276 197
face 0.004500985145568848 174 58 276 197
face 0.004497557878494263 174 58 276 197
face 0.00443461537361145 174 58 276 197
face 0.004223495721817017 174 58 276 197
face 0.0041615962982177734 174 58 276 197
face 0.004118025302886963 174 58 276 197
face 0.004069656133651733 174 58 276 197
face 0.003953695297241211 174 58 276 197
face 0.0038962066173553467 174 58 276 197
face 0.0038619637489318848 174 58 276 197
face 0.003851085901260376 174 58 276 197
face 0.003846585750579834 174 58 276 197
face 0.0038282275199890137 174 58 276 197
face 0.0038272440433502197 174 58 276 197
face 0.0037544071674346924 174 58 276 197
face 0.0037478208541870117 174 58 276 197
face 0.003745347261428833 174 58 276 197
face 0.003697693347930908 174 58 276 197
face 0.0036372244358062744 174 58 276 197
face 0.0034725069999694824 174 58 276 197
face 0.0034142732620239258 174 58 276 197
face 0.003346383571624756 174 58 276 197
face 0.003250330686569214 174 58 276 197
face 0.003247290849685669 174 58 276 197
face 0.0032378733158111572 174 58 276 197
face 0.0032377243041992188 174 58 276 197
face 0.003230869770050049 174 58 276 197
face 0.00321313738822937 174 58 276 197
face 0.0031431913375854492 174 58 276 197
face 0.003086477518081665 174 58 276 197
face 0.0030269622802734375 174 58 276 197
face 0.0029969513416290283 174 58 276 197
face 0.002978414297103882 174 58 276 197
face 0.0029755234718322754 174 58 276 197
face 0.002905040979385376 174 58 276 197
face 0.0028468966484069824 174 58 276 197
face 0.002807706594467163 174 58 276 197
face 0.0027864575386047363 174 58 276 197
face 0.0027834177017211914 174 58 276 197
face 0.002782672643661499 174 58 276 197
face 0.0027022063732147217 174 58 276 197
face 0.0027011632919311523 174 58 276 197
face 0.0026938021183013916 174 58 276 197
face 0.0026536881923675537 174 58 276 197
face 0.00264585018157959 174 58 276 197
face 0.002586662769317627 174 58 276 197
face 0.0025413334369659424 174 58 276 197
face 0.0025156736373901367 174 58 276 197
face 0.002487748861312866 174 58 276 197
face 0.0024868547916412354 174 58 276 197
face 0.0024639666080474854 174 58 276 197
face 0.002461940050125122 174 58 276 197
face 0.0024565160274505615 174 58 276 197
face 0.002444833517074585 174 58 276 197
face 0.0024282336235046387 174 58 276 197
face 0.0024222731590270996 174 58 276 197
face 0.00240325927734375 174 58 276 197
face 0.0024003684520721436 174 58 276 197
face 0.0023964345455169678 174 58 276 197
