face 0.8445054292678833 408 97 493 217
face 0.03008255362510681 408 97 493 217
face 0.016648173332214355 408 97 493 217
face 0.016436785459518433 408 97 493 217
face 0.015575826168060303 408 97 493 217
face 0.014639317989349365 408 97 493 217
face 0.014301538467407227 408 97 493 217
face 0.01286470890045166 408 97 493 217
face 0.012654364109039307 408 97 493 217
face 0.012340933084487915 408 97 493 217
face 0.012128174304962158 408 97 493 217
face 0.011809676885604858 408 97 493 217
face 0.01173970103263855 408 97 493 217
face 0.011384278535842896 408 97 493 217
face 0.011232435703277588 408 97 493 217
face 0.011140406131744385 408 97 493 217
face 0.010891854763031006 408 97 493 217
face 0.01028260588645935 408 97 493 217
face 0.010054707527160645 408 97 493 217
face 0.009904980659484863 408 97 493 217
face 0.009646117687225342 408 97 493 217
face 0.00959959626197815 408 97 493 217
face 0.009567052125930786 408 97 493 217
face 0.009547978639602661 408 97 493 217
face 0.009375125169754028 408 97 493 217
face 0.00927889347076416 408 97 493 217
face 0.00925135612487793 408 97 493 217
face 0.009125679731369019 408 97 493 217
face 0.008984506130218506 408 97 493 217
face 0.008848518133163452 408 97 493 217
face 0.008777201175689697 408 97 493 217
face 0.008729279041290283 408 97 493 217
face 0.008701235055923462 408 97 493 217
face 0.008587837219238281 408 97 493 217
face 0.008586585521697998 408 97 493 217
face 0.008357912302017212 408 97 493 217
face 0.008253544569015503 408 97 493 217
face 0.008124679327011108 408 97 493 217
face 0.007953852415084839 408 97 493 217
face 0.007920414209365845 408 97 493 217
face 0.007882386445999146 408 97 493 217
face 0.00783643126487732 408 97 493 217
face 0.007375895977020264 408 97 493 217
face 0.007349073886871338 408 97 493 217
face 0.007161259651184082 408 97 493 217
face 0.007129490375518799 408 97 493 217
face 0.007099330425262451 408 97 493 217
face 0.006990373134613037 408 97 493 217
face 0.006968021392822266 408 97 493 217
face 0.006954491138458252 408 97 493 217
face 0.0069151222705841064 408 97 493 217
face 0.006889998912811279 408 97 493 217
face 0.006861746311187744 408 97 493 217
face 0.006776720285415649 408 97 493 217
face 0.006734967231750488 408 97 493 217
face 0.006725132465362549 408 97 493 217
face 0.006688922643661499 408 97 493 217
face 0.0066335201263427734 408 97 493 217
face 0.0065482258796691895 408 97 493 217
face 0.00647813081741333 408 97 493 217
face 0.006477147340774536 408 97 493 217
face 0.0064544677734375 408 97 493 217
face 0.006453484296798706 408 97 493 217
face 0.006450533866882324 408 97 493 217
face 0.006425142288208008 408 97 493 217
face 0.006423979997634888 408 97 493 217
face 0.006381571292877197 408 97 493 217
face 0.006344467401504517 408 97 493 217
face 0.006343454122543335 408 97 493 217
face 0.006324976682662964 408 97 493 217
face 0.0063100457191467285 408 97 493 217
face 0.006273835897445679 408 97 493 217
face 0.006211996078491211 408 97 493 217
face 0.006208956241607666 408 97 493 217
face 0.006109267473220825 408 97 493 217
face 0.006095200777053833 408 97 493 217
face 0.00600084662437439 408 97 493 217
face 0.005936712026596069 408 97 493 217
face 0.005920618772506714 408 97 493 217
face 0.005844742059707642 408 97 493 217
face 0.005735248327255249 408 97 493 217
face 0.005677968263626099 408 97 493 217
face 0.005642533302307129 408 97 493 217
face 0.005642205476760864 408 97 493 217
face 0.005609333515167236 408 97 493 217
face 0.00558924674987793 408 97 493 217
face 0.0054402947425842285 408 97 493 217
face 0.005385220050811768 408 97 493 217
face 0.0053650736808776855 408 97 493 217
face 0.005343616008758545 408 97 493 217
face 0.005327701568603516 408 97 493 217
face 0.005314379930496216 408 97 493 217
face 0.005307286977767944 408 97 493 217
face 0.005272209644317627 408 97 493 217
face 0.005267798900604248 408 97 493 217
face 0.005245417356491089 408 97 493 217
face 0.005227416753768921 408 97 493 217
face 0.0052270591259002686 408 97 493 217
face 0.005224853754043579 408 97 493 217
face 0.005200833082199097 408 97 493 217
