face 0.9923875331878662 349 104 477 290
face 0.047946006059646606 349 104 477 290
face 0.03784945607185364 349 104 477 290
face 0.025145351886749268 349 104 477 290
face 0.02349451184272766 349 104 477 290
face 0.020386606454849243 349 104 477 290
face 0.017102807760238647 349 104 477 290
face 0.01582932472229004 349 104 477 290
face 0.015705257654190063 349 104 477 290
face 0.015593260526657104 349 104 477 290
face 0.015324503183364868 349 104 477 290
face 0.015130847692489624 349 104 477 290
face 0.014616161584854126 349 104 477 290
face 0.014256268739700317 349 104 477 290
face 0.012997984886169434 349 104 477 290
face 0.012464523315429688 349 104 477 290
face 0.011328846216201782 349 104 477 290
face 0.0106717050075531 349 104 477 290
face 0.010631591081619263 349 104 477 290
face 0.009960055351257324 349 104 477 290
face 0.00978502631187439 349 104 477 290
face 0.009403705596923828 349 104 477 290
face 0.00939851999282837 349 104 477 290
face 0.009243994951248169 349 104 477 290
face 0.009238868951797485 349 104 477 290
face 0.008989155292510986 349 104 477 290
face 0.008761018514633179 349 104 477 290
face 0.008719265460968018 349 104 477 290
face 0.008660048246383667 349 104 477 290
face 0.00860816240310669 349 104 477 290
face 0.008490204811096191 349 104 477 290
face 0.008363395929336548 349 104 477 290
face 0.008323371410369873 349 104 477 290
face 0.008157551288604736 349 104 477 290
face 0.007997393608093262 349 104 477 290
face 0.007976651191711426 349 104 477 290
face 0.00768887996673584 349 104 477 290
face 0.007630765438079834 349 104 477 290
face 0.0075650811195373535 349 104 477 290
face 0.007513970136642456 349 104 477 290
face 0.007427722215652466 349 104 477 290
face 0.007426172494888306 349 104 477 290
face 0.007270991802215576 349 104 477 290
face 0.007029861211776733 349 104 477 290
face 0.0070247650146484375 349 104 477 290
face 0.007013112306594849 349 104 477 290
face 0.007005423307418823 349 104 477 290
face 0.00692710280418396 349 104 477 290
face 0.006748557090759277 349 104 477 290
face 0.006743699312210083 349 104 477 290
face 0.006719112396240234 349 104 477 290
face 0.006424516439437866 349 104 477 290
face 0.006289690732955933 349 104 477 290
face 0.006284445524215698 349 104 477 290
face 0.006250202655792236 349 104 477 290
face 0.0061321258544921875 349 104 477 290
face 0.006129622459411621 349 104 477 290
face 0.006060302257537842 349 104 477 290
face 0.005926698446273804 349 104 477 290
face 0.0058682262897491455 349 104 477 290
face 0.0058107078075408936 349 104 477 290
face 0.0057978034019470215 349 104 477 290
face 0.0057663023471832275 349 104 477 290
face 0.005727887153625488 349 104 477 290
face 0.005711942911148071 349 104 477 290
face 0.00561937689781189 349 104 477 290
face 0.005574613809585571 349 104 477 290
face 0.005548328161239624 349 104 477 290
face 0.005547046661376953 349 104 477 290
face 0.005544453859329224 349 104 477 290
face 0.0054624080657958984 349 104 477 290
face 0.00537484884262085 349 104 477 290
face 0.005359441041946411 349 104 477 290
face 0.005276143550872803 349 104 477 290
face 0.005268394947052002 349 104 477 290
face 0.005239337682723999 349 104 477 290
face 0.00523802638053894 349 104 477 290
face 0.005212724208831787 349 104 477 290
face 0.00518268346786499 349 104 477 290
face 0.005139172077178955 349 104 477 290
face 0.005127072334289551 349 104 477 290
face 0.005118906497955322 349 104 477 290
face 0.005089998245239258 349 104 477 290
face 0.0050889551639556885 349 104 477 290
face 0.005071282386779785 349 104 477 290
face 0.0050542354583740234 349 104 477 290
face 0.0050123631954193115 349 104 477 290
face 0.005005955696105957 349 104 477 290
face 0.00493854284286499 349 104 477 290
face 0.004864007234573364 349 104 477 290
face 0.0048566460609436035 349 104 477 290
face 0.00475117564201355 349 104 477 290
face 0.004748344421386719 349 104 477 290
face 0.0047467052936553955 349 104 477 290
face 0.004716545343399048 349 104 477 290
face 0.004678100347518921 349 104 477 290
face 0.004658013582229614 349 104 477 290
face 0.004626065492630005 349 104 477 290
face 0.004597693681716919 349 104 477 290
face 0.004586756229400635 349 104 477 290
