face 0.6605573296546936 474 300 570 430
face 0.054526448249816895 474 300 570 430
face 0.047922223806381226 474 300 570 430
face 0.011235088109970093 474 300 570 430
face 0.010848671197891235 474 300 570 430
face 0.010599404573440552 474 300 570 430
face 0.009252965450286865 474 300 570 430
face 0.008582323789596558 474 300 570 430
face 0.008567661046981812 474 300 570 430
face 0.008132308721542358 474 300 570 430
face 0.008130013942718506 474 300 570 430
face 0.0075751543045043945 474 300 570 430
face 0.007379710674285889 474 300 570 430
face 0.006619513034820557 474 300 570 430
face 0.0062853991985321045 474 300 570 430
face 0.006152510643005371 474 300 570 430
face 0.006056249141693115 474 300 570 430
face 0.0054972171783447266 474 300 570 430
face 0.004938572645187378 474 300 570 430
face 0.004935204982757568 474 300 570 430
face 0.004638373851776123 474 300 570 430
face 0.004495084285736084 474 300 570 430
face 0.004280805587768555 474 300 570 430
face 0.004236012697219849 474 300 570 430
face 0.004057854413986206 474 300 570 430
face 0.003856956958770752 474 300 570 430
face 0.0038478076457977295 474 300 570 430
face 0.0038475096225738525 474 300 570 430
face 0.0037199854850769043 474 300 570 430
face 0.003677070140838623 474 300 570 430
face 0.0034699738025665283 474 300 570 430
face 0.0033521652221679688 474 300 570 430
face 0.0033021867275238037 474 300 570 430
face 0.0031602680683135986 474 300 570 430
face 0.003086000680923462 474 300 570 430
face 0.003050476312637329 474 300 570 430
face 0.0030257999897003174 474 300 570 430
face 0.003009408712387085 474 300 570 430
face 0.0029790401458740234 474 300 570 430
face 0.002919614315032959 474 300 570 430
face 0.002791494131088257 474 300 570 430
face 0.0027904510498046875 474 300 570 430
face 0.0027813315391540527 474 300 570 430
face 0.0027683675289154053 474 300 570 430
face 0.0027076900005340576 474 300 570 430
face 0.0027047693729400635 474 300 570 430
face 0.0026768147945404053 474 300 570 430
face 0.0026606321334838867 474 300 570 430
face 0.002652376890182495 474 300 570 430
face 0.002584010362625122 474 300 570 430
face 0.0025348663330078125 474 300 570 430
face 0.0024715065956115723 474 300 570 430
face 0.0024585723876953125 474 300 570 430
face 0.002440333366394043 474 300 570 430
face 0.002379894256591797 474 300 570 430
face 0.0023671388626098633 474 300 570 430
face 0.002365618944168091 474 300 570 430
face 0.0023461580276489258 474 300 570 430
face 0.0023387670516967773 474 300 570 430
face 0.0023274123668670654 474 300 570 430
face 0.00232011079788208 474 300 570 430
face 0.002314150333404541 474 300 570 430
face 0.002244234085083008 474 300 570 430
face 0.002205103635787964 474 300 570 430
face 0.0021967291831970215 474 300 570 430
face 0.0021692514419555664 474 300 570 430
face 0.0021453797817230225 474 300 570 430
face 0.0021372735500335693 474 300 570 430
face 0.0021295547485351562 474 300 570 430
face 0.0021281838417053223 474 300 570 430
face 0.0021267831325531006 474 300 570 430
face 0.002107471227645874 474 300 570 430
face 0.00209122896194458 474 300 570 430
face 0.0020772218704223633 474 300 570 430
face 0.0020754635334014893 474 300 570 430
face 0.0020560026168823242 474 300 570 430
face 0.0020236074924468994 474 300 570 430
face 0.002002030611038208 474 300 570 430
face 0.002001255750656128 474 300 570 430
face 0.001975029706954956 474 300 570 430
face 0.0019334256649017334 474 300 570 430
face 0.0019131600856781006 474 300 570 430
face 0.001908630132675171 474 300 570 430
face 0.00189208984375 474 300 570 430
face 0.0018919706344604492 474 300 570 430
face 0.0018747150897979736 474 300 570 430
face 0.0018639564514160156 474 300 570 430
face 0.0018533170223236084 474 300 570 430
face 0.0018350780010223389 474 300 570 430
face 0.001834869384765625 474 300 570 430
face 0.001830965280532837 474 300 570 430
face 0.0018243789672851562 474 300 570 430
face 0.0018205642700195312 474 300 570 430
face 0.0018102824687957764 474 300 570 430
face 0.001809448003768921 474 300 570 430
face 0.001798182725906372 474 300 570 430
face 0.001779317855834961 474 300 570 430
face 0.001764059066772461 474 300 570 430
face 0.0017468035221099854 474 300 570 430
face 0.0017460286617279053 474 300 570 430
