face 0.5958596467971802 154 187 208 267
face 0.5762256383895874 458 0 524 59
face 0.5441119074821472 702 217 759 309
face 0.49988463521003723 702 217 759 309
face 0.2013968527317047 702 217 759 309
face 0.1568315625190735 702 217 759 309
face 0.13315457105636597 702 217 759 309
face 0.12443798780441284 702 217 759 309
face 0.11561018228530884 702 217 759 309
face 0.10821625590324402 702 217 759 309
face 0.10142585635185242 702 217 759 309
face 0.09780031442642212 702 217 759 309
face 0.09325864911079407 702 217 759 309
face 0.09324303269386292 702 217 759 309
face 0.08752501010894775 702 217 759 309
face 0.08718743920326233 702 217 759 309
face 0.08514383435249329 702 217 759 309
face 0.08372041583061218 702 217 759 309
face 0.08345821499824524 702 217 759 309
face 0.08171534538269043 702 217 759 309
face 0.08088165521621704 702 217 759 309
face 0.07991296052932739 702 217 759 309
face 0.07818859815597534 702 217 759 309
face 0.07667875289916992 702 217 759 309
face 0.07029622793197632 702 217 759 309
face 0.07024502754211426 702 217 759 309
face 0.06520438194274902 702 217 759 309
face 0.06015586853027344 702 217 759 309
face 0.05877658724784851 702 217 759 309
face 0.058759212493896484 702 217 759 309
face 0.05742296576499939 702 217 759 309
face 0.05649659037590027 702 217 759 309
face 0.05643627047538757 702 217 759 309
face 0.05512106418609619 702 217 759 309
face 0.054807841777801514 702 217 759 309
face 0.054385751485824585 702 217 759 309
face 0.054148316383361816 702 217 759 309
face 0.05341458320617676 702 217 759 309
face 0.04979458451271057 702 217 759 309
face 0.049384355545043945 702 217 759 309
face 0.04922643303871155 702 217 759 309
face 0.048318177461624146 702 217 759 309
face 0.0475538969039917 702 217 759 309
face 0.04707804322242737 702 217 759 309
face 0.04403766989707947 702 217 759 309
face 0.042838871479034424 702 217 759 309
face 0.042690932750701904 702 217 759 309
face 0.0420471727848053 702 217 759 309
face 0.04094606637954712 702 217 759 309
face 0.039496809244155884 702 217 759 309
face 0.03912821412086487 702 217 759 309
face 0.038787662982940674 702 217 759 309
face 0.03810885548591614 702 217 759 309
face 0.03787687420845032 702 217 759 309
face 0.03721073269844055 702 217 759 309
face 0.03678223490715027 702 217 759 309
face 0.03418263792991638 702 217 759 309
face 0.0323316752910614 702 217 759 309
face 0.0322413444519043 702 217 759 309
face 0.030821293592453003 702 217 759 309
face 0.03046894073486328 702 217 759 309
face 0.030170559883117676 702 217 759 309
face 0.03008827567100525 702 217 759 309
face 0.029960989952087402 702 217 759 309
face 0.02935001254081726 702 217 759 309
face 0.029248148202896118 702 217 759 309
face 0.02793198823928833 702 217 759 309
face 0.027527332305908203 702 217 759 309
face 0.027418047189712524 702 217 759 309
face 0.027336567640304565 702 217 759 309
face 0.027241051197052002 702 217 759 309
face 0.027153313159942627 702 217 759 309
face 0.02678006887435913 702 217 759 309
face 0.026532530784606934 702 217 759 309
face 0.026311278343200684 702 217 759 309
face 0.0261935293674469 702 217 759 309
face 0.02580392360687256 702 217 759 309
face 0.02519717812538147 702 217 759 309
face 0.0250055193901062 702 217 759 309
face 0.024825304746627808 702 217 759 309
face 0.024755775928497314 702 217 759 309
face 0.02461904287338257 702 217 759 309
face 0.02447289228439331 702 217 759 309
face 0.0243072509765625 702 217 759 309
face 0.024060875177383423 702 217 759 309
face 0.023905694484710693 702 217 759 309
face 0.02378740906715393 702 217 759 309
face 0.023631155490875244 702 217 759 309
face 0.022771716117858887 702 217 759 309
face 0.02247336506843567 702 217 759 309
face 0.02229773998260498 702 217 759 309
face 0.021649092435836792 702 217 759 309
face 0.02147531509399414 702 217 759 309
face 0.021318554878234863 702 217 759 309
face 0.02130788564682007 702 217 759 309
face 0.02130255103111267 702 217 759 309
face 0.02087545394897461 702 217 759 309
face 0.02070850133895874 702 217 759 309
face 0.020524144172668457 702 217 759 309
face 0.020328432321548462 702 217 759 309
