face 0.8682929277420044 369 96 542 279
face 0.13096386194229126 369 96 542 279
face 0.11260548233985901 369 96 542 279
face 0.08061018586158752 369 96 542 279
face 0.06079104542732239 369 96 542 279
face 0.045339614152908325 369 96 542 279
face 0.04247567057609558 369 96 542 279
face 0.039011210203170776 369 96 542 279
face 0.029486000537872314 369 96 542 279
face 0.028216958045959473 369 96 542 279
face 0.0273439884185791 369 96 542 279
face 0.025466710329055786 369 96 542 279
face 0.024731069803237915 369 96 542 279
face 0.023012638092041016 369 96 542 279
face 0.022936850786209106 369 96 542 279
face 0.019146084785461426 369 96 542 279
face 0.018494755029678345 369 96 542 279
face 0.018247097730636597 369 96 542 279
face 0.017951130867004395 369 96 542 279
face 0.01722937822341919 369 96 542 279
face 0.016444385051727295 369 96 542 279
face 0.016424447298049927 369 96 542 279
face 0.01585465669631958 369 96 542 279
face 0.01526978611946106 369 96 542 279
face 0.0150928795337677 369 96 542 279
face 0.015024125576019287 369 96 542 279
face 0.0141715407371521 369 96 542 279
face 0.013662666082382202 369 96 542 279
face 0.013418346643447876 369 96 542 279
face 0.013318747282028198 369 96 542 279
face 0.012749046087265015 369 96 542 279
face 0.012305259704589844 369 96 542 279
face 0.012235701084136963 369 96 542 279
face 0.012232393026351929 369 96 542 279
face 0.01192823052406311 369 96 542 279
face 0.01144978404045105 369 96 542 279
face 0.011432379484176636 369 96 542 279
face 0.01116400957107544 369 96 542 279
face 0.01095685362815857 369 96 542 279
face 0.010884523391723633 369 96 542 279
face 0.010821729898452759 369 96 542 279
face 0.010811954736709595 369 96 542 279
face 0.01063239574432373 369 96 542 279
face 0.010562598705291748 369 96 542 279
face 0.010377854108810425 369 96 542 279
face 0.009722113609313965 369 96 542 279
face 0.00955250859260559 369 96 542 279
face 0.009140551090240479 369 96 542 279
face 0.009104907512664795 369 96 542 279
face 0.008970886468887329 369 96 542 279
face 0.008755981922149658 369 96 542 279
face 0.008603334426879883 369 96 542 279
face 0.008476972579956055 369 96 542 279
face 0.008418828248977661 369 96 542 279
face 0.008408963680267334 369 96 542 279
face 0.0083942711353302 369 96 542 279
face 0.008376777172088623 369 96 542 279
face 0.00836879014968872 369 96 542 279
face 0.008363038301467896 369 96 542 279
face 0.008287996053695679 369 96 542 279
face 0.008275330066680908 369 96 542 279
face 0.008222401142120361 369 96 542 279
face 0.008209526538848877 369 96 542 279
face 0.008150637149810791 369 96 542 279
face 0.007965385913848877 369 96 542 279
face 0.007930457592010498 369 96 542 279
face 0.007752060890197754 369 96 542 279
face 0.007742047309875488 369 96 542 279
face 0.0077405571937561035 369 96 542 279
face 0.007670015096664429 369 96 542 279
face 0.007640659809112549 369 96 542 279
face 0.007595479488372803 369 96 542 279
face 0.007452040910720825 369 96 542 279
face 0.007375210523605347 369 96 542 279
face 0.007336527109146118 369 96 542 279
face 0.007308244705200195 369 96 542 279
face 0.007103651762008667 369 96 542 279
face 0.007057517766952515 369 96 542 279
face 0.0070476531982421875 369 96 542 279
face 0.0069612860679626465 369 96 542 279
face 0.006960391998291016 369 96 542 279
face 0.006890416145324707 369 96 542 279
face 0.006859004497528076 369 96 542 279
face 0.006795287132263184 369 96 542 279
face 0.006772279739379883 369 96 542 279
face 0.006752878427505493 369 96 542 279
face 0.006738156080245972 369 96 542 279
face 0.006722241640090942 369 96 542 279
face 0.006620615720748901 369 96 542 279
face 0.006616145372390747 369 96 542 279
face 0.006447732448577881 369 96 542 279
face 0.006395161151885986 369 96 542 279
face 0.006362199783325195 369 96 542 279
face 0.0063288211822509766 369 96 542 279
face 0.006309598684310913 369 96 542 279
face 0.0062943994998931885 369 96 542 279
face 0.0062409937381744385 369 96 542 279
face 0.006178408861160278 369 96 542 279
face 0.006131410598754883 369 96 542 279
face 0.0061130523681640625 369 96 542 279
