face 0.9800447225570679 307 63 403 195
face 0.8817647695541382 659 52 768 191
face 0.015192925930023193 659 52 768 191
face 0.008661210536956787 659 52 768 191
face 0.008465588092803955 659 52 768 191
face 0.00825965404510498 659 52 768 191
face 0.007985293865203857 659 52 768 191
face 0.007831454277038574 659 52 768 191
face 0.007456451654434204 659 52 768 191
face 0.006498187780380249 659 52 768 191
face 0.00616571307182312 659 52 768 191
face 0.006141573190689087 659 52 768 191
face 0.006012469530105591 659 52 768 191
face 0.005646109580993652 659 52 768 191
face 0.005439400672912598 659 52 768 191
face 0.0054153501987457275 659 52 768 191
face 0.0053698718547821045 659 52 768 191
face 0.005242437124252319 659 52 768 191
face 0.005090624094009399 659 52 768 191
face 0.005051553249359131 659 52 768 191
face 0.0047761499881744385 659 52 768 191
face 0.004468590021133423 659 52 768 191
face 0.004428178071975708 659 52 768 191
face 0.004356950521469116 659 52 768 191
face 0.004285365343093872 659 52 768 191
face 0.004235595464706421 659 52 768 191
face 0.0042153000831604 659 52 768 191
face 0.004184842109680176 659 52 768 191
face 0.003958672285079956 659 52 768 191
face 0.003956139087677002 659 52 768 191
face 0.0038754642009735107 659 52 768 191
face 0.003781944513320923 659 52 768 191
face 0.0037115812301635742 659 52 768 191
face 0.0036967098712921143 659 52 768 191
face 0.0036559104919433594 659 52 768 191
face 0.0036521553993225098 659 52 768 191
face 0.003503173589706421 659 52 768 191
face 0.0032889246940612793 659 52 768 191
face 0.003119558095932007 659 52 768 191
face 0.0030694901943206787 659 52 768 191
face 0.002970874309539795 659 52 768 191
face 0.0029495954513549805 659 52 768 191
face 0.002917647361755371 659 52 768 191
face 0.0029011666774749756 659 52 768 191
face 0.0028728842735290527 659 52 768 191
face 0.0028076469898223877 659 52 768 191
face 0.0027661025524139404 659 52 768 191
face 0.0027584433555603027 659 52 768 191
face 0.0027463436126708984 659 52 768 191
face 0.0026260316371917725 659 52 768 191
face 0.0025698840618133545 659 52 768 191
face 0.002566814422607422 659 52 768 191
face 0.0025397539138793945 659 52 768 191
face 0.002495884895324707 659 52 768 191
face 0.002490907907485962 659 52 768 191
face 0.002420276403427124 659 52 768 191
face 0.002371877431869507 659 52 768 191
face 0.0023038089275360107 659 52 768 191
face 0.0022665560245513916 659 52 768 191
face 0.0022517740726470947 659 52 768 191
face 0.002224266529083252 659 52 768 191
face 0.0022227466106414795 659 52 768 191
face 0.0022144317626953125 659 52 768 191
face 0.0022047758102416992 659 52 768 191
face 0.002199709415435791 659 52 768 191
face 0.002194643020629883 659 52 768 191
face 0.002194046974182129 659 52 768 191
face 0.0021494626998901367 659 52 768 191
face 0.002124994993209839 659 52 768 191
face 0.002106189727783203 659 52 768 191
face 0.0020768344402313232 659 52 768 191
face 0.002062559127807617 659 52 768 191
face 0.002061188220977783 659 52 768 191
face 0.002060145139694214 659 52 768 191
face 0.002060025930404663 659 52 768 191
face 0.0020380020141601562 659 52 768 191
face 0.0020228326320648193 659 52 768 191
face 0.0020159482955932617 659 52 768 191
face 0.002000272274017334 659 52 768 191
face 0.001953989267349243 659 52 768 191
face 0.0019467473030090332 659 52 768 191
face 0.001917332410812378 659 52 768 191
face 0.0018902719020843506 659 52 768 191
face 0.0018747150897979736 659 52 768 191
face 0.0018655359745025635 659 52 768 191
face 0.0018523335456848145 659 52 768 191
face 0.0018501877784729004 659 52 768 191
face 0.0018013715744018555 659 52 768 191
face 0.0017839670181274414 659 52 768 191
face 0.0017822980880737305 659 52 768 191
face 0.001735687255859375 659 52 768 191
face 0.0017352700233459473 659 52 768 191
face 0.001726984977722168 659 52 768 191
face 0.0017153620719909668 659 52 768 191
face 0.0017010867595672607 659 52 768 191
face 0.0016953349113464355 659 52 768 191
face 0.001691579818725586 659 52 768 191
face 0.001682370901107788 659 52 768 191
face 0.001646190881729126 659 52 768 191
face 0.0016434192657470703 659 52 768 191
