face 0.8343764543533325 670 365 717 436
face 0.11646285653114319 670 365 717 436
face 0.09482041001319885 670 365 717 436
face 0.07488229870796204 670 365 717 436
face 0.07484835386276245 670 365 717 436
face 0.060126692056655884 670 365 717 436
face 0.05862364172935486 670 365 717 436
face 0.055652081966400146 670 365 717 436
face 0.05423170328140259 670 365 717 436
face 0.05322042107582092 670 365 717 436
face 0.04907485842704773 670 365 717 436
face 0.04861503839492798 670 365 717 436
face 0.04648593068122864 670 365 717 436
face 0.03807142376899719 670 365 717 436
face 0.03541204333305359 670 365 717 436
face 0.03519386053085327 670 365 717 436
face 0.03468358516693115 670 365 717 436
face 0.034219563007354736 670 365 717 436
face 0.029992640018463135 670 365 717 436
face 0.028516143560409546 670 365 717 436
face 0.028437525033950806 670 365 717 436
face 0.028134137392044067 670 365 717 436
face 0.02810448408126831 670 365 717 436
face 0.02645045518875122 670 365 717 436
face 0.026392489671707153 670 365 717 436
face 0.026237130165100098 670 365 717 436
face 0.026158034801483154 670 365 717 436
face 0.024953752756118774 670 365 717 436
face 0.024434983730316162 670 365 717 436
face 0.02396640181541443 670 365 717 436
face 0.023596465587615967 670 365 717 436
face 0.023364931344985962 670 365 717 436
face 0.023052603006362915 670 365 717 436
face 0.02275809645652771 670 365 717 436
face 0.0220319926738739 670 365 717 436
face 0.021331220865249634 670 365 717 436
face 0.021046996116638184 670 365 717 436
face 0.01999989151954651 670 365 717 436
face 0.01954081654548645 670 365 717 436
face 0.01906070113182068 670 365 717 436
face 0.019043326377868652 670 365 717 436
face 0.01864469051361084 670 365 717 436
face 0.018173545598983765 670 365 717 436
face 0.018133580684661865 670 365 717 436
face 0.018064767122268677 670 365 717 436
face 0.01794484257698059 670 365 717 436
face 0.01787087321281433 670 365 717 436
face 0.017772316932678223 670 365 717 436
face 0.01770111918449402 670 365 717 436
face 0.017116427421569824 670 365 717 436
face 0.016731560230255127 670 365 717 436
face 0.016720592975616455 670 365 717 436
face 0.016592711210250854 670 365 717 436
face 0.016322821378707886 670 365 717 436
face 0.01602920889854431 670 365 717 436
face 0.015910178422927856 670 365 717 436
face 0.015880167484283447 670 365 717 436
face 0.015839844942092896 670 365 717 436
face 0.015721112489700317 670 365 717 436
face 0.015694141387939453 670 365 717 436
face 0.015664756298065186 670 365 717 436
face 0.015650510787963867 670 365 717 436
face 0.015417546033859253 670 365 717 436
face 0.015207111835479736 670 365 717 436
face 0.015070915222167969 670 365 717 436
face 0.014876127243041992 670 365 717 436
face 0.014854222536087036 670 365 717 436
face 0.014101564884185791 670 365 717 436
face 0.014087915420532227 670 365 717 436
face 0.013971716165542603 670 365 717 436
face 0.0139235258102417 670 365 717 436
face 0.013516277074813843 670 365 717 436
face 0.01324927806854248 670 365 717 436
face 0.013093709945678711 670 365 717 436
face 0.013077348470687866 670 365 717 436
face 0.012692779302597046 670 365 717 436
face 0.012686818838119507 670 365 717 436
face 0.012647449970245361 670 365 717 436
face 0.012632936239242554 670 365 717 436
face 0.012464702129364014 670 365 717 436
face 0.012321144342422485 670 365 717 436
face 0.011908113956451416 670 365 717 436
face 0.011904031038284302 670 365 717 436
face 0.011675000190734863 670 365 717 436
face 0.011653155088424683 670 365 717 436
face 0.011633992195129395 670 365 717 436
face 0.011516332626342773 670 365 717 436
face 0.011111557483673096 670 365 717 436
face 0.011083930730819702 670 365 717 436
face 0.01097831130027771 670 365 717 436
face 0.01096731424331665 670 365 717 436
face 0.010740339756011963 670 365 717 436
face 0.010554343461990356 670 365 717 436
face 0.010379672050476074 670 365 717 436
face 0.010032415390014648 670 365 717 436
face 0.00983312726020813 670 365 717 436
face 0.009621948003768921 670 365 717 436
face 0.009535074234008789 670 365 717 436
face 0.009323477745056152 670 365 717 436
face 0.009169936180114746 670 365 717 436
