face 0.9912431240081787 318 369 770 924
face 0.016547679901123047 318 369 770 924
face 0.013680696487426758 318 369 770 924
face 0.013194352388381958 318 369 770 924
face 0.013177603483200073 318 369 770 924
face 0.012999147176742554 318 369 770 924
face 0.01294746994972229 318 369 770 924
face 0.012565851211547852 318 369 770 924
face 0.012300103902816772 318 369 770 924
face 0.012228697538375854 318 369 770 924
face 0.012039899826049805 318 369 770 924
face 0.011974692344665527 318 369 770 924
face 0.011789202690124512 318 369 770 924
face 0.011464804410934448 318 369 770 924
face 0.011382699012756348 318 369 770 924
face 0.010743826627731323 318 369 770 924
face 0.010150402784347534 318 369 770 924
face 0.010111302137374878 318 369 770 924
face 0.009980112314224243 318 369 770 924
face 0.009960681200027466 318 369 770 924
face 0.009430795907974243 318 369 770 924
face 0.00942295789718628 318 369 770 924
face 0.009300798177719116 318 369 770 924
face 0.009032666683197021 318 369 770 924
face 0.008949726819992065 318 369 770 924
face 0.008830070495605469 318 369 770 924
face 0.008558660745620728 318 369 770 924
face 0.008403986692428589 318 369 770 924
face 0.008315473794937134 318 369 770 924
face 0.008148759603500366 318 369 770 924
face 0.00808936357498169 318 369 770 924
face 0.00802236795425415 318 369 770 924
face 0.007979124784469604 318 369 770 924
face 0.007966369390487671 318 369 770 924
face 0.007677257061004639 318 369 770 924
face 0.007475554943084717 318 369 770 924
face 0.0074440836906433105 318 369 770 924
face 0.00739520788192749 318 369 770 924
face 0.007256418466567993 318 369 770 924
face 0.007214277982711792 318 369 770 924
face 0.0071311891078948975 318 369 770 924
face 0.007082581520080566 318 369 770 924
face 0.006573498249053955 318 369 770 924
face 0.006552338600158691 318 369 770 924
face 0.006551623344421387 318 369 770 924
face 0.00650671124458313 318 369 770 924
face 0.006481915712356567 318 369 770 924
face 0.006463050842285156 318 369 770 924
face 0.006421029567718506 318 369 770 924
face 0.00635334849357605 318 369 770 924
face 0.006302565336227417 318 369 770 924
face 0.006248593330383301 318 369 770 924
face 0.0062195658683776855 318 369 770 924
face 0.00616687536239624 318 369 770 924
face 0.006145060062408447 318 369 770 924
face 0.006105750799179077 318 369 770 924
face 0.00609096884727478 318 369 770 924
face 0.006051421165466309 318 369 770 924
face 0.006039708852767944 318 369 770 924
face 0.005984216928482056 318 369 770 924
face 0.005922257900238037 318 369 770 924
face 0.005881786346435547 318 369 770 924
face 0.005877315998077393 318 369 770 924
face 0.005875498056411743 318 369 770 924
face 0.005872607231140137 318 369 770 924
face 0.005830973386764526 318 369 770 924
face 0.005790382623672485 318 369 770 924
face 0.005694657564163208 318 369 770 924
face 0.005640894174575806 318 369 770 924
face 0.005637645721435547 318 369 770 924
face 0.005606710910797119 318 369 770 924
face 0.005576968193054199 318 369 770 924
face 0.005564093589782715 318 369 770 924
face 0.0055609941482543945 318 369 770 924
face 0.005511760711669922 318 369 770 924
face 0.005495905876159668 318 369 770 924
face 0.005491793155670166 318 369 770 924
face 0.005436152219772339 318 369 770 924
face 0.005390465259552002 318 369 770 924
face 0.005294442176818848 318 369 770 924
face 0.0052897632122039795 318 369 770 924
face 0.005286693572998047 318 369 770 924
face 0.005258917808532715 318 369 770 924
face 0.005251020193099976 318 369 770 924
face 0.005205065011978149 318 369 770 924
face 0.005189746618270874 318 369 770 924
face 0.005143851041793823 318 369 770 924
face 0.0051431357860565186 318 369 770 924
face 0.005027502775192261 318 369 770 924
face 0.0050039589405059814 318 369 770 924
face 0.0049991607666015625 318 369 770 924
face 0.004998058080673218 318 369 770 924
face 0.0049294233322143555 318 369 770 924
face 0.004908919334411621 318 369 770 924
face 0.0048986077308654785 318 369 770 924
face 0.004886507987976074 318 369 770 924
face 0.004847019910812378 318 369 770 924
face 0.0048215389251708984 318 369 770 924
face 0.0048184990882873535 318 369 770 924
face 0.004810154438018799 318 369 770 924
