face 0.9480829834938049 507 582 615 671
face 0.1803666353225708 507 582 615 671
face 0.15117087960243225 507 582 615 671
face 0.07012608647346497 507 582 615 671
face 0.05440005660057068 507 582 615 671
face 0.03502547740936279 507 582 615 671
face 0.031305134296417236 507 582 615 671
face 0.027552276849746704 507 582 615 671
face 0.02453756332397461 507 582 615 671
face 0.023093730211257935 507 582 615 671
face 0.021604418754577637 507 582 615 671
face 0.02102428674697876 507 582 615 671
face 0.02091163396835327 507 582 615 671
face 0.01966986060142517 507 582 615 671
face 0.019590526819229126 507 582 615 671
face 0.019216924905776978 507 582 615 671
face 0.018800407648086548 507 582 615 671
face 0.016224652528762817 507 582 615 671
face 0.015497803688049316 507 582 615 671
face 0.015138506889343262 507 582 615 671
face 0.013685077428817749 507 582 615 671
face 0.013609051704406738 507 582 615 671
face 0.013514935970306396 507 582 615 671
face 0.013419955968856812 507 582 615 671
face 0.012174248695373535 507 582 615 671
face 0.011908084154129028 507 582 615 671
face 0.01165500283241272 507 582 615 671
face 0.011111795902252197 507 582 615 671
face 0.011059165000915527 507 582 615 671
face 0.011016696691513062 507 582 615 671
face 0.01055261492729187 507 582 615 671
face 0.01021549105644226 507 582 615 671
face 0.010017991065979004 507 582 615 671
face 0.009753674268722534 507 582 615 671
face 0.009408801794052124 507 582 615 671
face 0.00883781909942627 507 582 615 671
face 0.008754223585128784 507 582 615 671
face 0.008710741996765137 507 582 615 671
face 0.008684098720550537 507 582 615 671
face 0.008494645357131958 507 582 615 671
face 0.007894039154052734 507 582 615 671
face 0.007883548736572266 507 582 615 671
face 0.007761925458908081 507 582 615 671
face 0.007749468088150024 507 582 615 671
face 0.007550328969955444 507 582 615 671
face 0.007466733455657959 507 582 615 671
face 0.007343500852584839 507 582 615 671
face 0.007253825664520264 507 582 615 671
face 0.007062286138534546 507 582 615 671
face 0.006772905588150024 507 582 615 671
face 0.006765872240066528 507 582 615 671
face 0.006744861602783203 507 582 615 671
face 0.006676703691482544 507 582 615 671
face 0.006669044494628906 507 582 615 671
face 0.006552636623382568 507 582 615 671
face 0.006510883569717407 507 582 615 671
face 0.006501644849777222 507 582 615 671
face 0.006490975618362427 507 582 615 671
face 0.006388157606124878 507 582 615 671
face 0.006327241659164429 507 582 615 671
face 0.006279319524765015 507 582 615 671
face 0.005984872579574585 507 582 615 671
face 0.005913227796554565 507 582 615 671
face 0.005874574184417725 507 582 615 671
face 0.005846291780471802 507 582 615 671
face 0.005833327770233154 507 582 615 671
face 0.005793541669845581 507 582 615 671
face 0.005729466676712036 507 582 615 671
face 0.00566709041595459 507 582 615 671
face 0.005583643913269043 507 582 615 671
face 0.005549073219299316 507 582 615 671
face 0.005522727966308594 507 582 615 671
face 0.005521833896636963 507 582 615 671
face 0.005497455596923828 507 582 615 671
face 0.00548127293586731 507 582 615 671
face 0.005423069000244141 507 582 615 671
face 0.005276620388031006 507 582 615 671
face 0.0052551329135894775 507 582 615 671
face 0.005226045846939087 507 582 615 671
face 0.005125164985656738 507 582 615 671
face 0.005075424909591675 507 582 615 671
face 0.005066603422164917 507 582 615 671
face 0.004901796579360962 507 582 615 671
face 0.004892289638519287 507 582 615 671
face 0.004859030246734619 507 582 615 671
face 0.004839986562728882 507 582 615 671
face 0.004822880029678345 507 582 615 671
face 0.004765689373016357 507 582 615 671
face 0.004756301641464233 507 582 615 671
face 0.004755645990371704 507 582 615 671
face 0.004725515842437744 507 582 615 671
face 0.004723399877548218 507 582 615 671
face 0.004596531391143799 507 582 615 671
face 0.004553794860839844 507 582 615 671
face 0.004549533128738403 507 582 615 671
face 0.004492759704589844 507 582 615 671
face 0.004427224397659302 507 582 615 671
face 0.004371136426925659 507 582 615 671
face 0.004353910684585571 507 582 615 671
face 0.004337996244430542 507 582 615 671
