face 0.7627421617507935 394 173 423 213
face 0.6742459535598755 925 272 954 304
face 0.6385746598243713 493 334 519 361
face 0.6244165897369385 304 291 321 313
face 0.5634149312973022 553 257 583 288
face 0.53635174036026 349 337 371 363
face 0.5234209895133972 396 184 426 225
face 0.34059298038482666 396 184 426 225
face 0.2797364592552185 396 184 426 225
face 0.2557958960533142 396 184 426 225
face 0.22935637831687927 396 184 426 225
face 0.21181780099868774 396 184 426 225
face 0.19733849167823792 396 184 426 225
face 0.19024762511253357 396 184 426 225
face 0.14395883679389954 396 184 426 225
face 0.14357638359069824 396 184 426 225
face 0.14019319415092468 396 184 426 225
face 0.13615712523460388 396 184 426 225
face 0.12647706270217896 396 184 426 225
face 0.12266692519187927 396 184 426 225
face 0.11881765723228455 396 184 426 225
face 0.11590665578842163 396 184 426 225
face 0.1125592589378357 396 184 426 225
face 0.10971102118492126 396 184 426 225
face 0.10637867450714111 396 184 426 225
face 0.10193809866905212 396 184 426 225
face 0.09051012992858887 396 184 426 225
face 0.08443886041641235 396 184 426 225
face 0.08213558793067932 396 184 426 225
face 0.08167001605033875 396 184 426 225
face 0.08083131909370422 396 184 426 225
face 0.07906985282897949 396 184 426 225
face 0.0788830816745758 396 184 426 225
face 0.06520813703536987 396 184 426 225
face 0.06244823336601257 396 184 426 225
face 0.06115087866783142 396 184 426 225
face 0.059336841106414795 396 184 426 225
face 0.05729559063911438 396 184 426 225
face 0.05602365732192993 396 184 426 225
face 0.05301398038864136 396 184 426 225
face 0.0512813925743103 396 184 426 225
face 0.04897969961166382 396 184 426 225
face 0.04673972725868225 396 184 426 225
face 0.045806556940078735 396 184 426 225
face 0.04381480813026428 396 184 426 225
face 0.042959123849868774 396 184 426 225
face 0.04248172044754028 396 184 426 225
face 0.04227486252784729 396 184 426 225
face 0.04174855351448059 396 184 426 225
face 0.040719032287597656 396 184 426 225
face 0.03942909836769104 396 184 426 225
face 0.039088428020477295 396 184 426 225
face 0.03655439615249634 396 184 426 225
face 0.03604608774185181 396 184 426 225
face 0.03554388880729675 396 184 426 225
face 0.03386080265045166 396 184 426 225
face 0.0334305465221405 396 184 426 225
face 0.03338173031806946 396 184 426 225
face 0.03331217169761658 396 184 426 225
face 0.03275492787361145 396 184 426 225
face 0.0309695303440094 396 184 426 225
face 0.030512571334838867 396 184 426 225
face 0.029539048671722412 396 184 426 225
face 0.029343366622924805 396 184 426 225
face 0.0292508602142334 396 184 426 225
face 0.029086560010910034 396 184 426 225
face 0.028601646423339844 396 184 426 225
face 0.02777227759361267 396 184 426 225
face 0.027339518070220947 396 184 426 225
face 0.02727484703063965 396 184 426 225
face 0.02719736099243164 396 184 426 225
face 0.02698725461959839 396 184 426 225
face 0.026896685361862183 396 184 426 225
face 0.02687203884124756 396 184 426 225
face 0.026682883501052856 396 184 426 225
face 0.02614760398864746 396 184 426 225
face 0.02490118145942688 396 184 426 225
face 0.02486473321914673 396 184 426 225
face 0.02477717399597168 396 184 426 225
face 0.024617671966552734 396 184 426 225
face 0.02452358603477478 396 184 426 225
face 0.023825526237487793 396 184 426 225
face 0.023486226797103882 396 184 426 225
face 0.023206710815429688 396 184 426 225
face 0.02305123209953308 396 184 426 225
face 0.022620290517807007 396 184 426 225
face 0.02250969409942627 396 184 426 225
face 0.022342205047607422 396 184 426 225
face 0.022330820560455322 396 184 426 225
face 0.022257328033447266 396 184 426 225
face 0.022155344486236572 396 184 426 225
face 0.0220547616481781 396 184 426 225
face 0.021922767162322998 396 184 426 225
face 0.02163645625114441 396 184 426 225
face 0.020839214324951172 396 184 426 225
face 0.02050042152404785 396 184 426 225
face 0.019990921020507812 396 184 426 225
face 0.019267261028289795 396 184 426 225
face 0.018985211849212646 396 184 426 225
face 0.018720805644989014 396 184 426 225
