face 0.9984850287437439 505 115 873 695
face 0.015687614679336548 505 115 873 695
face 0.010478973388671875 505 115 873 695
face 0.007572203874588013 505 115 873 695
face 0.007204979658126831 505 115 873 695
face 0.006421476602554321 505 115 873 695
face 0.006381988525390625 505 115 873 695
face 0.006378084421157837 505 115 873 695
face 0.0063256919384002686 505 115 873 695
face 0.006200224161148071 505 115 873 695
face 0.006156355142593384 505 115 873 695
face 0.006031453609466553 505 115 873 695
face 0.0057080090045928955 505 115 873 695
face 0.005509138107299805 505 115 873 695
face 0.005438178777694702 505 115 873 695
face 0.0052721500396728516 505 115 873 695
face 0.00525587797164917 505 115 873 695
face 0.005030959844589233 505 115 873 695
face 0.005020171403884888 505 115 873 695
face 0.0049638450145721436 505 115 873 695
face 0.004937261343002319 505 115 873 695
face 0.004915565252304077 505 115 873 695
face 0.004586279392242432 505 115 873 695
face 0.004392296075820923 505 115 873 695
face 0.004367470741271973 505 115 873 695
face 0.004336923360824585 505 115 873 695
face 0.004249751567840576 505 115 873 695
face 0.004184842109680176 505 115 873 695
face 0.004114657640457153 505 115 873 695
face 0.0040367841720581055 505 115 873 695
face 0.004036754369735718 505 115 873 695
face 0.0040243566036224365 505 115 873 695
face 0.003992855548858643 505 115 873 695
face 0.003928154706954956 505 115 873 695
face 0.0038459599018096924 505 115 873 695
face 0.0038142502307891846 505 115 873 695
face 0.0037766695022583008 505 115 873 695
face 0.0037732720375061035 505 115 873 695
face 0.0036416947841644287 505 115 873 695
face 0.0036309659481048584 505 115 873 695
face 0.003503352403640747 505 115 873 695
face 0.0034991204738616943 505 115 873 695
face 0.0034965574741363525 505 115 873 695
face 0.003470689058303833 505 115 873 695
face 0.003466367721557617 505 115 873 695
face 0.00346490740776062 505 115 873 695
face 0.0034594833850860596 505 115 873 695
face 0.003447026014328003 505 115 873 695
face 0.0034064948558807373 505 115 873 695
face 0.0033881068229675293 505 115 873 695
face 0.003376603126525879 505 115 873 695
face 0.003271162509918213 505 115 873 695
face 0.003245443105697632 505 115 873 695
face 0.0032369494438171387 505 115 873 695
face 0.0032098889350891113 505 115 873 695
face 0.0031971335411071777 505 115 873 695
face 0.0031948983669281006 505 115 873 695
face 0.003130406141281128 505 115 873 695
face 0.0031165480613708496 505 115 873 695
face 0.0031048059463500977 505 115 873 695
face 0.003098785877227783 505 115 873 695
face 0.0030931830406188965 505 115 873 695
face 0.0030898451805114746 505 115 873 695
face 0.0030582547187805176 505 115 873 695
face 0.003041863441467285 505 115 873 695
face 0.0030331313610076904 505 115 873 695
face 0.0030250847339630127 505 115 873 695
face 0.0029740631580352783 505 115 873 695
face 0.0029631853103637695 505 115 873 695
face 0.00295865535736084 505 115 873 695
face 0.0029228627681732178 505 115 873 695
face 0.00291404128074646 505 115 873 695
face 0.0029013454914093018 505 115 873 695
face 0.0028907358646392822 505 115 873 695
face 0.0028118491172790527 505 115 873 695
face 0.0028078556060791016 505 115 873 695
face 0.002805739641189575 505 115 873 695
face 0.0028056800365448 505 115 873 695
face 0.002801358699798584 505 115 873 695
face 0.0027841031551361084 505 115 873 695
face 0.002782076597213745 505 115 873 695
face 0.0027604997158050537 505 115 873 695
face 0.0027407705783843994 505 115 873 695
face 0.002732187509536743 505 115 873 695
face 0.002674311399459839 505 115 873 695
face 0.0026060640811920166 505 115 873 695
face 0.0026040375232696533 505 115 873 695
face 0.002602487802505493 505 115 873 695
face 0.0025521516799926758 505 115 873 695
face 0.0025363266468048096 505 115 873 695
face 0.0025349557399749756 505 115 873 695
face 0.0025119781494140625 505 115 873 695
face 0.0025071799755096436 505 115 873 695
face 0.0024671852588653564 505 115 873 695
face 0.0024521052837371826 505 115 873 695
face 0.0024435222148895264 505 115 873 695
face 0.002413809299468994 505 115 873 695
face 0.002383887767791748 505 115 873 695
face 0.0023783743381500244 505 115 873 695
face 0.0023561418056488037 505 115 873 695
