face 0.9948259592056274 478 264 556 372
face 0.25629931688308716 478 264 556 372
face 0.1871921718120575 478 264 556 372
face 0.1461401879787445 478 264 556 372
face 0.13195204734802246 478 264 556 372
face 0.13107898831367493 478 264 556 372
face 0.11980855464935303 478 264 556 372
face 0.11433124542236328 478 264 556 372
face 0.11386427283287048 478 264 556 372
face 0.07465007901191711 478 264 556 372
face 0.0699949562549591 478 264 556 372
face 0.06916335225105286 478 264 556 372
face 0.06764978170394897 478 264 556 372
face 0.05890655517578125 478 264 556 372
face 0.05469357967376709 478 264 556 372
face 0.051124125719070435 478 264 556 372
face 0.04789280891418457 478 264 556 372
face 0.044565945863723755 478 264 556 372
face 0.037714242935180664 478 264 556 372
face 0.033794015645980835 478 264 556 372
face 0.03241738677024841 478 264 556 372
face 0.03209388256072998 478 264 556 372
face 0.03159323334693909 478 264 556 372
face 0.031566619873046875 478 264 556 372
face 0.029941856861114502 478 264 556 372
face 0.0293026864528656 478 264 556 372
face 0.028575092554092407 478 264 556 372
face 0.028554409742355347 478 264 556 372
face 0.025275975465774536 478 264 556 372
face 0.02503398060798645 478 264 556 372
face 0.022986412048339844 478 264 556 372
face 0.021181583404541016 478 264 556 372
face 0.01967558264732361 478 264 556 372
face 0.017889738082885742 478 264 556 372
face 0.017169654369354248 478 264 556 372
face 0.017086416482925415 478 264 556 372
face 0.013104617595672607 478 264 556 372
face 0.012922525405883789 478 264 556 372
face 0.012322992086410522 478 264 556 372
face 0.011865228414535522 478 264 556 372
face 0.011282920837402344 478 264 556 372
face 0.011093854904174805 478 264 556 372
face 0.010899215936660767 478 264 556 372
face 0.010498046875 478 264 556 372
face 0.01016080379486084 478 264 556 372
face 0.010129868984222412 478 264 556 372
face 0.010096937417984009 478 264 556 372
face 0.010045170783996582 478 264 556 372
face 0.009659826755523682 478 264 556 372
face 0.00866687297821045 478 264 556 372
face 0.008596032857894897 478 264 556 372
face 0.008565455675125122 478 264 556 372
face 0.008429914712905884 478 264 556 372
face 0.008420199155807495 478 264 556 372
face 0.008369386196136475 478 264 556 372
face 0.008339107036590576 478 264 556 372
face 0.00819706916809082 478 264 556 372
face 0.007631838321685791 478 264 556 372
face 0.007377326488494873 478 264 556 372
face 0.00733223557472229 478 264 556 372
face 0.007196754217147827 478 264 556 372
face 0.006948620080947876 478 264 556 372
face 0.006800711154937744 478 264 556 372
face 0.006509870290756226 478 264 556 372
face 0.006460249423980713 478 264 556 372
face 0.006226718425750732 478 264 556 372
face 0.006216108798980713 478 264 556 372
face 0.006138980388641357 478 264 556 372
face 0.005974471569061279 478 264 556 372
face 0.005952388048171997 478 264 556 372
face 0.005918323993682861 478 264 556 372
face 0.005894482135772705 478 264 556 372
face 0.005760252475738525 478 264 556 372
face 0.005732893943786621 478 264 556 372
face 0.005591213703155518 478 264 556 372
face 0.005540788173675537 478 264 556 372
face 0.00530320405960083 478 264 556 372
face 0.005241483449935913 478 264 556 372
face 0.005209565162658691 478 264 556 372
face 0.004943817853927612 478 264 556 372
face 0.004922658205032349 478 264 556 372
face 0.00490260124206543 478 264 556 372
face 0.0048010945320129395 478 264 556 372
face 0.0047824084758758545 478 264 556 372
face 0.004747331142425537 478 264 556 372
face 0.004707694053649902 478 264 556 372
face 0.0047033727169036865 478 264 556 372
face 0.00469622015953064 478 264 556 372
face 0.0046506524085998535 478 264 556 372
face 0.004611074924468994 478 264 556 372
face 0.004609525203704834 478 264 556 372
face 0.004560112953186035 478 264 556 372
face 0.004555076360702515 478 264 556 372
face 0.004477143287658691 478 264 556 372
face 0.004467904567718506 478 264 556 372
face 0.004450947046279907 478 264 556 372
face 0.004448562860488892 478 264 556 372
face 0.004412353038787842 478 264 556 372
face 0.004371017217636108 478 264 556 372
face 0.0043492913246154785 478 264 556 372
