face 0.9158121943473816 290 345 401 487
face 0.06569522619247437 290 345 401 487
face 0.04948499798774719 290 345 401 487
face 0.03195026516914368 290 345 401 487
face 0.03150242567062378 290 345 401 487
face 0.029900193214416504 290 345 401 487
face 0.02818310260772705 290 345 401 487
face 0.027595460414886475 290 345 401 487
face 0.027262061834335327 290 345 401 487
face 0.026873022317886353 290 345 401 487
face 0.02600666880607605 290 345 401 487
face 0.02232307195663452 290 345 401 487
face 0.022306442260742188 290 345 401 487
face 0.020786404609680176 290 345 401 487
face 0.02032950520515442 290 345 401 487
face 0.020094454288482666 290 345 401 487
face 0.019505798816680908 290 345 401 487
face 0.019289910793304443 290 345 401 487
face 0.0190889835357666 290 345 401 487
face 0.016591638326644897 290 345 401 487
face 0.01622149348258972 290 345 401 487
face 0.01560238003730774 290 345 401 487
face 0.014927446842193604 290 345 401 487
face 0.0148409903049469 290 345 401 487
face 0.014677584171295166 290 345 401 487
face 0.014667689800262451 290 345 401 487
face 0.014664500951766968 290 345 401 487
face 0.014258503913879395 290 345 401 487
face 0.01425197720527649 290 345 401 487
face 0.014171183109283447 290 345 401 487
face 0.01410636305809021 290 345 401 487
face 0.013881415128707886 290 345 401 487
face 0.013699829578399658 290 345 401 487
face 0.013637006282806396 290 345 401 487
face 0.012903928756713867 290 345 401 487
face 0.012826412916183472 290 345 401 487
face 0.012285828590393066 290 345 401 487
face 0.01220729947090149 290 345 401 487
face 0.012140274047851562 290 345 401 487
face 0.011701375246047974 290 345 401 487
face 0.01154625415802002 290 345 401 487
face 0.011502474546432495 290 345 401 487
face 0.011431097984313965 290 345 401 487
face 0.011413812637329102 290 345 401 487
face 0.01124882698059082 290 345 401 487
face 0.011242717504501343 290 345 401 487
face 0.01092451810836792 290 345 401 487
face 0.01064249873161316 290 345 401 487
face 0.010552942752838135 290 345 401 487
face 0.010547012090682983 290 345 401 487
face 0.010516822338104248 290 345 401 487
face 0.010441750288009644 290 345 401 487
face 0.010274887084960938 290 345 401 487
face 0.010103583335876465 290 345 401 487
face 0.010099977254867554 290 345 401 487
face 0.010022521018981934 290 345 401 487
face 0.009997069835662842 290 345 401 487
face 0.009897679090499878 290 345 401 487
face 0.009651392698287964 290 345 401 487
face 0.009564995765686035 290 345 401 487
face 0.009383440017700195 290 345 401 487
face 0.009175360202789307 290 345 401 487
face 0.009130865335464478 290 345 401 487
face 0.009002208709716797 290 345 401 487
face 0.00895613431930542 290 345 401 487
face 0.008889257907867432 290 345 401 487
face 0.008729636669158936 290 345 401 487
face 0.00856664776802063 290 345 401 487
face 0.008482396602630615 290 345 401 487
face 0.008361726999282837 290 345 401 487
face 0.0082930326461792 290 345 401 487
face 0.008160054683685303 290 345 401 487
face 0.00812646746635437 290 345 401 487
face 0.008094370365142822 290 345 401 487
face 0.008071959018707275 290 345 401 487
face 0.007992714643478394 290 345 401 487
face 0.007861047983169556 290 345 401 487
face 0.007858365774154663 290 345 401 487
face 0.007839202880859375 290 345 401 487
face 0.007832467555999756 290 345 401 487
face 0.007711440324783325 290 345 401 487
face 0.007669657468795776 290 345 401 487
face 0.007651299238204956 290 345 401 487
face 0.007593750953674316 290 345 401 487
face 0.007457256317138672 290 345 401 487
face 0.007439553737640381 290 345 401 487
face 0.007310003042221069 290 345 401 487
face 0.007242113351821899 290 345 401 487
face 0.007227987051010132 290 345 401 487
face 0.007140457630157471 290 345 401 487
face 0.007047027349472046 290 345 401 487
face 0.007021874189376831 290 345 401 487
face 0.00698128342628479 290 345 401 487
face 0.006912827491760254 290 345 401 487
face 0.006886929273605347 290 345 401 487
face 0.006861776113510132 290 345 401 487
face 0.006819009780883789 290 345 401 487
face 0.0068121254444122314 290 345 401 487
face 0.006766378879547119 290 345 401 487
face 0.006741315126419067 290 345 401 487
