face 0.939574122428894 427 175 710 491
face 0.01081770658493042 427 175 710 491
face 0.008640289306640625 427 175 710 491
face 0.008429855108261108 427 175 710 491
face 0.006394892930984497 427 175 710 491
face 0.0062818825244903564 427 175 710 491
face 0.0056629478931427 427 175 710 491
face 0.005630224943161011 427 175 710 491
face 0.005614757537841797 427 175 710 491
face 0.004879504442214966 427 175 710 491
face 0.004825294017791748 427 175 710 491
face 0.004456222057342529 427 175 710 491
face 0.004376798868179321 427 175 710 491
face 0.00426328182220459 427 175 710 491
face 0.004137575626373291 427 175 710 491
face 0.0040146708488464355 427 175 710 491
face 0.0038330256938934326 427 175 710 491
face 0.0037724077701568604 427 175 710 491
face 0.0035851597785949707 427 175 710 491
face 0.003345787525177002 427 175 710 491
face 0.0033450722694396973 427 175 710 491
face 0.003312736749649048 427 175 710 491
face 0.0032843947410583496 427 175 710 491
face 0.0032594501972198486 427 175 710 491
face 0.00320550799369812 427 175 710 491
face 0.0031235814094543457 427 175 710 491
face 0.0030279457569122314 427 175 710 491
face 0.0030152201652526855 427 175 710 491
face 0.0029817819595336914 427 175 710 491
face 0.0029810667037963867 427 175 710 491
face 0.0029216408729553223 427 175 710 491
face 0.00287550687789917 427 175 710 491
face 0.002821296453475952 427 175 710 491
face 0.0027517080307006836 427 175 710 491
face 0.002660125494003296 427 175 710 491
face 0.00257718563079834 427 175 710 491
face 0.0025722384452819824 427 175 710 491
face 0.0024875402450561523 427 175 710 491
face 0.0024698376655578613 427 175 710 491
face 0.0024317502975463867 427 175 710 491
face 0.00241696834564209 427 175 710 491
face 0.002415001392364502 427 175 710 491
face 0.0023994147777557373 427 175 710 491
face 0.002392023801803589 427 175 710 491
face 0.0023342669010162354 427 175 710 491
face 0.002318739891052246 427 175 710 491
face 0.002292126417160034 427 175 710 491
face 0.0022852718830108643 427 175 710 491
face 0.0022569596767425537 427 175 710 491
face 0.002223759889602661 427 175 710 491
face 0.0021914541721343994 427 175 710 491
face 0.002142399549484253 427 175 710 491
face 0.0021398067474365234 427 175 710 491
face 0.002133876085281372 427 175 710 491
face 0.0021182000637054443 427 175 710 491
face 0.0021046698093414307 427 175 710 491
face 0.0020591020584106445 427 175 710 491
face 0.0020267367362976074 427 175 710 491
face 0.0020253658294677734 427 175 710 491
face 0.0020038485527038574 427 175 710 491
face 0.0019926130771636963 427 175 710 491
face 0.0019754767417907715 427 175 710 491
face 0.0019688010215759277 427 175 710 491
face 0.001945406198501587 427 175 710 491
face 0.0019302070140838623 427 175 710 491
face 0.001920849084854126 427 175 710 491
face 0.0019169449806213379 427 175 710 491
face 0.0019120573997497559 427 175 710 491
face 0.001893073320388794 427 175 710 491
face 0.0018788278102874756 427 175 710 491
face 0.0018345415592193604 427 175 710 491
face 0.0018274486064910889 427 175 710 491
face 0.0018135011196136475 427 175 710 491
face 0.0018093883991241455 427 175 710 491
face 0.0018045306205749512 427 175 710 491
face 0.0017997920513153076 427 175 710 491
face 0.0017710626125335693 427 175 710 491
face 0.001761794090270996 427 175 710 491
face 0.0017563104629516602 427 175 710 491
face 0.0017544925212860107 427 175 710 491
face 0.0017488300800323486 427 175 710 491
face 0.0017310082912445068 427 175 710 491
face 0.0017076432704925537 427 175 710 491
face 0.0016852617263793945 427 175 710 491
face 0.0016487538814544678 427 175 710 491
face 0.0016410350799560547 427 175 710 491
face 0.0016243457794189453 427 175 710 491
face 0.0016040205955505371 427 175 710 491
face 0.0015985667705535889 427 175 710 491
face 0.0015922486782073975 427 175 710 491
face 0.0015878677368164062 427 175 710 491
face 0.001575857400894165 427 175 710 491
face 0.0015671849250793457 427 175 710 491
face 0.0015517771244049072 427 175 710 491
face 0.001550227403640747 427 175 710 491
face 0.0015341341495513916 427 175 710 491
face 0.001532524824142456 427 175 710 491
face 0.001509338617324829 427 175 710 491
face 0.0015076398849487305 427 175 710 491
face 0.001500844955444336 427 175 710 491
