face 0.8784931302070618 699 184 741 236
face 0.17197751998901367 699 184 741 236
face 0.10313659906387329 699 184 741 236
face 0.09874925017356873 699 184 741 236
face 0.09131255745887756 699 184 741 236
face 0.0860307514667511 699 184 741 236
face 0.07351228594779968 699 184 741 236
face 0.06948032975196838 699 184 741 236
face 0.06572180986404419 699 184 741 236
face 0.06060916185379028 699 184 741 236
face 0.058492690324783325 699 184 741 236
face 0.05616652965545654 699 184 741 236
face 0.05343902111053467 699 184 741 236
face 0.05270841717720032 699 184 741 236
face 0.04887929558753967 699 184 741 236
face 0.047927916049957275 699 184 741 236
face 0.04719668626785278 699 184 741 236
face 0.045940250158309937 699 184 741 236
face 0.04479473829269409 699 184 741 236
face 0.04463186860084534 699 184 741 236
face 0.04220744967460632 699 184 741 236
face 0.04074406623840332 699 184 741 236
face 0.04066950082778931 699 184 741 236
face 0.040239036083221436 699 184 741 236
face 0.03945636749267578 699 184 741 236
face 0.03851154446601868 699 184 741 236
face 0.03791937232017517 699 184 741 236
face 0.03481897711753845 699 184 741 236
face 0.03351452946662903 699 184 741 236
face 0.03286367654800415 699 184 741 236
face 0.03264161944389343 699 184 741 236
face 0.031198889017105103 699 184 741 236
face 0.030575335025787354 699 184 741 236
face 0.030437111854553223 699 184 741 236
face 0.029962271451950073 699 184 741 236
face 0.02938362956047058 699 184 741 236
face 0.028347164392471313 699 184 741 236
face 0.028223395347595215 699 184 741 236
face 0.02812248468399048 699 184 741 236
face 0.02733728289604187 699 184 741 236
face 0.027315974235534668 699 184 741 236
face 0.027246743440628052 699 184 741 236
face 0.027035832405090332 699 184 741 236
face 0.026750624179840088 699 184 741 236
face 0.02648341655731201 699 184 741 236
face 0.02611374855041504 699 184 741 236
face 0.02502310276031494 699 184 741 236
face 0.024901896715164185 699 184 741 236
face 0.024807363748550415 699 184 741 236
face 0.024781495332717896 699 184 741 236
face 0.024149447679519653 699 184 741 236
face 0.024031728506088257 699 184 741 236
face 0.02354404330253601 699 184 741 236
face 0.023450911045074463 699 184 741 236
face 0.02329254150390625 699 184 741 236
face 0.02209603786468506 699 184 741 236
face 0.021826833486557007 699 184 741 236
face 0.0217534601688385 699 184 741 236
face 0.021256238222122192 699 184 741 236
face 0.021074652671813965 699 184 741 236
face 0.02095082402229309 699 184 741 236
face 0.02038136124610901 699 184 741 236
face 0.0200042724609375 699 184 741 236
face 0.01987597346305847 699 184 741 236
face 0.01974061131477356 699 184 741 236
face 0.019719183444976807 699 184 741 236
face 0.01963961124420166 699 184 741 236
face 0.019366860389709473 699 184 741 236
face 0.019204050302505493 699 184 741 236
face 0.01918002963066101 699 184 741 236
face 0.01874864101409912 699 184 741 236
face 0.018466860055923462 699 184 741 236
face 0.018398255109786987 699 184 741 236
face 0.018260180950164795 699 184 741 236
face 0.018252521753311157 699 184 741 236
face 0.01822039484977722 699 184 741 236
face 0.018180876970291138 699 184 741 236
face 0.018101811408996582 699 184 741 236
face 0.01807430386543274 699 184 741 236
face 0.018025755882263184 699 184 741 236
face 0.017823785543441772 699 184 741 236
face 0.017798423767089844 699 184 741 236
face 0.017779797315597534 699 184 741 236
face 0.017541229724884033 699 184 741 236
face 0.01753130555152893 699 184 741 236
face 0.01747235655784607 699 184 741 236
face 0.017446935176849365 699 184 741 236
face 0.01734745502471924 699 184 741 236
face 0.017026007175445557 699 184 741 236
face 0.016829460859298706 699 184 741 236
face 0.01679667830467224 699 184 741 236
face 0.016740798950195312 699 184 741 236
face 0.016487061977386475 699 184 741 236
face 0.016416698694229126 699 184 741 236
face 0.015988856554031372 699 184 741 236
face 0.01594969630241394 699 184 741 236
face 0.01594039797782898 699 184 741 236
face 0.015836209058761597 699 184 741 236
face 0.015452355146408081 699 184 741 236
face 0.015395522117614746 699 184 741 236
