face 0.992210865020752 864 171 923 234
face 0.8442119359970093 690 140 738 208
face 0.6607454419136047 436 136 521 235
face 0.5811989903450012 188 74 308 209
face 0.06742939352989197 188 74 308 209
face 0.027992457151412964 188 74 308 209
face 0.0260125994682312 188 74 308 209
face 0.02520015835762024 188 74 308 209
face 0.023841887712478638 188 74 308 209
face 0.023545145988464355 188 74 308 209
face 0.023461610078811646 188 74 308 209
face 0.022494375705718994 188 74 308 209
face 0.02153816819190979 188 74 308 209
face 0.020731329917907715 188 74 308 209
face 0.01948612928390503 188 74 308 209
face 0.018963724374771118 188 74 308 209
face 0.01873156428337097 188 74 308 209
face 0.018277078866958618 188 74 308 209
face 0.018211394548416138 188 74 308 209
face 0.017200320959091187 188 74 308 209
face 0.017010122537612915 188 74 308 209
face 0.016411274671554565 188 74 308 209
face 0.01580101251602173 188 74 308 209
face 0.015618234872817993 188 74 308 209
face 0.01530352234840393 188 74 308 209
face 0.015288740396499634 188 74 308 209
face 0.015062958002090454 188 74 308 209
face 0.015036225318908691 188 74 308 209
face 0.014981001615524292 188 74 308 209
face 0.0149383544921875 188 74 308 209
face 0.014461249113082886 188 74 308 209
face 0.014319300651550293 188 74 308 209
face 0.014231652021408081 188 74 308 209
face 0.014089137315750122 188 74 308 209
face 0.013784408569335938 188 74 308 209
face 0.013606369495391846 188 74 308 209
face 0.013565093278884888 188 74 308 209
face 0.013294070959091187 188 74 308 209
face 0.012933671474456787 188 74 308 209
face 0.012872815132141113 188 74 308 209
face 0.012806922197341919 188 74 308 209
face 0.012742310762405396 188 74 308 209
face 0.012691617012023926 188 74 308 209
face 0.012685775756835938 188 74 308 209
face 0.012653172016143799 188 74 308 209
face 0.012251466512680054 188 74 308 209
face 0.011614501476287842 188 74 308 209
face 0.011586546897888184 188 74 308 209
face 0.011553347110748291 188 74 308 209
face 0.011286407709121704 188 74 308 209
face 0.011178702116012573 188 74 308 209
face 0.011113882064819336 188 74 308 209
face 0.011088192462921143 188 74 308 209
face 0.011038392782211304 188 74 308 209
face 0.011013388633728027 188 74 308 209
face 0.010916978120803833 188 74 308 209
face 0.010908544063568115 188 74 308 209
face 0.010541826486587524 188 74 308 209
face 0.01047942042350769 188 74 308 209
face 0.010402441024780273 188 74 308 209
face 0.010391473770141602 188 74 308 209
face 0.010051757097244263 188 74 308 209
face 0.009812861680984497 188 74 308 209
face 0.009477108716964722 188 74 308 209
face 0.00927579402923584 188 74 308 209
face 0.00912177562713623 188 74 308 209
face 0.00910186767578125 188 74 308 209
face 0.00909268856048584 188 74 308 209
face 0.008844703435897827 188 74 308 209
face 0.00883135199546814 188 74 308 209
face 0.008779585361480713 188 74 308 209
face 0.008776098489761353 188 74 308 209
face 0.008644193410873413 188 74 308 209
face 0.00854465365409851 188 74 308 209
face 0.00848206877708435 188 74 308 209
face 0.008408695459365845 188 74 308 209
face 0.008404314517974854 188 74 308 209
face 0.008363485336303711 188 74 308 209
face 0.00828397274017334 188 74 308 209
face 0.008231520652770996 188 74 308 209
face 0.008210897445678711 188 74 308 209
face 0.008113473653793335 188 74 308 209
face 0.007975459098815918 188 74 308 209
face 0.007913559675216675 188 74 308 209
face 0.007818371057510376 188 74 308 209
face 0.007703185081481934 188 74 308 209
face 0.007653713226318359 188 74 308 209
face 0.007530629634857178 188 74 308 209
face 0.0075213611125946045 188 74 308 209
face 0.007513821125030518 188 74 308 209
face 0.007484346628189087 188 74 308 209
face 0.007452040910720825 188 74 308 209
face 0.007327020168304443 188 74 308 209
face 0.007251769304275513 188 74 308 209
face 0.007133156061172485 188 74 308 209
face 0.007002204656600952 188 74 308 209
face 0.006974577903747559 188 74 308 209
face 0.006944477558135986 188 74 308 209
face 0.006925642490386963 188 74 308 209
face 0.006904512643814087 188 74 308 209
