face 0.8292286396026611 606 174 678 270
face 0.12418699264526367 606 174 678 270
face 0.038188010454177856 606 174 678 270
face 0.020441710948944092 606 174 678 270
face 0.019383639097213745 606 174 678 270
face 0.018305420875549316 606 174 678 270
face 0.017962634563446045 606 174 678 270
face 0.016798347234725952 606 174 678 270
face 0.01600360870361328 606 174 678 270
face 0.01591414213180542 606 174 678 270
face 0.014912545680999756 606 174 678 270
face 0.013477057218551636 606 174 678 270
face 0.012945115566253662 606 174 678 270
face 0.012436866760253906 606 174 678 270
face 0.011938393115997314 606 174 678 270
face 0.01190832257270813 606 174 678 270
face 0.011643469333648682 606 174 678 270
face 0.011302083730697632 606 174 678 270
face 0.010965406894683838 606 174 678 270
face 0.010927975177764893 606 174 678 270
face 0.010556519031524658 606 174 678 270
face 0.010376781225204468 606 174 678 270
face 0.0100785493850708 606 174 678 270
face 0.009962886571884155 606 174 678 270
face 0.009780138731002808 606 174 678 270
face 0.00945967435836792 606 174 678 270
face 0.009039908647537231 606 174 678 270
face 0.008911222219467163 606 174 678 270
face 0.008786112070083618 606 174 678 270
face 0.00860103964805603 606 174 678 270
face 0.00852707028388977 606 174 678 270
face 0.007532000541687012 606 174 678 270
face 0.0074134767055511475 606 174 678 270
face 0.007132470607757568 606 174 678 270
face 0.00692024827003479 606 174 678 270
face 0.006896942853927612 606 174 678 270
face 0.006791979074478149 606 174 678 270
face 0.006731986999511719 606 174 678 270
face 0.006539881229400635 606 174 678 270
face 0.006464540958404541 606 174 678 270
face 0.006427764892578125 606 174 678 270
face 0.006155878305435181 606 174 678 270
face 0.006132274866104126 606 174 678 270
face 0.006105750799179077 606 174 678 270
face 0.005864650011062622 606 174 678 270
face 0.00585174560546875 606 174 678 270
face 0.005849272012710571 606 174 678 270
face 0.005806922912597656 606 174 678 270
face 0.005804985761642456 606 174 678 270
face 0.005608111619949341 606 174 678 270
face 0.005558222532272339 606 174 678 270
face 0.005274862051010132 606 174 678 270
face 0.0050630271434783936 606 174 678 270
face 0.005045443773269653 606 174 678 270
face 0.004983395338058472 606 174 678 270
face 0.004868447780609131 606 174 678 270
face 0.004688769578933716 606 174 678 270
face 0.004670470952987671 606 174 678 270
face 0.004660218954086304 606 174 678 270
face 0.004619777202606201 606 174 678 270
face 0.004600614309310913 606 174 678 270
face 0.004566997289657593 606 174 678 270
face 0.004566222429275513 606 174 678 270
face 0.004544585943222046 606 174 678 270
face 0.0045136213302612305 606 174 678 270
face 0.004405558109283447 606 174 678 270
face 0.0043981075286865234 606 174 678 270
face 0.004391789436340332 606 174 678 270
face 0.004299789667129517 606 174 678 270
face 0.004252403974533081 606 174 678 270
face 0.004080772399902344 606 174 678 270
face 0.003916412591934204 606 174 678 270
face 0.003854811191558838 606 174 678 270
face 0.003788560628890991 606 174 678 270
face 0.0036818385124206543 606 174 678 270
face 0.0036725103855133057 606 174 678 270
face 0.003554821014404297 606 174 678 270
face 0.003544032573699951 606 174 678 270
face 0.0034659206867218018 606 174 678 270
face 0.003459423780441284 606 174 678 270
face 0.0033994317054748535 606 174 678 270
face 0.0033491551876068115 606 174 678 270
face 0.00330999493598938 606 174 678 270
face 0.0032911598682403564 606 174 678 270
face 0.0032889246940612793 606 174 678 270
face 0.0032442212104797363 606 174 678 270
face 0.003229111433029175 606 174 678 270
face 0.0032124221324920654 606 174 678 270
face 0.0031568408012390137 606 174 678 270
face 0.0031489431858062744 606 174 678 270
face 0.0031259357929229736 606 174 678 270
face 0.0031225979328155518 606 174 678 270
face 0.0030601918697357178 606 174 678 270
face 0.0030165910720825195 606 174 678 270
face 0.0029915571212768555 606 174 678 270
face 0.0029612183570861816 606 174 678 270
face 0.0029110610485076904 606 174 678 270
face 0.002905815839767456 606 174 678 270
face 0.002869129180908203 606 174 678 270
face 0.002868562936782837 606 174 678 270
