face 0.99049311876297 580 26 739 262
face 0.6017138361930847 230 235 258 285
face 0.1460224986076355 230 235 258 285
face 0.031125187873840332 230 235 258 285
face 0.02759888768196106 230 235 258 285
face 0.020421117544174194 230 235 258 285
face 0.01978278160095215 230 235 258 285
face 0.018340617418289185 230 235 258 285
face 0.018264293670654297 230 235 258 285
face 0.015706509351730347 230 235 258 285
face 0.014996856451034546 230 235 258 285
face 0.012593448162078857 230 235 258 285
face 0.012467831373214722 230 235 258 285
face 0.011853456497192383 230 235 258 285
face 0.01073521375656128 230 235 258 285
face 0.010216444730758667 230 235 258 285
face 0.009969204664230347 230 235 258 285
face 0.009649455547332764 230 235 258 285
face 0.00948423147201538 230 235 258 285
face 0.00945863127708435 230 235 258 285
face 0.009234815835952759 230 235 258 285
face 0.00891682505607605 230 235 258 285
face 0.008470535278320312 230 235 258 285
face 0.008445024490356445 230 235 258 285
face 0.008432239294052124 230 235 258 285
face 0.008342713117599487 230 235 258 285
face 0.008271068334579468 230 235 258 285
face 0.008257448673248291 230 235 258 285
face 0.008236110210418701 230 235 258 285
face 0.008191347122192383 230 235 258 285
face 0.007960230112075806 230 235 258 285
face 0.007950425148010254 230 235 258 285
face 0.00789254903793335 230 235 258 285
face 0.007882624864578247 230 235 258 285
face 0.007872045040130615 230 235 258 285
face 0.007788300514221191 230 235 258 285
face 0.007460653781890869 230 235 258 285
face 0.007234126329421997 230 235 258 285
face 0.007123291492462158 230 235 258 285
face 0.007012397050857544 230 235 258 285
face 0.006957501173019409 230 235 258 285
face 0.0066918134689331055 230 235 258 285
face 0.006588488817214966 230 235 258 285
face 0.006507933139801025 230 235 258 285
face 0.0064885616302490234 230 235 258 285
face 0.006410837173461914 230 235 258 285
face 0.006380945444107056 230 235 258 285
face 0.006225913763046265 230 235 258 285
face 0.006116926670074463 230 235 258 285
face 0.00610274076461792 230 235 258 285
face 0.005955100059509277 230 235 258 285
face 0.005921036005020142 230 235 258 285
face 0.005879014730453491 230 235 258 285
face 0.005805701017379761 230 235 258 285
face 0.005724519491195679 230 235 258 285
face 0.005639314651489258 230 235 258 285
face 0.005636036396026611 230 235 258 285
face 0.005596905946731567 230 235 258 285
face 0.005534738302230835 230 235 258 285
face 0.005454689264297485 230 235 258 285
face 0.005388915538787842 230 235 258 285
face 0.0053047239780426025 230 235 258 285
face 0.005264103412628174 230 235 258 285
face 0.005220919847488403 230 235 258 285
face 0.005132317543029785 230 235 258 285
face 0.00510820746421814 230 235 258 285
face 0.004995495080947876 230 235 258 285
face 0.004870861768722534 230 235 258 285
face 0.004868954420089722 230 235 258 285
face 0.004752993583679199 230 235 258 285
face 0.004720836877822876 230 235 258 285
face 0.004684925079345703 230 235 258 285
face 0.004582852125167847 230 235 258 285
face 0.00451233983039856 230 235 258 285
face 0.004489213228225708 230 235 258 285
face 0.004454076290130615 230 235 258 285
face 0.004412055015563965 230 235 258 285
face 0.004409343004226685 230 235 258 285
face 0.004408210515975952 230 235 258 285
face 0.004394829273223877 230 235 258 285
face 0.004333764314651489 230 235 258 285
face 0.00431552529335022 230 235 258 285
face 0.00424310564994812 230 235 258 285
face 0.004241228103637695 230 235 258 285
face 0.004233986139297485 230 235 258 285
face 0.004220485687255859 230 235 258 285
face 0.004198551177978516 230 235 258 285
face 0.0041213929653167725 230 235 258 285
face 0.004119962453842163 230 235 258 285
face 0.003972917795181274 230 235 258 285
face 0.003957897424697876 230 235 258 285
face 0.003955662250518799 230 235 258 285
face 0.0039133429527282715 230 235 258 285
face 0.003905951976776123 230 235 258 285
face 0.0039030909538269043 230 235 258 285
face 0.0038975775241851807 230 235 258 285
face 0.0038720369338989258 230 235 258 285
face 0.003857910633087158 230 235 258 285
face 0.0038237571716308594 230 235 258 285
face 0.0038182437419891357 230 235 258 285
