face 0.9908153414726257 428 346 522 468
face 0.3956255614757538 428 346 522 468
face 0.33788204193115234 428 346 522 468
face 0.33029529452323914 428 346 522 468
face 0.10424289107322693 428 346 522 468
face 0.08421790599822998 428 346 522 468
face 0.06758981943130493 428 346 522 468
face 0.060567617416381836 428 346 522 468
face 0.05714121460914612 428 346 522 468
face 0.055786341428756714 428 346 522 468
face 0.05525749921798706 428 346 522 468
face 0.05342733860015869 428 346 522 468
face 0.0475945770740509 428 346 522 468
face 0.047391533851623535 428 346 522 468
face 0.04681116342544556 428 346 522 468
face 0.04651901125907898 428 346 522 468
face 0.045536309480667114 428 346 522 468
face 0.04435420036315918 428 346 522 468
face 0.04300874471664429 428 346 522 468
face 0.03985735774040222 428 346 522 468
face 0.039092421531677246 428 346 522 468
face 0.03852492570877075 428 346 522 468
face 0.038347721099853516 428 346 522 468
face 0.03805014491081238 428 346 522 468
face 0.036346226930618286 428 346 522 468
face 0.035612910985946655 428 346 522 468
face 0.03557431697845459 428 346 522 468
face 0.0351070761680603 428 346 522 468
face 0.03467300534248352 428 346 522 468
face 0.03451398015022278 428 346 522 468
face 0.033854663372039795 428 346 522 468
face 0.03330692648887634 428 346 522 468
face 0.03302648663520813 428 346 522 468
face 0.03279423713684082 428 346 522 468
face 0.03277188539505005 428 346 522 468
face 0.031935691833496094 428 346 522 468
face 0.03185606002807617 428 346 522 468
face 0.03169053792953491 428 346 522 468
face 0.03154784440994263 428 346 522 468
face 0.031232595443725586 428 346 522 468
face 0.030798107385635376 428 346 522 468
face 0.03038802742958069 428 346 522 468
face 0.030331909656524658 428 346 522 468
face 0.030096083879470825 428 346 522 468
face 0.028849869966506958 428 346 522 468
face 0.02866390347480774 428 346 522 468
face 0.02830404043197632 428 346 522 468
face 0.028125405311584473 428 346 522 468
face 0.027669131755828857 428 346 522 468
face 0.027431249618530273 428 346 522 468
face 0.027027130126953125 428 346 522 468
face 0.026803553104400635 428 346 522 468
face 0.026787757873535156 428 346 522 468
face 0.026462048292160034 428 346 522 468
face 0.026106536388397217 428 346 522 468
face 0.025761544704437256 428 346 522 468
face 0.025703907012939453 428 346 522 468
face 0.025275319814682007 428 346 522 468
face 0.025218337774276733 428 346 522 468
face 0.02521824836730957 428 346 522 468
face 0.024922847747802734 428 346 522 468
face 0.02470192313194275 428 346 522 468
face 0.024487942457199097 428 346 522 468
face 0.024105846881866455 428 346 522 468
face 0.023927658796310425 428 346 522 468
face 0.023924708366394043 428 346 522 468
face 0.02388063073158264 428 346 522 468
face 0.023876190185546875 428 346 522 468
face 0.02383357286453247 428 346 522 468
face 0.02382141351699829 428 346 522 468
face 0.023211300373077393 428 346 522 468
face 0.022879064083099365 428 346 522 468
face 0.02252170443534851 428 346 522 468
face 0.022209137678146362 428 346 522 468
face 0.022016525268554688 428 346 522 468
face 0.021926969289779663 428 346 522 468
face 0.021729320287704468 428 346 522 468
face 0.02172437310218811 428 346 522 468
face 0.021574020385742188 428 346 522 468
face 0.021108895540237427 428 346 522 468
face 0.02090829610824585 428 346 522 468
face 0.020872503519058228 428 346 522 468
face 0.020792484283447266 428 346 522 468
face 0.02074187994003296 428 346 522 468
face 0.020537465810775757 428 346 522 468
face 0.02016139030456543 428 346 522 468
face 0.02010822296142578 428 346 522 468
face 0.0200650691986084 428 346 522 468
face 0.01991334557533264 428 346 522 468
face 0.019715189933776855 428 346 522 468
face 0.019645273685455322 428 346 522 468
face 0.019597798585891724 428 346 522 468
face 0.01959720253944397 428 346 522 468
face 0.019530564546585083 428 346 522 468
face 0.019442081451416016 428 346 522 468
face 0.01935771107673645 428 346 522 468
face 0.01931750774383545 428 346 522 468
face 0.01910737156867981 428 346 522 468
face 0.019073665142059326 428 346 522 468
face 0.018899202346801758 428 346 522 468
