face 0.9994746446609497 312 370 673 829
face 0.023809581995010376 312 370 673 829
face 0.018944144248962402 312 370 673 829
face 0.01174229383468628 312 370 673 829
face 0.00995442271232605 312 370 673 829
face 0.00903049111366272 312 370 673 829
face 0.008490204811096191 312 370 673 829
face 0.008187741041183472 312 370 673 829
face 0.006726175546646118 312 370 673 829
face 0.006511092185974121 312 370 673 829
face 0.006078392267227173 312 370 673 829
face 0.005598902702331543 312 370 673 829
face 0.005558699369430542 312 370 673 829
face 0.005265295505523682 312 370 673 829
face 0.005159586668014526 312 370 673 829
face 0.0051482319831848145 312 370 673 829
face 0.00513795018196106 312 370 673 829
face 0.0050050318241119385 312 370 673 829
face 0.0049932897090911865 312 370 673 829
face 0.004480719566345215 312 370 673 829
face 0.004446744918823242 312 370 673 829
face 0.0043333470821380615 312 370 673 829
face 0.004274517297744751 312 370 673 829
face 0.004202485084533691 312 370 673 829
face 0.0041883885860443115 312 370 673 829
face 0.004187643527984619 312 370 673 829
face 0.004159390926361084 312 370 673 829
face 0.004093468189239502 312 370 673 829
face 0.003981262445449829 312 370 673 829
face 0.003876328468322754 312 370 673 829
face 0.0038470327854156494 312 370 673 829
face 0.003845512866973877 312 370 673 829
face 0.003839433193206787 312 370 673 829
face 0.003747403621673584 312 370 673 829
face 0.0037468671798706055 312 370 673 829
face 0.0037376582622528076 312 370 673 829
face 0.0037217438220977783 312 370 673 829
face 0.0037160515785217285 312 370 673 829
face 0.003706514835357666 312 370 673 829
face 0.00369870662689209 312 370 673 829
face 0.0036824941635131836 312 370 673 829
face 0.00356176495552063 312 370 673 829
face 0.0035203099250793457 312 370 673 829
face 0.003501385450363159 312 370 673 829
face 0.003465324640274048 312 370 673 829
face 0.003433525562286377 312 370 673 829
face 0.00335848331451416 312 370 673 829
face 0.003344118595123291 312 370 673 829
face 0.0033325552940368652 312 370 673 829
face 0.0033074617385864258 312 370 673 829
face 0.0032784342765808105 312 370 673 829
face 0.0032704174518585205 312 370 673 829
face 0.0032657384872436523 312 370 673 829
face 0.003221660852432251 312 370 673 829
face 0.0031239986419677734 312 370 673 829
face 0.0031137466430664062 312 370 673 829
face 0.0030604302883148193 312 370 673 829
face 0.0030429959297180176 312 370 673 829
face 0.003016263246536255 312 370 673 829
face 0.0030129849910736084 312 370 673 829
face 0.0029945969581604004 312 370 673 829
face 0.002984762191772461 312 370 673 829
face 0.002914339303970337 312 370 673 829
face 0.0029031038284301758 312 370 673 829
face 0.002891361713409424 312 370 673 829
face 0.002884000539779663 312 370 673 829
face 0.0028648078441619873 312 370 673 829
face 0.0028147101402282715 312 370 673 829
face 0.0027772486209869385 312 370 673 829
face 0.0027520358562469482 312 370 673 829
face 0.0027328431606292725 312 370 673 829
face 0.0027138888835906982 312 370 673 829
face 0.0027081668376922607 312 370 673 829
face 0.0026618242263793945 312 370 673 829
face 0.0026301443576812744 312 370 673 829
face 0.002621889114379883 312 370 673 829
face 0.0025826096534729004 312 370 673 829
face 0.0025717318058013916 312 370 673 829
face 0.0025715529918670654 312 370 673 829
face 0.0025424063205718994 312 370 673 829
face 0.002526313066482544 312 370 673 829
face 0.0025206804275512695 312 370 673 829
face 0.002512723207473755 312 370 673 829
face 0.0024418532848358154 312 370 673 829
face 0.002396613359451294 312 370 673 829
face 0.0023961663246154785 312 370 673 829
face 0.0023808181285858154 312 370 673 829
face 0.0023731887340545654 312 370 673 829
face 0.0023627877235412598 312 370 673 829
face 0.0023603439331054688 312 370 673 829
face 0.0023592114448547363 312 370 673 829
face 0.0023301243782043457 312 370 673 829
face 0.002320528030395508 312 370 673 829
face 0.002319246530532837 312 370 673 829
face 0.0023058950901031494 312 370 673 829
face 0.0022865235805511475 312 370 673 829
face 0.0022746622562408447 312 370 673 829
face 0.0022610723972320557 312 370 673 829
face 0.0022475719451904297 312 370 673 829
face 0.0022422969341278076 312 370 673 829
