face 0.4660123288631439 476 118 612 304
face 0.03959134221076965 476 118 612 304
face 0.029213935136795044 476 118 612 304
face 0.02620670199394226 476 118 612 304
face 0.019249707460403442 476 118 612 304
face 0.014879375696182251 476 118 612 304
face 0.013792872428894043 476 118 612 304
face 0.01230505108833313 476 118 612 304
face 0.011649459600448608 476 118 612 304
face 0.011037826538085938 476 118 612 304
face 0.01029863953590393 476 118 612 304
face 0.01020011305809021 476 118 612 304
face 0.009924232959747314 476 118 612 304
face 0.00980079174041748 476 118 612 304
face 0.009564995765686035 476 118 612 304
face 0.009559065103530884 476 118 612 304
face 0.009191274642944336 476 118 612 304
face 0.008967816829681396 476 118 612 304
face 0.00865909457206726 476 118 612 304
face 0.008248627185821533 476 118 612 304
face 0.007543623447418213 476 118 612 304
face 0.007440239191055298 476 118 612 304
face 0.007157623767852783 476 118 612 304
face 0.007072746753692627 476 118 612 304
face 0.006923973560333252 476 118 612 304
face 0.006528675556182861 476 118 612 304
face 0.006520450115203857 476 118 612 304
face 0.00633510947227478 476 118 612 304
face 0.00609627366065979 476 118 612 304
face 0.006062537431716919 476 118 612 304
face 0.00583377480506897 476 118 612 304
face 0.005603909492492676 476 118 612 304
face 0.00557100772857666 476 118 612 304
face 0.0055494606494903564 476 118 612 304
face 0.005320847034454346 476 118 612 304
face 0.005113840103149414 476 118 612 304
face 0.005043387413024902 476 118 612 304
face 0.004912465810775757 476 118 612 304
face 0.004791975021362305 476 118 612 304
face 0.004554837942123413 476 118 612 304
face 0.004495590925216675 476 118 612 304
face 0.00445142388343811 476 118 612 304
face 0.004415839910507202 476 118 612 304
face 0.004411816596984863 476 118 612 304
face 0.004409223794937134 476 118 612 304
face 0.0043690502643585205 476 118 612 304
face 0.004340946674346924 476 118 612 304
face 0.00433659553527832 476 118 612 304
face 0.0043270885944366455 476 118 612 304
face 0.004313826560974121 476 118 612 304
face 0.004303395748138428 476 118 612 304
face 0.004280894994735718 476 118 612 304
face 0.0042597949504852295 476 118 612 304
face 0.00418052077293396 476 118 612 304
face 0.004162430763244629 476 118 612 304
face 0.004146575927734375 476 118 612 304
face 0.004079908132553101 476 118 612 304
face 0.003945022821426392 476 118 612 304
face 0.003925591707229614 476 118 612 304
face 0.0038718581199645996 476 118 612 304
face 0.003789454698562622 476 118 612 304
face 0.0037824511528015137 476 118 612 304
face 0.0036731064319610596 476 118 612 304
face 0.00365370512008667 476 118 612 304
face 0.0035415589809417725 476 118 612 304
face 0.003495544195175171 476 118 612 304
face 0.0034888386726379395 476 118 612 304
face 0.003475785255432129 476 118 612 304
face 0.00346490740776062 476 118 612 304
face 0.0034614503383636475 476 118 612 304
face 0.0034603774547576904 476 118 612 304
face 0.0034355223178863525 476 118 612 304
face 0.0034195780754089355 476 118 612 304
face 0.0034169256687164307 476 118 612 304
face 0.0033351480960845947 476 118 612 304
face 0.0032924413681030273 476 118 612 304
face 0.0032592713832855225 476 118 612 304
face 0.0032520294189453125 476 118 612 304
face 0.0032483041286468506 476 118 612 304
face 0.003242284059524536 476 118 612 304
face 0.0032271146774291992 476 118 612 304
face 0.0032134056091308594 476 118 612 304
face 0.0031979260966181755 476 118 612 304
face 0.0031939148902893066 476 118 612 304
face 0.0031651854515075684 476 118 612 304
face 0.003162384033203125 476 118 612 304
face 0.0031561553478240967 476 118 612 304
face 0.003115445375442505 476 118 612 304
face 0.0031065940856933594 476 118 612 304
face 0.003077477216720581 476 118 612 304
face 0.003076791763305664 476 118 612 304
face 0.003071516752243042 476 118 612 304
face 0.0030623674392700195 476 118 612 304
face 0.003003358840942383 476 118 612 304
face 0.002998918294906616 476 118 612 304
face 0.002970188856124878 476 118 612 304
face 0.002942502498626709 476 118 612 304
face 0.002931058406829834 476 118 612 304
face 0.0029284656047821045 476 118 612 304
face 0.0029142796993255615 476 118 612 304
