face 0.9933207035064697 572 133 597 159
face 0.04110896587371826 572 133 597 159
face 0.037819504737854004 572 133 597 159
face 0.02748158574104309 572 133 597 159
face 0.02434927225112915 572 133 597 159
face 0.023585647344589233 572 133 597 159
face 0.017138898372650146 572 133 597 159
face 0.015989750623703003 572 133 597 159
face 0.015452414751052856 572 133 597 159
face 0.015130937099456787 572 133 597 159
face 0.014584869146347046 572 133 597 159
face 0.01353597640991211 572 133 597 159
face 0.012693643569946289 572 133 597 159
face 0.01248854398727417 572 133 597 159
face 0.012212485074996948 572 133 597 159
face 0.01194918155670166 572 133 597 159
face 0.011746078729629517 572 133 597 159
face 0.01082456111907959 572 133 597 159
face 0.01061299443244934 572 133 597 159
face 0.010475754737854004 572 133 597 159
face 0.010336130857467651 572 133 597 159
face 0.010203719139099121 572 133 597 159
face 0.00998014211654663 572 133 597 159
face 0.009955018758773804 572 133 597 159
face 0.009948313236236572 572 133 597 159
face 0.009765833616256714 572 133 597 159
face 0.009651511907577515 572 133 597 159
face 0.009503722190856934 572 133 597 159
face 0.0094815194606781 572 133 597 159
face 0.009372174739837646 572 133 597 159
face 0.009292900562286377 572 133 597 159
face 0.009068667888641357 572 133 597 159
face 0.008969306945800781 572 133 597 159
face 0.008937448263168335 572 133 597 159
face 0.008762985467910767 572 133 597 159
face 0.008659273386001587 572 133 597 159
face 0.008640944957733154 572 133 597 159
face 0.008574604988098145 572 133 597 159
face 0.008481830358505249 572 133 597 159
face 0.00843358039855957 572 133 597 159
face 0.008375614881515503 572 133 597 159
face 0.008312225341796875 572 133 597 159
face 0.0083065927028656 572 133 597 159
face 0.008179724216461182 572 133 597 159
face 0.008106201887130737 572 133 597 159
face 0.00807914137840271 572 133 597 159
face 0.008060723543167114 572 133 597 159
face 0.007948905229568481 572 133 597 159
face 0.007929474115371704 572 133 597 159
face 0.007829904556274414 572 133 597 159
face 0.007752209901809692 572 133 597 159
face 0.007680386304855347 572 133 597 159
face 0.007672786712646484 572 133 597 159
face 0.007663220167160034 572 133 597 159
face 0.0075681209564208984 572 133 597 159
face 0.0074443817138671875 572 133 597 159
face 0.007408261299133301 572 133 597 159
face 0.0073823630809783936 572 133 597 159
face 0.00732499361038208 572 133 597 159
face 0.007247745990753174 572 133 597 159
face 0.007222533226013184 572 133 597 159
face 0.007209479808807373 572 133 597 159
face 0.007197976112365723 572 133 597 159
face 0.00719568133354187 572 133 597 159
face 0.007190823554992676 572 133 597 159
face 0.0070400238037109375 572 133 597 159
face 0.006987482309341431 572 133 597 159
face 0.006964623928070068 572 133 597 159
face 0.006960630416870117 572 133 597 159
face 0.0069228410720825195 572 133 597 159
face 0.00682714581489563 572 133 597 159
face 0.006726711988449097 572 133 597 159
face 0.006678164005279541 572 133 597 159
face 0.006645113229751587 572 133 597 159
face 0.006627321243286133 572 133 597 159
face 0.0066048502922058105 572 133 597 159
face 0.0064868927001953125 572 133 597 159
face 0.006473630666732788 572 133 597 159
face 0.006398558616638184 572 133 597 159
face 0.006320595741271973 572 133 597 159
face 0.006302177906036377 572 133 597 159
face 0.006292879581451416 572 133 597 159
face 0.006285578012466431 572 133 597 159
face 0.006263405084609985 572 133 597 159
face 0.006254404783248901 572 133 597 159
face 0.006244748830795288 572 133 597 159
face 0.006238579750061035 572 133 597 159
face 0.0062285661697387695 572 133 597 159
face 0.006207674741744995 572 133 597 159
face 0.006149917840957642 572 133 597 159
face 0.006065160036087036 572 133 597 159
face 0.006061941385269165 572 133 597 159
face 0.006053030490875244 572 133 597 159
face 0.006002187728881836 572 133 597 159
face 0.005928397178649902 572 133 597 159
face 0.005893528461456299 572 133 597 159
face 0.00584036111831665 572 133 597 159
face 0.005835860967636108 572 133 597 159
face 0.005815237760543823 572 133 597 159
face 0.005808144807815552 572 133 597 159
