face 0.9987304210662842 664 89 811 298
face 0.46906578540802 664 89 811 298
face 0.011546850204467773 664 89 811 298
face 0.009260505437850952 664 89 811 298
face 0.007129251956939697 664 89 811 298
face 0.005884438753128052 664 89 811 298
face 0.005583077669143677 664 89 811 298
face 0.00534290075302124 664 89 811 298
face 0.004175633192062378 664 89 811 298
face 0.004138737916946411 664 89 811 298
face 0.003910869359970093 664 89 811 298
face 0.0038909316062927246 664 89 811 298
face 0.0038737952709198 664 89 811 298
face 0.0035039186477661133 664 89 811 298
face 0.0033920109272003174 664 89 811 298
face 0.003190547227859497 664 89 811 298
face 0.0031834542751312256 664 89 811 298
face 0.002973407506942749 664 89 811 298
face 0.0028624534606933594 664 89 811 298
face 0.0027360618114471436 664 89 811 298
face 0.0025775134563446045 664 89 811 298
face 0.0025673508644104004 664 89 811 298
face 0.002449631690979004 664 89 811 298
face 0.002347975969314575 664 89 811 298
face 0.0022579729557037354 664 89 811 298
face 0.002245306968688965 664 89 811 298
face 0.0022301077842712402 664 89 811 298
face 0.0021873414516448975 664 89 811 298
face 0.0021660923957824707 664 89 811 298
face 0.002078503370285034 664 89 811 298
face 0.0020378828048706055 664 89 811 298
face 0.0020315051078796387 664 89 811 298
face 0.0020029544830322266 664 89 811 298
face 0.0019971132278442383 664 89 811 298
face 0.0019303560256958008 664 89 811 298
face 0.0018779635429382324 664 89 811 298
face 0.0017739832401275635 664 89 811 298
face 0.0017719864845275879 664 89 811 298
face 0.001628279685974121 664 89 811 298
face 0.0016117393970489502 664 89 811 298
face 0.0016053318977355957 664 89 811 298
face 0.0015393197536468506 664 89 811 298
face 0.0015070736408233643 664 89 811 298
face 0.0014990270137786865 664 89 811 298
face 0.0014330148696899414 664 89 811 298
face 0.001424163579940796 664 89 811 298
face 0.0014237463474273682 664 89 811 298
face 0.0014145970344543457 664 89 811 298
face 0.0014095902442932129 664 89 811 298
face 0.0014060437679290771 664 89 811 298
face 0.0013961493968963623 664 89 811 298
face 0.0013759434223175049 664 89 811 298
face 0.0013418197631835938 664 89 811 298
face 0.0013385117053985596 664 89 811 298
face 0.0013307034969329834 664 89 811 298
face 0.0013304054737091064 664 89 811 298
face 0.0013287067413330078 664 89 811 298
face 0.0013239085674285889 664 89 811 298
face 0.001319587230682373 664 89 811 298
face 0.0012716352939605713 664 89 811 298
face 0.0012673437595367432 664 89 811 298
face 0.0012644529342651367 664 89 811 298
face 0.0012621581554412842 664 89 811 298
face 0.0012601017951965332 664 89 811 298
face 0.0012596547603607178 664 89 811 298
face 0.0012550950050354004 664 89 811 298
face 0.0012457668781280518 664 89 811 298
face 0.0012348592281341553 664 89 811 298
face 0.0012240409851074219 664 89 811 298
face 0.001223742961883545 664 89 811 298
face 0.0012135207653045654 664 89 811 298
face 0.001209557056427002 664 89 811 298
face 0.0012091398239135742 664 89 811 298
face 0.0012076497077941895 664 89 811 298
face 0.0011820495128631592 664 89 811 298
face 0.0011691451072692871 664 89 811 298
face 0.0011643767356872559 664 89 811 298
face 0.0011543035507202148 664 89 811 298
face 0.0011493563652038574 664 89 811 298
face 0.0011367201805114746 664 89 811 298
face 0.0011284351348876953 664 89 811 298
face 0.0011138617992401123 664 89 811 298
face 0.001107722520828247 664 89 811 298
face 0.0011047124862670898 664 89 811 298
face 0.0010901391506195068 664 89 811 298
face 0.001083076000213623 664 89 811 298
face 0.0010802149772644043 664 89 811 298
face 0.001074284315109253 664 89 811 298
face 0.0010687410831451416 664 89 811 298
face 0.0010571181774139404 664 89 811 298
face 0.001048058271408081 664 89 811 298
face 0.0010423660278320312 664 89 811 298
face 0.0010393261909484863 664 89 811 298
face 0.0010370314121246338 664 89 811 298
face 0.0010281503200531006 664 89 811 298
face 0.001027911901473999 664 89 811 298
face 0.0010187625885009766 664 89 811 298
face 0.0010174810886383057 664 89 811 298
face 0.001008749008178711 664 89 811 298
face 0.0010069608688354492 664 89 811 298
