face 0.923296332359314 203 305 216 322
face 0.26827430725097656 203 305 216 322
face 0.26221001148223877 203 305 216 322
face 0.2527555227279663 203 305 216 322
face 0.19842132925987244 203 305 216 322
face 0.10140454769134521 203 305 216 322
face 0.0788215696811676 203 305 216 322
face 0.07861056923866272 203 305 216 322
face 0.07662501931190491 203 305 216 322
face 0.049863189458847046 203 305 216 322
face 0.029315799474716187 203 305 216 322
face 0.028421729803085327 203 305 216 322
face 0.021638959646224976 203 305 216 322
face 0.013957679271697998 203 305 216 322
face 0.01374441385269165 203 305 216 322
face 0.013106316328048706 203 305 216 322
face 0.012621462345123291 203 305 216 322
face 0.012345194816589355 203 305 216 322
face 0.011185228824615479 203 305 216 322
face 0.010169655084609985 203 305 216 322
face 0.010157614946365356 203 305 216 322
face 0.00995299220085144 203 305 216 322
face 0.009742200374603271 203 305 216 322
face 0.009633868932723999 203 305 216 322
face 0.009607642889022827 203 305 216 322
face 0.009601950645446777 203 305 216 322
face 0.00950002670288086 203 305 216 322
face 0.009414851665496826 203 305 216 322
face 0.009414464235305786 203 305 216 322
face 0.009372204542160034 203 305 216 322
face 0.009065806865692139 203 305 216 322
face 0.008982956409454346 203 305 216 322
face 0.008976459503173828 203 305 216 322
face 0.00855398178100586 203 305 216 322
face 0.008552998304367065 203 305 216 322
face 0.008414655923843384 203 305 216 322
face 0.008372366428375244 203 305 216 322
face 0.008313030004501343 203 305 216 322
face 0.007848083972930908 203 305 216 322
face 0.007775723934173584 203 305 216 322
face 0.007665753364562988 203 305 216 322
face 0.007597208023071289 203 305 216 322
face 0.00749737024307251 203 305 216 322
face 0.007473289966583252 203 305 216 322
face 0.007173866033554077 203 305 216 322
face 0.007173806428909302 203 305 216 322
face 0.007068157196044922 203 305 216 322
face 0.006696939468383789 203 305 216 322
face 0.006692051887512207 203 305 216 322
face 0.006489425897598267 203 305 216 322
face 0.006462424993515015 203 305 216 322
face 0.006247758865356445 203 305 216 322
face 0.0061989426612854 203 305 216 322
face 0.006193876266479492 203 305 216 322
face 0.006192654371261597 203 305 216 322
face 0.006181627511978149 203 305 216 322
face 0.00614243745803833 203 305 216 322
face 0.006061643362045288 203 305 216 322
face 0.005904525518417358 203 305 216 322
face 0.005850762128829956 203 305 216 322
face 0.005778372287750244 203 305 216 322
face 0.005659729242324829 203 305 216 322
face 0.005638152360916138 203 305 216 322
face 0.005613148212432861 203 305 216 322
face 0.005561470985412598 203 305 216 322
face 0.005538046360015869 203 305 216 322
face 0.005494952201843262 203 305 216 322
face 0.005484551191329956 203 305 216 322
face 0.005482673645019531 203 305 216 322
face 0.005457282066345215 203 305 216 322
face 0.005424380302429199 203 305 216 322
face 0.0053775012493133545 203 305 216 322
face 0.005316048860549927 203 305 216 322
face 0.005188971757888794 203 305 216 322
face 0.00515100359916687 203 305 216 322
face 0.005130171775817871 203 305 216 322
face 0.005033642053604126 203 305 216 322
face 0.0049408674240112305 203 305 216 322
face 0.004927158355712891 203 305 216 322
face 0.004878103733062744 203 305 216 322
face 0.004824012517929077 203 305 216 322
face 0.004771530628204346 203 305 216 322
face 0.004770994186401367 203 305 216 322
face 0.00469622015953064 203 305 216 322
face 0.004669547080993652 203 305 216 322
face 0.00464022159576416 203 305 216 322
face 0.004585921764373779 203 305 216 322
face 0.004537105560302734 203 305 216 322
face 0.004426449537277222 203 305 216 322
face 0.004330873489379883 203 305 216 322
face 0.004325449466705322 203 305 216 322
face 0.0042961835861206055 203 305 216 322
face 0.004281908273696899 203 305 216 322
face 0.004275590181350708 203 305 216 322
face 0.004240065813064575 203 305 216 322
face 0.0041655004024505615 203 305 216 322
face 0.00412026047706604 203 305 216 322
face 0.004088640213012695 203 305 216 322
face 0.004063546657562256 203 305 216 322
face 0.004053622484207153 203 305 216 322
