face 0.8833782076835632 426 79 506 178
face 0.04358133673667908 426 79 506 178
face 0.040968507528305054 426 79 506 178
face 0.02861955761909485 426 79 506 178
face 0.021783798933029175 426 79 506 178
face 0.020414382219314575 426 79 506 178
face 0.020370393991470337 426 79 506 178
face 0.020022153854370117 426 79 506 178
face 0.01813104748725891 426 79 506 178
face 0.01491740345954895 426 79 506 178
face 0.014830529689788818 426 79 506 178
face 0.014064610004425049 426 79 506 178
face 0.013886898756027222 426 79 506 178
face 0.013816595077514648 426 79 506 178
face 0.013698935508728027 426 79 506 178
face 0.013548195362091064 426 79 506 178
face 0.013383597135543823 426 79 506 178
face 0.013307720422744751 426 79 506 178
face 0.012862056493759155 426 79 506 178
face 0.012788921594619751 426 79 506 178
face 0.012613832950592041 426 79 506 178
face 0.012365102767944336 426 79 506 178
face 0.012118905782699585 426 79 506 178
face 0.01183474063873291 426 79 506 178
face 0.011328786611557007 426 79 506 178
face 0.011325955390930176 426 79 506 178
face 0.011185973882675171 426 79 506 178
face 0.010841399431228638 426 79 506 178
face 0.010454237461090088 426 79 506 178
face 0.010335922241210938 426 79 506 178
face 0.01018977165222168 426 79 506 178
face 0.009892314672470093 426 79 506 178
face 0.009841442108154297 426 79 506 178
face 0.009536117315292358 426 79 506 178
face 0.009187877178192139 426 79 506 178
face 0.00914764404296875 426 79 506 178
face 0.009123563766479492 426 79 506 178
face 0.009091347455978394 426 79 506 178
face 0.009013861417770386 426 79 506 178
face 0.008724898099899292 426 79 506 178
face 0.00870293378829956 426 79 506 178
face 0.008676707744598389 426 79 506 178
face 0.008606821298599243 426 79 506 178
face 0.008523315191268921 426 79 506 178
face 0.008344054222106934 426 79 506 178
face 0.00831902027130127 426 79 506 178
face 0.00823301076889038 426 79 506 178
face 0.008162468671798706 426 79 506 178
face 0.008092254400253296 426 79 506 178
face 0.007937490940093994 426 79 506 178
face 0.007873296737670898 426 79 506 178
face 0.007775306701660156 426 79 506 178
face 0.0076525211334228516 426 79 506 178
face 0.007638394832611084 426 79 506 178
face 0.0075855553150177 426 79 506 178
face 0.00752866268157959 426 79 506 178
face 0.007522463798522949 426 79 506 178
face 0.007515043020248413 426 79 506 178
face 0.007417589426040649 426 79 506 178
face 0.007366150617599487 426 79 506 178
face 0.007336527109146118 426 79 506 178
face 0.007304131984710693 426 79 506 178
face 0.007270008325576782 426 79 506 178
face 0.007188677787780762 426 79 506 178
face 0.007182449102401733 426 79 506 178
face 0.007178217172622681 426 79 506 178
face 0.007059216499328613 426 79 506 178
face 0.007007092237472534 426 79 506 178
face 0.006937861442565918 426 79 506 178
face 0.006930023431777954 426 79 506 178
face 0.0069277286529541016 426 79 506 178
face 0.006906598806381226 426 79 506 178
face 0.006830453872680664 426 79 506 178
face 0.006801903247833252 426 79 506 178
face 0.006735712289810181 426 79 506 178
face 0.006735354661941528 426 79 506 178
face 0.006701171398162842 426 79 506 178
face 0.006688028573989868 426 79 506 178
face 0.006666809320449829 426 79 506 178
face 0.006617844104766846 426 79 506 178
face 0.006531625986099243 426 79 506 178
face 0.0064799487590789795 426 79 506 178
face 0.006432533264160156 426 79 506 178
face 0.006404876708984375 426 79 506 178
face 0.006392627954483032 426 79 506 178
face 0.006348788738250732 426 79 506 178
face 0.006290167570114136 426 79 506 178
face 0.006281137466430664 426 79 506 178
face 0.006271630525588989 426 79 506 178
face 0.006208837032318115 426 79 506 178
face 0.006186038255691528 426 79 506 178
face 0.006179630756378174 426 79 506 178
face 0.006177246570587158 426 79 506 178
face 0.006125032901763916 426 79 506 178
face 0.006091952323913574 426 79 506 178
face 0.006074488162994385 426 79 506 178
face 0.005900323390960693 426 79 506 178
face 0.005890935659408569 426 79 506 178
face 0.005848020315170288 426 79 506 178
face 0.005737215280532837 426 79 506 178
