face 0.9832977652549744 552 259 590 308
face 0.9624690413475037 316 259 356 312
face 0.32588374614715576 316 259 356 312
face 0.027605026960372925 316 259 356 312
face 0.02541026473045349 316 259 356 312
face 0.020750463008880615 316 259 356 312
face 0.010322481393814087 316 259 356 312
face 0.010294467210769653 316 259 356 312
face 0.004883080720901489 316 259 356 312
face 0.004711180925369263 316 259 356 312
face 0.0045716166496276855 316 259 356 312
face 0.004486083984375 316 259 356 312
face 0.004318654537200928 316 259 356 312
face 0.004195362329483032 316 259 356 312
face 0.004132747650146484 316 259 356 312
face 0.004097968339920044 316 259 356 312
face 0.004002690315246582 316 259 356 312
face 0.003979802131652832 316 259 356 312
face 0.0036592185497283936 316 259 356 312
face 0.003529965877532959 316 259 356 312
face 0.00346943736076355 316 259 356 312
face 0.0033487677574157715 316 259 356 312
face 0.003344327211380005 316 259 356 312
face 0.0033370256423950195 316 259 356 312
face 0.003294050693511963 316 259 356 312
face 0.0032559633255004883 316 259 356 312
face 0.003210693597793579 316 259 356 312
face 0.003201127052307129 316 259 356 312
face 0.003151118755340576 316 259 356 312
face 0.003134012222290039 316 259 356 312
face 0.003101348876953125 316 259 356 312
face 0.003079026937484741 316 259 356 312
face 0.002939581871032715 316 259 356 312
face 0.0029197335243225098 316 259 356 312
face 0.0028993189334869385 316 259 356 312
face 0.002890259027481079 316 259 356 312
face 0.0028855502605438232 316 259 356 312
face 0.0028415024280548096 316 259 356 312
face 0.0028276145458221436 316 259 356 312
face 0.002812892198562622 316 259 356 312
face 0.0027931034564971924 316 259 356 312
face 0.002784520387649536 316 259 356 312
face 0.0027681291103363037 316 259 356 312
face 0.0027639269828796387 316 259 356 312
face 0.0027441978454589844 316 259 356 312
face 0.002725362777709961 316 259 356 312
face 0.0027213990688323975 316 259 356 312
face 0.0027183592319488525 316 259 356 312
face 0.002709299325942993 316 259 356 312
face 0.002696096897125244 316 259 356 312
face 0.002679288387298584 316 259 356 312
face 0.0026691555976867676 316 259 356 312
face 0.0026600658893585205 316 259 356 312
face 0.0026365816593170166 316 259 356 312
face 0.0026166439056396484 316 259 356 312
face 0.002592921257019043 316 259 356 312
face 0.0025864839553833008 316 259 356 312
face 0.0025812089443206787 316 259 356 312
face 0.0025779306888580322 316 259 356 312
face 0.0025771260261535645 316 259 356 312
face 0.0025637149810791016 316 259 356 312
face 0.002547740936279297 316 259 356 312
face 0.0025293827056884766 316 259 356 312
face 0.002498537302017212 316 259 356 312
face 0.002487689256668091 316 259 356 312
face 0.0024657249450683594 316 259 356 312
face 0.0024623870849609375 316 259 356 312
face 0.0024113059043884277 316 259 356 312
face 0.002385348081588745 316 259 356 312
face 0.0023513436317443848 316 259 356 312
face 0.0023468732833862305 316 259 356 312
face 0.002345174551010132 316 259 356 312
face 0.0023344755172729492 316 259 356 312
face 0.0023289620876312256 316 259 356 312
face 0.0023244917392730713 316 259 356 312
face 0.002314060926437378 316 259 356 312
face 0.002305150032043457 316 259 356 312
face 0.0022946298122406006 316 259 356 312
face 0.0022933483123779297 316 259 356 312
face 0.002268850803375244 316 259 356 312
face 0.0022409558296203613 316 259 356 312
face 0.0022282004356384277 316 259 356 312
face 0.0022112131118774414 316 259 356 312
face 0.0022107064723968506 316 259 356 312
face 0.002205371856689453 316 259 356 312
face 0.002196580171585083 316 259 356 312
face 0.0021944642066955566 316 259 356 312
face 0.0021854937076568604 316 259 356 312
face 0.0021833479404449463 316 259 356 312
face 0.002177029848098755 316 259 356 312
face 0.0021737515926361084 316 259 356 312
face 0.002166181802749634 316 259 356 312
face 0.002162247896194458 316 259 356 312
face 0.0021573305130004883 316 259 356 312
face 0.0021494030952453613 316 259 356 312
face 0.00211217999458313 316 259 356 312
face 0.002109706401824951 316 259 356 312
face 0.002108365297317505 316 259 356 312
face 0.0020922422409057617 316 259 356 312
face 0.002084881067276001 316 259 356 312
