face 0.9506343603134155 159 57 256 198
face 0.005549877882003784 159 57 256 198
face 0.005278170108795166 159 57 256 198
face 0.005185514688491821 159 57 256 198
face 0.004784286022186279 159 57 256 198
face 0.004445791244506836 159 57 256 198
face 0.004424840211868286 159 57 256 198
face 0.004217684268951416 159 57 256 198
face 0.004056036472320557 159 57 256 198
face 0.004019379615783691 159 57 256 198
face 0.003941595554351807 159 57 256 198
face 0.0038714706897735596 159 57 256 198
face 0.0038667023181915283 159 57 256 198
face 0.0036745071411132812 159 57 256 198
face 0.0035129189491271973 159 57 256 198
face 0.003508239984512329 159 57 256 198
face 0.0034658312797546387 159 57 256 198
face 0.0033987462520599365 159 57 256 198
face 0.0033825337886810303 159 57 256 198
face 0.0033767223358154297 159 57 256 198
face 0.003367871046066284 159 57 256 198
face 0.003327399492263794 159 57 256 198
face 0.0032234489917755127 159 57 256 198
face 0.003211498260498047 159 57 256 198
face 0.0032005012035369873 159 57 256 198
face 0.003197997808456421 159 57 256 198
face 0.003136932849884033 159 57 256 198
face 0.0031322240829467773 159 57 256 198
face 0.0030745267868041992 159 57 256 198
face 0.0030709505081176758 159 57 256 198
face 0.003045499324798584 159 57 256 198
face 0.00302770733833313 159 57 256 198
face 0.003019988536834717 159 57 256 198
face 0.00290641188621521 159 57 256 198
face 0.002898693084716797 159 57 256 198
face 0.0028900206089019775 159 57 256 198
face 0.0028829872608184814 159 57 256 198
face 0.0028792917728424072 159 57 256 198
face 0.0028766393661499023 159 57 256 198
face 0.0028423964977264404 159 57 256 198
face 0.002834498882293701 159 57 256 198
face 0.002814561128616333 159 57 256 198
face 0.0028139054775238037 159 57 256 198
face 0.0027785003185272217 159 57 256 198
face 0.002770543098449707 159 57 256 198
face 0.0027477145195007324 159 57 256 198
face 0.002723991870880127 159 57 256 198
face 0.0026560425758361816 159 57 256 198
face 0.002629697322845459 159 57 256 198
face 0.002629011869430542 159 57 256 198
face 0.0026210546493530273 159 57 256 198
face 0.0026175975799560547 159 57 256 198
face 0.0026164650917053223 159 57 256 198
face 0.002579599618911743 159 57 256 198
face 0.0025472640991210938 159 57 256 198
face 0.0025421977043151855 159 57 256 198
face 0.0025137364864349365 159 57 256 198
face 0.002498805522918701 159 57 256 198
face 0.0024899542331695557 159 57 256 198
face 0.00248757004737854 159 57 256 198
face 0.0024681687355041504 159 57 256 198
face 0.0024410486221313477 159 57 256 198
face 0.002440035343170166 159 57 256 198
face 0.0024079084396362305 159 57 256 198
face 0.0023859143257141113 159 57 256 198
face 0.0023836493492126465 159 57 256 198
face 0.0023497045040130615 159 57 256 198
face 0.0023480355739593506 159 57 256 198
face 0.0023221075534820557 159 57 256 198
face 0.002321779727935791 159 57 256 198
face 0.002317458391189575 159 57 256 198
face 0.0022932887077331543 159 57 256 198
face 0.0022201836109161377 159 57 256 198
face 0.002208888530731201 159 57 256 198
face 0.0022014379501342773 159 57 256 198
face 0.0022009313106536865 159 57 256 198
face 0.0021876394748687744 159 57 256 198
face 0.0021826326847076416 159 57 256 198
face 0.0021760165691375732 159 57 256 198
face 0.0021552443504333496 159 57 256 198
face 0.0021248161792755127 159 57 256 198
face 0.0020640194416046143 159 57 256 198
face 0.0020613372325897217 159 57 256 198
face 0.002058655023574829 159 57 256 198
face 0.0020556747913360596 159 57 256 198
face 0.002043813467025757 159 57 256 198
face 0.002007603645324707 159 57 256 198
face 0.0019996464252471924 159 57 256 198
face 0.001996159553527832 159 57 256 198
face 0.0019828975200653076 159 57 256 198
face 0.0019707679748535156 159 57 256 198
face 0.0019288361072540283 159 57 256 198
face 0.001876145601272583 159 57 256 198
face 0.001875072717666626 159 57 256 198
face 0.001868218183517456 159 57 256 198
face 0.0018578767776489258 159 57 256 198
face 0.0018568336963653564 159 57 256 198
face 0.001849055290222168 159 57 256 198
face 0.0018480122089385986 159 57 256 198
face 0.0018470287322998047 159 57 256 198
