face 0.9877029061317444 778 399 801 428
face 0.9801849126815796 609 404 627 427
face 0.969663679599762 256 155 273 179
face 0.9693533182144165 287 260 327 305
face 0.9639168977737427 142 150 160 175
face 0.963536262512207 73 260 90 289
face 0.9621655941009521 659 403 678 425
face 0.9608759880065918 67 112 84 135
face 0.9420485496520996 89 195 107 221
face 0.9382524490356445 70 149 87 174
face 0.9356073141098022 202 110 219 133
face 0.9320752620697021 245 58 263 80
face 0.9316006898880005 96 45 115 68
face 0.9283955097198486 398 377 414 397
face 0.9094792008399963 673 314 690 334
face 0.9043301343917847 155 105 172 128
face 0.8949999809265137 778 330 797 353
face 0.8874986171722412 140 266 157 293
face 0.8857028484344482 13 192 30 218
face 0.885474443435669 199 235 217 261
face 0.8545750379562378 192 188 209 212
face 0.852869987487793 677 155 692 173
face 0.842313289642334 133 204 150 229
face 0.8249210715293884 740 147 756 168
face 0.8242079019546509 238 107 255 128
face 0.8212890625 10 153 26 177
face 0.8095802068710327 628 154 642 173
face 0.8026204109191895 405 143 422 163
face 0.7988924980163574 149 222 166 249
face 0.7950936555862427 96 324 111 349
face 0.793596625328064 730 199 748 221
face 0.7930319309234619 510 111 523 128
face 0.7871767282485962 686 188 703 209
face 0.7746376991271973 17 277 33 305
face 0.773259162902832 203 142 220 166
face 0.7636987566947937 578 159 593 179
face 0.7567517161369324 13 49 34 73
face 0.7548713684082031 778 239 798 266
face 0.7507719397544861 631 194 647 215
face 0.7305488586425781 673 246 689 266
face 0.7228497266769409 58 3 77 24
face 0.7214707732200623 581 410 597 431
face 0.7185437679290771 511 171 529 192
face 0.7107420563697815 376 422 389 440
face 0.7097108364105225 725 115 739 133
face 0.6930605173110962 683 117 696 132
face 0.686637818813324 737 278 753 299
face 0.6734113097190857 415 118 430 136
face 0.6660622358322144 626 298 641 316
face 0.6578713655471802 196 417 209 438
face 0.645156979560852 85 226 100 251
face 0.6199504733085632 79 364 94 389
face 0.5959932804107666 772 148 790 170
face 0.5891188383102417 773 194 793 219
face 0.5832571387290955 632 229 648 249
face 0.5829153656959534 742 40 754 53
face 0.574251115322113 717 311 734 332
face 0.5556929707527161 394 403 412 425
face 0.5529165863990784 471 118 482 133
face 0.5421593189239502 378 4 391 22
face 0.5414254069328308 535 30 547 42
face 0.5226669311523438 583 123 594 135
face 0.5155794024467468 775 24 789 40
face 0.5148904919624329 9 2 26 24
face 0.51020348072052 23 112 39 135
face 0.5094096660614014 633 320 648 338
face 0.5009807348251343 738 227 753 248
face 0.493112176656723 738 227 753 248
face 0.48912540078163147 738 227 753 248
face 0.4754667580127716 738 227 753 248
face 0.47083577513694763 738 227 753 248
face 0.46703875064849854 738 227 753 248
face 0.466153621673584 738 227 753 248
face 0.46589595079421997 738 227 753 248
face 0.4498930275440216 738 227 753 248
face 0.4336587190628052 738 227 753 248
face 0.42723608016967773 738 227 753 248
face 0.41744348406791687 738 227 753 248
face 0.38758885860443115 738 227 753 248
face 0.3858276605606079 738 227 753 248
face 0.37885212898254395 738 227 753 248
face 0.36321407556533813 738 227 753 248
face 0.35553789138793945 738 227 753 248
face 0.31931930780410767 738 227 753 248
face 0.31821632385253906 738 227 753 248
face 0.3166868984699249 738 227 753 248
face 0.29738667607307434 738 227 753 248
face 0.2780317962169647 738 227 753 248
face 0.2773829996585846 738 227 753 248
face 0.2754480838775635 738 227 753 248
face 0.2743024230003357 738 227 753 248
face 0.2506147027015686 738 227 753 248
face 0.2475336194038391 738 227 753 248
face 0.24514111876487732 738 227 753 248
face 0.24227052927017212 738 227 753 248
face 0.23965656757354736 738 227 753 248
face 0.23205044865608215 738 227 753 248
face 0.22879821062088013 738 227 753 248
face 0.21898409724235535 738 227 753 248
face 0.21342089772224426 738 227 753 248
