face 0.9974403977394104 768 357 809 405
face 0.9961773157119751 936 355 972 405
face 0.9957947731018066 872 329 909 374
face 0.9783464074134827 881 372 915 416
face 0.9710025191307068 527 60 590 144
face 0.9521352648735046 758 322 793 360
face 0.9329466223716736 229 69 283 127
face 0.918860912322998 358 152 392 195
face 0.7857037782669067 724 246 760 285
face 0.7576104402542114 914 115 949 153
face 0.6932786703109741 478 167 519 220
face 0.6610276699066162 844 191 878 230
face 0.6560860872268677 982 515 1003 547
face 0.5815082788467407 991 345 1021 395
face 0.5790159106254578 776 111 810 149
face 0.4946341812610626 776 111 810 149
face 0.47125044465065 776 111 810 149
face 0.4367643892765045 776 111 810 149
face 0.34965652227401733 776 111 810 149
face 0.3406308889389038 776 111 810 149
face 0.3197806477546692 776 111 810 149
face 0.28834912180900574 776 111 810 149
face 0.25363701581954956 776 111 810 149
face 0.2517547607421875 776 111 810 149
face 0.24763157963752747 776 111 810 149
face 0.23790472745895386 776 111 810 149
face 0.21981820464134216 776 111 810 149
face 0.2022465169429779 776 111 810 149
face 0.18745771050453186 776 111 810 149
face 0.17473843693733215 776 111 810 149
face 0.1720629632472992 776 111 810 149
face 0.16825956106185913 776 111 810 149
face 0.16374212503433228 776 111 810 149
face 0.15553981065750122 776 111 810 149
face 0.13531899452209473 776 111 810 149
face 0.13250797986984253 776 111 810 149
face 0.11857596039772034 776 111 810 149
face 0.11690095067024231 776 111 810 149
face 0.11121034622192383 776 111 810 149
face 0.10536381602287292 776 111 810 149
face 0.1002066433429718 776 111 810 149
face 0.0999554991722107 776 111 810 149
face 0.092924565076828 776 111 810 149
face 0.07216864824295044 776 111 810 149
face 0.06700083613395691 776 111 810 149
face 0.06689023971557617 776 111 810 149
face 0.06614667177200317 776 111 810 149
face 0.061986833810806274 776 111 810 149
face 0.05665719509124756 776 111 810 149
face 0.05537527799606323 776 111 810 149
face 0.05463322997093201 776 111 810 149
face 0.054403215646743774 776 111 810 149
face 0.05346810817718506 776 111 810 149
face 0.05049765110015869 776 111 810 149
face 0.05034375190734863 776 111 810 149
face 0.050015270709991455 776 111 810 149
face 0.0500103235244751 776 111 810 149
face 0.048952698707580566 776 111 810 149
face 0.04836130142211914 776 111 810 149
face 0.043165624141693115 776 111 810 149
face 0.04265469312667847 776 111 810 149
face 0.041545212268829346 776 111 810 149
face 0.04144296050071716 776 111 810 149
face 0.040735095739364624 776 111 810 149
face 0.04055503010749817 776 111 810 149
face 0.040099114179611206 776 111 810 149
face 0.03888225555419922 776 111 810 149
face 0.038430213928222656 776 111 810 149
face 0.03810951113700867 776 111 810 149
face 0.037741392850875854 776 111 810 149
face 0.03704670071601868 776 111 810 149
face 0.03628665208816528 776 111 810 149
face 0.035880863666534424 776 111 810 149
face 0.03551679849624634 776 111 810 149
face 0.03488224744796753 776 111 810 149
face 0.0341758131980896 776 111 810 149
face 0.032747089862823486 776 111 810 149
face 0.03172391653060913 776 111 810 149
face 0.03171795606613159 776 111 810 149
face 0.03146061301231384 776 111 810 149
face 0.030564725399017334 776 111 810 149
face 0.02957722544670105 776 111 810 149
face 0.02951359748840332 776 111 810 149
face 0.029101967811584473 776 111 810 149
face 0.028077512979507446 776 111 810 149
face 0.027501463890075684 776 111 810 149
face 0.026710420846939087 776 111 810 149
face 0.026444584131240845 776 111 810 149
face 0.026374757289886475 776 111 810 149
face 0.025734752416610718 776 111 810 149
face 0.02572232484817505 776 111 810 149
face 0.025716274976730347 776 111 810 149
face 0.025630295276641846 776 111 810 149
face 0.02553999423980713 776 111 810 149
face 0.02541789412498474 776 111 810 149
face 0.02540871500968933 776 111 810 149
face 0.02515771985054016 776 111 810 149
face 0.025115370750427246 776 111 810 149
face 0.024950236082077026 776 111 810 149
face 0.024546056985855103 776 111 810 149
