face 0.9660346508026123 79 279 94 294
face 0.8949755430221558 576 263 593 286
face 0.673698365688324 198 285 213 306
face 0.5105483531951904 773 280 791 298
face 0.4269351363182068 773 280 791 298
face 0.31648167967796326 773 280 791 298
face 0.2890666127204895 773 280 791 298
face 0.23829451203346252 773 280 791 298
face 0.1333823800086975 773 280 791 298
face 0.12378227710723877 773 280 791 298
face 0.08967569470405579 773 280 791 298
face 0.08430609107017517 773 280 791 298
face 0.05850857496261597 773 280 791 298
face 0.05169188976287842 773 280 791 298
face 0.043722331523895264 773 280 791 298
face 0.04121297597885132 773 280 791 298
face 0.03514671325683594 773 280 791 298
face 0.02794283628463745 773 280 791 298
face 0.027343183755874634 773 280 791 298
face 0.026479661464691162 773 280 791 298
face 0.026293277740478516 773 280 791 298
face 0.025268971920013428 773 280 791 298
face 0.02317407727241516 773 280 791 298
face 0.02100244164466858 773 280 791 298
face 0.020553916692733765 773 280 791 298
face 0.01813521981239319 773 280 791 298
face 0.017305225133895874 773 280 791 298
face 0.016937434673309326 773 280 791 298
face 0.01662212610244751 773 280 791 298
face 0.015584588050842285 773 280 791 298
face 0.014320939779281616 773 280 791 298
face 0.014088690280914307 773 280 791 298
face 0.012980461120605469 773 280 791 298
face 0.012894749641418457 773 280 791 298
face 0.012418538331985474 773 280 791 298
face 0.011140108108520508 773 280 791 298
face 0.011079132556915283 773 280 791 298
face 0.010864019393920898 773 280 791 298
face 0.01083555817604065 773 280 791 298
face 0.010769098997116089 773 280 791 298
face 0.010484278202056885 773 280 791 298
face 0.010249078273773193 773 280 791 298
face 0.010095745325088501 773 280 791 298
face 0.009747713804244995 773 280 791 298
face 0.00971171259880066 773 280 791 298
face 0.009221196174621582 773 280 791 298
face 0.008777976036071777 773 280 791 298
face 0.008775264024734497 773 280 791 298
face 0.008520901203155518 773 280 791 298
face 0.008422285318374634 773 280 791 298
face 0.00824388861656189 773 280 791 298
face 0.008232593536376953 773 280 791 298
face 0.007955729961395264 773 280 791 298
face 0.007945865392684937 773 280 791 298
face 0.007910460233688354 773 280 791 298
face 0.007843488827347755 773 280 791 298
face 0.007668346166610718 773 280 791 298
face 0.007302463054656982 773 280 791 298
face 0.007110774517059326 773 280 791 298
face 0.006961554288864136 773 280 791 298
face 0.006942540407180786 773 280 791 298
face 0.006567418575286865 773 280 791 298
face 0.006358921527862549 773 280 791 298
face 0.006340205669403076 773 280 791 298
face 0.0062752366065979 773 280 791 298
face 0.0061681270599365234 773 280 791 298
face 0.006025582551956177 773 280 791 298
face 0.006023675203323364 773 280 791 298
face 0.006021559238433838 773 280 791 298
face 0.006021022796630859 773 280 791 298
face 0.005984097719192505 773 280 791 298
face 0.005937635898590088 773 280 791 298
face 0.005792528390884399 773 280 791 298
face 0.005674272775650024 773 280 791 298
face 0.005652099847793579 773 280 791 298
face 0.005647629499435425 773 280 791 298
face 0.005623459815979004 773 280 791 298
face 0.00549730658531189 773 280 791 298
face 0.005490601062774658 773 280 791 298
face 0.005488485097885132 773 280 791 298
face 0.005380779504776001 773 280 791 298
face 0.005333900451660156 773 280 791 298
face 0.005258679389953613 773 280 791 298
face 0.005255967378616333 773 280 791 298
face 0.005252152681350708 773 280 791 298
face 0.005246400833129883 773 280 791 298
face 0.005242526531219482 773 280 791 298
face 0.005218029022216797 773 280 791 298
face 0.005216062068939209 773 280 791 298
face 0.005155473947525024 773 280 791 298
face 0.005138009786605835 773 280 791 298
face 0.005130767822265625 773 280 791 298
face 0.005128145217895508 773 280 791 298
face 0.005091995000839233 773 280 791 298
face 0.0050650835037231445 773 280 791 298
face 0.004999101161956787 773 280 791 298
face 0.004981487989425659 773 280 791 298
face 0.004968911409378052 773 280 791 298
face 0.0049280524253845215 773 280 791 298
face 0.004926443099975586 773 280 791 298
