face 0.34148311614990234 315 333 398 432
face 0.1126527190208435 315 333 398 432
face 0.07414138317108154 315 333 398 432
face 0.04578787088394165 315 333 398 432
face 0.03949671983718872 315 333 398 432
face 0.038141727447509766 315 333 398 432
face 0.0354938805103302 315 333 398 432
face 0.03468805551528931 315 333 398 432
face 0.033296287059783936 315 333 398 432
face 0.03099152445793152 315 333 398 432
face 0.03023359179496765 315 333 398 432
face 0.029375404119491577 315 333 398 432
face 0.025609195232391357 315 333 398 432
face 0.025432288646697998 315 333 398 432
face 0.024206936359405518 315 333 398 432
face 0.023695707321166992 315 333 398 432
face 0.023052066564559937 315 333 398 432
face 0.02285069227218628 315 333 398 432
face 0.022792905569076538 315 333 398 432
face 0.02274671196937561 315 333 398 432
face 0.022007375955581665 315 333 398 432
face 0.021906107664108276 315 333 398 432
face 0.02178332209587097 315 333 398 432
face 0.021648257970809937 315 333 398 432
face 0.020340144634246826 315 333 398 432
face 0.01987212896347046 315 333 398 432
face 0.01966029405593872 315 333 398 432
face 0.019240736961364746 315 333 398 432
face 0.018722236156463623 315 333 398 432
face 0.018661558628082275 315 333 398 432
face 0.01857084035873413 315 333 398 432
face 0.018536031246185303 315 333 398 432
face 0.018361657857894897 315 333 398 432
face 0.01832646131515503 315 333 398 432
face 0.018250644207000732 315 333 398 432
face 0.018175631761550903 315 333 398 432
face 0.018024832010269165 315 333 398 432
face 0.017686516046524048 315 333 398 432
face 0.017525017261505127 315 333 398 432
face 0.01743033528327942 315 333 398 432
face 0.017381995916366577 315 333 398 432
face 0.01697513461112976 315 333 398 432
face 0.016498297452926636 315 333 398 432
face 0.016375958919525146 315 333 398 432
face 0.016327112913131714 315 333 398 432
face 0.016153723001480103 315 333 398 432
face 0.015878766775131226 315 333 398 432
face 0.01582658290863037 315 333 398 432
face 0.01571795344352722 315 333 398 432
face 0.015460401773452759 315 333 398 432
face 0.01538875699043274 315 333 398 432
face 0.01533496379852295 315 333 398 432
face 0.015100866556167603 315 333 398 432
face 0.014900684356689453 315 333 398 432
face 0.014792770147323608 315 333 398 432
face 0.014747411012649536 315 333 398 432
face 0.014734119176864624 315 333 398 432
face 0.014684110879898071 315 333 398 432
face 0.01423075795173645 315 333 398 432
face 0.014081805944442749 315 333 398 432
face 0.014025211334228516 315 333 398 432
face 0.013917714357376099 315 333 398 432
face 0.013728141784667969 315 333 398 432
face 0.013644933700561523 315 333 398 432
face 0.013446837663650513 315 333 398 432
face 0.013354897499084473 315 333 398 432
face 0.013287931680679321 315 333 398 432
face 0.013170957565307617 315 333 398 432
face 0.013075977563858032 315 333 398 432
face 0.01292496919631958 315 333 398 432
face 0.012889653444290161 315 333 398 432
face 0.012866675853729248 315 333 398 432
face 0.012765854597091675 315 333 398 432
face 0.01268962025642395 315 333 398 432
face 0.012679606676101685 315 333 398 432
face 0.0126132071018219 315 333 398 432
face 0.01257440447807312 315 333 398 432
face 0.012491822242736816 315 333 398 432
face 0.012431144714355469 315 333 398 432
face 0.01242634654045105 315 333 398 432
face 0.012402653694152832 315 333 398 432
face 0.01237177848815918 315 333 398 432
face 0.012219935655593872 315 333 398 432
face 0.012192487716674805 315 333 398 432
face 0.012188762426376343 315 333 398 432
face 0.01203569769859314 315 333 398 432
face 0.01193884015083313 315 333 398 432
face 0.011860132217407227 315 333 398 432
face 0.011833667755126953 315 333 398 432
face 0.011804819107055664 315 333 398 432
face 0.011781871318817139 315 333 398 432
face 0.011692702770233154 315 333 398 432
face 0.011661291122436523 315 333 398 432
face 0.011520355939865112 315 333 398 432
face 0.01148366928100586 315 333 398 432
face 0.011394530534744263 315 333 398 432
face 0.01130780577659607 315 333 398 432
face 0.011286169290542603 315 333 398 432
face 0.01121857762336731 315 333 398 432
face 0.011100441217422485 315 333 398 432
