face 0.9888927936553955 335 99 505 310
face 0.8968157768249512 734 96 938 388
face 0.8261297345161438 117 24 282 217
face 0.3797285258769989 117 24 282 217
face 0.20488488674163818 117 24 282 217
face 0.12184646725654602 117 24 282 217
face 0.07572430372238159 117 24 282 217
face 0.07323881983757019 117 24 282 217
face 0.06530994176864624 117 24 282 217
face 0.06359615921974182 117 24 282 217
face 0.06146833300590515 117 24 282 217
face 0.061262160539627075 117 24 282 217
face 0.0607144832611084 117 24 282 217
face 0.06048062443733215 117 24 282 217
face 0.05911296606063843 117 24 282 217
face 0.05768969655036926 117 24 282 217
face 0.048728615045547485 117 24 282 217
face 0.04559102654457092 117 24 282 217
face 0.043161988258361816 117 24 282 217
face 0.04279673099517822 117 24 282 217
face 0.04166576266288757 117 24 282 217
face 0.04153239727020264 117 24 282 217
face 0.03934738039970398 117 24 282 217
face 0.03757411241531372 117 24 282 217
face 0.03757092356681824 117 24 282 217
face 0.036097586154937744 117 24 282 217
face 0.03575119376182556 117 24 282 217
face 0.035729825496673584 117 24 282 217
face 0.034792155027389526 117 24 282 217
face 0.03448069095611572 117 24 282 217
face 0.03369027376174927 117 24 282 217
face 0.033592820167541504 117 24 282 217
face 0.03349393606185913 117 24 282 217
face 0.033289432525634766 117 24 282 217
face 0.033177465200424194 117 24 282 217
face 0.03276020288467407 117 24 282 217
face 0.03238275647163391 117 24 282 217
face 0.03220519423484802 117 24 282 217
face 0.03210282325744629 117 24 282 217
face 0.0320761501789093 117 24 282 217
face 0.03203624486923218 117 24 282 217
face 0.031253546476364136 117 24 282 217
face 0.030574142932891846 117 24 282 217
face 0.030166298151016235 117 24 282 217
face 0.028583288192749023 117 24 282 217
face 0.028171509504318237 117 24 282 217
face 0.02785968780517578 117 24 282 217
face 0.027317076921463013 117 24 282 217
face 0.02672627568244934 117 24 282 217
face 0.02566295862197876 117 24 282 217
face 0.02528280019760132 117 24 282 217
face 0.024760276079177856 117 24 282 217
face 0.0245550274848938 117 24 282 217
face 0.024051547050476074 117 24 282 217
face 0.024035215377807617 117 24 282 217
face 0.024018973112106323 117 24 282 217
face 0.023907065391540527 117 24 282 217
face 0.02390339970588684 117 24 282 217
face 0.023901164531707764 117 24 282 217
face 0.023849904537200928 117 24 282 217
face 0.023689866065979004 117 24 282 217
face 0.02355712652206421 117 24 282 217
face 0.02315056324005127 117 24 282 217
face 0.02287071943283081 117 24 282 217
face 0.022688716650009155 117 24 282 217
face 0.02260124683380127 117 24 282 217
face 0.021665573120117188 117 24 282 217
face 0.021631836891174316 117 24 282 217
face 0.0215417742729187 117 24 282 217
face 0.02140215039253235 117 24 282 217
face 0.021246492862701416 117 24 282 217
face 0.021160870790481567 117 24 282 217
face 0.021056383848190308 117 24 282 217
face 0.020831674337387085 117 24 282 217
face 0.020449072122573853 117 24 282 217
face 0.020334392786026 117 24 282 217
face 0.020332902669906616 117 24 282 217
face 0.02026858925819397 117 24 282 217
face 0.019950151443481445 117 24 282 217
face 0.019855856895446777 117 24 282 217
face 0.01984444260597229 117 24 282 217
face 0.01979726552963257 117 24 282 217
face 0.019723176956176758 117 24 282 217
face 0.019393205642700195 117 24 282 217
face 0.01879134774208069 117 24 282 217
face 0.018760502338409424 117 24 282 217
face 0.01852470636367798 117 24 282 217
face 0.01836898922920227 117 24 282 217
face 0.018288075923919678 117 24 282 217
face 0.01827186346054077 117 24 282 217
face 0.01823487877845764 117 24 282 217
face 0.01815199851989746 117 24 282 217
face 0.017770379781723022 117 24 282 217
face 0.017738938331604004 117 24 282 217
face 0.01771894097328186 117 24 282 217
face 0.0176621675491333 117 24 282 217
face 0.017628401517868042 117 24 282 217
face 0.017611801624298096 117 24 282 217
face 0.017320990562438965 117 24 282 217
face 0.0168454647064209 117 24 282 217
