face 0.35712477564811707 504 211 631 281
face 0.3096635341644287 504 211 631 281
face 0.15129756927490234 504 211 631 281
face 0.1429479718208313 504 211 631 281
face 0.1404111087322235 504 211 631 281
face 0.1104016900062561 504 211 631 281
face 0.10322192311286926 504 211 631 281
face 0.10100248456001282 504 211 631 281
face 0.09712517261505127 504 211 631 281
face 0.087566077709198 504 211 631 281
face 0.08655169606208801 504 211 631 281
face 0.08230537176132202 504 211 631 281
face 0.07619252800941467 504 211 631 281
face 0.0758543312549591 504 211 631 281
face 0.0667632520198822 504 211 631 281
face 0.06276488304138184 504 211 631 281
face 0.062234193086624146 504 211 631 281
face 0.061388760805130005 504 211 631 281
face 0.061132222414016724 504 211 631 281
face 0.06038308143615723 504 211 631 281
face 0.05731293559074402 504 211 631 281
face 0.055007725954055786 504 211 631 281
face 0.05375346541404724 504 211 631 281
face 0.053329139947891235 504 211 631 281
face 0.05145677924156189 504 211 631 281
face 0.05127081274986267 504 211 631 281
face 0.05050632357597351 504 211 631 281
face 0.05033314228057861 504 211 631 281
face 0.049139708280563354 504 211 631 281
face 0.0488123893737793 504 211 631 281
face 0.04876098036766052 504 211 631 281
face 0.048725634813308716 504 211 631 281
face 0.04812571406364441 504 211 631 281
face 0.04711666703224182 504 211 631 281
face 0.04659000039100647 504 211 631 281
face 0.045694321393966675 504 211 631 281
face 0.045584648847579956 504 211 631 281
face 0.04469776153564453 504 211 631 281
face 0.04446768760681152 504 211 631 281
face 0.044346362352371216 504 211 631 281
face 0.04434090852737427 504 211 631 281
face 0.04433295130729675 504 211 631 281
face 0.043227821588516235 504 211 631 281
face 0.04236394166946411 504 211 631 281
face 0.04153549671173096 504 211 631 281
face 0.04115191102027893 504 211 631 281
face 0.040437132120132446 504 211 631 281
face 0.04042285680770874 504 211 631 281
face 0.040162473917007446 504 211 631 281
face 0.0399547815322876 504 211 631 281
face 0.03968152403831482 504 211 631 281
face 0.03956463932991028 504 211 631 281
face 0.03933170437812805 504 211 631 281
face 0.03897431492805481 504 211 631 281
face 0.038784921169281006 504 211 631 281
face 0.03833353519439697 504 211 631 281
face 0.03827112913131714 504 211 631 281
face 0.038222670555114746 504 211 631 281
face 0.037604570388793945 504 211 631 281
face 0.037586063146591187 504 211 631 281
face 0.03753659129142761 504 211 631 281
face 0.03728669881820679 504 211 631 281
face 0.03633078932762146 504 211 631 281
face 0.035263121128082275 504 211 631 281
face 0.035205721855163574 504 211 631 281
face 0.035131245851516724 504 211 631 281
face 0.03492632508277893 504 211 631 281
face 0.03479835391044617 504 211 631 281
face 0.0346142053604126 504 211 631 281
face 0.034161657094955444 504 211 631 281
face 0.03397810459136963 504 211 631 281
face 0.033773720264434814 504 211 631 281
face 0.03340578079223633 504 211 631 281
face 0.03261539340019226 504 211 631 281
face 0.032181888818740845 504 211 631 281
face 0.03169018030166626 504 211 631 281
face 0.03146049380302429 504 211 631 281
face 0.03132542967796326 504 211 631 281
face 0.03103238344192505 504 211 631 281
face 0.030809074640274048 504 211 631 281
face 0.030642718076705933 504 211 631 281
face 0.03027859330177307 504 211 631 281
face 0.03027006983757019 504 211 631 281
face 0.03022867441177368 504 211 631 281
face 0.030120551586151123 504 211 631 281
face 0.030012160539627075 504 211 631 281
face 0.029904842376708984 504 211 631 281
face 0.029865562915802002 504 211 631 281
face 0.02960062026977539 504 211 631 281
face 0.028841257095336914 504 211 631 281
face 0.028520673513412476 504 211 631 281
face 0.028317660093307495 504 211 631 281
face 0.028286010026931763 504 211 631 281
face 0.027997612953186035 504 211 631 281
face 0.027686864137649536 504 211 631 281
face 0.027616024017333984 504 211 631 281
face 0.0271914005279541 504 211 631 281
face 0.027054399251937866 504 211 631 281
face 0.027013927698135376 504 211 631 281
face 0.027001529932022095 504 211 631 281
