face 0.742933988571167 336 196 518 417
face 0.06332024931907654 336 196 518 417
face 0.026682794094085693 336 196 518 417
face 0.020624369382858276 336 196 518 417
face 0.01749756932258606 336 196 518 417
face 0.01633143424987793 336 196 518 417
face 0.01389235258102417 336 196 518 417
face 0.011768192052841187 336 196 518 417
face 0.011553823947906494 336 196 518 417
face 0.011529862880706787 336 196 518 417
face 0.011094391345977783 336 196 518 417
face 0.0107496976852417 336 196 518 417
face 0.010707765817642212 336 196 518 417
face 0.010160505771636963 336 196 518 417
face 0.010157585144042969 336 196 518 417
face 0.010126501321792603 336 196 518 417
face 0.009854704141616821 336 196 518 417
face 0.00964304804801941 336 196 518 417
face 0.009544789791107178 336 196 518 417
face 0.009523272514343262 336 196 518 417
face 0.009282559156417847 336 196 518 417
face 0.00900694727897644 336 196 518 417
face 0.008981287479400635 336 196 518 417
face 0.008828073740005493 336 196 518 417
face 0.00853574275970459 336 196 518 417
face 0.008393585681915283 336 196 518 417
face 0.008328050374984741 336 196 518 417
face 0.008317559957504272 336 196 518 417
face 0.00819331407546997 336 196 518 417
face 0.008189290761947632 336 196 518 417
face 0.007868319749832153 336 196 518 417
face 0.007787942886352539 336 196 518 417
face 0.007778137922286987 336 196 518 417
face 0.007760286331176758 336 196 518 417
face 0.007683217525482178 336 196 518 417
face 0.007644742727279663 336 196 518 417
face 0.007504820823669434 336 196 518 417
face 0.007477611303329468 336 196 518 417
face 0.007089883089065552 336 196 518 417
face 0.006996452808380127 336 196 518 417
face 0.006886124610900879 336 196 518 417
face 0.0068090856075286865 336 196 518 417
face 0.006603717803955078 336 196 518 417
face 0.006560981273651123 336 196 518 417
face 0.006532609462738037 336 196 518 417
face 0.006365716457366943 336 196 518 417
face 0.0062691569328308105 336 196 518 417
face 0.006258159875869751 336 196 518 417
face 0.0062569379806518555 336 196 518 417
face 0.00618627667427063 336 196 518 417
face 0.006094694137573242 336 196 518 417
face 0.005877196788787842 336 196 518 417
face 0.005861490964889526 336 196 518 417
face 0.005743563175201416 336 196 518 417
face 0.005726069211959839 336 196 518 417
face 0.005675286054611206 336 196 518 417
face 0.005646646022796631 336 196 518 417
face 0.005581110715866089 336 196 518 417
face 0.0055429935455322266 336 196 518 417
face 0.005460172891616821 336 196 518 417
face 0.005438029766082764 336 196 518 417
face 0.005423754453659058 336 196 518 417
face 0.005395770072937012 336 196 518 417
face 0.005392402410507202 336 196 518 417
face 0.005381554365158081 336 196 518 417
face 0.00533139705657959 336 196 518 417
face 0.005329221487045288 336 196 518 417
face 0.005295157432556152 336 196 518 417
face 0.0052322447299957275 336 196 518 417
face 0.005220621824264526 336 196 518 417
face 0.005184471607208252 336 196 518 417
face 0.00517582893371582 336 196 518 417
face 0.005144476890563965 336 196 518 417
face 0.005125075578689575 336 196 518 417
face 0.005114376544952393 336 196 518 417
face 0.0051114559173583984 336 196 518 417
face 0.0050751566886901855 336 196 518 417
face 0.005055159330368042 336 196 518 417
face 0.004915118217468262 336 196 518 417
face 0.004898250102996826 336 196 518 417
face 0.004846900701522827 336 196 518 417
face 0.004766911268234253 336 196 518 417
face 0.004763275384902954 336 196 518 417
face 0.004666268825531006 336 196 518 417
face 0.004601538181304932 336 196 518 417
face 0.004575073719024658 336 196 518 417
face 0.004521310329437256 336 196 518 417
face 0.004512101411819458 336 196 518 417
face 0.004510313272476196 336 196 518 417
face 0.004481464624404907 336 196 518 417
face 0.004456311464309692 336 196 518 417
face 0.004402518272399902 336 196 518 417
face 0.004394620656967163 336 196 518 417
face 0.004384040832519531 336 196 518 417
face 0.004373431205749512 336 196 518 417
face 0.004372507333755493 336 196 518 417
face 0.004356265068054199 336 196 518 417
face 0.004340827465057373 336 196 518 417
face 0.004306316375732422 336 196 518 417
face 0.004297435283660889 336 196 518 417
