face 0.9787638187408447 387 168 489 303
face 0.9337435960769653 580 56 689 200
face 0.01068657636642456 580 56 689 200
face 0.010401278734207153 580 56 689 200
face 0.009834349155426025 580 56 689 200
face 0.00977855920791626 580 56 689 200
face 0.009042173624038696 580 56 689 200
face 0.008806109428405762 580 56 689 200
face 0.00878569483757019 580 56 689 200
face 0.008146196603775024 580 56 689 200
face 0.007782548666000366 580 56 689 200
face 0.00717926025390625 580 56 689 200
face 0.006675839424133301 580 56 689 200
face 0.006330430507659912 580 56 689 200
face 0.006178826093673706 580 56 689 200
face 0.006158500909805298 580 56 689 200
face 0.006115078926086426 580 56 689 200
face 0.005918949842453003 580 56 689 200
face 0.005782902240753174 580 56 689 200
face 0.005588144063949585 580 56 689 200
face 0.005500137805938721 580 56 689 200
face 0.005006849765777588 580 56 689 200
face 0.004601210355758667 580 56 689 200
face 0.004598796367645264 580 56 689 200
face 0.004509478807449341 580 56 689 200
face 0.004434734582901001 580 56 689 200
face 0.004161030054092407 580 56 689 200
face 0.004145950078964233 580 56 689 200
face 0.004046529531478882 580 56 689 200
face 0.003929734230041504 580 56 689 200
face 0.003914088010787964 580 56 689 200
face 0.003593236207962036 580 56 689 200
face 0.003584742546081543 580 56 689 200
face 0.0035344362258911133 580 56 689 200
face 0.0034337639808654785 580 56 689 200
face 0.003410845994949341 580 56 689 200
face 0.0033483803272247314 580 56 689 200
face 0.003321349620819092 580 56 689 200
face 0.0033035874366760254 580 56 689 200
face 0.0032050907611846924 580 56 689 200
face 0.003093212842941284 580 56 689 200
face 0.003050863742828369 580 56 689 200
face 0.003039836883544922 580 56 689 200
face 0.002978116273880005 580 56 689 200
face 0.002970099449157715 580 56 689 200
face 0.0029446184635162354 580 56 689 200
face 0.002920687198638916 580 56 689 200
face 0.002901822328567505 580 56 689 200
face 0.0028918087482452393 580 56 689 200
face 0.0028598904609680176 580 56 689 200
face 0.0028166770935058594 580 56 689 200
face 0.0027944743633270264 580 56 689 200
face 0.0027655065059661865 580 56 689 200
face 0.0027507245540618896 580 56 689 200
face 0.0027377307415008545 580 56 689 200
face 0.0027276277542114258 580 56 689 200
face 0.0026916563510894775 580 56 689 200
face 0.0026196539402008057 580 56 689 200
face 0.0025887787342071533 580 56 689 200
face 0.0025566816329956055 580 56 689 200
face 0.0025506317615509033 580 56 689 200
face 0.0025496184825897217 580 56 689 200
face 0.002536386251449585 580 56 689 200
face 0.0025007128715515137 580 56 689 200
face 0.0024346113204956055 580 56 689 200
face 0.0024295151233673096 580 56 689 200
face 0.00242006778717041 580 56 689 200
face 0.00237998366355896 580 56 689 200
face 0.002358078956604004 580 56 689 200
face 0.0023545026779174805 580 56 689 200
face 0.0023390352725982666 580 56 689 200
face 0.0023356080055236816 580 56 689 200
face 0.002329498529434204 580 56 689 200
face 0.0023072659969329834 580 56 689 200
face 0.0022810399532318115 580 56 689 200
face 0.002272278070449829 580 56 689 200
face 0.002231210470199585 580 56 689 200
face 0.002213388681411743 580 56 689 200
face 0.0022051632404327393 580 56 689 200
face 0.0021994411945343018 580 56 689 200
face 0.002193629741668701 580 56 689 200
face 0.0021845996379852295 580 56 689 200
face 0.0021642744541168213 580 56 689 200
face 0.0021578073501586914 580 56 689 200
face 0.0021498799324035645 580 56 689 200
face 0.002132713794708252 580 56 689 200
face 0.002129286527633667 580 56 689 200
face 0.002099841833114624 580 56 689 200
face 0.0020918548107147217 580 56 689 200
face 0.0020886659622192383 580 56 689 200
face 0.0020732879638671875 580 56 689 200
face 0.0020388364791870117 580 56 689 200
face 0.0020315051078796387 580 56 689 200
face 0.0020239055156707764 580 56 689 200
face 0.002023547887802124 580 56 689 200
face 0.0020177364349365234 580 56 689 200
face 0.002006739377975464 580 56 689 200
face 0.001959174871444702 580 56 689 200
face 0.0019561052322387695 580 56 689 200
face 0.0019151270389556885 580 56 689 200
