face 0.9961165189743042 882 45 992 182
face 0.9906156659126282 617 277 732 428
face 0.9890123009681702 416 24 522 163
face 0.9322333335876465 590 40 719 201
face 0.7787319421768188 176 51 300 214
face 0.7644709348678589 314 301 447 432
face 0.19593244791030884 314 301 447 432
face 0.112307608127594 314 301 447 432
face 0.058225005865097046 314 301 447 432
face 0.048376381397247314 314 301 447 432
face 0.04684406518936157 314 301 447 432
face 0.04567834734916687 314 301 447 432
face 0.03809678554534912 314 301 447 432
face 0.037265002727508545 314 301 447 432
face 0.03581756353378296 314 301 447 432
face 0.035627394914627075 314 301 447 432
face 0.032122254371643066 314 301 447 432
face 0.03186923265457153 314 301 447 432
face 0.026480168104171753 314 301 447 432
face 0.025610148906707764 314 301 447 432
face 0.024527281522750854 314 301 447 432
face 0.024212181568145752 314 301 447 432
face 0.022899240255355835 314 301 447 432
face 0.022613853216171265 314 301 447 432
face 0.02141261100769043 314 301 447 432
face 0.021356523036956787 314 301 447 432
face 0.021340250968933105 314 301 447 432
face 0.02120569348335266 314 301 447 432
face 0.020513564348220825 314 301 447 432
face 0.019873380661010742 314 301 447 432
face 0.01984703540802002 314 301 447 432
face 0.01971682906150818 314 301 447 432
face 0.019032210111618042 314 301 447 432
face 0.01830020546913147 314 301 447 432
face 0.016139060258865356 314 301 447 432
face 0.015220463275909424 314 301 447 432
face 0.014451175928115845 314 301 447 432
face 0.014003634452819824 314 301 447 432
face 0.013993382453918457 314 301 447 432
face 0.013706088066101074 314 301 447 432
face 0.013703495264053345 314 301 447 432
face 0.013689160346984863 314 301 447 432
face 0.013649046421051025 314 301 447 432
face 0.013125360012054443 314 301 447 432
face 0.012539803981781006 314 301 447 432
face 0.012072235345840454 314 301 447 432
face 0.01199573278427124 314 301 447 432
face 0.011392802000045776 314 301 447 432
face 0.011381834745407104 314 301 447 432
face 0.010986924171447754 314 301 447 432
face 0.01073428988456726 314 301 447 432
face 0.010418355464935303 314 301 447 432
face 0.010377675294876099 314 301 447 432
face 0.010324537754058838 314 301 447 432
face 0.01010829210281372 314 301 447 432
face 0.009921878576278687 314 301 447 432
face 0.009846687316894531 314 301 447 432
face 0.009822666645050049 314 301 447 432
face 0.00956752896308899 314 301 447 432
face 0.009566009044647217 314 301 447 432
face 0.0094643235206604 314 301 447 432
face 0.009380549192428589 314 301 447 432
face 0.009378135204315186 314 301 447 432
face 0.009349077939987183 314 301 447 432
face 0.008989781141281128 314 301 447 432
face 0.008976936340332031 314 301 447 432
face 0.008937686681747437 314 301 447 432
face 0.008754819631576538 314 301 447 432
face 0.008741766214370728 314 301 447 432
face 0.008659183979034424 314 301 447 432
face 0.008548825979232788 314 301 447 432
face 0.008256316184997559 314 301 447 432
face 0.008134424686431885 314 301 447 432
face 0.008040159940719604 314 301 447 432
face 0.007896453142166138 314 301 447 432
face 0.007889926433563232 314 301 447 432
face 0.007560849189758301 314 301 447 432
face 0.00740504264831543 314 301 447 432
face 0.007221877574920654 314 301 447 432
face 0.0071353912353515625 314 301 447 432
face 0.00712701678276062 314 301 447 432
face 0.0071007609367370605 314 301 447 432
face 0.006961464881896973 314 301 447 432
face 0.006922632455825806 314 301 447 432
face 0.006915152072906494 314 301 447 432
face 0.006774425506591797 314 301 447 432
face 0.006769031286239624 314 301 447 432
face 0.006647735834121704 314 301 447 432
face 0.006596565246582031 314 301 447 432
face 0.006411254405975342 314 301 447 432
face 0.006380945444107056 314 301 447 432
face 0.006336897611618042 314 301 447 432
face 0.0062784552574157715 314 301 447 432
face 0.006263136863708496 314 301 447 432
face 0.0062039196491241455 314 301 447 432
face 0.00617554783821106 314 301 447 432
face 0.0061636269092559814 314 301 447 432
face 0.006160080432891846 314 301 447 432
face 0.006056398153305054 314 301 447 432
face 0.005961596965789795 314 301 447 432
