face 0.9842346906661987 79 410 90 425
face 0.980545699596405 841 444 851 457
face 0.9672367572784424 956 443 967 456
face 0.9606950283050537 903 414 914 429
face 0.9387027025222778 782 447 792 459
face 0.9225009679794312 371 420 381 433
face 0.9180288314819336 299 405 311 422
face 0.871252715587616 103 386 112 397
face 0.8693956732749939 569 437 577 448
face 0.8522883653640747 144 409 154 422
face 0.8499538898468018 13 390 22 401
face 0.8376113772392273 980 404 990 418
face 0.8271874189376831 179 443 191 458
face 0.8244349360466003 855 397 866 412
face 0.8106231689453125 626 447 633 456
face 0.8030984401702881 692 474 703 487
face 0.755540132522583 144 383 153 395
face 0.7252929210662842 249 442 260 455
face 0.7227342128753662 205 408 215 421
face 0.6693928837776184 490 244 513 269
face 0.6268781423568726 423 445 432 456
face 0.591850221157074 998 410 1007 424
face 0.590491771697998 78 433 91 448
face 0.5781517028808594 568 419 577 430
face 0.5684434771537781 479 445 487 456
face 0.536995530128479 900 442 909 455
face 0.5125106573104858 17 405 27 417
face 0.49598053097724915 17 405 27 417
face 0.451537549495697 17 405 27 417
face 0.43099451065063477 17 405 27 417
face 0.42269980907440186 17 405 27 417
face 0.4207185208797455 17 405 27 417
face 0.38943666219711304 17 405 27 417
face 0.38187670707702637 17 405 27 417
face 0.37460586428642273 17 405 27 417
face 0.32683679461479187 17 405 27 417
face 0.29038310050964355 17 405 27 417
face 0.289561927318573 17 405 27 417
face 0.2775256335735321 17 405 27 417
face 0.2662888765335083 17 405 27 417
face 0.21603605151176453 17 405 27 417
face 0.21278882026672363 17 405 27 417
face 0.18325787782669067 17 405 27 417
face 0.17726358771324158 17 405 27 417
face 0.17669087648391724 17 405 27 417
face 0.1697538197040558 17 405 27 417
face 0.1272030770778656 17 405 27 417
face 0.12267294526100159 17 405 27 417
face 0.12235862016677856 17 405 27 417
face 0.12156987190246582 17 405 27 417
face 0.11839655041694641 17 405 27 417
face 0.1096213161945343 17 405 27 417
face 0.09666329622268677 17 405 27 417
face 0.09485834836959839 17 405 27 417
face 0.08710506558418274 17 405 27 417
face 0.08057928085327148 17 405 27 417
face 0.07175037264823914 17 405 27 417
face 0.07065027952194214 17 405 27 417
face 0.06954008340835571 17 405 27 417
face 0.06862711906433105 17 405 27 417
face 0.06833264231681824 17 405 27 417
face 0.06351318955421448 17 405 27 417
face 0.062422990798950195 17 405 27 417
face 0.05756610631942749 17 405 27 417
face 0.0558876097202301 17 405 27 417
face 0.05494856834411621 17 405 27 417
face 0.0546717643737793 17 405 27 417
face 0.05451276898384094 17 405 27 417
face 0.05322486162185669 17 405 27 417
face 0.052893370389938354 17 405 27 417
face 0.04855749011039734 17 405 27 417
face 0.04240149259567261 17 405 27 417
face 0.04100161790847778 17 405 27 417
face 0.03766849637031555 17 405 27 417
face 0.03758955001831055 17 405 27 417
face 0.034695208072662354 17 405 27 417
face 0.03458070755004883 17 405 27 417
face 0.034488141536712646 17 405 27 417
face 0.0340692400932312 17 405 27 417
face 0.030406266450881958 17 405 27 417
face 0.02912449836730957 17 405 27 417
face 0.026513487100601196 17 405 27 417
face 0.026337385177612305 17 405 27 417
face 0.025147080421447754 17 405 27 417
face 0.025020569562911987 17 405 27 417
face 0.024025410413742065 17 405 27 417
face 0.02395811676979065 17 405 27 417
face 0.023906320333480835 17 405 27 417
face 0.0219193696975708 17 405 27 417
face 0.021746426820755005 17 405 27 417
face 0.021702855825424194 17 405 27 417
face 0.021313399076461792 17 405 27 417
face 0.021274060010910034 17 405 27 417
face 0.020902365446090698 17 405 27 417
face 0.020579606294631958 17 405 27 417
face 0.01944008469581604 17 405 27 417
face 0.0194074809551239 17 405 27 417
face 0.019357830286026 17 405 27 417
face 0.019206643104553223 17 405 27 417
face 0.01718810200691223 17 405 27 417
