face 0.9654882550239563 221 94 422 328
face 0.8773567080497742 609 194 787 385
face 0.0167921781539917 609 194 787 385
face 0.01225396990776062 609 194 787 385
face 0.01032683253288269 609 194 787 385
face 0.009144783020019531 609 194 787 385
face 0.008786290884017944 609 194 787 385
face 0.006828874349594116 609 194 787 385
face 0.006550133228302002 609 194 787 385
face 0.006277292966842651 609 194 787 385
face 0.0061678290367126465 609 194 787 385
face 0.00594213604927063 609 194 787 385
face 0.005761504173278809 609 194 787 385
face 0.005273222923278809 609 194 787 385
face 0.00480276346206665 609 194 787 385
face 0.004780769348144531 609 194 787 385
face 0.004655003547668457 609 194 787 385
face 0.004631131887435913 609 194 787 385
face 0.004495531320571899 609 194 787 385
face 0.004360705614089966 609 194 787 385
face 0.004200249910354614 609 194 787 385
face 0.004038572311401367 609 194 787 385
face 0.004008263349533081 609 194 787 385
face 0.003790736198425293 609 194 787 385
face 0.0037706196308135986 609 194 787 385
face 0.0036142468452453613 609 194 787 385
face 0.0033915042877197266 609 194 787 385
face 0.0033905208110809326 609 194 787 385
face 0.0033054351806640625 609 194 787 385
face 0.003285139799118042 609 194 787 385
face 0.0032818615436553955 609 194 787 385
face 0.003271430730819702 609 194 787 385
face 0.003265887498855591 609 194 787 385
face 0.003245443105697632 609 194 787 385
face 0.0032219290733337402 609 194 787 385
face 0.003203064203262329 609 194 787 385
face 0.0031997859477996826 609 194 787 385
face 0.003106027841567993 609 194 787 385
face 0.0030143558979034424 609 194 787 385
face 0.002978086471557617 609 194 787 385
face 0.0029345452785491943 609 194 787 385
face 0.002895534038543701 609 194 787 385
face 0.002861917018890381 609 194 787 385
face 0.002837657928466797 609 194 787 385
face 0.00282442569732666 609 194 787 385
face 0.002808898687362671 609 194 787 385
face 0.0027894675731658936 609 194 787 385
face 0.002772688865661621 609 194 787 385
face 0.0027604997158050537 609 194 787 385
face 0.0027493834495544434 609 194 787 385
face 0.002699136734008789 609 194 787 385
face 0.0026758015155792236 609 194 787 385
face 0.002674609422683716 609 194 787 385
face 0.0026417076587677 609 194 787 385
face 0.00260964035987854 609 194 787 385
face 0.002555280923843384 609 194 787 385
face 0.0025496482849121094 609 194 787 385
face 0.002538055181503296 609 194 787 385
face 0.0025029778480529785 609 194 787 385
face 0.0025023221969604492 609 194 787 385
face 0.002483189105987549 609 194 787 385
face 0.0024681687355041504 609 194 787 385
face 0.0023947060108184814 609 194 787 385
face 0.0023678243160247803 609 194 787 385
face 0.002361476421356201 609 194 787 385
face 0.002316087484359741 609 194 787 385
face 0.00229761004447937 609 194 787 385
face 0.0022899210453033447 609 194 787 385
face 0.002262681722640991 609 194 787 385
face 0.0022430717945098877 609 194 787 385
face 0.0022399723529815674 609 194 787 385
face 0.002230405807495117 609 194 787 385
face 0.002224911702796817 609 194 787 385
face 0.002220451831817627 609 194 787 385
face 0.0022158026695251465 609 194 787 385
face 0.002209693193435669 609 194 787 385
face 0.002203047275543213 609 194 787 385
face 0.0021885335445404053 609 194 787 385
face 0.0021868348121643066 609 194 787 385
face 0.0021778345108032227 609 194 787 385
face 0.0021691620349884033 609 194 787 385
face 0.0021296143531799316 609 194 787 385
face 0.0020782947540283203 609 194 787 385
face 0.002065807580947876 609 194 787 385
face 0.0020617246627807617 609 194 787 385
face 0.0020213723182678223 609 194 787 385
face 0.0019974112510681152 609 194 787 385
face 0.001961648464202881 609 194 787 385
face 0.0019440650939941406 609 194 787 385
face 0.0019263923168182373 609 194 787 385
face 0.001919865608215332 609 194 787 385
face 0.0019120275974273682 609 194 787 385
face 0.001909494400024414 609 194 787 385
face 0.0018957555294036865 609 194 787 385
face 0.0018838346004486084 609 194 787 385
face 0.0018819868564605713 609 194 787 385
face 0.0018696784973144531 609 194 787 385
face 0.0018681585788726807 609 194 787 385
face 0.0018462836742401123 609 194 787 385
face 0.0018461048603057861 609 194 787 385
