face 0.9893316030502319 697 291 713 313
face 0.9651116132736206 91 227 100 239
face 0.9459501504898071 79 319 91 332
face 0.942231297492981 407 304 419 319
face 0.8222261667251587 148 307 159 322
face 0.7717735171318054 857 280 876 305
face 0.7141634821891785 13 237 23 250
face 0.6744168996810913 16 309 27 323
face 0.6284646987915039 21 263 32 276
face 0.5753662586212158 785 293 801 316
face 0.5683277249336243 142 223 151 234
face 0.5248553156852722 64 268 74 281
face 0.4244212806224823 64 268 74 281
face 0.3646233379840851 64 268 74 281
face 0.2313133180141449 64 268 74 281
face 0.17203083634376526 64 268 74 281
face 0.1279297173023224 64 268 74 281
face 0.10432541370391846 64 268 74 281
face 0.10206317901611328 64 268 74 281
face 0.08985322713851929 64 268 74 281
face 0.08294418454170227 64 268 74 281
face 0.0732811689376831 64 268 74 281
face 0.0715794563293457 64 268 74 281
face 0.0661936104297638 64 268 74 281
face 0.06270676851272583 64 268 74 281
face 0.05952250957489014 64 268 74 281
face 0.056833893060684204 64 268 74 281
face 0.05621114373207092 64 268 74 281
face 0.055684894323349 64 268 74 281
face 0.051310718059539795 64 268 74 281
face 0.04930952191352844 64 268 74 281
face 0.04851570725440979 64 268 74 281
face 0.04745417833328247 64 268 74 281
face 0.04296070337295532 64 268 74 281
face 0.03610953688621521 64 268 74 281
face 0.03278011083602905 64 268 74 281
face 0.03206205368041992 64 268 74 281
face 0.03187456727027893 64 268 74 281
face 0.030466854572296143 64 268 74 281
face 0.02540987730026245 64 268 74 281
face 0.024203628301620483 64 268 74 281
face 0.024126529693603516 64 268 74 281
face 0.023312360048294067 64 268 74 281
face 0.022314488887786865 64 268 74 281
face 0.021633446216583252 64 268 74 281
face 0.019098639488220215 64 268 74 281
face 0.018901020288467407 64 268 74 281
face 0.015914618968963623 64 268 74 281
face 0.015654653310775757 64 268 74 281
face 0.015334606170654297 64 268 74 281
face 0.015295982360839844 64 268 74 281
face 0.015181124210357666 64 268 74 281
face 0.014178246259689331 64 268 74 281
face 0.013884961605072021 64 268 74 281
face 0.013676613569259644 64 268 74 281
face 0.013397634029388428 64 268 74 281
face 0.013038098812103271 64 268 74 281
face 0.012849748134613037 64 268 74 281
face 0.01276734471321106 64 268 74 281
face 0.012437999248504639 64 268 74 281
face 0.011669695377349854 64 268 74 281
face 0.011184275150299072 64 268 74 281
face 0.011117428541183472 64 268 74 281
face 0.010930299758911133 64 268 74 281
face 0.010888129472732544 64 268 74 281
face 0.009964972734451294 64 268 74 281
face 0.009848058223724365 64 268 74 281
face 0.00916329026222229 64 268 74 281
face 0.009139597415924072 64 268 74 281
face 0.008906155824661255 64 268 74 281
face 0.00886198878288269 64 268 74 281
face 0.008853316307067871 64 268 74 281
face 0.008750349283218384 64 268 74 281
face 0.008718043565750122 64 268 74 281
face 0.008446544408798218 64 268 74 281
face 0.008376598358154297 64 268 74 281
face 0.007885098457336426 64 268 74 281
face 0.007826387882232666 64 268 74 281
face 0.00758400559425354 64 268 74 281
face 0.0073347389698028564 64 268 74 281
face 0.007314085960388184 64 268 74 281
face 0.007293879985809326 64 268 74 281
face 0.007260352373123169 64 268 74 281
face 0.007072627544403076 64 268 74 281
face 0.007038593292236328 64 268 74 281
face 0.0069544315338134766 64 268 74 281
face 0.0069432854652404785 64 268 74 281
face 0.0068950355052948 64 268 74 281
face 0.0068406760692596436 64 268 74 281
face 0.006438076496124268 64 268 74 281
face 0.006422281265258789 64 268 74 281
face 0.006297558546066284 64 268 74 281
face 0.006228804588317871 64 268 74 281
face 0.006132632493972778 64 268 74 281
face 0.00605243444442749 64 268 74 281
face 0.006049007177352905 64 268 74 281
face 0.006020247936248779 64 268 74 281
face 0.005915015935897827 64 268 74 281
face 0.005910992622375488 64 268 74 281
face 0.005871385335922241 64 268 74 281
