face 0.9564061164855957 644 274 657 293
face 0.7893630266189575 918 257 932 275
face 0.35250169038772583 918 257 932 275
face 0.2601779103279114 918 257 932 275
face 0.10237336158752441 918 257 932 275
face 0.05424991250038147 918 257 932 275
face 0.041158705949783325 918 257 932 275
face 0.038436710834503174 918 257 932 275
face 0.03785175085067749 918 257 932 275
face 0.037099748849868774 918 257 932 275
face 0.03515943884849548 918 257 932 275
face 0.033063262701034546 918 257 932 275
face 0.03277045488357544 918 257 932 275
face 0.02800324559211731 918 257 932 275
face 0.021160632371902466 918 257 932 275
face 0.019002705812454224 918 257 932 275
face 0.018610447645187378 918 257 932 275
face 0.017324447631835938 918 257 932 275
face 0.01692366600036621 918 257 932 275
face 0.01689770817756653 918 257 932 275
face 0.016809433698654175 918 257 932 275
face 0.016677379608154297 918 257 932 275
face 0.015890687704086304 918 257 932 275
face 0.014981299638748169 918 257 932 275
face 0.014813840389251709 918 257 932 275
face 0.014361143112182617 918 257 932 275
face 0.014270782470703125 918 257 932 275
face 0.014158695936203003 918 257 932 275
face 0.013744950294494629 918 257 932 275
face 0.013252228498458862 918 257 932 275
face 0.013048171997070312 918 257 932 275
face 0.01295006275177002 918 257 932 275
face 0.012817054986953735 918 257 932 275
face 0.012787163257598877 918 257 932 275
face 0.012731581926345825 918 257 932 275
face 0.012581110000610352 918 257 932 275
face 0.0125751793384552 918 257 932 275
face 0.012369483709335327 918 257 932 275
face 0.011901706457138062 918 257 932 275
face 0.011583179235458374 918 257 932 275
face 0.011489897966384888 918 257 932 275
face 0.011424064636230469 918 257 932 275
face 0.011231571435928345 918 257 932 275
face 0.011199265718460083 918 257 932 275
face 0.011167138814926147 918 257 932 275
face 0.010700196027755737 918 257 932 275
face 0.01066446304321289 918 257 932 275
face 0.010484933853149414 918 257 932 275
face 0.010358959436416626 918 257 932 275
face 0.010301202535629272 918 257 932 275
face 0.010235518217086792 918 257 932 275
face 0.010224193334579468 918 257 932 275
face 0.010071337223052979 918 257 932 275
face 0.009881734848022461 918 257 932 275
face 0.009836912155151367 918 257 932 275
face 0.009740561246871948 918 257 932 275
face 0.009660214185714722 918 257 932 275
face 0.009448438882827759 918 257 932 275
face 0.009193003177642822 918 257 932 275
face 0.009174525737762451 918 257 932 275
face 0.009119302034378052 918 257 932 275
face 0.009092569351196289 918 257 932 275
face 0.009072095155715942 918 257 932 275
face 0.008770942687988281 918 257 932 275
face 0.008732408285140991 918 257 932 275
face 0.008732110261917114 918 257 932 275
face 0.00871315598487854 918 257 932 275
face 0.008522570133209229 918 257 932 275
face 0.008463770151138306 918 257 932 275
face 0.0083998441696167 918 257 932 275
face 0.008396446704864502 918 257 932 275
face 0.008248716592788696 918 257 932 275
face 0.008221805095672607 918 257 932 275
face 0.008195936679840088 918 257 932 275
face 0.008018583059310913 918 257 932 275
face 0.007988184690475464 918 257 932 275
face 0.007961452007293701 918 257 932 275
face 0.00793522596359253 918 257 932 275
face 0.007860243320465088 918 257 932 275
face 0.007807046175003052 918 257 932 275
face 0.007781863212585449 918 257 932 275
face 0.00755387544631958 918 257 932 275
face 0.00745883584022522 918 257 932 275
face 0.007432341575622559 918 257 932 275
face 0.007405519485473633 918 257 932 275
face 0.007307916879653931 918 257 932 275
face 0.007303178310394287 918 257 932 275
face 0.007228583097457886 918 257 932 275
face 0.007217675447463989 918 257 932 275
face 0.007164657115936279 918 257 932 275
face 0.007010996341705322 918 257 932 275
face 0.006981313228607178 918 257 932 275
face 0.006946146488189697 918 257 932 275
face 0.006904721260070801 918 257 932 275
face 0.006855756044387817 918 257 932 275
face 0.006835460662841797 918 257 932 275
face 0.006690353155136108 918 257 932 275
face 0.006672173738479614 918 257 932 275
face 0.006664931774139404 918 257 932 275
face 0.006614983081817627 918 257 932 275
