face 0.9775458574295044 192 461 296 625
face 0.9461095333099365 956 568 1016 657
face 0.5926778316497803 854 804 906 865
face 0.5371488332748413 818 625 851 663
face 0.48377636075019836 818 625 851 663
face 0.43150606751441956 818 625 851 663
face 0.38378381729125977 818 625 851 663
face 0.35766100883483887 818 625 851 663
face 0.35508912801742554 818 625 851 663
face 0.3337107002735138 818 625 851 663
face 0.32853662967681885 818 625 851 663
face 0.30441227555274963 818 625 851 663
face 0.20604124665260315 818 625 851 663
face 0.20238813757896423 818 625 851 663
face 0.1774080991744995 818 625 851 663
face 0.1766660511493683 818 625 851 663
face 0.16270840167999268 818 625 851 663
face 0.15017905831336975 818 625 851 663
face 0.1497786045074463 818 625 851 663
face 0.13630861043930054 818 625 851 663
face 0.13201051950454712 818 625 851 663
face 0.11120370030403137 818 625 851 663
face 0.11041465401649475 818 625 851 663
face 0.10182923078536987 818 625 851 663
face 0.09955629706382751 818 625 851 663
face 0.09731897711753845 818 625 851 663
face 0.08350887894630432 818 625 851 663
face 0.07127761840820312 818 625 851 663
face 0.06582391262054443 818 625 851 663
face 0.06546643376350403 818 625 851 663
face 0.05973801016807556 818 625 851 663
face 0.05945026874542236 818 625 851 663
face 0.05705493688583374 818 625 851 663
face 0.05575442314147949 818 625 851 663
face 0.0493946373462677 818 625 851 663
face 0.04889526963233948 818 625 851 663
face 0.04857972264289856 818 625 851 663
face 0.04817578196525574 818 625 851 663
face 0.04594600200653076 818 625 851 663
face 0.04290652275085449 818 625 851 663
face 0.04289725422859192 818 625 851 663
face 0.04199916124343872 818 625 851 663
face 0.041537195444107056 818 625 851 663
face 0.04088139533996582 818 625 851 663
face 0.040438175201416016 818 625 851 663
face 0.039855122566223145 818 625 851 663
face 0.038133710622787476 818 625 851 663
face 0.03808772563934326 818 625 851 663
face 0.03575095534324646 818 625 851 663
face 0.03547516465187073 818 625 851 663
face 0.03524041175842285 818 625 851 663
face 0.03456646203994751 818 625 851 663
face 0.03450596332550049 818 625 851 663
face 0.034456342458724976 818 625 851 663
face 0.033018410205841064 818 625 851 663
face 0.032402604818344116 818 625 851 663
face 0.032163649797439575 818 625 851 663
face 0.03140023350715637 818 625 851 663
face 0.031392693519592285 818 625 851 663
face 0.03034350275993347 818 625 851 663
face 0.02897629141807556 818 625 851 663
face 0.028691768646240234 818 625 851 663
face 0.027710020542144775 818 625 851 663
face 0.02756190299987793 818 625 851 663
face 0.027463257312774658 818 625 851 663
face 0.0270538330078125 818 625 851 663
face 0.026691913604736328 818 625 851 663
face 0.026561230421066284 818 625 851 663
face 0.026476383209228516 818 625 851 663
face 0.026460707187652588 818 625 851 663
face 0.02612784504890442 818 625 851 663
face 0.026057183742523193 818 625 851 663
face 0.025670766830444336 818 625 851 663
face 0.025180697441101074 818 625 851 663
face 0.024401187896728516 818 625 851 663
face 0.02398088574409485 818 625 851 663
face 0.023788869380950928 818 625 851 663
face 0.02338927984237671 818 625 851 663
face 0.023350775241851807 818 625 851 663
face 0.023132532835006714 818 625 851 663
face 0.022741615772247314 818 625 851 663
face 0.02239370346069336 818 625 851 663
face 0.02236577868461609 818 625 851 663
face 0.022017687559127808 818 625 851 663
face 0.02192780375480652 818 625 851 663
face 0.021723240613937378 818 625 851 663
face 0.021690696477890015 818 625 851 663
face 0.021684348583221436 818 625 851 663
face 0.02156287431716919 818 625 851 663
face 0.021416515111923218 818 625 851 663
face 0.021389812231063843 818 625 851 663
face 0.021302849054336548 818 625 851 663
face 0.02114933729171753 818 625 851 663
face 0.020999789237976074 818 625 851 663
face 0.020388692617416382 818 625 851 663
face 0.0202120840549469 818 625 851 663
face 0.020129889249801636 818 625 851 663
face 0.01989614963531494 818 625 851 663
face 0.019894301891326904 818 625 851 663
face 0.019625604152679443 818 625 851 663
