face 0.6208683252334595 388 427 511 523
face 0.40637415647506714 388 427 511 523
face 0.22048330307006836 388 427 511 523
face 0.10472583770751953 388 427 511 523
face 0.08436328172683716 388 427 511 523
face 0.0763690173625946 388 427 511 523
face 0.07482090592384338 388 427 511 523
face 0.06521263718605042 388 427 511 523
face 0.06472301483154297 388 427 511 523
face 0.058671146631240845 388 427 511 523
face 0.054040729999542236 388 427 511 523
face 0.04273831844329834 388 427 511 523
face 0.041183024644851685 388 427 511 523
face 0.0380173921585083 388 427 511 523
face 0.029505997896194458 388 427 511 523
face 0.029209882020950317 388 427 511 523
face 0.029025405645370483 388 427 511 523
face 0.02744045853614807 388 427 511 523
face 0.02738398313522339 388 427 511 523
face 0.026567280292510986 388 427 511 523
face 0.024753481149673462 388 427 511 523
face 0.02327132225036621 388 427 511 523
face 0.02300083637237549 388 427 511 523
face 0.022885829210281372 388 427 511 523
face 0.02244153618812561 388 427 511 523
face 0.022051513195037842 388 427 511 523
face 0.021542668342590332 388 427 511 523
face 0.019662976264953613 388 427 511 523
face 0.019413650035858154 388 427 511 523
face 0.018756449222564697 388 427 511 523
face 0.018385857343673706 388 427 511 523
face 0.01834583282470703 388 427 511 523
face 0.01765906810760498 388 427 511 523
face 0.017449945211410522 388 427 511 523
face 0.017087996006011963 388 427 511 523
face 0.017028987407684326 388 427 511 523
face 0.016684651374816895 388 427 511 523
face 0.016119807958602905 388 427 511 523
face 0.0159512460231781 388 427 511 523
face 0.015738576650619507 388 427 511 523
face 0.015153646469116211 388 427 511 523
face 0.015063822269439697 388 427 511 523
face 0.015008419752120972 388 427 511 523
face 0.014931738376617432 388 427 511 523
face 0.014899969100952148 388 427 511 523
face 0.014227449893951416 388 427 511 523
face 0.013889551162719727 388 427 511 523
face 0.013423144817352295 388 427 511 523
face 0.013421326875686646 388 427 511 523
face 0.013137847185134888 388 427 511 523
face 0.01290661096572876 388 427 511 523
face 0.012715965509414673 388 427 511 523
face 0.012462824583053589 388 427 511 523
face 0.012303322553634644 388 427 511 523
face 0.012302815914154053 388 427 511 523
face 0.011870026588439941 388 427 511 523
face 0.011769473552703857 388 427 511 523
face 0.01110944151878357 388 427 511 523
face 0.011008888483047485 388 427 511 523
face 0.010816991329193115 388 427 511 523
face 0.010811030864715576 388 427 511 523
face 0.010702073574066162 388 427 511 523
face 0.010697364807128906 388 427 511 523
face 0.010542571544647217 388 427 511 523
face 0.010513722896575928 388 427 511 523
face 0.009645611047744751 388 427 511 523
face 0.009460538625717163 388 427 511 523
face 0.009358972311019897 388 427 511 523
face 0.009270131587982178 388 427 511 523
face 0.009268492460250854 388 427 511 523
face 0.009190171957015991 388 427 511 523
face 0.009128034114837646 388 427 511 523
face 0.00908997654914856 388 427 511 523
face 0.009047895669937134 388 427 511 523
face 0.008941233158111572 388 427 511 523
face 0.008865714073181152 388 427 511 523
face 0.00883108377456665 388 427 511 523
face 0.008800327777862549 388 427 511 523
face 0.008641660213470459 388 427 511 523
face 0.00858721137046814 388 427 511 523
face 0.00851452350616455 388 427 511 523
face 0.008392781019210815 388 427 511 523
face 0.008285462856292725 388 427 511 523
face 0.008180290460586548 388 427 511 523
face 0.008176416158676147 388 427 511 523
face 0.008159071207046509 388 427 511 523
face 0.008086919784545898 388 427 511 523
face 0.008064687252044678 388 427 511 523
face 0.007996857166290283 388 427 511 523
face 0.007912755012512207 388 427 511 523
face 0.007678478956222534 388 427 511 523
face 0.00765576958656311 388 427 511 523
face 0.007655709981918335 388 427 511 523
face 0.007633566856384277 388 427 511 523
face 0.007472306489944458 388 427 511 523
face 0.007468193769454956 388 427 511 523
face 0.00730857253074646 388 427 511 523
face 0.0072089433670043945 388 427 511 523
face 0.007166534662246704 388 427 511 523
face 0.007112562656402588 388 427 511 523
