face 0.9953063130378723 78 33 107 71
face 0.9926056265830994 224 72 249 106
face 0.9850797057151794 562 64 596 107
face 0.9845372438430786 129 100 158 135
face 0.9050837159156799 590 517 602 534
face 0.9032759666442871 51 265 111 354
face 0.7990188598632812 483 491 499 513
face 0.7464578151702881 948 24 974 52
face 0.6456375122070312 371 75 386 95
face 0.5355533957481384 693 531 703 544
face 0.53334641456604 763 3 791 32
face 0.522437572479248 850 592 861 606
face 0.5204882621765137 468 108 485 133
face 0.497430682182312 468 108 485 133
face 0.4546657204627991 468 108 485 133
face 0.41101646423339844 468 108 485 133
face 0.3994418978691101 468 108 485 133
face 0.3951413631439209 468 108 485 133
face 0.37222039699554443 468 108 485 133
face 0.35594475269317627 468 108 485 133
face 0.35204678773880005 468 108 485 133
face 0.34735924005508423 468 108 485 133
face 0.3426815867424011 468 108 485 133
face 0.3388257324695587 468 108 485 133
face 0.3274783492088318 468 108 485 133
face 0.3056640625 468 108 485 133
face 0.29815584421157837 468 108 485 133
face 0.2978893518447876 468 108 485 133
face 0.2933797240257263 468 108 485 133
face 0.2908790111541748 468 108 485 133
face 0.27422890067100525 468 108 485 133
face 0.2586454153060913 468 108 485 133
face 0.2522031366825104 468 108 485 133
face 0.25049006938934326 468 108 485 133
face 0.23684647679328918 468 108 485 133
face 0.21713513135910034 468 108 485 133
face 0.2120417356491089 468 108 485 133
face 0.2117939293384552 468 108 485 133
face 0.2094365954399109 468 108 485 133
face 0.20444226264953613 468 108 485 133
face 0.2034907341003418 468 108 485 133
face 0.19431546330451965 468 108 485 133
face 0.18599829077720642 468 108 485 133
face 0.17991575598716736 468 108 485 133
face 0.17214009165763855 468 108 485 133
face 0.1484140157699585 468 108 485 133
face 0.13802221417427063 468 108 485 133
face 0.1353079378604889 468 108 485 133
face 0.13422930240631104 468 108 485 133
face 0.13170921802520752 468 108 485 133
face 0.13147035241127014 468 108 485 133
face 0.13137748837471008 468 108 485 133
face 0.12893590331077576 468 108 485 133
face 0.12827038764953613 468 108 485 133
face 0.1280551552772522 468 108 485 133
face 0.12060612440109253 468 108 485 133
face 0.11673587560653687 468 108 485 133
face 0.10963931679725647 468 108 485 133
face 0.10916206240653992 468 108 485 133
face 0.10811439156532288 468 108 485 133
face 0.10565832257270813 468 108 485 133
face 0.10500985383987427 468 108 485 133
face 0.10488668084144592 468 108 485 133
face 0.10374942421913147 468 108 485 133
face 0.10235407948493958 468 108 485 133
face 0.10221269726753235 468 108 485 133
face 0.09574118256568909 468 108 485 133
face 0.09423702955245972 468 108 485 133
face 0.09143880009651184 468 108 485 133
face 0.08837658166885376 468 108 485 133
face 0.08591562509536743 468 108 485 133
face 0.08555802702903748 468 108 485 133
face 0.08260294795036316 468 108 485 133
face 0.07978543639183044 468 108 485 133
face 0.07761076092720032 468 108 485 133
face 0.07739695906639099 468 108 485 133
face 0.0765681266784668 468 108 485 133
face 0.07615071535110474 468 108 485 133
face 0.07205751538276672 468 108 485 133
face 0.0712260901927948 468 108 485 133
face 0.07056555151939392 468 108 485 133
face 0.070243239402771 468 108 485 133
face 0.06920105218887329 468 108 485 133
face 0.06838330626487732 468 108 485 133
face 0.06599828600883484 468 108 485 133
face 0.0644885003566742 468 108 485 133
face 0.06369000673294067 468 108 485 133
face 0.06185275316238403 468 108 485 133
face 0.05965760350227356 468 108 485 133
face 0.05869206786155701 468 108 485 133
face 0.0580315887928009 468 108 485 133
face 0.055736660957336426 468 108 485 133
face 0.054600924253463745 468 108 485 133
face 0.053581058979034424 468 108 485 133
face 0.05344414710998535 468 108 485 133
face 0.053218305110931396 468 108 485 133
face 0.05294227600097656 468 108 485 133
face 0.05276811122894287 468 108 485 133
face 0.0521889328956604 468 108 485 133
face 0.04925474524497986 468 108 485 133
