face 0.9993812441825867 565 446 596 484
face 0.9938230514526367 357 331 382 362
face 0.9930753707885742 542 289 570 324
face 0.9919764399528503 446 418 476 455
face 0.9851623773574829 813 300 845 336
face 0.9784626960754395 315 450 339 488
face 0.9698374271392822 596 261 627 293
face 0.9656472206115723 459 280 485 313
face 0.963603675365448 752 312 783 351
face 0.9396357536315918 422 318 448 350
face 0.913307785987854 370 407 397 444
face 0.855212390422821 279 303 307 338
face 0.7715839147567749 620 306 648 340
face 0.6672587990760803 695 339 721 373
face 0.5954045057296753 479 318 505 350
face 0.5620309114456177 677 300 706 333
face 0.5605840086936951 485 318 512 352
face 0.4918733239173889 485 318 512 352
face 0.4852483570575714 485 318 512 352
face 0.3946276903152466 485 318 512 352
face 0.2861618995666504 485 318 512 352
face 0.13933253288269043 485 318 512 352
face 0.11774590611457825 485 318 512 352
face 0.09573253989219666 485 318 512 352
face 0.09121403098106384 485 318 512 352
face 0.08963292837142944 485 318 512 352
face 0.08013811707496643 485 318 512 352
face 0.07419008016586304 485 318 512 352
face 0.07001152634620667 485 318 512 352
face 0.06617563962936401 485 318 512 352
face 0.05247694253921509 485 318 512 352
face 0.05001586675643921 485 318 512 352
face 0.04481050372123718 485 318 512 352
face 0.034589678049087524 485 318 512 352
face 0.028737545013427734 485 318 512 352
face 0.025943279266357422 485 318 512 352
face 0.020386576652526855 485 318 512 352
face 0.02029922604560852 485 318 512 352
face 0.018992245197296143 485 318 512 352
face 0.018546104431152344 485 318 512 352
face 0.017956674098968506 485 318 512 352
face 0.01785537600517273 485 318 512 352
face 0.01764807105064392 485 318 512 352
face 0.017640024423599243 485 318 512 352
face 0.015726834535598755 485 318 512 352
face 0.015055447816848755 485 318 512 352
face 0.014368712902069092 485 318 512 352
face 0.01430213451385498 485 318 512 352
face 0.014254361391067505 485 318 512 352
face 0.014074325561523438 485 318 512 352
face 0.013565748929977417 485 318 512 352
face 0.012582272291183472 485 318 512 352
face 0.011322051286697388 485 318 512 352
face 0.010949969291687012 485 318 512 352
face 0.010454565286636353 485 318 512 352
face 0.01039549708366394 485 318 512 352
face 0.01012498140335083 485 318 512 352
face 0.009835094213485718 485 318 512 352
face 0.009444087743759155 485 318 512 352
face 0.009007304906845093 485 318 512 352
face 0.008949607610702515 485 318 512 352
face 0.008880555629730225 485 318 512 352
face 0.008853048086166382 485 318 512 352
face 0.008777886629104614 485 318 512 352
face 0.008483797311782837 485 318 512 352
face 0.008070796728134155 485 318 512 352
face 0.007930099964141846 485 318 512 352
face 0.007869184017181396 485 318 512 352
face 0.007661283016204834 485 318 512 352
face 0.007258027791976929 485 318 512 352
face 0.00713503360748291 485 318 512 352
face 0.006694138050079346 485 318 512 352
face 0.006206780672073364 485 318 512 352
face 0.006102919578552246 485 318 512 352
face 0.006056010723114014 485 318 512 352
face 0.005408525466918945 485 318 512 352
face 0.005299568176269531 485 318 512 352
face 0.005247652530670166 485 318 512 352
face 0.00506177544593811 485 318 512 352
face 0.004890650510787964 485 318 512 352
face 0.004704833030700684 485 318 512 352
face 0.004612773656845093 485 318 512 352
face 0.0045164525508880615 485 318 512 352
face 0.0044633448123931885 485 318 512 352
face 0.004418730735778809 485 318 512 352
face 0.00430828332901001 485 318 512 352
face 0.0041949450969696045 485 318 512 352
face 0.00407901406288147 485 318 512 352
face 0.004052877426147461 485 318 512 352
face 0.003968775272369385 485 318 512 352
face 0.0037842094898223877 485 318 512 352
face 0.0037834346294403076 485 318 512 352
face 0.003743380308151245 485 318 512 352
face 0.0036834776401519775 485 318 512 352
face 0.003588855266571045 485 318 512 352
face 0.0035825371742248535 485 318 512 352
face 0.003564804792404175 485 318 512 352
face 0.0035548508167266846 485 318 512 352
face 0.003451913595199585 485 318 512 352
face 0.0033103227615356445 485 318 512 352
