face 0.9896240234375 184 201 213 230
face 0.9533201456069946 383 195 406 223
face 0.9456508159637451 75 387 96 410
face 0.874273955821991 239 406 251 422
face 0.7673791646957397 13 381 34 405
face 0.7473231554031372 887 387 899 403
face 0.7352954149246216 831 397 842 412
face 0.6886424422264099 804 399 814 413
face 0.6555226445198059 567 421 573 429
face 0.4946810305118561 567 421 573 429
face 0.4403071999549866 567 421 573 429
face 0.42446863651275635 567 421 573 429
face 0.4213069975376129 567 421 573 429
face 0.41284602880477905 567 421 573 429
face 0.38478031754493713 567 421 573 429
face 0.3218650817871094 567 421 573 429
face 0.3081948757171631 567 421 573 429
face 0.2397383749485016 567 421 573 429
face 0.23555836081504822 567 421 573 429
face 0.21354243159294128 567 421 573 429
face 0.2116733193397522 567 421 573 429
face 0.20439264178276062 567 421 573 429
face 0.1847326159477234 567 421 573 429
face 0.1797989308834076 567 421 573 429
face 0.1769203245639801 567 421 573 429
face 0.16953155398368835 567 421 573 429
face 0.16793382167816162 567 421 573 429
face 0.13652944564819336 567 421 573 429
face 0.12334778904914856 567 421 573 429
face 0.12043428421020508 567 421 573 429
face 0.11563333868980408 567 421 573 429
face 0.11142262816429138 567 421 573 429
face 0.11041867733001709 567 421 573 429
face 0.1071697473526001 567 421 573 429
face 0.10173064470291138 567 421 573 429
face 0.09134843945503235 567 421 573 429
face 0.08817547559738159 567 421 573 429
face 0.08070880174636841 567 421 573 429
face 0.08010837435722351 567 421 573 429
face 0.07607370615005493 567 421 573 429
face 0.07601091265678406 567 421 573 429
face 0.0745750367641449 567 421 573 429
face 0.06717664003372192 567 421 573 429
face 0.06634187698364258 567 421 573 429
face 0.06579604744911194 567 421 573 429
face 0.06354877352714539 567 421 573 429
face 0.062180519104003906 567 421 573 429
face 0.061953991651535034 567 421 573 429
face 0.061947405338287354 567 421 573 429
face 0.06120821833610535 567 421 573 429
face 0.06093412637710571 567 421 573 429
face 0.06090918183326721 567 421 573 429
face 0.06045740842819214 567 421 573 429
face 0.058704227209091187 567 421 573 429
face 0.05494007468223572 567 421 573 429
face 0.05490589141845703 567 421 573 429
face 0.05316197872161865 567 421 573 429
face 0.05294916033744812 567 421 573 429
face 0.050509482622146606 567 421 573 429
face 0.05008479952812195 567 421 573 429
face 0.04989355802536011 567 421 573 429
face 0.04863518476486206 567 421 573 429
face 0.046529918909072876 567 421 573 429
face 0.043451011180877686 567 421 573 429
face 0.04175412654876709 567 421 573 429
face 0.04108598828315735 567 421 573 429
face 0.04053449630737305 567 421 573 429
face 0.039054691791534424 567 421 573 429
face 0.038278669118881226 567 421 573 429
face 0.03709402680397034 567 421 573 429
face 0.03665369749069214 567 421 573 429
face 0.036384642124176025 567 421 573 429
face 0.0354941189289093 567 421 573 429
face 0.03443977236747742 567 421 573 429
face 0.03412184119224548 567 421 573 429
face 0.03286665678024292 567 421 573 429
face 0.03261953592300415 567 421 573 429
face 0.031884074211120605 567 421 573 429
face 0.029550880193710327 567 421 573 429
face 0.029336094856262207 567 421 573 429
face 0.029092222452163696 567 421 573 429
face 0.02658340334892273 567 421 573 429
face 0.026550263166427612 567 421 573 429
face 0.024845242500305176 567 421 573 429
face 0.024517357349395752 567 421 573 429
face 0.024357199668884277 567 421 573 429
face 0.023557931184768677 567 421 573 429
face 0.022892534732818604 567 421 573 429
face 0.022762268781661987 567 421 573 429
face 0.021780014038085938 567 421 573 429
face 0.02175942063331604 567 421 573 429
face 0.021689116954803467 567 421 573 429
face 0.021583467721939087 567 421 573 429
face 0.021088123321533203 567 421 573 429
face 0.020369678735733032 567 421 573 429
face 0.020049989223480225 567 421 573 429
face 0.019865870475769043 567 421 573 429
face 0.019231051206588745 567 421 573 429
face 0.018859505653381348 567 421 573 429
face 0.018588751554489136 567 421 573 429
