face 0.9719104766845703 248 404 261 420
face 0.9608479738235474 622 401 637 419
face 0.9558742046356201 954 300 962 312
face 0.9440261125564575 672 376 683 391
face 0.9414805769920349 753 374 766 390
face 0.9382362365722656 958 373 970 388
face 0.9264817833900452 366 375 377 392
face 0.9156389236450195 198 441 213 460
face 0.9026250839233398 411 369 424 388
face 0.8990011215209961 892 438 908 455
face 0.8973482847213745 898 305 906 316
face 0.8910051584243774 297 410 309 426
face 0.8548911809921265 577 370 591 390
face 0.8545156121253967 858 342 869 356
face 0.8427993059158325 697 342 708 356
face 0.8168382048606873 911 342 920 354
face 0.8098190426826477 790 445 806 461
face 0.808824896812439 357 341 366 355
face 0.8083332777023315 990 400 1005 418
face 0.7813055515289307 688 401 701 418
face 0.7710294723510742 790 341 801 355
face 0.7703362703323364 639 302 649 315
face 0.7662274837493896 11 423 31 449
face 0.7656733393669128 952 340 961 352
face 0.7578580975532532 953 415 966 431
face 0.74039226770401 900 370 911 384
face 0.7375470399856567 846 305 854 316
face 0.7313299179077148 798 305 806 315
face 0.7218881845474243 297 316 305 325
face 0.7171629667282104 583 305 592 319
face 0.6717773675918579 839 365 852 380
face 0.6692936420440674 796 411 810 427
face 0.6356589198112488 306 342 315 353
face 0.5930091142654419 724 308 734 319
face 0.5863921046257019 997 367 1008 381
face 0.5765148997306824 421 435 435 452
face 0.5619886517524719 64 312 76 330
face 0.5586212277412415 953 440 968 456
face 0.5420825481414795 808 371 821 386
face 0.5342608094215393 47 366 62 388
face 0.52335524559021 740 345 749 357
face 0.5094946622848511 1001 348 1010 359
face 0.4997415840625763 1001 348 1010 359
face 0.4708564281463623 1001 348 1010 359
face 0.4693848788738251 1001 348 1010 359
face 0.46463242173194885 1001 348 1010 359
face 0.4616583287715912 1001 348 1010 359
face 0.4562453031539917 1001 348 1010 359
face 0.4357251524925232 1001 348 1010 359
face 0.4235459268093109 1001 348 1010 359
face 0.4219794273376465 1001 348 1010 359
face 0.40805160999298096 1001 348 1010 359
face 0.40413400530815125 1001 348 1010 359
face 0.4035258889198303 1001 348 1010 359
face 0.3589656352996826 1001 348 1010 359
face 0.3047301769256592 1001 348 1010 359
face 0.2641127109527588 1001 348 1010 359
face 0.21089377999305725 1001 348 1010 359
face 0.18607857823371887 1001 348 1010 359
face 0.18104037642478943 1001 348 1010 359
face 0.1756897270679474 1001 348 1010 359
face 0.1738138198852539 1001 348 1010 359
face 0.16546669602394104 1001 348 1010 359
face 0.16318067908287048 1001 348 1010 359
face 0.16082262992858887 1001 348 1010 359
face 0.15755248069763184 1001 348 1010 359
face 0.15411952137947083 1001 348 1010 359
face 0.15235859155654907 1001 348 1010 359
face 0.15108200907707214 1001 348 1010 359
face 0.1462327539920807 1001 348 1010 359
face 0.14589208364486694 1001 348 1010 359
face 0.12594977021217346 1001 348 1010 359
face 0.12479549646377563 1001 348 1010 359
face 0.12403425574302673 1001 348 1010 359
face 0.11503425240516663 1001 348 1010 359
face 0.10361850261688232 1001 348 1010 359
face 0.10197335481643677 1001 348 1010 359
face 0.09009769558906555 1001 348 1010 359
face 0.08824589848518372 1001 348 1010 359
face 0.08736726641654968 1001 348 1010 359
face 0.08684620261192322 1001 348 1010 359
face 0.08617278933525085 1001 348 1010 359
face 0.08559909462928772 1001 348 1010 359
face 0.08479169011116028 1001 348 1010 359
face 0.0836898684501648 1001 348 1010 359
face 0.08213493227958679 1001 348 1010 359
face 0.08199039101600647 1001 348 1010 359
face 0.07943868637084961 1001 348 1010 359
face 0.07148364186286926 1001 348 1010 359
face 0.06901714205741882 1001 348 1010 359
face 0.06640881299972534 1001 348 1010 359
face 0.06293252110481262 1001 348 1010 359
face 0.06280946731567383 1001 348 1010 359
face 0.06264293193817139 1001 348 1010 359
face 0.061513274908065796 1001 348 1010 359
face 0.05776891112327576 1001 348 1010 359
face 0.056345194578170776 1001 348 1010 359
face 0.05363339185714722 1001 348 1010 359
face 0.05182620882987976 1001 348 1010 359
face 0.05033484101295471 1001 348 1010 359
