face 0.9714746475219727 315 333 398 432
face 0.10113182663917542 315 333 398 432
face 0.05202779173851013 315 333 398 432
face 0.022754669189453125 315 333 398 432
face 0.020000874996185303 315 333 398 432
face 0.01740512251853943 315 333 398 432
face 0.01635006070137024 315 333 398 432
face 0.016003519296646118 315 333 398 432
face 0.013173043727874756 315 333 398 432
face 0.013102054595947266 315 333 398 432
face 0.012399405241012573 315 333 398 432
face 0.012072443962097168 315 333 398 432
face 0.01169663667678833 315 333 398 432
face 0.011432498693466187 315 333 398 432
face 0.01115831732749939 315 333 398 432
face 0.010840505361557007 315 333 398 432
face 0.00989311933517456 315 333 398 432
face 0.009666115045547485 315 333 398 432
face 0.00958162546157837 315 333 398 432
face 0.009469002485275269 315 333 398 432
face 0.008412063121795654 315 333 398 432
face 0.008328139781951904 315 333 398 432
face 0.008303731679916382 315 333 398 432
face 0.008224457502365112 315 333 398 432
face 0.007421553134918213 315 333 398 432
face 0.0070648193359375 315 333 398 432
face 0.007047772407531738 315 333 398 432
face 0.006935000419616699 315 333 398 432
face 0.006813347339630127 315 333 398 432
face 0.006550639867782593 315 333 398 432
face 0.005985885858535767 315 333 398 432
face 0.005744308233261108 315 333 398 432
face 0.005662292242050171 315 333 398 432
face 0.005321294069290161 315 333 398 432
face 0.005293488502502441 315 333 398 432
face 0.005210518836975098 315 333 398 432
face 0.0051750242710113525 315 333 398 432
face 0.005043119192123413 315 333 398 432
face 0.004958778619766235 315 333 398 432
face 0.0049343109130859375 315 333 398 432
face 0.004929989576339722 315 333 398 432
face 0.004850029945373535 315 333 398 432
face 0.00478750467300415 315 333 398 432
face 0.004770189523696899 315 333 398 432
face 0.004769057035446167 315 333 398 432
face 0.004757612943649292 315 333 398 432
face 0.004724979400634766 315 333 398 432
face 0.004664778709411621 315 333 398 432
face 0.004647642374038696 315 333 398 432
face 0.004569560289382935 315 333 398 432
face 0.004296451807022095 315 333 398 432
face 0.0042924582958221436 315 333 398 432
face 0.004285871982574463 315 333 398 432
face 0.004160404205322266 315 333 398 432
face 0.004145264625549316 315 333 398 432
face 0.004056036472320557 315 333 398 432
face 0.003997772932052612 315 333 398 432
face 0.00394555926322937 315 333 398 432
face 0.003935456275939941 315 333 398 432
face 0.0038478076457977295 315 333 398 432
face 0.003826916217803955 315 333 398 432
face 0.0037266314029693604 315 333 398 432
face 0.0036898553371429443 315 333 398 432
face 0.003681778907775879 315 333 398 432
face 0.003676116466522217 315 333 398 432
face 0.0036163926124572754 315 333 398 432
face 0.00357171893119812 315 333 398 432
face 0.0034967362880706787 315 333 398 432
face 0.00346297025680542 315 333 398 432
face 0.0034479498863220215 315 333 398 432
face 0.0034130513668060303 315 333 398 432
face 0.003402024507522583 315 333 398 432
face 0.003396153450012207 315 333 398 432
face 0.003348320722579956 315 333 398 432
face 0.0033381283283233643 315 333 398 432
face 0.0033291280269622803 315 333 398 432
face 0.0033232569694519043 315 333 398 432
face 0.003269791603088379 315 333 398 432
face 0.0032615065574645996 315 333 398 432
face 0.003251105546951294 315 333 398 432
face 0.0032353997230529785 315 333 398 432
face 0.0032338500022888184 315 333 398 432
face 0.0032236576080322266 315 333 398 432
face 0.0032194554805755615 315 333 398 432
face 0.003210783004760742 315 333 398 432
face 0.0032102465629577637 315 333 398 432
face 0.0032062828540802 315 333 398 432
face 0.003162890672683716 315 333 398 432
face 0.0031419992446899414 315 333 398 432
face 0.0031415820121765137 315 333 398 432
face 0.0031140148639678955 315 333 398 432
face 0.003108799457550049 315 333 398 432
face 0.0031065940856933594 315 333 398 432
face 0.003072887659072876 315 333 398 432
face 0.003054112195968628 315 333 398 432
face 0.003049403429031372 315 333 398 432
face 0.0030459463596343994 315 333 398 432
face 0.0030377209186553955 315 333 398 432
face 0.0030286014080047607 315 333 398 432
face 0.0030086636543273926 315 333 398 432
