face 0.9866835474967957 794 373 848 438
face 0.9590582847595215 489 361 542 428
face 0.31194034218788147 489 361 542 428
face 0.15000855922698975 489 361 542 428
face 0.07401445508003235 489 361 542 428
face 0.06062230467796326 489 361 542 428
face 0.05218574404716492 489 361 542 428
face 0.04948422312736511 489 361 542 428
face 0.045911699533462524 489 361 542 428
face 0.040810078382492065 489 361 542 428
face 0.028158634901046753 489 361 542 428
face 0.022406548261642456 489 361 542 428
face 0.021884500980377197 489 361 542 428
face 0.02059805393218994 489 361 542 428
face 0.019912421703338623 489 361 542 428
face 0.01930353045463562 489 361 542 428
face 0.017609626054763794 489 361 542 428
face 0.017566800117492676 489 361 542 428
face 0.016407102346420288 489 361 542 428
face 0.01628813147544861 489 361 542 428
face 0.016110211610794067 489 361 542 428
face 0.016005218029022217 489 361 542 428
face 0.01596623659133911 489 361 542 428
face 0.015838146209716797 489 361 542 428
face 0.015528857707977295 489 361 542 428
face 0.014227598905563354 489 361 542 428
face 0.013353019952774048 489 361 542 428
face 0.012851089239120483 489 361 542 428
face 0.012412697076797485 489 361 542 428
face 0.01228359341621399 489 361 542 428
face 0.012276798486709595 489 361 542 428
face 0.012059390544891357 489 361 542 428
face 0.011834532022476196 489 361 542 428
face 0.011433511972427368 489 361 542 428
face 0.011403322219848633 489 361 542 428
face 0.011006325483322144 489 361 542 428
face 0.01098683476448059 489 361 542 428
face 0.010879993438720703 489 361 542 428
face 0.010699361562728882 489 361 542 428
face 0.010422855615615845 489 361 542 428
face 0.01041749119758606 489 361 542 428
face 0.010313481092453003 489 361 542 428
face 0.010155141353607178 489 361 542 428
face 0.010140478610992432 489 361 542 428
face 0.010074436664581299 489 361 542 428
face 0.009878844022750854 489 361 542 428
face 0.009742051362991333 489 361 542 428
face 0.009423047304153442 489 361 542 428
face 0.009295672178268433 489 361 542 428
face 0.009232372045516968 489 361 542 428
face 0.009119570255279541 489 361 542 428
face 0.008978784084320068 489 361 542 428
face 0.008977144956588745 489 361 542 428
face 0.008964955806732178 489 361 542 428
face 0.008925467729568481 489 361 542 428
face 0.008921563625335693 489 361 542 428
face 0.008824348449707031 489 361 542 428
face 0.008595108985900879 489 361 542 428
face 0.0085829496383667 489 361 542 428
face 0.00850704312324524 489 361 542 428
face 0.008460670709609985 489 361 542 428
face 0.008371025323867798 489 361 542 428
face 0.008349359035491943 489 361 542 428
face 0.008339375257492065 489 361 542 428
face 0.008250683546066284 489 361 542 428
face 0.008125931024551392 489 361 542 428
face 0.008102178573608398 489 361 542 428
face 0.008062094449996948 489 361 542 428
face 0.007908672094345093 489 361 542 428
face 0.00789731740951538 489 361 542 428
face 0.007847726345062256 489 361 542 428
face 0.007820457220077515 489 361 542 428
face 0.007676839828491211 489 361 542 428
face 0.007550418376922607 489 361 542 428
face 0.007533818483352661 489 361 542 428
face 0.007530838251113892 489 361 542 428
face 0.0075130462646484375 489 361 542 428
face 0.007497131824493408 489 361 542 428
face 0.007397681474685669 489 361 542 428
face 0.007388591766357422 489 361 542 428
face 0.00737607479095459 489 361 542 428
face 0.00737607479095459 489 361 542 428
face 0.007356852293014526 489 361 542 428
face 0.007331341505050659 489 361 542 428
face 0.0072585344314575195 489 361 542 428
face 0.007082223892211914 489 361 542 428
face 0.007033497095108032 489 361 542 428
face 0.00702252984046936 489 361 542 428
face 0.006961703300476074 489 361 542 428
face 0.006932675838470459 489 361 542 428
face 0.006918430328369141 489 361 542 428
face 0.0068028271198272705 489 361 542 428
face 0.006783962249755859 489 361 542 428
face 0.006767839193344116 489 361 542 428
face 0.006708055734634399 489 361 542 428
face 0.0066856443881988525 489 361 542 428
face 0.006680607795715332 489 361 542 428
face 0.006632119417190552 489 361 542 428
face 0.006600677967071533 489 361 542 428
face 0.006576180458068848 489 361 542 428
