face 0.7779021263122559 297 188 333 227
face 0.675489068031311 491 245 528 279
face 0.27353331446647644 491 245 528 279
face 0.13071277737617493 491 245 528 279
face 0.06278544664382935 491 245 528 279
face 0.0416509211063385 491 245 528 279
face 0.03289824724197388 491 245 528 279
face 0.030074775218963623 491 245 528 279
face 0.02426290512084961 491 245 528 279
face 0.02134329080581665 491 245 528 279
face 0.020673096179962158 491 245 528 279
face 0.02017083764076233 491 245 528 279
face 0.019837945699691772 491 245 528 279
face 0.016297847032546997 491 245 528 279
face 0.01618322730064392 491 245 528 279
face 0.013344764709472656 491 245 528 279
face 0.01088094711303711 491 245 528 279
face 0.010798454284667969 491 245 528 279
face 0.010657340288162231 491 245 528 279
face 0.010549336671829224 491 245 528 279
face 0.010246455669403076 491 245 528 279
face 0.010198593139648438 491 245 528 279
face 0.009550243616104126 491 245 528 279
face 0.009272396564483643 491 245 528 279
face 0.009191691875457764 491 245 528 279
face 0.009016454219818115 491 245 528 279
face 0.008900731801986694 491 245 528 279
face 0.008856385946273804 491 245 528 279
face 0.008831441402435303 491 245 528 279
face 0.008392870426177979 491 245 528 279
face 0.008211523294448853 491 245 528 279
face 0.008117198944091797 491 245 528 279
face 0.0078084468841552734 491 245 528 279
face 0.007779836654663086 491 245 528 279
face 0.007654309272766113 491 245 528 279
face 0.00759240984916687 491 245 528 279
face 0.007469058036804199 491 245 528 279
face 0.007397353649139404 491 245 528 279
face 0.007346838712692261 491 245 528 279
face 0.00733870267868042 491 245 528 279
face 0.007318735122680664 491 245 528 279
face 0.007229119539260864 491 245 528 279
face 0.007226467132568359 491 245 528 279
face 0.007181704044342041 491 245 528 279
face 0.0070040225982666016 491 245 528 279
face 0.00687602162361145 491 245 528 279
face 0.006866872310638428 491 245 528 279
face 0.006849795579910278 491 245 528 279
face 0.006757527589797974 491 245 528 279
face 0.006419241428375244 491 245 528 279
face 0.006402641534805298 491 245 528 279
face 0.00627472996711731 491 245 528 279
face 0.006271779537200928 491 245 528 279
face 0.0061137378215789795 491 245 528 279
face 0.0060155391693115234 491 245 528 279
face 0.0059816837310791016 491 245 528 279
face 0.005805760622024536 491 245 528 279
face 0.00572553277015686 491 245 528 279
face 0.00565028190612793 491 245 528 279
face 0.005637168884277344 491 245 528 279
face 0.005612492561340332 491 245 528 279
face 0.0054779052734375 491 245 528 279
face 0.005424827337265015 491 245 528 279
face 0.005384206771850586 491 245 528 279
face 0.005373954772949219 491 245 528 279
face 0.005302876234054565 491 245 528 279
face 0.005210548639297485 491 245 528 279
face 0.005164921283721924 491 245 528 279
face 0.005142033100128174 491 245 528 279
face 0.005137532949447632 491 245 528 279
face 0.005078762769699097 491 245 528 279
face 0.005014002323150635 491 245 528 279
face 0.005002498626708984 491 245 528 279
face 0.004981517791748047 491 245 528 279
face 0.004863172769546509 491 245 528 279
face 0.0048479437828063965 491 245 528 279
face 0.0048296451568603516 491 245 528 279
face 0.004751235246658325 491 245 528 279
face 0.004564106464385986 491 245 528 279
face 0.004555374383926392 491 245 528 279
face 0.004543423652648926 491 245 528 279
face 0.004539161920547485 491 245 528 279
face 0.004532545804977417 491 245 528 279
face 0.004506498575210571 491 245 528 279
face 0.004364877939224243 491 245 528 279
face 0.004360467195510864 491 245 528 279
face 0.0042847394943237305 491 245 528 279
face 0.004107236862182617 491 245 528 279
face 0.004074126482009888 491 245 528 279
face 0.004000157117843628 491 245 528 279
face 0.003981113433837891 491 245 528 279
face 0.003965109586715698 491 245 528 279
face 0.003957837820053101 491 245 528 279
face 0.003945767879486084 491 245 528 279
face 0.0039238035678863525 491 245 528 279
face 0.003860950469970703 491 245 528 279
face 0.003820866346359253 491 245 528 279
face 0.003817528486251831 491 245 528 279
face 0.003792792558670044 491 245 528 279
face 0.0037600696086883545 491 245 528 279
