face 0.8143167495727539 548 291 568 318
face 0.3334381580352783 548 291 568 318
face 0.25634175539016724 548 291 568 318
face 0.19136476516723633 548 291 568 318
face 0.1743776500225067 548 291 568 318
face 0.15444162487983704 548 291 568 318
face 0.14313626289367676 548 291 568 318
face 0.09925854206085205 548 291 568 318
face 0.07048895955085754 548 291 568 318
face 0.05509433150291443 548 291 568 318
face 0.029553860425949097 548 291 568 318
face 0.029114574193954468 548 291 568 318
face 0.02848842740058899 548 291 568 318
face 0.026151806116104126 548 291 568 318
face 0.025862902402877808 548 291 568 318
face 0.02008199691772461 548 291 568 318
face 0.019267648458480835 548 291 568 318
face 0.019249826669692993 548 291 568 318
face 0.018529564142227173 548 291 568 318
face 0.015887945890426636 548 291 568 318
face 0.01489230990409851 548 291 568 318
face 0.014446288347244263 548 291 568 318
face 0.011716008186340332 548 291 568 318
face 0.011443912982940674 548 291 568 318
face 0.011352837085723877 548 291 568 318
face 0.010503709316253662 548 291 568 318
face 0.010124891996383667 548 291 568 318
face 0.009742885828018188 548 291 568 318
face 0.009736061096191406 548 291 568 318
face 0.009220361709594727 548 291 568 318
face 0.008936941623687744 548 291 568 318
face 0.008587688207626343 548 291 568 318
face 0.006552994251251221 548 291 568 318
face 0.005792587995529175 548 291 568 318
face 0.005721002817153931 548 291 568 318
face 0.005569547414779663 548 291 568 318
face 0.005558520555496216 548 291 568 318
face 0.005513310432434082 548 291 568 318
face 0.005443364381790161 548 291 568 318
face 0.005336791276931763 548 291 568 318
face 0.005261093378067017 548 291 568 318
face 0.005237191915512085 548 291 568 318
face 0.005059868097305298 548 291 568 318
face 0.00494462251663208 548 291 568 318
face 0.004641473293304443 548 291 568 318
face 0.004391461610794067 548 291 568 318
face 0.004378616809844971 548 291 568 318
face 0.0042622387409210205 548 291 568 318
face 0.004122108221054077 548 291 568 318
face 0.004117310047149658 548 291 568 318
face 0.004094600677490234 548 291 568 318
face 0.004079967737197876 548 291 568 318
face 0.0039997100830078125 548 291 568 318
face 0.003986775875091553 548 291 568 318
face 0.0039678215980529785 548 291 568 318
face 0.003897726535797119 548 291 568 318
face 0.0038131766486912966 548 291 568 318
face 0.0036866068840026855 548 291 568 318
face 0.0035712718963623047 548 291 568 318
face 0.003548860549926758 548 291 568 318
face 0.003537088632583618 548 291 568 318
face 0.0035307109355926514 548 291 568 318
face 0.003527432680130005 548 291 568 318
face 0.003496617078781128 548 291 568 318
face 0.0034914910793304443 548 291 568 318
face 0.003481447696685791 548 291 568 318
face 0.003383129835128784 548 291 568 318
face 0.0033290982246398926 548 291 568 318
face 0.0033130943775177 548 291 568 318
face 0.003220468759536743 548 291 568 318
face 0.003210514783859253 548 291 568 318
face 0.0031924545764923096 548 291 568 318
face 0.0031884312629699707 548 291 568 318
face 0.0031447410583496094 548 291 568 318
face 0.0031219124794006348 548 291 568 318
face 0.0031209588050842285 548 291 568 318
face 0.002977728843688965 548 291 568 318
face 0.0029620230197906494 548 291 568 318
face 0.00295981764793396 548 291 568 318
face 0.00289231538772583 548 291 568 318
face 0.002873063087463379 548 291 568 318
face 0.0028665661811828613 548 291 568 318
face 0.0028474926948547363 548 291 568 318
face 0.00281485915184021 548 291 568 318
face 0.0028138160705566406 548 291 568 318
face 0.002753734588623047 548 291 568 318
face 0.0027220547199249268 548 291 568 318
face 0.002705812454223633 548 291 568 318
face 0.002697855234146118 548 291 568 318
face 0.0026839375495910645 548 291 568 318
face 0.0026568472385406494 548 291 568 318
face 0.0026345551013946533 548 291 568 318
face 0.0026022493839263916 548 291 568 318
face 0.002597302198410034 548 291 568 318
face 0.002558767795562744 548 291 568 318
face 0.0025514066219329834 548 291 568 318
face 0.0025286078453063965 548 291 568 318
face 0.002521902322769165 548 291 568 318
face 0.002520054578781128 548 291 568 318
