face 0.9956457614898682 493 114 524 154
face 0.9946897029876709 885 67 908 97
face 0.991712212562561 632 31 662 74
face 0.9741764068603516 1003 112 1017 140
face 0.9040268063545227 532 163 572 210
face 0.8956667184829712 402 1 424 24
face 0.8134273290634155 849 1 872 26
face 0.7341068983078003 592 184 638 242
face 0.732849657535553 17 59 34 81
face 0.6959190368652344 81 35 100 62
face 0.6367813348770142 96 8 114 30
face 0.502718985080719 773 2 795 27
face 0.4324948489665985 773 2 795 27
face 0.41229695081710815 773 2 795 27
face 0.38308367133140564 773 2 795 27
face 0.23788607120513916 773 2 795 27
face 0.1737462282180786 773 2 795 27
face 0.05580577254295349 773 2 795 27
face 0.05540788173675537 773 2 795 27
face 0.053821563720703125 773 2 795 27
face 0.04961821436882019 773 2 795 27
face 0.045139819383621216 773 2 795 27
face 0.04316294193267822 773 2 795 27
face 0.03684672713279724 773 2 795 27
face 0.034199267625808716 773 2 795 27
face 0.03257054090499878 773 2 795 27
face 0.03036743402481079 773 2 795 27
face 0.029143840074539185 773 2 795 27
face 0.02715495228767395 773 2 795 27
face 0.02521529793739319 773 2 795 27
face 0.022763431072235107 773 2 795 27
face 0.021840721368789673 773 2 795 27
face 0.01919272541999817 773 2 795 27
face 0.01733604073524475 773 2 795 27
face 0.017171502113342285 773 2 795 27
face 0.01710572838783264 773 2 795 27
face 0.016941308975219727 773 2 795 27
face 0.016506314277648926 773 2 795 27
face 0.01599365472793579 773 2 795 27
face 0.015246719121932983 773 2 795 27
face 0.014669358730316162 773 2 795 27
face 0.014178961515426636 773 2 795 27
face 0.013890296220779419 773 2 795 27
face 0.012761324644088745 773 2 795 27
face 0.012659430503845215 773 2 795 27
face 0.012334883213043213 773 2 795 27
face 0.01196974515914917 773 2 795 27
face 0.011798709630966187 773 2 795 27
face 0.011303126811981201 773 2 795 27
face 0.01126965880393982 773 2 795 27
face 0.010714858770370483 773 2 795 27
face 0.010594010353088379 773 2 795 27
face 0.010559797286987305 773 2 795 27
face 0.01028791069984436 773 2 795 27
face 0.010261565446853638 773 2 795 27
face 0.009772270917892456 773 2 795 27
face 0.009635508060455322 773 2 795 27
face 0.009482204914093018 773 2 795 27
face 0.008870303630828857 773 2 795 27
face 0.008297532796859741 773 2 795 27
face 0.007966458797454834 773 2 795 27
face 0.007694065570831299 773 2 795 27
face 0.007326334714889526 773 2 795 27
face 0.007136553525924683 773 2 795 27
face 0.006481915712356567 773 2 795 27
face 0.006282836198806763 773 2 795 27
face 0.006229668855667114 773 2 795 27
face 0.006090909242630005 773 2 795 27
face 0.00597652792930603 773 2 795 27
face 0.005722135305404663 773 2 795 27
face 0.005651891231536865 773 2 795 27
face 0.005411326885223389 773 2 795 27
face 0.005231529474258423 773 2 795 27
face 0.005187034606933594 773 2 795 27
face 0.005146592855453491 773 2 795 27
face 0.0050095319747924805 773 2 795 27
face 0.004850447177886963 773 2 795 27
face 0.00481829047203064 773 2 795 27
face 0.00462988018989563 773 2 795 27
face 0.004604756832122803 773 2 795 27
face 0.004547864198684692 773 2 795 27
face 0.004407554864883423 773 2 795 27
face 0.004171431064605713 773 2 795 27
face 0.004020869731903076 773 2 795 27
face 0.00401383638381958 773 2 795 27
face 0.003717750310897827 773 2 795 27
face 0.003630131483078003 773 2 795 27
face 0.0036160945892333984 773 2 795 27
face 0.003579765558242798 773 2 795 27
face 0.0035752952098846436 773 2 795 27
face 0.003563493490219116 773 2 795 27
face 0.0035268068313598633 773 2 795 27
face 0.003522813320159912 773 2 795 27
face 0.003518044948577881 773 2 795 27
face 0.003469794988632202 773 2 795 27
face 0.003467768430709839 773 2 795 27
face 0.00346451997756958 773 2 795 27
face 0.0033693313598632812 773 2 795 27
face 0.003220587968826294 773 2 795 27
face 0.003214538097381592 773 2 795 27
