face 0.9994655847549438 504 155 537 203
face 0.995308518409729 438 165 465 205
face 0.987189769744873 561 169 590 209
face 0.9367601275444031 698 212 729 251
face 0.8558669090270996 636 166 666 207
face 0.8483244180679321 380 175 405 214
face 0.803997278213501 371 175 395 212
face 0.7183910012245178 761 241 789 276
face 0.6396710872650146 276 209 304 248
face 0.591766357421875 266 212 291 249
face 0.32691454887390137 266 212 291 249
face 0.21459367871284485 266 212 291 249
face 0.10765346884727478 266 212 291 249
face 0.10313156247138977 266 212 291 249
face 0.07415169477462769 266 212 291 249
face 0.06591624021530151 266 212 291 249
face 0.051570504903793335 266 212 291 249
face 0.049657732248306274 266 212 291 249
face 0.04374846816062927 266 212 291 249
face 0.03504586219787598 266 212 291 249
face 0.031287550926208496 266 212 291 249
face 0.02774229645729065 266 212 291 249
face 0.02619585394859314 266 212 291 249
face 0.023039132356643677 266 212 291 249
face 0.018654674291610718 266 212 291 249
face 0.018039613962173462 266 212 291 249
face 0.01755470037460327 266 212 291 249
face 0.016880959272384644 266 212 291 249
face 0.016737550497055054 266 212 291 249
face 0.014790236949920654 266 212 291 249
face 0.014269500970840454 266 212 291 249
face 0.01304936408996582 266 212 291 249
face 0.012212812900543213 266 212 291 249
face 0.011769592761993408 266 212 291 249
face 0.011655926704406738 266 212 291 249
face 0.00980272889137268 266 212 291 249
face 0.008958697319030762 266 212 291 249
face 0.008952885866165161 266 212 291 249
face 0.008045405149459839 266 212 291 249
face 0.00779116153717041 266 212 291 249
face 0.006883978843688965 266 212 291 249
face 0.006528913974761963 266 212 291 249
face 0.006512850522994995 266 212 291 249
face 0.006309032440185547 266 212 291 249
face 0.006131529808044434 266 212 291 249
face 0.00595894455909729 266 212 291 249
face 0.00578644871711731 266 212 291 249
face 0.005680352449417114 266 212 291 249
face 0.005391597747802734 266 212 291 249
face 0.005175799131393433 266 212 291 249
face 0.00512424111366272 266 212 291 249
face 0.004754543304443359 266 212 291 249
face 0.004460155963897705 266 212 291 249
face 0.004372388124465942 266 212 291 249
face 0.00436556339263916 266 212 291 249
face 0.004340022802352905 266 212 291 249
face 0.004166245460510254 266 212 291 249
face 0.004132091999053955 266 212 291 249
face 0.004109382629394531 266 212 291 249
face 0.003983736038208008 266 212 291 249
face 0.003982484340667725 266 212 291 249
face 0.003930419683456421 266 212 291 249
face 0.003460794687271118 266 212 291 249
face 0.003329038619995117 266 212 291 249
face 0.003316164016723633 266 212 291 249
face 0.0032978951930999756 266 212 291 249
face 0.0030867159366607666 266 212 291 249
face 0.0030676424503326416 266 212 291 249
face 0.0030586421489715576 266 212 291 249
face 0.003042280673980713 266 212 291 249
face 0.0030320584774017334 266 212 291 249
face 0.0029791295528411865 266 212 291 249
face 0.0029546022415161133 266 212 291 249
face 0.0029351115226745605 266 212 291 249
face 0.0028553009033203125 266 212 291 249
face 0.002724200487136841 266 212 291 249
face 0.0027029216289520264 266 212 291 249
face 0.002700984477996826 266 212 291 249
face 0.0026816725730895996 266 212 291 249
face 0.0026592612266540527 266 212 291 249
face 0.0025150179862976074 266 212 291 249
face 0.0024463236331939697 266 212 291 249
face 0.0023662149906158447 266 212 291 249
face 0.0023404061794281006 266 212 291 249
face 0.0023269951343536377 266 212 291 249
face 0.002302616834640503 266 212 291 249
face 0.0022867321968078613 266 212 291 249
face 0.0022481977939605713 266 212 291 249
face 0.002229034900665283 266 212 291 249
face 0.0021851062774658203 266 212 291 249
face 0.0021366775035858154 266 212 291 249
face 0.0021151304244995117 266 212 291 249
face 0.0020915865898132324 266 212 291 249
face 0.0020869076251983643 266 212 291 249
face 0.002083688974380493 266 212 291 249
face 0.002016603946685791 266 212 291 249
face 0.0020089447498321533 266 212 291 249
face 0.002000570297241211 266 212 291 249
face 0.0019937753677368164 266 212 291 249
face 0.0019720494747161865 266 212 291 249
