face 0.9961177110671997 280 384 400 532
face 0.987095832824707 90 135 184 257
face 0.9832692742347717 124 275 215 396
face 0.9773077964782715 13 396 122 562
face 0.9772070050239563 634 403 744 520
face 0.9168890714645386 829 7 929 112
face 0.9164631366729736 711 163 821 280
face 0.9094240665435791 504 234 606 354
face 0.7658153772354126 0 31 74 178
face 0.7357673048973083 929 212 1020 339
face 0.5440778732299805 603 3 705 127
face 0.3424655795097351 603 3 705 127
face 0.22801578044891357 603 3 705 127
face 0.11208948493003845 603 3 705 127
face 0.1088021993637085 603 3 705 127
face 0.0976344645023346 603 3 705 127
face 0.09676477313041687 603 3 705 127
face 0.04472815990447998 603 3 705 127
face 0.04294094443321228 603 3 705 127
face 0.032789915800094604 603 3 705 127
face 0.02553805708885193 603 3 705 127
face 0.024791955947875977 603 3 705 127
face 0.02367234230041504 603 3 705 127
face 0.022504150867462158 603 3 705 127
face 0.021720081567764282 603 3 705 127
face 0.015759706497192383 603 3 705 127
face 0.01529616117477417 603 3 705 127
face 0.015137463808059692 603 3 705 127
face 0.014947950839996338 603 3 705 127
face 0.0145854651927948 603 3 705 127
face 0.014513343572616577 603 3 705 127
face 0.014347642660140991 603 3 705 127
face 0.013821154832839966 603 3 705 127
face 0.013677120208740234 603 3 705 127
face 0.013634800910949707 603 3 705 127
face 0.013279318809509277 603 3 705 127
face 0.01300165057182312 603 3 705 127
face 0.01299026608467102 603 3 705 127
face 0.012850165367126465 603 3 705 127
face 0.01234358549118042 603 3 705 127
face 0.012341409921646118 603 3 705 127
face 0.012227624654769897 603 3 705 127
face 0.011860668659210205 603 3 705 127
face 0.011312752962112427 603 3 705 127
face 0.011271268129348755 603 3 705 127
face 0.010961651802062988 603 3 705 127
face 0.010868251323699951 603 3 705 127
face 0.010854125022888184 603 3 705 127
face 0.010531216859817505 603 3 705 127
face 0.01051175594329834 603 3 705 127
face 0.010436266660690308 603 3 705 127
face 0.010027378797531128 603 3 705 127
face 0.009913980960845947 603 3 705 127
face 0.009897798299789429 603 3 705 127
face 0.009784102439880371 603 3 705 127
face 0.009759604930877686 603 3 705 127
face 0.009715080261230469 603 3 705 127
face 0.009713470935821533 603 3 705 127
face 0.009615004062652588 603 3 705 127
face 0.009610474109649658 603 3 705 127
face 0.009546905755996704 603 3 705 127
face 0.009431570768356323 603 3 705 127
face 0.00917595624923706 603 3 705 127
face 0.008994102478027344 603 3 705 127
face 0.008563101291656494 603 3 705 127
face 0.008528351783752441 603 3 705 127
face 0.00837397575378418 603 3 705 127
face 0.00837332010269165 603 3 705 127
face 0.00828203558921814 603 3 705 127
face 0.008173346519470215 603 3 705 127
face 0.008101195096969604 603 3 705 127
face 0.007889211177825928 603 3 705 127
face 0.007883548736572266 603 3 705 127
face 0.007882505655288696 603 3 705 127
face 0.007858365774154663 603 3 705 127
face 0.007839202880859375 603 3 705 127
face 0.007791996002197266 603 3 705 127
face 0.00778546929359436 603 3 705 127
face 0.007728368043899536 603 3 705 127
face 0.007622659206390381 603 3 705 127
face 0.007619917392730713 603 3 705 127
face 0.007318019866943359 603 3 705 127
face 0.007279723882675171 603 3 705 127
face 0.0071537792682647705 603 3 705 127
face 0.007094055414199829 603 3 705 127
face 0.007073342800140381 603 3 705 127
face 0.00698438286781311 603 3 705 127
face 0.006971865892410278 603 3 705 127
face 0.006967693567276001 603 3 705 127
face 0.006895542144775391 603 3 705 127
face 0.006800651550292969 603 3 705 127
face 0.006744116544723511 603 3 705 127
face 0.006700098514556885 603 3 705 127
face 0.00669589638710022 603 3 705 127
face 0.006618142127990723 603 3 705 127
face 0.006597310304641724 603 3 705 127
face 0.006523728370666504 603 3 705 127
face 0.006498485803604126 603 3 705 127
face 0.00648808479309082 603 3 705 127
face 0.006465524435043335 603 3 705 127
