face 0.9549294710159302 790 502 856 557
face 0.8040446043014526 567 231 632 314
face 0.7960085868835449 64 558 84 582
face 0.7749586701393127 123 625 142 649
face 0.7084406018257141 425 618 443 638
face 0.6709127426147461 184 656 206 679
face 0.669279158115387 90 584 110 607
face 0.6293684244155884 343 513 359 533
face 0.6255173683166504 33 631 54 655
face 0.6047122478485107 310 600 329 621
face 0.5674646496772766 243 657 261 677
face 0.5586115717887878 188 629 206 651
face 0.5387805104255676 320 653 340 677
face 0.5107365846633911 257 442 271 458
face 0.5062559247016907 162 441 175 456
face 0.49058249592781067 162 441 175 456
face 0.4820115268230438 162 441 175 456
face 0.4752918779850006 162 441 175 456
face 0.4741568863391876 162 441 175 456
face 0.4631367623806 162 441 175 456
face 0.4394984543323517 162 441 175 456
face 0.43353593349456787 162 441 175 456
face 0.40952247381210327 162 441 175 456
face 0.39532747864723206 162 441 175 456
face 0.39179927110671997 162 441 175 456
face 0.38809874653816223 162 441 175 456
face 0.3879704475402832 162 441 175 456
face 0.33943620324134827 162 441 175 456
face 0.3376401662826538 162 441 175 456
face 0.32851818203926086 162 441 175 456
face 0.30917394161224365 162 441 175 456
face 0.30584537982940674 162 441 175 456
face 0.2837914228439331 162 441 175 456
face 0.28351128101348877 162 441 175 456
face 0.2744975686073303 162 441 175 456
face 0.26499322056770325 162 441 175 456
face 0.2619810104370117 162 441 175 456
face 0.2584240436553955 162 441 175 456
face 0.2353896200656891 162 441 175 456
face 0.226665198802948 162 441 175 456
face 0.21545210480690002 162 441 175 456
face 0.19711098074913025 162 441 175 456
face 0.19580134749412537 162 441 175 456
face 0.1943225860595703 162 441 175 456
face 0.19392666220664978 162 441 175 456
face 0.18605121970176697 162 441 175 456
face 0.1811436116695404 162 441 175 456
face 0.16120705008506775 162 441 175 456
face 0.15943938493728638 162 441 175 456
face 0.1450577676296234 162 441 175 456
face 0.13841873407363892 162 441 175 456
face 0.13252732157707214 162 441 175 456
face 0.11927524209022522 162 441 175 456
face 0.1084057092666626 162 441 175 456
face 0.10717940330505371 162 441 175 456
face 0.09882792830467224 162 441 175 456
face 0.09513887763023376 162 441 175 456
face 0.0943315327167511 162 441 175 456
face 0.09378716349601746 162 441 175 456
face 0.0917837917804718 162 441 175 456
face 0.0870978832244873 162 441 175 456
face 0.08009800314903259 162 441 175 456
face 0.07809090614318848 162 441 175 456
face 0.0662069320678711 162 441 175 456
face 0.06470176577568054 162 441 175 456
face 0.06391897797584534 162 441 175 456
face 0.06109991669654846 162 441 175 456
face 0.05913248658180237 162 441 175 456
face 0.05839774012565613 162 441 175 456
face 0.057857632637023926 162 441 175 456
face 0.053919315338134766 162 441 175 456
face 0.049860209226608276 162 441 175 456
face 0.04820770025253296 162 441 175 456
face 0.04107564687728882 162 441 175 456
face 0.03897109627723694 162 441 175 456
face 0.03840452432632446 162 441 175 456
face 0.03831297159194946 162 441 175 456
face 0.03756082057952881 162 441 175 456
face 0.03699851036071777 162 441 175 456
face 0.036968082189559937 162 441 175 456
face 0.03531041741371155 162 441 175 456
face 0.034259945154190063 162 441 175 456
face 0.03390944004058838 162 441 175 456
face 0.031492024660110474 162 441 175 456
face 0.031294435262680054 162 441 175 456
face 0.028486162424087524 162 441 175 456
face 0.027977287769317627 162 441 175 456
face 0.027301371097564697 162 441 175 456
face 0.027144432067871094 162 441 175 456
face 0.02705782651901245 162 441 175 456
face 0.025451451539993286 162 441 175 456
face 0.024028033018112183 162 441 175 456
face 0.02368330955505371 162 441 175 456
face 0.022283077239990234 162 441 175 456
face 0.020941615104675293 162 441 175 456
face 0.020936638116836548 162 441 175 456
face 0.020342767238616943 162 441 175 456
face 0.020027875900268555 162 441 175 456
face 0.019877314567565918 162 441 175 456
face 0.019128769636154175 162 441 175 456
