face 0.5963518619537354 762 42 842 157
face 0.01548469066619873 762 42 842 157
face 0.015142261981964111 762 42 842 157
face 0.011602610349655151 762 42 842 157
face 0.011303156614303589 762 42 842 157
face 0.009520798921585083 762 42 842 157
face 0.008060485124588013 762 42 842 157
face 0.007701277732849121 762 42 842 157
face 0.007123231887817383 762 42 842 157
face 0.007005900144577026 762 42 842 157
face 0.0069773197174072266 762 42 842 157
face 0.00648227334022522 762 42 842 157
face 0.006399661302566528 762 42 842 157
face 0.006356984376907349 762 42 842 157
face 0.00632929801940918 762 42 842 157
face 0.006221860647201538 762 42 842 157
face 0.0061598122119903564 762 42 842 157
face 0.0059773921966552734 762 42 842 157
face 0.00594782829284668 762 42 842 157
face 0.005855560302734375 762 42 842 157
face 0.005677849054336548 762 42 842 157
face 0.005584269762039185 762 42 842 157
face 0.005487203598022461 762 42 842 157
face 0.005425542593002319 762 42 842 157
face 0.005368053913116455 762 42 842 157
face 0.005300730466842651 762 42 842 157
face 0.005265951156616211 762 42 842 157
face 0.005023270845413208 762 42 842 157
face 0.004935562610626221 762 42 842 157
face 0.0048802196979522705 762 42 842 157
face 0.004690438508987427 762 42 842 157
face 0.004655063152313232 762 42 842 157
face 0.004546552896499634 762 42 842 157
face 0.004519104957580566 762 42 842 157
face 0.004442304372787476 762 42 842 157
face 0.004294723272323608 762 42 842 157
face 0.004279494285583496 762 42 842 157
face 0.004255503416061401 762 42 842 157
face 0.004078119993209839 762 42 842 157
face 0.004055202007293701 762 42 842 157
face 0.00395357608795166 762 42 842 157
face 0.003933429718017578 762 42 842 157
face 0.0038257837295532227 762 42 842 157
face 0.003783315420150757 762 42 842 157
face 0.0037806928157806396 762 42 842 157
face 0.003730088472366333 762 42 842 157
face 0.003657728433609009 762 42 842 157
face 0.003640890121459961 762 42 842 157
face 0.0036154985427856445 762 42 842 157
face 0.003512650728225708 762 42 842 157
face 0.003466367721557617 762 42 842 157
face 0.003454536199569702 762 42 842 157
face 0.0034151673316955566 762 42 842 157
face 0.0033979713916778564 762 42 842 157
face 0.0033898353576660156 762 42 842 157
face 0.0033524930477142334 762 42 842 157
face 0.0032773613929748535 762 42 842 157
face 0.0032690465450286865 762 42 842 157
face 0.0032604634761810303 762 42 842 157
face 0.0032543838024139404 762 42 842 157
face 0.003242194652557373 762 42 842 157
face 0.0032399892807006836 762 42 842 157
face 0.0032216012477874756 762 42 842 157
face 0.0031959116458892822 762 42 842 157
face 0.003179609775543213 762 42 842 157
face 0.0031373202800750732 762 42 842 157
face 0.0031346380710601807 762 42 842 157
face 0.003107517957687378 762 42 842 157
face 0.003096550703048706 762 42 842 157
face 0.003077268600463867 762 42 842 157
face 0.003068596124649048 762 42 842 157
face 0.0030413568019866943 762 42 842 157
face 0.0030275285243988037 762 42 842 157
face 0.0030140280723571777 762 42 842 157
face 0.003006845712661743 762 42 842 157
face 0.002974897623062134 762 42 842 157
face 0.0029678940773010254 762 42 842 157
face 0.0029571056365966797 762 42 842 157
face 0.0029514729976654053 762 42 842 157
face 0.002948373556137085 762 42 842 157
face 0.0029464662075042725 762 42 842 157
face 0.0029393434524536133 762 42 842 157
face 0.0029296875 762 42 842 157
face 0.0029235482215881348 762 42 842 157
face 0.002898573875427246 762 42 842 157
face 0.0028954148292541504 762 42 842 157
face 0.0028914213180541992 762 42 842 157
face 0.002878248691558838 762 42 842 157
face 0.00287821888923645 762 42 842 157
face 0.002865016460418701 762 42 842 157
face 0.0028543472290039062 762 42 842 157
face 0.0028376877307891846 762 42 842 157
face 0.0028058886528015137 762 42 842 157
face 0.0027917027473449707 762 42 842 157
face 0.0027872025966644287 762 42 842 157
face 0.0027870237827301025 762 42 842 157
face 0.0027822256088256836 762 42 842 157
face 0.0027715563774108887 762 42 842 157
face 0.0027571022510528564 762 42 842 157
face 0.0027353763580322266 762 42 842 157
