face 0.8783009648323059 475 161 485 177
face 0.8557204604148865 403 159 413 174
face 0.7870705127716064 525 38 535 52
face 0.7465914487838745 731 160 742 174
face 0.7289790511131287 477 32 487 47
face 0.7278708815574646 360 157 369 171
face 0.7133036851882935 574 46 584 60
face 0.6987493634223938 346 244 357 258
face 0.6712369918823242 805 339 819 359
face 0.6647936105728149 129 413 198 503
face 0.6638923287391663 854 281 865 294
face 0.6613703966140747 310 162 319 177
face 0.6596472859382629 715 319 729 335
face 0.6536368131637573 531 84 541 99
face 0.6316757202148438 578 83 589 100
face 0.6013425588607788 625 41 635 56
face 0.598766565322876 350 41 360 55
face 0.5859048366546631 636 126 646 141
face 0.5612695813179016 434 39 444 53
face 0.5600211024284363 624 161 634 176
face 0.5503057837486267 329 278 339 291
face 0.5473140478134155 261 164 269 177
face 0.5459587574005127 459 137 469 151
face 0.5238789916038513 629 92 639 106
face 0.5070242881774902 677 163 686 176
face 0.49114999175071716 677 163 686 176
face 0.4442062973976135 677 163 686 176
face 0.43729227781295776 677 163 686 176
face 0.42052125930786133 677 163 686 176
face 0.41202226281166077 677 163 686 176
face 0.3929296135902405 677 163 686 176
face 0.38704055547714233 677 163 686 176
face 0.3464704751968384 677 163 686 176
face 0.3463353216648102 677 163 686 176
face 0.34198659658432007 677 163 686 176
face 0.3156375288963318 677 163 686 176
face 0.3147341012954712 677 163 686 176
face 0.30557912588119507 677 163 686 176
face 0.3054354786872864 677 163 686 176
face 0.30463743209838867 677 163 686 176
face 0.29624226689338684 677 163 686 176
face 0.2922319173812866 677 163 686 176
face 0.282125324010849 677 163 686 176
face 0.28049081563949585 677 163 686 176
face 0.27648451924324036 677 163 686 176
face 0.2688665986061096 677 163 686 176
face 0.2671586275100708 677 163 686 176
face 0.2552913427352905 677 163 686 176
face 0.25337737798690796 677 163 686 176
face 0.24097734689712524 677 163 686 176
face 0.2311227023601532 677 163 686 176
face 0.22581395506858826 677 163 686 176
face 0.20832741260528564 677 163 686 176
face 0.20825982093811035 677 163 686 176
face 0.2079201638698578 677 163 686 176
face 0.19857826828956604 677 163 686 176
face 0.19675227999687195 677 163 686 176
face 0.18782466650009155 677 163 686 176
face 0.1871630847454071 677 163 686 176
face 0.17991188168525696 677 163 686 176
face 0.16756165027618408 677 163 686 176
face 0.15742430090904236 677 163 686 176
face 0.14894095063209534 677 163 686 176
face 0.14680570363998413 677 163 686 176
face 0.14598393440246582 677 163 686 176
face 0.14525431394577026 677 163 686 176
face 0.14323005080223083 677 163 686 176
face 0.14033374190330505 677 163 686 176
face 0.1398661732673645 677 163 686 176
face 0.1380961537361145 677 163 686 176
face 0.13498860597610474 677 163 686 176
face 0.13233062624931335 677 163 686 176
face 0.1284940242767334 677 163 686 176
face 0.12678596377372742 677 163 686 176
face 0.12124446034431458 677 163 686 176
face 0.11786791682243347 677 163 686 176
face 0.11468327045440674 677 163 686 176
face 0.11051559448242188 677 163 686 176
face 0.10875272750854492 677 163 686 176
face 0.10764041543006897 677 163 686 176
face 0.10733756422996521 677 163 686 176
face 0.10729998350143433 677 163 686 176
face 0.10442027449607849 677 163 686 176
face 0.10371184349060059 677 163 686 176
face 0.09614232182502747 677 163 686 176
face 0.09506604075431824 677 163 686 176
face 0.09419557452201843 677 163 686 176
face 0.09419262409210205 677 163 686 176
face 0.09209614992141724 677 163 686 176
face 0.09192395210266113 677 163 686 176
face 0.09169766306877136 677 163 686 176
face 0.08625483512878418 677 163 686 176
face 0.08529201149940491 677 163 686 176
face 0.08229687809944153 677 163 686 176
face 0.0794820785522461 677 163 686 176
face 0.07826951146125793 677 163 686 176
face 0.07511895895004272 677 163 686 176
face 0.062233805656433105 677 163 686 176
face 0.061251819133758545 677 163 686 176
face 0.05912342667579651 677 163 686 176
