face 0.8248722553253174 450 149 495 216
face 0.2843937873840332 450 149 495 216
face 0.07618018984794617 450 149 495 216
face 0.041421860456466675 450 149 495 216
face 0.0369509756565094 450 149 495 216
face 0.0318639874458313 450 149 495 216
face 0.03149503469467163 450 149 495 216
face 0.030666112899780273 450 149 495 216
face 0.027267098426818848 450 149 495 216
face 0.02686670422554016 450 149 495 216
face 0.023957669734954834 450 149 495 216
face 0.023388564586639404 450 149 495 216
face 0.020316123962402344 450 149 495 216
face 0.019836097955703735 450 149 495 216
face 0.0197068452835083 450 149 495 216
face 0.018955200910568237 450 149 495 216
face 0.01879557967185974 450 149 495 216
face 0.01879417896270752 450 149 495 216
face 0.01862388849258423 450 149 495 216
face 0.018200427293777466 450 149 495 216
face 0.018135875463485718 450 149 495 216
face 0.01789507269859314 450 149 495 216
face 0.017544180154800415 450 149 495 216
face 0.017539560794830322 450 149 495 216
face 0.01741349697113037 450 149 495 216
face 0.017180442810058594 450 149 495 216
face 0.016785383224487305 450 149 495 216
face 0.016705602407455444 450 149 495 216
face 0.01647430658340454 450 149 495 216
face 0.015521228313446045 450 149 495 216
face 0.015256553888320923 450 149 495 216
face 0.01509946584701538 450 149 495 216
face 0.015041887760162354 450 149 495 216
face 0.014925360679626465 450 149 495 216
face 0.014616727828979492 450 149 495 216
face 0.014310449361801147 450 149 495 216
face 0.014296472072601318 450 149 495 216
face 0.014197021722793579 450 149 495 216
face 0.014187037944793701 450 149 495 216
face 0.014167577028274536 450 149 495 216
face 0.01411592960357666 450 149 495 216
face 0.014112472534179688 450 149 495 216
face 0.013892710208892822 450 149 495 216
face 0.013814300298690796 450 149 495 216
face 0.013725340366363525 450 149 495 216
face 0.013504445552825928 450 149 495 216
face 0.013302803039550781 450 149 495 216
face 0.013218581676483154 450 149 495 216
face 0.013075053691864014 450 149 495 216
face 0.013010591268539429 450 149 495 216
face 0.0129011869430542 450 149 495 216
face 0.012888789176940918 450 149 495 216
face 0.012878775596618652 450 149 495 216
face 0.012721717357635498 450 149 495 216
face 0.012588828802108765 450 149 495 216
face 0.012397795915603638 450 149 495 216
face 0.01238793134689331 450 149 495 216
face 0.012379437685012817 450 149 495 216
face 0.012229770421981812 450 149 495 216
face 0.012129098176956177 450 149 495 216
face 0.0121174156665802 450 149 495 216
face 0.011987507343292236 450 149 495 216
face 0.011964559555053711 450 149 495 216
face 0.011834532022476196 450 149 495 216
face 0.011826097965240479 450 149 495 216
face 0.011656880378723145 450 149 495 216
face 0.011327981948852539 450 149 495 216
face 0.011298894882202148 450 149 495 216
face 0.01107567548751831 450 149 495 216
face 0.011031180620193481 450 149 495 216
face 0.011025875806808472 450 149 495 216
face 0.010659188032150269 450 149 495 216
face 0.010656088590621948 450 149 495 216
face 0.010626286268234253 450 149 495 216
face 0.010607302188873291 450 149 495 216
face 0.010422289371490479 450 149 495 216
face 0.01028972864151001 450 149 495 216
face 0.010220766067504883 450 149 495 216
face 0.010005921125411987 450 149 495 216
face 0.009987026453018188 450 149 495 216
face 0.009956389665603638 450 149 495 216
face 0.009874552488327026 450 149 495 216
face 0.009772777557373047 450 149 495 216
face 0.00976523756980896 450 149 495 216
face 0.009642958641052246 450 149 495 216
face 0.00963863730430603 450 149 495 216
face 0.009570479393005371 450 149 495 216
face 0.00954967737197876 450 149 495 216
face 0.009523719549179077 450 149 495 216
face 0.00945425033569336 450 149 495 216
face 0.009434282779693604 450 149 495 216
face 0.009406298398971558 450 149 495 216
face 0.009297847747802734 450 149 495 216
face 0.009296625852584839 450 149 495 216
face 0.009282171726226807 450 149 495 216
face 0.009220749139785767 450 149 495 216
face 0.009117454290390015 450 149 495 216
face 0.00911608338356018 450 149 495 216
face 0.009071797132492065 450 149 495 216
face 0.008971720933914185 450 149 495 216
