face 0.863456666469574 312 189 375 260
face 0.048282474279403687 312 189 375 260
face 0.04131871461868286 312 189 375 260
face 0.03950178623199463 312 189 375 260
face 0.036168187856674194 312 189 375 260
face 0.03265416622161865 312 189 375 260
face 0.0285189151763916 312 189 375 260
face 0.021713346242904663 312 189 375 260
face 0.02082541584968567 312 189 375 260
face 0.01962694525718689 312 189 375 260
face 0.01953256130218506 312 189 375 260
face 0.018710434436798096 312 189 375 260
face 0.017541617155075073 312 189 375 260
face 0.01655369997024536 312 189 375 260
face 0.016313880681991577 312 189 375 260
face 0.014903843402862549 312 189 375 260
face 0.014734834432601929 312 189 375 260
face 0.014247357845306396 312 189 375 260
face 0.014042466878890991 312 189 375 260
face 0.013446897268295288 312 189 375 260
face 0.01314350962638855 312 189 375 260
face 0.013097316026687622 312 189 375 260
face 0.012469649314880371 312 189 375 260
face 0.012326329946517944 312 189 375 260
face 0.012010425329208374 312 189 375 260
face 0.011924684047698975 312 189 375 260
face 0.011453181505203247 312 189 375 260
face 0.011274904012680054 312 189 375 260
face 0.011139631271362305 312 189 375 260
face 0.011051714420318604 312 189 375 260
face 0.010914593935012817 312 189 375 260
face 0.010897845029830933 312 189 375 260
face 0.010781466960906982 312 189 375 260
face 0.010377556085586548 312 189 375 260
face 0.010092705488204956 312 189 375 260
face 0.010090649127960205 312 189 375 260
face 0.009939968585968018 312 189 375 260
face 0.009839504957199097 312 189 375 260
face 0.009670227766036987 312 189 375 260
face 0.009505510330200195 312 189 375 260
face 0.009036928415298462 312 189 375 260
face 0.009023845195770264 312 189 375 260
face 0.0089913010597229 312 189 375 260
face 0.008988052606582642 312 189 375 260
face 0.008699536323547363 312 189 375 260
face 0.008606284856796265 312 189 375 260
face 0.008511155843734741 312 189 375 260
face 0.008427709341049194 312 189 375 260
face 0.008410990238189697 312 189 375 260
face 0.00832018256187439 312 189 375 260
face 0.00828602910041809 312 189 375 260
face 0.008177608251571655 312 189 375 260
face 0.008171796798706055 312 189 375 260
face 0.008151710033416748 312 189 375 260
face 0.007975012063980103 312 189 375 260
face 0.007854819297790527 312 189 375 260
face 0.007832586765289307 312 189 375 260
face 0.007782459259033203 312 189 375 260
face 0.007732391357421875 312 189 375 260
face 0.007704704999923706 312 189 375 260
face 0.007637709379196167 312 189 375 260
face 0.007599174976348877 312 189 375 260
face 0.0075692832469940186 312 189 375 260
face 0.007475733757019043 312 189 375 260
face 0.007197827100753784 312 189 375 260
face 0.007166653871536255 312 189 375 260
face 0.0071077048778533936 312 189 375 260
face 0.006974339485168457 312 189 375 260
face 0.006965160369873047 312 189 375 260
face 0.006873130798339844 312 189 375 260
face 0.0067271888256073 312 189 375 260
face 0.006690680980682373 312 189 375 260
face 0.006602346897125244 312 189 375 260
face 0.006553709506988525 312 189 375 260
face 0.0065360963344573975 312 189 375 260
face 0.006528675556182861 312 189 375 260
face 0.006512552499771118 312 189 375 260
face 0.006503552198410034 312 189 375 260
face 0.006499379873275757 312 189 375 260
face 0.006412625312805176 312 189 375 260
face 0.006362199783325195 312 189 375 260
face 0.006351858377456665 312 189 375 260
face 0.006332516670227051 312 189 375 260
face 0.006329923868179321 312 189 375 260
face 0.006323575973510742 312 189 375 260
face 0.0062836408615112305 312 189 375 260
face 0.006218314170837402 312 189 375 260
face 0.006206035614013672 312 189 375 260
face 0.006173074245452881 312 189 375 260
face 0.006167858839035034 312 189 375 260
face 0.006133347749710083 312 189 375 260
face 0.0061036646366119385 312 189 375 260
face 0.006078898906707764 312 189 375 260
face 0.006010711193084717 312 189 375 260
face 0.005999237298965454 312 189 375 260
face 0.005965858697891235 312 189 375 260
face 0.005899608135223389 312 189 375 260
face 0.005895495414733887 312 189 375 260
face 0.005874186754226685 312 189 375 260
face 0.005847811698913574 312 189 375 260
