face 0.997590184211731 191 225 216 257
face 0.6687352657318115 751 293 775 332
face 0.6448224782943726 842 202 863 238
face 0.37643033266067505 842 202 863 238
face 0.20167124271392822 842 202 863 238
face 0.07937666773796082 842 202 863 238
face 0.07729268074035645 842 202 863 238
face 0.04962211847305298 842 202 863 238
face 0.029655128717422485 842 202 863 238
face 0.023853600025177002 842 202 863 238
face 0.020041048526763916 842 202 863 238
face 0.01963016390800476 842 202 863 238
face 0.017577946186065674 842 202 863 238
face 0.016572564840316772 842 202 863 238
face 0.01631331443786621 842 202 863 238
face 0.015535950660705566 842 202 863 238
face 0.015164583921432495 842 202 863 238
face 0.015055835247039795 842 202 863 238
face 0.013233482837677002 842 202 863 238
face 0.011549681425094604 842 202 863 238
face 0.010607719421386719 842 202 863 238
face 0.009634196758270264 842 202 863 238
face 0.009475350379943848 842 202 863 238
face 0.009379208087921143 842 202 863 238
face 0.008981198072433472 842 202 863 238
face 0.008840382099151611 842 202 863 238
face 0.008314311504364014 842 202 863 238
face 0.008296370506286621 842 202 863 238
face 0.008283108472824097 842 202 863 238
face 0.008099526166915894 842 202 863 238
face 0.008086681365966797 842 202 863 238
face 0.007857143878936768 842 202 863 238
face 0.0077637434005737305 842 202 863 238
face 0.00761646032333374 842 202 863 238
face 0.007036417722702026 842 202 863 238
face 0.007001221179962158 842 202 863 238
face 0.006507277488708496 842 202 863 238
face 0.0064691901206970215 842 202 863 238
face 0.006458103656768799 842 202 863 238
face 0.006354391574859619 842 202 863 238
face 0.006316274404525757 842 202 863 238
face 0.0062517523765563965 842 202 863 238
face 0.0060932934284210205 842 202 863 238
face 0.005716234445571899 842 202 863 238
face 0.005516618490219116 842 202 863 238
face 0.005498707294464111 842 202 863 238
face 0.005470186471939087 842 202 863 238
face 0.0054468512535095215 842 202 863 238
face 0.005445390939712524 842 202 863 238
face 0.005322366952896118 842 202 863 238
face 0.005190461874008179 842 202 863 238
face 0.005187481641769409 842 202 863 238
face 0.005043119192123413 842 202 863 238
face 0.005026668310165405 842 202 863 238
face 0.0049876868724823 842 202 863 238
face 0.0047300755977630615 842 202 863 238
face 0.004430294036865234 842 202 863 238
face 0.004401206970214844 842 202 863 238
face 0.004301577806472778 842 202 863 238
face 0.004301220178604126 842 202 863 238
face 0.004234433174133301 842 202 863 238
face 0.004166454076766968 842 202 863 238
face 0.0040159523487091064 842 202 863 238
face 0.004008740186691284 842 202 863 238
face 0.003971874713897705 842 202 863 238
face 0.0038995742797851562 842 202 863 238
face 0.0038907527923583984 842 202 863 238
face 0.0038719773292541504 842 202 863 238
face 0.003865271806716919 842 202 863 238
face 0.0038289427757263184 842 202 863 238
face 0.0038036704063415527 842 202 863 238
face 0.0037314295768737793 842 202 863 238
face 0.0035777390003204346 842 202 863 238
face 0.0035491883754730225 842 202 863 238
face 0.003541707992553711 842 202 863 238
face 0.0034695565700531006 842 202 863 238
face 0.003312617540359497 842 202 863 238
face 0.003079026937484741 842 202 863 238
face 0.003064572811126709 842 202 863 238
face 0.0030329525470733643 842 202 863 238
face 0.0029865801334381104 842 202 863 238
face 0.0029276907444000244 842 202 863 238
face 0.002867400646209717 842 202 863 238
face 0.0028503239154815674 842 202 863 238
face 0.0028229057788848877 842 202 863 238
face 0.0028108954429626465 842 202 863 238
face 0.0026661455631256104 842 202 863 238
face 0.002579033374786377 842 202 863 238
face 0.0025503039360046387 842 202 863 238
face 0.002521902322769165 842 202 863 238
face 0.0025003254413604736 842 202 863 238
face 0.002464592456817627 842 202 863 238
face 0.002443552017211914 842 202 863 238
face 0.0023317933082580566 842 202 863 238
face 0.0021774470806121826 842 202 863 238
face 0.002154111862182617 842 202 863 238
face 0.002146601676940918 842 202 863 238
face 0.0021306276321411133 842 202 863 238
face 0.002130180597305298 842 202 863 238
face 0.002119004726409912 842 202 863 238
