face 0.9941654801368713 331 90 438 232
face 0.014336585998535156 331 90 438 232
face 0.012442708015441895 331 90 438 232
face 0.010603487491607666 331 90 438 232
face 0.00903463363647461 331 90 438 232
face 0.007472008466720581 331 90 438 232
face 0.006678462028503418 331 90 438 232
face 0.005825996398925781 331 90 438 232
face 0.005397677421569824 331 90 438 232
face 0.0050795674324035645 331 90 438 232
face 0.004936873912811279 331 90 438 232
face 0.0049055516719818115 331 90 438 232
face 0.00483173131942749 331 90 438 232
face 0.004512578248977661 331 90 438 232
face 0.004079759120941162 331 90 438 232
face 0.004057377576828003 331 90 438 232
face 0.003998786211013794 331 90 438 232
face 0.003954529762268066 331 90 438 232
face 0.003950178623199463 331 90 438 232
face 0.003865659236907959 331 90 438 232
face 0.0037825405597686768 331 90 438 232
face 0.0036854445934295654 331 90 438 232
face 0.0036731064319610596 331 90 438 232
face 0.003614276647567749 331 90 438 232
face 0.0036063790321350098 331 90 438 232
face 0.0034345388412475586 331 90 438 232
face 0.00339701771736145 331 90 438 232
face 0.003368854522705078 331 90 438 232
face 0.0033648908138275146 331 90 438 232
face 0.003337353467941284 331 90 438 232
face 0.0033341050148010254 331 90 438 232
face 0.003318220376968384 331 90 438 232
face 0.0031335949897766113 331 90 438 232
face 0.0029981136322021484 331 90 438 232
face 0.0029302239418029785 331 90 438 232
face 0.002894103527069092 331 90 438 232
face 0.0028838515281677246 331 90 438 232
face 0.002872169017791748 331 90 438 232
face 0.002831876277923584 331 90 438 232
face 0.002827286720275879 331 90 438 232
face 0.002785235643386841 331 90 438 232
face 0.002750962972640991 331 90 438 232
face 0.002629905939102173 331 90 438 232
face 0.0026079118251800537 331 90 438 232
face 0.0025344491004943848 331 90 438 232
face 0.0025318264961242676 331 90 438 232
face 0.002468198537826538 331 90 438 232
face 0.002458900213241577 331 90 438 232
face 0.0024412572383880615 331 90 438 232
face 0.0024280548095703125 331 90 438 232
face 0.0024049580097198486 331 90 438 232
face 0.0023969411849975586 331 90 438 232
face 0.0023850202560424805 331 90 438 232
face 0.002375572919845581 331 90 438 232
face 0.002355912234634161 331 90 438 232
face 0.0022871792316436768 331 90 438 232
face 0.002279728651046753 331 90 438 232
face 0.0022794604301452637 331 90 438 232
face 0.0022666752338409424 331 90 438 232
face 0.0022568702697753906 331 90 438 232
face 0.00223541259765625 331 90 438 232
face 0.0022309422492980957 331 90 438 232
face 0.0022173523902893066 331 90 438 232
face 0.0022125542163848877 331 90 438 232
face 0.002187758684158325 331 90 438 232
face 0.002166062593460083 331 90 438 232
face 0.002134859561920166 331 90 438 232
face 0.002133488655090332 331 90 438 232
face 0.0021325647830963135 331 90 438 232
face 0.002098977565765381 331 90 438 232
face 0.002083718776702881 331 90 438 232
face 0.002058267593383789 331 90 438 232
face 0.0020372867584228516 331 90 438 232
face 0.0020239055156707764 331 90 438 232
face 0.002022475004196167 331 90 438 232
face 0.0020110905170440674 331 90 438 232
face 0.001985013484954834 331 90 438 232
face 0.0019844472408294678 331 90 438 232
face 0.0019749701023101807 331 90 438 232
face 0.001974761486053467 331 90 438 232
face 0.001961648464202881 331 90 438 232
face 0.0019514858722686768 331 90 438 232
face 0.001925349235534668 331 90 438 232
face 0.0019171535968780518 331 90 438 232
face 0.0018446147441864014 331 90 438 232
face 0.0018388330936431885 331 90 438 232
face 0.0017924904823303223 331 90 438 232
face 0.001783132553100586 331 90 438 232
face 0.0017825663089752197 331 90 438 232
face 0.0017378032207489014 331 90 438 232
face 0.0017259716987609863 331 90 438 232
face 0.0017200708389282227 331 90 438 232
face 0.0017189979553222656 331 90 438 232
face 0.0017071664333343506 331 90 438 232
face 0.0017063319683074951 331 90 438 232
face 0.001690000295639038 331 90 438 232
face 0.001682370901107788 331 90 438 232
face 0.0016725361347198486 331 90 438 232
face 0.0016425549983978271 331 90 438 232
face 0.0016383230686187744 331 90 438 232
