face 0.997738242149353 495 212 532 256
face 0.9923371076583862 429 198 490 265
face 0.9904382228851318 626 135 682 198
face 0.9743383526802063 57 177 90 220
face 0.974087119102478 99 168 157 238
face 0.7253856062889099 289 179 340 237
face 0.6725176572799683 775 215 808 259
face 0.6400789022445679 863 168 932 269
face 0.6209203004837036 74 230 148 315
face 0.5966066718101501 387 198 420 240
face 0.48164933919906616 387 198 420 240
face 0.41599059104919434 387 198 420 240
face 0.33327972888946533 387 198 420 240
face 0.29605633020401 387 198 420 240
face 0.24486535787582397 387 198 420 240
face 0.2369065284729004 387 198 420 240
face 0.17274770140647888 387 198 420 240
face 0.1658887267112732 387 198 420 240
face 0.12301221489906311 387 198 420 240
face 0.10558345913887024 387 198 420 240
face 0.10012182593345642 387 198 420 240
face 0.0994335412979126 387 198 420 240
face 0.09858444333076477 387 198 420 240
face 0.07507765293121338 387 198 420 240
face 0.05913469195365906 387 198 420 240
face 0.058693259954452515 387 198 420 240
face 0.05362704396247864 387 198 420 240
face 0.053608059883117676 387 198 420 240
face 0.05193784832954407 387 198 420 240
face 0.051800817251205444 387 198 420 240
face 0.05031260848045349 387 198 420 240
face 0.04935687780380249 387 198 420 240
face 0.04837477207183838 387 198 420 240
face 0.04673737287521362 387 198 420 240
face 0.046366989612579346 387 198 420 240
face 0.045977383852005005 387 198 420 240
face 0.042382657527923584 387 198 420 240
face 0.04233786463737488 387 198 420 240
face 0.039604902267456055 387 198 420 240
face 0.039485543966293335 387 198 420 240
face 0.037747472524642944 387 198 420 240
face 0.03752008080482483 387 198 420 240
face 0.03337714076042175 387 198 420 240
face 0.03257831931114197 387 198 420 240
face 0.03199675679206848 387 198 420 240
face 0.03054460883140564 387 198 420 240
face 0.029624223709106445 387 198 420 240
face 0.02910444140434265 387 198 420 240
face 0.028709381818771362 387 198 420 240
face 0.02803245186805725 387 198 420 240
face 0.02702835202217102 387 198 420 240
face 0.026575863361358643 387 198 420 240
face 0.026322126388549805 387 198 420 240
face 0.024507969617843628 387 198 420 240
face 0.02366521954536438 387 198 420 240
face 0.02310389280319214 387 198 420 240
face 0.022749513387680054 387 198 420 240
face 0.022616833448410034 387 198 420 240
face 0.022248148918151855 387 198 420 240
face 0.021700739860534668 387 198 420 240
face 0.021594613790512085 387 198 420 240
face 0.021398812532424927 387 198 420 240
face 0.020614832639694214 387 198 420 240
face 0.020531058311462402 387 198 420 240
face 0.020516008138656616 387 198 420 240
face 0.020506292581558228 387 198 420 240
face 0.02023404836654663 387 198 420 240
face 0.02010929584503174 387 198 420 240
face 0.020033985376358032 387 198 420 240
face 0.01987457275390625 387 198 420 240
face 0.018799692392349243 387 198 420 240
face 0.017851918935775757 387 198 420 240
face 0.01770251989364624 387 198 420 240
face 0.01759207248687744 387 198 420 240
face 0.01730838418006897 387 198 420 240
face 0.017203092575073242 387 198 420 240
face 0.016957074403762817 387 198 420 240
face 0.016389906406402588 387 198 420 240
face 0.016381651163101196 387 198 420 240
face 0.01621362566947937 387 198 420 240
face 0.01619035005569458 387 198 420 240
face 0.015761256217956543 387 198 420 240
face 0.015377849340438843 387 198 420 240
face 0.015338718891143799 387 198 420 240
face 0.014710217714309692 387 198 420 240
face 0.014630436897277832 387 198 420 240
face 0.01447361707687378 387 198 420 240
face 0.014245182275772095 387 198 420 240
face 0.01366773247718811 387 198 420 240
face 0.013666868209838867 387 198 420 240
face 0.01354953646659851 387 198 420 240
face 0.013500213623046875 387 198 420 240
face 0.013191699981689453 387 198 420 240
face 0.012997925281524658 387 198 420 240
face 0.01289317011833191 387 198 420 240
face 0.012878060340881348 387 198 420 240
face 0.012857437133789062 387 198 420 240
face 0.012637108564376831 387 198 420 240
face 0.01246371865272522 387 198 420 240
face 0.01235005259513855 387 198 420 240
