face 0.7961947917938232 634 68 700 146
face 0.43331849575042725 634 68 700 146
face 0.07118025422096252 634 68 700 146
face 0.02229556441307068 634 68 700 146
face 0.020968139171600342 634 68 700 146
face 0.02082955837249756 634 68 700 146
face 0.01974770426750183 634 68 700 146
face 0.01823994517326355 634 68 700 146
face 0.01800021529197693 634 68 700 146
face 0.017661988735198975 634 68 700 146
face 0.017283618450164795 634 68 700 146
face 0.01507076621055603 634 68 700 146
face 0.012610435485839844 634 68 700 146
face 0.012224525213241577 634 68 700 146
face 0.011727303266525269 634 68 700 146
face 0.011045515537261963 634 68 700 146
face 0.010723382234573364 634 68 700 146
face 0.010614871978759766 634 68 700 146
face 0.009578555822372437 634 68 700 146
face 0.009358316659927368 634 68 700 146
face 0.009264707565307617 634 68 700 146
face 0.009239166975021362 634 68 700 146
face 0.008962184190750122 634 68 700 146
face 0.008870601654052734 634 68 700 146
face 0.00826224684715271 634 68 700 146
face 0.007237136363983154 634 68 700 146
face 0.007228046655654907 634 68 700 146
face 0.007074087858200073 634 68 700 146
face 0.007049918174743652 634 68 700 146
face 0.006962031126022339 634 68 700 146
face 0.006555706262588501 634 68 700 146
face 0.006310373544692993 634 68 700 146
face 0.0060464441776275635 634 68 700 146
face 0.005897313356399536 634 68 700 146
face 0.005882203578948975 634 68 700 146
face 0.005833685398101807 634 68 700 146
face 0.0057472288608551025 634 68 700 146
face 0.005637824535369873 634 68 700 146
face 0.005563646554946899 634 68 700 146
face 0.0055269598960876465 634 68 700 146
face 0.005503535270690918 634 68 700 146
face 0.0054856836795806885 634 68 700 146
face 0.005391895771026611 634 68 700 146
face 0.005231589078903198 634 68 700 146
face 0.005178302526473999 634 68 700 146
face 0.005120664834976196 634 68 700 146
face 0.005041450262069702 634 68 700 146
face 0.004980355501174927 634 68 700 146
face 0.00482100248336792 634 68 700 146
face 0.004814594984054565 634 68 700 146
face 0.00464022159576416 634 68 700 146
face 0.004639714956283569 634 68 700 146
face 0.004626572132110596 634 68 700 146
face 0.004621356725692749 634 68 700 146
face 0.004593521356582642 634 68 700 146
face 0.004588961601257324 634 68 700 146
face 0.004491686820983887 634 68 700 146
face 0.00448077917098999 634 68 700 146
face 0.004457205533981323 634 68 700 146
face 0.004404962062835693 634 68 700 146
face 0.004382729530334473 634 68 700 146
face 0.004371732473373413 634 68 700 146
face 0.0043413639068603516 634 68 700 146
face 0.004340827465057373 634 68 700 146
face 0.004331648349761963 634 68 700 146
face 0.004324615001678467 634 68 700 146
face 0.003992915153503418 634 68 700 146
face 0.00395435094833374 634 68 700 146
face 0.003953814506530762 634 68 700 146
face 0.003922611474990845 634 68 700 146
face 0.0038951337337493896 634 68 700 146
face 0.0038602054119110107 634 68 700 146
face 0.0038219988346099854 634 68 700 146
face 0.0037773549556732178 634 68 700 146
face 0.003732144832611084 634 68 700 146
face 0.0037057101726531982 634 68 700 146
face 0.0036506354808807373 634 68 700 146
face 0.0036479830741882324 634 68 700 146
face 0.0036225616931915283 634 68 700 146
face 0.003621816635131836 634 68 700 146
face 0.003613501787185669 634 68 700 146
face 0.003609299659729004 634 68 700 146
face 0.0035634636878967285 634 68 700 146
face 0.0035532712936401367 634 68 700 146
face 0.0035455524921417236 634 68 700 146
face 0.0034540295600891113 634 68 700 146
face 0.0034527480602264404 634 68 700 146
face 0.0034487545490264893 634 68 700 146
face 0.0034477710723876953 634 68 700 146
face 0.0034057796001434326 634 68 700 146
face 0.003396540880203247 634 68 700 146
face 0.0033451616764068604 634 68 700 146
face 0.0033218562602996826 634 68 700 146
face 0.0032815933227539062 634 68 700 146
face 0.003252774477005005 634 68 700 146
face 0.003200024366378784 634 68 700 146
face 0.0030367374420166016 634 68 700 146
face 0.0030181407928466797 634 68 700 146
face 0.003007739782333374 634 68 700 146
face 0.00296097993850708 634 68 700 146
