face 0.7259065508842468 513 163 622 309
face 0.09381440281867981 513 163 622 309
face 0.06716606020927429 513 163 622 309
face 0.04887455701828003 513 163 622 309
face 0.047342449426651 513 163 622 309
face 0.03526413440704346 513 163 622 309
face 0.028471708297729492 513 163 622 309
face 0.027774125337600708 513 163 622 309
face 0.027614831924438477 513 163 622 309
face 0.027070969343185425 513 163 622 309
face 0.026587724685668945 513 163 622 309
face 0.025769531726837158 513 163 622 309
face 0.02538737654685974 513 163 622 309
face 0.025359749794006348 513 163 622 309
face 0.025014638900756836 513 163 622 309
face 0.023412257432937622 513 163 622 309
face 0.02339625358581543 513 163 622 309
face 0.02274775505065918 513 163 622 309
face 0.021024584770202637 513 163 622 309
face 0.020688772201538086 513 163 622 309
face 0.02039659023284912 513 163 622 309
face 0.020323514938354492 513 163 622 309
face 0.020311176776885986 513 163 622 309
face 0.019812703132629395 513 163 622 309
face 0.01981016993522644 513 163 622 309
face 0.0196990966796875 513 163 622 309
face 0.019642263650894165 513 163 622 309
face 0.01955282688140869 513 163 622 309
face 0.018990427255630493 513 163 622 309
face 0.018747150897979736 513 163 622 309
face 0.018182873725891113 513 163 622 309
face 0.017768651247024536 513 163 622 309
face 0.017108440399169922 513 163 622 309
face 0.016628891229629517 513 163 622 309
face 0.016540437936782837 513 163 622 309
face 0.01647239923477173 513 163 622 309
face 0.016251415014266968 513 163 622 309
face 0.016210317611694336 513 163 622 309
face 0.016179800033569336 513 163 622 309
face 0.016113370656967163 513 163 622 309
face 0.015976279973983765 513 163 622 309
face 0.015850543975830078 513 163 622 309
face 0.015779852867126465 513 163 622 309
face 0.015680909156799316 513 163 622 309
face 0.01539909839630127 513 163 622 309
face 0.015230298042297363 513 163 622 309
face 0.0151519775390625 513 163 622 309
face 0.01513439416885376 513 163 622 309
face 0.015101790428161621 513 163 622 309
face 0.014814227819442749 513 163 622 309
face 0.01460808515548706 513 163 622 309
face 0.014541953802108765 513 163 622 309
face 0.014494627714157104 513 163 622 309
face 0.014409869909286499 513 163 622 309
face 0.01435089111328125 513 163 622 309
face 0.014253824949264526 513 163 622 309
face 0.014242231845855713 513 163 622 309
face 0.014187127351760864 513 163 622 309
face 0.013742029666900635 513 163 622 309
face 0.013737022876739502 513 163 622 309
face 0.013669192790985107 513 163 622 309
face 0.01365739107131958 513 163 622 309
face 0.013617485761642456 513 163 622 309
face 0.013616472482681274 513 163 622 309
face 0.01360812783241272 513 163 622 309
face 0.013533830642700195 513 163 622 309
face 0.013478785753250122 513 163 622 309
face 0.013109773397445679 513 163 622 309
face 0.012887746095657349 513 163 622 309
face 0.012878328561782837 513 163 622 309
face 0.01282590627670288 513 163 622 309
face 0.01279991865158081 513 163 622 309
face 0.012415379285812378 513 163 622 309
face 0.012311309576034546 513 163 622 309
face 0.012171655893325806 513 163 622 309
face 0.012062013149261475 513 163 622 309
face 0.011968493461608887 513 163 622 309
face 0.011933863162994385 513 163 622 309
face 0.01189267635345459 513 163 622 309
face 0.011842399835586548 513 163 622 309
face 0.0117931067943573 513 163 622 309
face 0.011768490076065063 513 163 622 309
face 0.011640608310699463 513 163 622 309
face 0.01162371039390564 513 163 622 309
face 0.011572420597076416 513 163 622 309
face 0.011570364236831665 513 163 622 309
face 0.011551439762115479 513 163 622 309
face 0.01152414083480835 513 163 622 309
face 0.011485844850540161 513 163 622 309
face 0.011473774909973145 513 163 622 309
face 0.01143556833267212 513 163 622 309
face 0.011278986930847168 513 163 622 309
face 0.011265397071838379 513 163 622 309
face 0.011233240365982056 513 163 622 309
face 0.011218756437301636 513 163 622 309
face 0.011207997798919678 513 163 622 309
face 0.011159032583236694 513 163 622 309
face 0.01110994815826416 513 163 622 309
face 0.011043250560760498 513 163 622 309
face 0.010997205972671509 513 163 622 309
