face 0.16576841473579407 356 69 587 352
face 0.16494551301002502 356 69 587 352
face 0.07544225454330444 356 69 587 352
face 0.07030212879180908 356 69 587 352
face 0.05892491340637207 356 69 587 352
face 0.045656442642211914 356 69 587 352
face 0.04464414715766907 356 69 587 352
face 0.044474005699157715 356 69 587 352
face 0.042920053005218506 356 69 587 352
face 0.04137682914733887 356 69 587 352
face 0.04055824875831604 356 69 587 352
face 0.04011404514312744 356 69 587 352
face 0.039661914110183716 356 69 587 352
face 0.039576172828674316 356 69 587 352
face 0.03943920135498047 356 69 587 352
face 0.038844138383865356 356 69 587 352
face 0.03400766849517822 356 69 587 352
face 0.03368675708770752 356 69 587 352
face 0.03150659799575806 356 69 587 352
face 0.029680579900741577 356 69 587 352
face 0.027967631816864014 356 69 587 352
face 0.02774825692176819 356 69 587 352
face 0.02693769335746765 356 69 587 352
face 0.02606382966041565 356 69 587 352
face 0.025669008493423462 356 69 587 352
face 0.0254518985748291 356 69 587 352
face 0.02523285150527954 356 69 587 352
face 0.025117814540863037 356 69 587 352
face 0.024886369705200195 356 69 587 352
face 0.02463817596435547 356 69 587 352
face 0.024572819471359253 356 69 587 352
face 0.02449062466621399 356 69 587 352
face 0.024069130420684814 356 69 587 352
face 0.023867905139923096 356 69 587 352
face 0.023808717727661133 356 69 587 352
face 0.02378663420677185 356 69 587 352
face 0.02296501398086548 356 69 587 352
face 0.02200278639793396 356 69 587 352
face 0.02199709415435791 356 69 587 352
face 0.021965593099594116 356 69 587 352
face 0.02142849564552307 356 69 587 352
face 0.021010547876358032 356 69 587 352
face 0.02091243863105774 356 69 587 352
face 0.020774781703948975 356 69 587 352
face 0.02071508765220642 356 69 587 352
face 0.020703762769699097 356 69 587 352
face 0.02015182375907898 356 69 587 352
face 0.020014822483062744 356 69 587 352
face 0.019078880548477173 356 69 587 352
face 0.019024819135665894 356 69 587 352
face 0.018916577100753784 356 69 587 352
face 0.01889050006866455 356 69 587 352
face 0.01832437515258789 356 69 587 352
face 0.018275052309036255 356 69 587 352
face 0.018237441778182983 356 69 587 352
face 0.01765868067741394 356 69 587 352
face 0.0175134539604187 356 69 587 352
face 0.01699337363243103 356 69 587 352
face 0.01696079969406128 356 69 587 352
face 0.016700834035873413 356 69 587 352
face 0.01627376675605774 356 69 587 352
face 0.016265571117401123 356 69 587 352
face 0.016162902116775513 356 69 587 352
face 0.015955477952957153 356 69 587 352
face 0.015890806913375854 356 69 587 352
face 0.01572844386100769 356 69 587 352
face 0.015521317720413208 356 69 587 352
face 0.01545611023902893 356 69 587 352
face 0.015400588512420654 356 69 587 352
face 0.01528388261795044 356 69 587 352
face 0.015237659215927124 356 69 587 352
face 0.014864087104797363 356 69 587 352
face 0.014740556478500366 356 69 587 352
face 0.014166295528411865 356 69 587 352
face 0.0137728750705719 356 69 587 352
face 0.01340627670288086 356 69 587 352
face 0.013053566217422485 356 69 587 352
face 0.013017505407333374 356 69 587 352
face 0.01287984848022461 356 69 587 352
face 0.012799263000488281 356 69 587 352
face 0.0127505362033844 356 69 587 352
face 0.01266661286354065 356 69 587 352
face 0.012515276670455933 356 69 587 352
face 0.012416988611221313 356 69 587 352
face 0.01233646273612976 356 69 587 352
face 0.012317121028900146 356 69 587 352
face 0.012241870164871216 356 69 587 352
face 0.011892616748809814 356 69 587 352
face 0.011756420135498047 356 69 587 352
face 0.011729568243026733 356 69 587 352
face 0.011717349290847778 356 69 587 352
face 0.011702150106430054 356 69 587 352
face 0.011594116687774658 356 69 587 352
face 0.011439114809036255 356 69 587 352
face 0.0113811194896698 356 69 587 352
face 0.011123567819595337 356 69 587 352
face 0.011015832424163818 356 69 587 352
face 0.010827869176864624 356 69 587 352
face 0.01061674952507019 356 69 587 352
face 0.010378390550613403 356 69 587 352
