face 0.9840370416641235 342 180 584 425
face 0.027355581521987915 342 180 584 425
face 0.024138689041137695 342 180 584 425
face 0.021090418100357056 342 180 584 425
face 0.019868165254592896 342 180 584 425
face 0.017647206783294678 342 180 584 425
face 0.017466068267822266 342 180 584 425
face 0.016776233911514282 342 180 584 425
face 0.015213102102279663 342 180 584 425
face 0.014352083206176758 342 180 584 425
face 0.013003885746002197 342 180 584 425
face 0.012424767017364502 342 180 584 425
face 0.01078835129737854 342 180 584 425
face 0.010588020086288452 342 180 584 425
face 0.010480225086212158 342 180 584 425
face 0.00981760025024414 342 180 584 425
face 0.00965908169746399 342 180 584 425
face 0.00959157943725586 342 180 584 425
face 0.009472519159317017 342 180 584 425
face 0.009056955575942993 342 180 584 425
face 0.008469194173812866 342 180 584 425
face 0.00823962688446045 342 180 584 425
face 0.008180320262908936 342 180 584 425
face 0.007668524980545044 342 180 584 425
face 0.007519721984863281 342 180 584 425
face 0.007337361574172974 342 180 584 425
face 0.007090836763381958 342 180 584 425
face 0.007055789232254028 342 180 584 425
face 0.007031679153442383 342 180 584 425
face 0.007021903991699219 342 180 584 425
face 0.0070150792598724365 342 180 584 425
face 0.007004410028457642 342 180 584 425
face 0.00696602463722229 342 180 584 425
face 0.006881028413772583 342 180 584 425
face 0.0068374574184417725 342 180 584 425
face 0.006674438714981079 342 180 584 425
face 0.006572067737579346 342 180 584 425
face 0.006488919258117676 342 180 584 425
face 0.006414532661437988 342 180 584 425
face 0.006255388259887695 342 180 584 425
face 0.006193310022354126 342 180 584 425
face 0.006118416786193848 342 180 584 425
face 0.005996435880661011 342 180 584 425
face 0.005969196557998657 342 180 584 425
face 0.005876779556274414 342 180 584 425
face 0.005823224782943726 342 180 584 425
face 0.005776762962341309 342 180 584 425
face 0.00568842887878418 342 180 584 425
face 0.005563884973526001 342 180 584 425
face 0.005407661199569702 342 180 584 425
face 0.005307257175445557 342 180 584 425
face 0.005303084850311279 342 180 584 425
face 0.005296260118484497 342 180 584 425
face 0.005238175392150879 342 180 584 425
face 0.005167096853256226 342 180 584 425
face 0.005148142576217651 342 180 584 425
face 0.005142778158187866 342 180 584 425
face 0.005094051361083984 342 180 584 425
face 0.005078911781311035 342 180 584 425
face 0.005026727914810181 342 180 584 425
face 0.005016535520553589 342 180 584 425
face 0.005000650882720947 342 180 584 425
face 0.004870712757110596 342 180 584 425
face 0.004849076271057129 342 180 584 425
face 0.004839211702346802 342 180 584 425
face 0.004779696464538574 342 180 584 425
face 0.004653364419937134 342 180 584 425
face 0.00464436411857605 342 180 584 425
face 0.004578143358230591 342 180 584 425
face 0.004567533731460571 342 180 584 425
face 0.004563868045806885 342 180 584 425
face 0.00448647141456604 342 180 584 425
face 0.0044481754302978516 342 180 584 425
face 0.004396528005599976 342 180 584 425
face 0.004368424415588379 342 180 584 425
face 0.004308432340621948 342 180 584 425
face 0.004180401563644409 342 180 584 425
face 0.004168808460235596 342 180 584 425
face 0.004159867763519287 342 180 584 425
face 0.004135578870773315 342 180 584 425
face 0.004057019948959351 342 180 584 425
face 0.004047781229019165 342 180 584 425
face 0.0040358006954193115 342 180 584 425
face 0.004017919301986694 342 180 584 425
face 0.003994286060333252 342 180 584 425
face 0.003953009843826294 342 180 584 425
face 0.003949880599975586 342 180 584 425
face 0.0039313435554504395 342 180 584 425
face 0.0038601160049438477 342 180 584 425
face 0.0038380324840545654 342 180 584 425
face 0.003793865442276001 342 180 584 425
face 0.003787130117416382 342 180 584 425
face 0.0037444233894348145 342 180 584 425
face 0.0037379562854766846 342 180 584 425
face 0.0037254393100738525 342 180 584 425
face 0.0037074387073516846 342 180 584 425
face 0.0036924779415130615 342 180 584 425
face 0.003672957420349121 342 180 584 425
face 0.003672659397125244 342 180 584 425
face 0.003663301467895508 342 180 584 425
