face 0.9744663834571838 486 333 567 444
face 0.9241143465042114 11 309 83 403
face 0.7972782850265503 816 354 894 472
face 0.7922543883323669 253 327 318 411
face 0.7910647392272949 692 337 744 407
face 0.6829271912574768 933 347 982 415
face 0.303239643573761 933 347 982 415
face 0.1582605540752411 933 347 982 415
face 0.10063713788986206 933 347 982 415
face 0.09087169170379639 933 347 982 415
face 0.08468419313430786 933 347 982 415
face 0.06727716326713562 933 347 982 415
face 0.06099456548690796 933 347 982 415
face 0.05957353115081787 933 347 982 415
face 0.043855488300323486 933 347 982 415
face 0.04384267330169678 933 347 982 415
face 0.03751420974731445 933 347 982 415
face 0.03496953845024109 933 347 982 415
face 0.032471418380737305 933 347 982 415
face 0.031077325344085693 933 347 982 415
face 0.02852746844291687 933 347 982 415
face 0.027750253677368164 933 347 982 415
face 0.027429431676864624 933 347 982 415
face 0.02717915177345276 933 347 982 415
face 0.026531219482421875 933 347 982 415
face 0.023463845252990723 933 347 982 415
face 0.022334814071655273 933 347 982 415
face 0.021510332822799683 933 347 982 415
face 0.021129220724105835 933 347 982 415
face 0.020805329084396362 933 347 982 415
face 0.02052605152130127 933 347 982 415
face 0.02051106095314026 933 347 982 415
face 0.019326239824295044 933 347 982 415
face 0.01905074715614319 933 347 982 415
face 0.019030511379241943 933 347 982 415
face 0.01837378740310669 933 347 982 415
face 0.017866075038909912 933 347 982 415
face 0.01778295636177063 933 347 982 415
face 0.017334163188934326 933 347 982 415
face 0.016865432262420654 933 347 982 415
face 0.015997767448425293 933 347 982 415
face 0.015670746564865112 933 347 982 415
face 0.014786243438720703 933 347 982 415
face 0.014743894338607788 933 347 982 415
face 0.01463329792022705 933 347 982 415
face 0.014612436294555664 933 347 982 415
face 0.014119654893875122 933 347 982 415
face 0.013954341411590576 933 347 982 415
face 0.013493925333023071 933 347 982 415
face 0.012982159852981567 933 347 982 415
face 0.012894243001937866 933 347 982 415
face 0.012889474630355835 933 347 982 415
face 0.01286652684211731 933 347 982 415
face 0.012797564268112183 933 347 982 415
face 0.012587904930114746 933 347 982 415
face 0.012464731931686401 933 347 982 415
face 0.01244613528251648 933 347 982 415
face 0.011949002742767334 933 347 982 415
face 0.011847317218780518 933 347 982 415
face 0.011841297149658203 933 347 982 415
face 0.011693000793457031 933 347 982 415
face 0.01167154312133789 933 347 982 415
face 0.01166418194770813 933 347 982 415
face 0.011624962091445923 933 347 982 415
face 0.011363297700881958 933 347 982 415
face 0.010731369256973267 933 347 982 415
face 0.01072719693183899 933 347 982 415
face 0.010654628276824951 933 347 982 415
face 0.010555922985076904 933 347 982 415
face 0.010399311780929565 933 347 982 415
face 0.010362029075622559 933 347 982 415
face 0.010341137647628784 933 347 982 415
face 0.010196566581726074 933 347 982 415
face 0.010157793760299683 933 347 982 415
face 0.010133862495422363 933 347 982 415
face 0.009996384382247925 933 347 982 415
face 0.009979069232940674 933 347 982 415
face 0.009961485862731934 933 347 982 415
face 0.009927719831466675 933 347 982 415
face 0.009906470775604248 933 347 982 415
face 0.009830862283706665 933 347 982 415
face 0.009661287069320679 933 347 982 415
face 0.009638160467147827 933 347 982 415
face 0.009454190731048584 933 347 982 415
face 0.009420245885848999 933 347 982 415
face 0.009345918893814087 933 347 982 415
face 0.009221762418746948 933 347 982 415
face 0.009124159812927246 933 347 982 415
face 0.009094834327697754 933 347 982 415
face 0.00907909870147705 933 347 982 415
face 0.00886470079421997 933 347 982 415
face 0.0088481605052948 933 347 982 415
face 0.008701622486114502 933 347 982 415
face 0.008635252714157104 933 347 982 415
face 0.008571326732635498 933 347 982 415
face 0.00851944088935852 933 347 982 415
face 0.008478403091430664 933 347 982 415
face 0.008417010307312012 933 347 982 415
face 0.008294880390167236 933 347 982 415
face 0.00804901123046875 933 347 982 415
