face 0.9587900638580322 334 87 388 171
face 0.9516602754592896 731 45 795 119
face 0.10471293330192566 731 45 795 119
face 0.08835369348526001 731 45 795 119
face 0.07846930623054504 731 45 795 119
face 0.06802910566329956 731 45 795 119
face 0.06352296471595764 731 45 795 119
face 0.05941057205200195 731 45 795 119
face 0.058022499084472656 731 45 795 119
face 0.05715420842170715 731 45 795 119
face 0.056568145751953125 731 45 795 119
face 0.05598652362823486 731 45 795 119
face 0.05571427941322327 731 45 795 119
face 0.0550709068775177 731 45 795 119
face 0.05461817979812622 731 45 795 119
face 0.05292251706123352 731 45 795 119
face 0.052450031042099 731 45 795 119
face 0.04980573058128357 731 45 795 119
face 0.04783305525779724 731 45 795 119
face 0.047806382179260254 731 45 795 119
face 0.04625934362411499 731 45 795 119
face 0.04602387547492981 731 45 795 119
face 0.044804662466049194 731 45 795 119
face 0.04443860054016113 731 45 795 119
face 0.04263681173324585 731 45 795 119
face 0.0375404953956604 731 45 795 119
face 0.036970704793930054 731 45 795 119
face 0.0362626314163208 731 45 795 119
face 0.03621414303779602 731 45 795 119
face 0.035762935876846313 731 45 795 119
face 0.035462141036987305 731 45 795 119
face 0.03221738338470459 731 45 795 119
face 0.03216308355331421 731 45 795 119
face 0.02984526753425598 731 45 795 119
face 0.029387563467025757 731 45 795 119
face 0.029219388961791992 731 45 795 119
face 0.02920013666152954 731 45 795 119
face 0.02721288800239563 731 45 795 119
face 0.02693876624107361 731 45 795 119
face 0.02688068151473999 731 45 795 119
face 0.026035040616989136 731 45 795 119
face 0.024805396795272827 731 45 795 119
face 0.0243816077709198 731 45 795 119
face 0.024314522743225098 731 45 795 119
face 0.023814797401428223 731 45 795 119
face 0.022796154022216797 731 45 795 119
face 0.021364986896514893 731 45 795 119
face 0.020236968994140625 731 45 795 119
face 0.02014833688735962 731 45 795 119
face 0.020042002201080322 731 45 795 119
face 0.01994532346725464 731 45 795 119
face 0.01978754997253418 731 45 795 119
face 0.019694775342941284 731 45 795 119
face 0.019662797451019287 731 45 795 119
face 0.019629210233688354 731 45 795 119
face 0.01915469765663147 731 45 795 119
face 0.019010990858078003 731 45 795 119
face 0.018820375204086304 731 45 795 119
face 0.01857084035873413 731 45 795 119
face 0.01856580376625061 731 45 795 119
face 0.017970561981201172 731 45 795 119
face 0.017936497926712036 731 45 795 119
face 0.017372041940689087 731 45 795 119
face 0.01737058162689209 731 45 795 119
face 0.01635509729385376 731 45 795 119
face 0.015697181224822998 731 45 795 119
face 0.015363186597824097 731 45 795 119
face 0.015255481004714966 731 45 795 119
face 0.01508602499961853 731 45 795 119
face 0.015062451362609863 731 45 795 119
face 0.014987200498580933 731 45 795 119
face 0.014349311590194702 731 45 795 119
face 0.014337539672851562 731 45 795 119
face 0.01431843638420105 731 45 795 119
face 0.014278769493103027 731 45 795 119
face 0.013322532176971436 731 45 795 119
face 0.013113796710968018 731 45 795 119
face 0.012843459844589233 731 45 795 119
face 0.01281091570854187 731 45 795 119
face 0.012794435024261475 731 45 795 119
face 0.012624174356460571 731 45 795 119
face 0.012185871601104736 731 45 795 119
face 0.01212504506111145 731 45 795 119
face 0.01204746961593628 731 45 795 119
face 0.012019455432891846 731 45 795 119
face 0.0119437575340271 731 45 795 119
face 0.011890143156051636 731 45 795 119
face 0.011454254388809204 731 45 795 119
face 0.011376351118087769 731 45 795 119
face 0.011167764663696289 731 45 795 119
face 0.011157244443893433 731 45 795 119
face 0.011004388332366943 731 45 795 119
face 0.01080051064491272 731 45 795 119
face 0.010777682065963745 731 45 795 119
face 0.01077011227607727 731 45 795 119
face 0.010658800601959229 731 45 795 119
face 0.01061961054801941 731 45 795 119
face 0.010609686374664307 731 45 795 119
face 0.010079830884933472 731 45 795 119
face 0.010009944438934326 731 45 795 119
