face 0.988706111907959 427 95 469 151
face 0.9166827201843262 268 160 316 217
face 0.8926956653594971 517 152 643 315
face 0.8811981678009033 201 15 257 82
face 0.8232346773147583 67 105 120 162
face 0.3874168395996094 67 105 120 162
face 0.34335994720458984 67 105 120 162
face 0.3334060311317444 67 105 120 162
face 0.2881486415863037 67 105 120 162
face 0.28348594903945923 67 105 120 162
face 0.1835358440876007 67 105 120 162
face 0.14724501967430115 67 105 120 162
face 0.13781189918518066 67 105 120 162
face 0.1187262237071991 67 105 120 162
face 0.09822836518287659 67 105 120 162
face 0.08910730481147766 67 105 120 162
face 0.07243335247039795 67 105 120 162
face 0.0722898542881012 67 105 120 162
face 0.06646272540092468 67 105 120 162
face 0.06376579403877258 67 105 120 162
face 0.057916611433029175 67 105 120 162
face 0.054104357957839966 67 105 120 162
face 0.050322145223617554 67 105 120 162
face 0.04971393942832947 67 105 120 162
face 0.048417240381240845 67 105 120 162
face 0.04351457953453064 67 105 120 162
face 0.041984766721725464 67 105 120 162
face 0.041019439697265625 67 105 120 162
face 0.04009222984313965 67 105 120 162
face 0.03681075572967529 67 105 120 162
face 0.03352782130241394 67 105 120 162
face 0.027883917093276978 67 105 120 162
face 0.026532292366027832 67 105 120 162
face 0.022288978099822998 67 105 120 162
face 0.021649658679962158 67 105 120 162
face 0.021425902843475342 67 105 120 162
face 0.020491808652877808 67 105 120 162
face 0.020069360733032227 67 105 120 162
face 0.020038247108459473 67 105 120 162
face 0.016927719116210938 67 105 120 162
face 0.01557689905166626 67 105 120 162
face 0.014578491449356079 67 105 120 162
face 0.014173716306686401 67 105 120 162
face 0.013829261064529419 67 105 120 162
face 0.011905550956726074 67 105 120 162
face 0.010287553071975708 67 105 120 162
face 0.009955674409866333 67 105 120 162
face 0.009898960590362549 67 105 120 162
face 0.009886205196380615 67 105 120 162
face 0.009870290756225586 67 105 120 162
face 0.00984424352645874 67 105 120 162
face 0.009706676006317139 67 105 120 162
face 0.009619385004043579 67 105 120 162
face 0.009567350149154663 67 105 120 162
face 0.009253501892089844 67 105 120 162
face 0.00876462459564209 67 105 120 162
face 0.008738875389099121 67 105 120 162
face 0.008688956499099731 67 105 120 162
face 0.008630335330963135 67 105 120 162
face 0.008505970239639282 67 105 120 162
face 0.008499175310134888 67 105 120 162
face 0.008193403482437134 67 105 120 162
face 0.008002310991287231 67 105 120 162
face 0.007996857166290283 67 105 120 162
face 0.00798371434211731 67 105 120 162
face 0.007916063070297241 67 105 120 162
face 0.007814109325408936 67 105 120 162
face 0.00766599178314209 67 105 120 162
face 0.007634073495864868 67 105 120 162
face 0.007542401552200317 67 105 120 162
face 0.007440805435180664 67 105 120 162
face 0.00732344388961792 67 105 120 162
face 0.007043033838272095 67 105 120 162
face 0.006857693195343018 67 105 120 162
face 0.006849408149719238 67 105 120 162
face 0.006816357374191284 67 105 120 162
face 0.0067980289459228516 67 105 120 162
face 0.006787121295928955 67 105 120 162
face 0.0067288875579833984 67 105 120 162
face 0.006680727005004883 67 105 120 162
face 0.006603062152862549 67 105 120 162
face 0.006487935781478882 67 105 120 162
face 0.00644075870513916 67 105 120 162
face 0.0061476826667785645 67 105 120 162
face 0.006100267171859741 67 105 120 162
face 0.0060665905475616455 67 105 120 162
face 0.006061971187591553 67 105 120 162
face 0.00583997368812561 67 105 120 162
face 0.0055124759674072266 67 105 120 162
face 0.005431324243545532 67 105 120 162
face 0.00541415810585022 67 105 120 162
face 0.005391329526901245 67 105 120 162
face 0.005324661731719971 67 105 120 162
face 0.00532105565071106 67 105 120 162
face 0.005256354808807373 67 105 120 162
face 0.0052258968353271484 67 105 120 162
face 0.005181163549423218 67 105 120 162
face 0.005170315504074097 67 105 120 162
face 0.00508880615234375 67 105 120 162
face 0.00507587194442749 67 105 120 162
