face 0.9883497953414917 903 295 931 332
face 0.9631438255310059 714 134 734 161
face 0.9435311555862427 638 87 658 114
face 0.9278852939605713 454 49 475 74
face 0.925706684589386 699 89 718 115
face 0.9206783175468445 503 80 533 115
face 0.9157989025115967 568 247 595 278
face 0.9152026176452637 743 62 762 86
face 0.9060837030410767 127 75 150 108
face 0.9056551456451416 63 85 84 117
face 0.9050774574279785 69 3 87 30
face 0.8982632756233215 179 171 199 201
face 0.8950730562210083 307 6 331 34
face 0.8858720064163208 297 214 327 258
face 0.8828431963920593 505 39 528 65
face 0.8694403171539307 354 81 375 108
face 0.8687589764595032 240 88 261 115
face 0.8634305000305176 244 38 265 65
face 0.8554940819740295 359 3 379 29
face 0.8544315099716187 419 9 440 35
face 0.8409905433654785 809 94 826 119
face 0.833094596862793 1007 128 1023 157
face 0.8198516964912415 577 94 597 118
face 0.8188874125480652 578 171 601 196
face 0.792750358581543 126 0 146 28
face 0.7876818180084229 183 101 204 130
face 0.7785286903381348 82 54 102 84
face 0.7637493014335632 248 4 269 29
face 0.7515333890914917 829 166 847 191
face 0.7508692741394043 281 52 302 78
face 0.7334384918212891 629 64 649 89
face 0.7231194972991943 495 311 524 349
face 0.6993799209594727 11 4 30 31
face 0.6888910531997681 789 126 808 153
face 0.6775832772254944 4 210 28 257
face 0.6773599982261658 832 138 849 163
face 0.6684554815292358 968 86 986 110
face 0.6606885194778442 193 2 212 29
face 0.6425472497940063 66 167 84 194
face 0.6369816064834595 241 165 258 190
face 0.6281474828720093 747 267 765 291
face 0.6198194622993469 521 1 541 20
face 0.6184216737747192 111 224 145 272
face 0.6095132231712341 109 214 142 262
face 0.6067119836807251 990 43 1007 65
face 0.6005775928497314 607 137 628 162
face 0.5940608382225037 725 181 744 204
face 0.5894794464111328 668 135 688 160
face 0.5859192609786987 953 2 971 21
face 0.5730608701705933 827 251 846 275
face 0.5656581521034241 16 75 36 108
face 0.556910514831543 966 44 986 68
face 0.5343204140663147 987 85 1004 110
face 0.504993736743927 127 163 148 193
face 0.4965362846851349 127 163 148 193
face 0.49297645688056946 127 163 148 193
face 0.48962777853012085 127 163 148 193
face 0.4844242036342621 127 163 148 193
face 0.48235249519348145 127 163 148 193
face 0.47557592391967773 127 163 148 193
face 0.4652535617351532 127 163 148 193
face 0.4532029926776886 127 163 148 193
face 0.4470292329788208 127 163 148 193
face 0.4417504668235779 127 163 148 193
face 0.4278711974620819 127 163 148 193
face 0.42754337191581726 127 163 148 193
face 0.4227898418903351 127 163 148 193
face 0.41582077741622925 127 163 148 193
face 0.3727419674396515 127 163 148 193
face 0.369917631149292 127 163 148 193
face 0.3490992784500122 127 163 148 193
face 0.3317961096763611 127 163 148 193
face 0.3155146837234497 127 163 148 193
face 0.3143869638442993 127 163 148 193
face 0.3095207214355469 127 163 148 193
face 0.2402920424938202 127 163 148 193
face 0.237219899892807 127 163 148 193
face 0.22808179259300232 127 163 148 193
face 0.20815715193748474 127 163 148 193
face 0.20622512698173523 127 163 148 193
face 0.19503271579742432 127 163 148 193
face 0.17383942008018494 127 163 148 193
face 0.16056764125823975 127 163 148 193
face 0.1576441526412964 127 163 148 193
face 0.15710720419883728 127 163 148 193
face 0.15492162108421326 127 163 148 193
face 0.15180820226669312 127 163 148 193
face 0.14412131905555725 127 163 148 193
face 0.13738858699798584 127 163 148 193
face 0.1359182894229889 127 163 148 193
face 0.13578760623931885 127 163 148 193
face 0.13003185391426086 127 163 148 193
face 0.12887930870056152 127 163 148 193
face 0.1256391406059265 127 163 148 193
face 0.1250176727771759 127 163 148 193
face 0.12316480278968811 127 163 148 193
face 0.12311992049217224 127 163 148 193
face 0.12010961771011353 127 163 148 193
face 0.11339709162712097 127 163 148 193
face 0.10912472009658813 127 163 148 193
