face 0.9969618916511536 611 128 629 159
face 0.9957699775695801 741 122 760 154
face 0.8561840057373047 485 32 507 70
face 0.6543996930122375 21 88 48 120
face 0.4472976326942444 21 88 48 120
face 0.3217446804046631 21 88 48 120
face 0.31327927112579346 21 88 48 120
face 0.20746925473213196 21 88 48 120
face 0.10458582639694214 21 88 48 120
face 0.093016117811203 21 88 48 120
face 0.07902663946151733 21 88 48 120
face 0.0753341019153595 21 88 48 120
face 0.05252519249916077 21 88 48 120
face 0.048503994941711426 21 88 48 120
face 0.03684109449386597 21 88 48 120
face 0.027803421020507812 21 88 48 120
face 0.027678370475769043 21 88 48 120
face 0.02626103162765503 21 88 48 120
face 0.022940218448638916 21 88 48 120
face 0.020511776208877563 21 88 48 120
face 0.020240813493728638 21 88 48 120
face 0.020023316144943237 21 88 48 120
face 0.016522973775863647 21 88 48 120
face 0.014991402626037598 21 88 48 120
face 0.014864861965179443 21 88 48 120
face 0.014739304780960083 21 88 48 120
face 0.01445874571800232 21 88 48 120
face 0.013501644134521484 21 88 48 120
face 0.01342281699180603 21 88 48 120
face 0.01255422830581665 21 88 48 120
face 0.011757850646972656 21 88 48 120
face 0.0116557776927948 21 88 48 120
face 0.011617571115493774 21 88 48 120
face 0.011213898658752441 21 88 48 120
face 0.011203914880752563 21 88 48 120
face 0.010768920183181763 21 88 48 120
face 0.010226637125015259 21 88 48 120
face 0.010194867849349976 21 88 48 120
face 0.010133564472198486 21 88 48 120
face 0.009845703840255737 21 88 48 120
face 0.009713023900985718 21 88 48 120
face 0.009537190198898315 21 88 48 120
face 0.00936436653137207 21 88 48 120
face 0.009240388870239258 21 88 48 120
face 0.008988916873931885 21 88 48 120
face 0.0086250901222229 21 88 48 120
face 0.008474647998809814 21 88 48 120
face 0.00824013352394104 21 88 48 120
face 0.007988214492797852 21 88 48 120
face 0.007829457521438599 21 88 48 120
face 0.007389247417449951 21 88 48 120
face 0.006917685270309448 21 88 48 120
face 0.006779372692108154 21 88 48 120
face 0.006458193063735962 21 88 48 120
face 0.00644993782043457 21 88 48 120
face 0.006349116563796997 21 88 48 120
face 0.006346970796585083 21 88 48 120
face 0.006340354681015015 21 88 48 120
face 0.00608140230178833 21 88 48 120
face 0.005826801061630249 21 88 48 120
face 0.005760788917541504 21 88 48 120
face 0.005682855844497681 21 88 48 120
face 0.005677223205566406 21 88 48 120
face 0.005451589822769165 21 88 48 120
face 0.005352288484573364 21 88 48 120
face 0.005347758531570435 21 88 48 120
face 0.0053331851959228516 21 88 48 120
face 0.005196422338485718 21 88 48 120
face 0.005190819501876831 21 88 48 120
face 0.005151689052581787 21 88 48 120
face 0.004981398582458496 21 88 48 120
face 0.004890948534011841 21 88 48 120
face 0.004707217216491699 21 88 48 120
face 0.004701197147369385 21 88 48 120
face 0.004649460315704346 21 88 48 120
face 0.004630774259567261 21 88 48 120
face 0.004546165466308594 21 88 48 120
face 0.004430949687957764 21 88 48 120
face 0.0043225884437561035 21 88 48 120
face 0.004297882318496704 21 88 48 120
face 0.004193097352981567 21 88 48 120
face 0.004149436950683594 21 88 48 120
face 0.004107773303985596 21 88 48 120
face 0.004099458456039429 21 88 48 120
face 0.004063069820404053 21 88 48 120
face 0.004046052694320679 21 88 48 120
face 0.004008471965789795 21 88 48 120
face 0.004000723361968994 21 88 48 120
face 0.003940761089324951 21 88 48 120
face 0.003911226987838745 21 88 48 120
face 0.0039018094539642334 21 88 48 120
face 0.0038902461528778076 21 88 48 120
face 0.0038670599460601807 21 88 48 120
face 0.0038625895977020264 21 88 48 120
face 0.0038081705570220947 21 88 48 120
face 0.003795802593231201 21 88 48 120
face 0.00377848744392395 21 88 48 120
face 0.0036697685718536377 21 88 48 120
face 0.0036553144454956055 21 88 48 120
face 0.0036246180534362793 21 88 48 120
