face 0.9883721470832825 527 159 789 449
face 0.011711359024047852 527 159 789 449
face 0.0076035261154174805 527 159 789 449
face 0.006894290447235107 527 159 789 449
face 0.0066220760345458984 527 159 789 449
face 0.006437361240386963 527 159 789 449
face 0.006422221660614014 527 159 789 449
face 0.0055696070194244385 527 159 789 449
face 0.005535781383514404 527 159 789 449
face 0.005282610654830933 527 159 789 449
face 0.005077719688415527 527 159 789 449
face 0.005042433738708496 527 159 789 449
face 0.005026876926422119 527 159 789 449
face 0.004834026098251343 527 159 789 449
face 0.00480160117149353 527 159 789 449
face 0.004763692617416382 527 159 789 449
face 0.004605770111083984 527 159 789 449
face 0.004390239715576172 527 159 789 449
face 0.004309952259063721 527 159 789 449
face 0.004271447658538818 527 159 789 449
face 0.003959357738494873 527 159 789 449
face 0.00377655029296875 527 159 789 449
face 0.0036624670028686523 527 159 789 449
face 0.0034744739532470703 527 159 789 449
face 0.0034484565258026123 527 159 789 449
face 0.003282219171524048 527 159 789 449
face 0.003155618906021118 527 159 789 449
face 0.0031397342681884766 527 159 789 449
face 0.0030819475650787354 527 159 789 449
face 0.0030680298805236816 527 159 789 449
face 0.0029874444007873535 527 159 789 449
face 0.0029841065406799316 527 159 789 449
face 0.0029835104942321777 527 159 789 449
face 0.0029186010360717773 527 159 789 449
face 0.002855241298675537 527 159 789 449
face 0.0027704834938049316 527 159 789 449
face 0.0026859641075134277 527 159 789 449
face 0.0026803910732269287 527 159 789 449
face 0.0026754438877105713 527 159 789 449
face 0.002670079469680786 527 159 789 449
face 0.0026679039001464844 527 159 789 449
face 0.0026518404483795166 527 159 789 449
face 0.002649456262588501 527 159 789 449
face 0.0025779902935028076 527 159 789 449
face 0.002499222755432129 527 159 789 449
face 0.0024320781230926514 527 159 789 449
face 0.0024240612983703613 527 159 789 449
face 0.0023963451385498047 527 159 789 449
face 0.002390831708908081 527 159 789 449
face 0.002381950616836548 527 159 789 449
face 0.0023649632930755615 527 159 789 449
face 0.0023613274097442627 527 159 789 449
face 0.0023391246795654297 527 159 789 449
face 0.0023331046104431152 527 159 789 449
face 0.0023102760314941406 527 159 789 449
face 0.0022968053817749023 527 159 789 449
face 0.0022924840450286865 527 159 789 449
face 0.0021894872188568115 527 159 789 449
face 0.0021834373474121094 527 159 789 449
face 0.0021549761295318604 527 159 789 449
face 0.002147883176803589 527 159 789 449
face 0.002138763666152954 527 159 789 449
face 0.0021379590034484863 527 159 789 449
face 0.0021216273307800293 527 159 789 449
face 0.002046942710876465 527 159 789 449
face 0.0020297467708587646 527 159 789 449
face 0.0020211338996887207 527 159 789 449
face 0.001994580030441284 527 159 789 449
face 0.001983851194381714 527 159 789 449
face 0.0019239485263824463 527 159 789 449
face 0.0019215643405914307 527 159 789 449
face 0.00191420316696167 527 159 789 449
face 0.001880258321762085 527 159 789 449
face 0.0018662214279174805 527 159 789 449
face 0.001864790916442871 527 159 789 449
face 0.0018610358238220215 527 159 789 449
face 0.0018466413021087646 527 159 789 449
face 0.0018417835235595703 527 159 789 449
face 0.0018368065357208252 527 159 789 449
face 0.0018112659454345703 527 159 789 449
face 0.0017895400524139404 527 159 789 449
face 0.001762688159942627 527 159 789 449
face 0.001748502254486084 527 159 789 449
face 0.0017415285110473633 527 159 789 449
face 0.0017203092575073242 527 159 789 449
face 0.001718372106552124 527 159 789 449
face 0.001714468002319336 527 159 789 449
face 0.0017060041427612305 527 159 789 449
face 0.0016992390155792236 527 159 789 449
face 0.001660168170928955 527 159 789 449
face 0.001658409833908081 527 159 789 449
face 0.0016396045684814453 527 159 789 449
face 0.0016393959522247314 527 159 789 449
face 0.001633286476135254 527 159 789 449
face 0.0016285181045532227 527 159 789 449
face 0.0016225576400756836 527 159 789 449
face 0.0016146302223205566 527 159 789 449
face 0.0015952885150909424 527 159 789 449
face 0.001589268445968628 527 159 789 449
face 0.0015840232372283936 527 159 789 449
