face 0.8776066899299622 478 40 559 109
face 0.11376580595970154 478 40 559 109
face 0.091351717710495 478 40 559 109
face 0.041399210691452026 478 40 559 109
face 0.02792385220527649 478 40 559 109
face 0.026400655508041382 478 40 559 109
face 0.023539632558822632 478 40 559 109
face 0.022975444793701172 478 40 559 109
face 0.021311014890670776 478 40 559 109
face 0.02034991979598999 478 40 559 109
face 0.019272148609161377 478 40 559 109
face 0.01893717050552368 478 40 559 109
face 0.01870173215866089 478 40 559 109
face 0.018469959497451782 478 40 559 109
face 0.01822042465209961 478 40 559 109
face 0.018214493989944458 478 40 559 109
face 0.017583727836608887 478 40 559 109
face 0.015344321727752686 478 40 559 109
face 0.015100538730621338 478 40 559 109
face 0.014674365520477295 478 40 559 109
face 0.014126628637313843 478 40 559 109
face 0.01411554217338562 478 40 559 109
face 0.013431787490844727 478 40 559 109
face 0.013006210327148438 478 40 559 109
face 0.012216418981552124 478 40 559 109
face 0.011948704719543457 478 40 559 109
face 0.011920571327209473 478 40 559 109
face 0.011797845363616943 478 40 559 109
face 0.01123020052909851 478 40 559 109
face 0.010873854160308838 478 40 559 109
face 0.010796844959259033 478 40 559 109
face 0.010659724473953247 478 40 559 109
face 0.010553210973739624 478 40 559 109
face 0.010503202676773071 478 40 559 109
face 0.01013648509979248 478 40 559 109
face 0.010019659996032715 478 40 559 109
face 0.010016798973083496 478 40 559 109
face 0.009938478469848633 478 40 559 109
face 0.00991031527519226 478 40 559 109
face 0.009603679180145264 478 40 559 109
face 0.009241670370101929 478 40 559 109
face 0.009235024452209473 478 40 559 109
face 0.009101122617721558 478 40 559 109
face 0.008997440338134766 478 40 559 109
face 0.00899428129196167 478 40 559 109
face 0.00894850492477417 478 40 559 109
face 0.008942782878875732 478 40 559 109
face 0.008749902248382568 478 40 559 109
face 0.008653014898300171 478 40 559 109
face 0.008631587028503418 478 40 559 109
face 0.008586287498474121 478 40 559 109
face 0.008486121892929077 478 40 559 109
face 0.008220881223678589 478 40 559 109
face 0.008055627346038818 478 40 559 109
face 0.007879078388214111 478 40 559 109
face 0.007734090089797974 478 40 559 109
face 0.007698923349380493 478 40 559 109
face 0.007664233446121216 478 40 559 109
face 0.007613420486450195 478 40 559 109
face 0.0073251426219940186 478 40 559 109
face 0.007019490003585815 478 40 559 109
face 0.00690034031867981 478 40 559 109
face 0.006840139627456665 478 40 559 109
face 0.006732761859893799 478 40 559 109
face 0.006712526082992554 478 40 559 109
face 0.006609022617340088 478 40 559 109
face 0.006584227085113525 478 40 559 109
face 0.00657925009727478 478 40 559 109
face 0.006562948226928711 478 40 559 109
face 0.00643545389175415 478 40 559 109
face 0.006319761276245117 478 40 559 109
face 0.006252497434616089 478 40 559 109
face 0.006101101636886597 478 40 559 109
face 0.006027787923812866 478 40 559 109
face 0.005897700786590576 478 40 559 109
face 0.005884617567062378 478 40 559 109
face 0.0058806538581848145 478 40 559 109
face 0.00578734278678894 478 40 559 109
face 0.005705416202545166 478 40 559 109
face 0.005677223205566406 478 40 559 109
face 0.005663037300109863 478 40 559 109
face 0.005635648965835571 478 40 559 109
face 0.00563463568687439 478 40 559 109
face 0.00556144118309021 478 40 559 109
face 0.00552976131439209 478 40 559 109
face 0.005510151386260986 478 40 559 109
face 0.005474090576171875 478 40 559 109
face 0.005418539047241211 478 40 559 109
face 0.005396991968154907 478 40 559 109
face 0.005374252796173096 478 40 559 109
face 0.0053427815437316895 478 40 559 109
face 0.005298227071762085 478 40 559 109
face 0.005159437656402588 478 40 559 109
face 0.005143254995346069 478 40 559 109
face 0.005135774612426758 478 40 559 109
face 0.0050535500049591064 478 40 559 109
face 0.0050172507762908936 478 40 559 109
face 0.004966795444488525 478 40 559 109
face 0.004923969507217407 478 40 559 109
face 0.0049183666706085205 478 40 559 109
