face 0.9893507957458496 426 181 440 199
face 0.9876463413238525 554 166 571 187
face 0.9581378698348999 621 179 637 199
face 0.940435528755188 714 162 731 182
face 0.9378823637962341 993 188 1008 207
face 0.9347151517868042 489 170 505 192
face 0.6623178720474243 965 182 979 200
face 0.6189981698989868 812 166 828 185
face 0.5835513472557068 368 179 383 198
face 0.581129789352417 67 48 78 60
face 0.4705987572669983 67 48 78 60
face 0.432076632976532 67 48 78 60
face 0.4038291871547699 67 48 78 60
face 0.2162371575832367 67 48 78 60
face 0.17623940110206604 67 48 78 60
face 0.10278335213661194 67 48 78 60
face 0.08627128601074219 67 48 78 60
face 0.07819229364395142 67 48 78 60
face 0.07369914650917053 67 48 78 60
face 0.05721932649612427 67 48 78 60
face 0.04382315278053284 67 48 78 60
face 0.037945955991744995 67 48 78 60
face 0.036053746938705444 67 48 78 60
face 0.03473544120788574 67 48 78 60
face 0.033929288387298584 67 48 78 60
face 0.03163221478462219 67 48 78 60
face 0.03028133511543274 67 48 78 60
face 0.02993759512901306 67 48 78 60
face 0.028328120708465576 67 48 78 60
face 0.026676476001739502 67 48 78 60
face 0.023710280656814575 67 48 78 60
face 0.02368718385696411 67 48 78 60
face 0.023576706647872925 67 48 78 60
face 0.023574233055114746 67 48 78 60
face 0.02316001057624817 67 48 78 60
face 0.021156758069992065 67 48 78 60
face 0.017445772886276245 67 48 78 60
face 0.015929460525512695 67 48 78 60
face 0.015922069549560547 67 48 78 60
face 0.015476584434509277 67 48 78 60
face 0.015074074268341064 67 48 78 60
face 0.014965295791625977 67 48 78 60
face 0.01455119252204895 67 48 78 60
face 0.01444193720817566 67 48 78 60
face 0.013667881488800049 67 48 78 60
face 0.013216078281402588 67 48 78 60
face 0.012118637561798096 67 48 78 60
face 0.012112021446228027 67 48 78 60
face 0.011514127254486084 67 48 78 60
face 0.011267542839050293 67 48 78 60
face 0.010272473096847534 67 48 78 60
face 0.010258466005325317 67 48 78 60
face 0.010137379169464111 67 48 78 60
face 0.0099107027053833 67 48 78 60
face 0.009381473064422607 67 48 78 60
face 0.00937807559967041 67 48 78 60
face 0.009329468011856079 67 48 78 60
face 0.009287446737289429 67 48 78 60
face 0.009284526109695435 67 48 78 60
face 0.00892949104309082 67 48 78 60
face 0.008712202310562134 67 48 78 60
face 0.008518695831298828 67 48 78 60
face 0.008007287979125977 67 48 78 60
face 0.0077345967292785645 67 48 78 60
face 0.006958365440368652 67 48 78 60
face 0.00665631890296936 67 48 78 60
face 0.006562471389770508 67 48 78 60
face 0.0064276158809661865 67 48 78 60
face 0.006047487258911133 67 48 78 60
face 0.005885988473892212 67 48 78 60
face 0.005841374397277832 67 48 78 60
face 0.00574183464050293 67 48 78 60
face 0.0053519606590271 67 48 78 60
face 0.0053279101848602295 67 48 78 60
face 0.0052551329135894775 67 48 78 60
face 0.004823476076126099 67 48 78 60
face 0.004797905683517456 67 48 78 60
face 0.004544466733932495 67 48 78 60
face 0.004344046115875244 67 48 78 60
face 0.004287779331207275 67 48 78 60
face 0.004270434379577637 67 48 78 60
face 0.004200279712677002 67 48 78 60
face 0.0041900575160980225 67 48 78 60
face 0.004129678010940552 67 48 78 60
face 0.0039043128490448 67 48 78 60
face 0.0038545727729797363 67 48 78 60
face 0.0037482380867004395 67 48 78 60
face 0.0037254393100738525 67 48 78 60
face 0.003720521926879883 67 48 78 60
face 0.003680676221847534 67 48 78 60
face 0.0034908652305603027 67 48 78 60
face 0.0034581422805786133 67 48 78 60
face 0.003281116485595703 67 48 78 60
face 0.003104478120803833 67 48 78 60
face 0.0030486881732940674 67 48 78 60
face 0.002992093563079834 67 48 78 60
face 0.0029918551445007324 67 48 78 60
face 0.0029311776161193848 67 48 78 60
face 0.002848297357559204 67 48 78 60
face 0.0028373897075653076 67 48 78 60
