face 0.9984175562858582 771 320 812 369
face 0.9941693544387817 486 10 783 456
face 0.9876080751419067 838 276 866 310
face 0.5980345606803894 432 0 475 58
face 0.4437465965747833 432 0 475 58
face 0.2646901309490204 432 0 475 58
face 0.10375875234603882 432 0 475 58
face 0.029810667037963867 432 0 475 58
face 0.027237802743911743 432 0 475 58
face 0.024547576904296875 432 0 475 58
face 0.024255722761154175 432 0 475 58
face 0.022342562675476074 432 0 475 58
face 0.02085036039352417 432 0 475 58
face 0.01773819327354431 432 0 475 58
face 0.015343040227890015 432 0 475 58
face 0.013679087162017822 432 0 475 58
face 0.013580411672592163 432 0 475 58
face 0.012157738208770752 432 0 475 58
face 0.012055307626724243 432 0 475 58
face 0.011906147003173828 432 0 475 58
face 0.011898726224899292 432 0 475 58
face 0.01134762167930603 432 0 475 58
face 0.011134237051010132 432 0 475 58
face 0.010835587978363037 432 0 475 58
face 0.010426044464111328 432 0 475 58
face 0.010159909725189209 432 0 475 58
face 0.009332478046417236 432 0 475 58
face 0.009230256080627441 432 0 475 58
face 0.008764714002609253 432 0 475 58
face 0.008749395608901978 432 0 475 58
face 0.008683353662490845 432 0 475 58
face 0.008571833372116089 432 0 475 58
face 0.008508801460266113 432 0 475 58
face 0.008065223693847656 432 0 475 58
face 0.007888168096542358 432 0 475 58
face 0.007875412702560425 432 0 475 58
face 0.007851362228393555 432 0 475 58
face 0.007581263780593872 432 0 475 58
face 0.007489114999771118 432 0 475 58
face 0.007438212633132935 432 0 475 58
face 0.007281959056854248 432 0 475 58
face 0.007227867841720581 432 0 475 58
face 0.007194459438323975 432 0 475 58
face 0.007168501615524292 432 0 475 58
face 0.007088333368301392 432 0 475 58
face 0.007044166326522827 432 0 475 58
face 0.006804376840591431 432 0 475 58
face 0.006735771894454956 432 0 475 58
face 0.006710171699523926 432 0 475 58
face 0.006647676229476929 432 0 475 58
face 0.006610870361328125 432 0 475 58
face 0.006567031145095825 432 0 475 58
face 0.006566077470779419 432 0 475 58
face 0.006502598524093628 432 0 475 58
face 0.006493359804153442 432 0 475 58
face 0.006461799144744873 432 0 475 58
face 0.006444036960601807 432 0 475 58
face 0.006341516971588135 432 0 475 58
face 0.006305336952209473 432 0 475 58
face 0.006293982267379761 432 0 475 58
face 0.0061640143394470215 432 0 475 58
face 0.006052345037460327 432 0 475 58
face 0.006018131971359253 432 0 475 58
face 0.006003320217132568 432 0 475 58
face 0.005894303321838379 432 0 475 58
face 0.005763918161392212 432 0 475 58
face 0.0057250261306762695 432 0 475 58
face 0.005648404359817505 432 0 475 58
face 0.005642533302307129 432 0 475 58
face 0.005628257989883423 432 0 475 58
face 0.005622506141662598 432 0 475 58
face 0.005602478981018066 432 0 475 58
face 0.005557119846343994 432 0 475 58
face 0.0055390894412994385 432 0 475 58
face 0.005505412817001343 432 0 475 58
face 0.005500912666320801 432 0 475 58
face 0.0054666101932525635 432 0 475 58
face 0.005428016185760498 432 0 475 58
face 0.005410522222518921 432 0 475 58
face 0.005315989255905151 432 0 475 58
face 0.005302488803863525 432 0 475 58
face 0.005247771739959717 432 0 475 58
face 0.005244344472885132 432 0 475 58
face 0.005236506462097168 432 0 475 58
face 0.005144357681274414 432 0 475 58
face 0.0051271915435791016 432 0 475 58
face 0.005081057548522949 432 0 475 58
face 0.0050733983516693115 432 0 475 58
face 0.004990905523300171 432 0 475 58
face 0.004989147186279297 432 0 475 58
face 0.0049301981925964355 432 0 475 58
face 0.0048975348472595215 432 0 475 58
face 0.0048954784870147705 432 0 475 58
face 0.004870623350143433 432 0 475 58
face 0.00485152006149292 432 0 475 58
face 0.0048406124114990234 432 0 475 58
face 0.004809200763702393 432 0 475 58
face 0.004804015159606934 432 0 475 58
face 0.004721581935882568 432 0 475 58
face 0.004681408405303955 432 0 475 58
