face 0.7024854421615601 730 54 785 125
face 0.6276379227638245 638 193 688 247
face 0.3622940182685852 638 193 688 247
face 0.1422763168811798 638 193 688 247
face 0.036459118127822876 638 193 688 247
face 0.01948314905166626 638 193 688 247
face 0.0159110426902771 638 193 688 247
face 0.014975786209106445 638 193 688 247
face 0.01445847749710083 638 193 688 247
face 0.011476248502731323 638 193 688 247
face 0.011281639337539673 638 193 688 247
face 0.011030733585357666 638 193 688 247
face 0.010169833898544312 638 193 688 247
face 0.009448468685150146 638 193 688 247
face 0.009049654006958008 638 193 688 247
face 0.008768916130065918 638 193 688 247
face 0.008175849914550781 638 193 688 247
face 0.007918477058410645 638 193 688 247
face 0.007728517055511475 638 193 688 247
face 0.00694727897644043 638 193 688 247
face 0.00660058856010437 638 193 688 247
face 0.006548821926116943 638 193 688 247
face 0.006205946207046509 638 193 688 247
face 0.006032377481460571 638 193 688 247
face 0.00589907169342041 638 193 688 247
face 0.005701035261154175 638 193 688 247
face 0.0056698620319366455 638 193 688 247
face 0.005441755056381226 638 193 688 247
face 0.005340546369552612 638 193 688 247
face 0.005076289176940918 638 193 688 247
face 0.0049529969692230225 638 193 688 247
face 0.0047186315059661865 638 193 688 247
face 0.004381239414215088 638 193 688 247
face 0.0043333470821380615 638 193 688 247
face 0.004289448261260986 638 193 688 247
face 0.003936350345611572 638 193 688 247
face 0.003919005393981934 638 193 688 247
face 0.003865480422973633 638 193 688 247
face 0.0038043856620788574 638 193 688 247
face 0.0037401020526885986 638 193 688 247
face 0.0037120580673217773 638 193 688 247
face 0.0036048293113708496 638 193 688 247
face 0.003584623336791992 638 193 688 247
face 0.0035153627395629883 638 193 688 247
face 0.003439962863922119 638 193 688 247
face 0.0033860206604003906 638 193 688 247
face 0.0032827258110046387 638 193 688 247
face 0.0032070577144622803 638 193 688 247
face 0.0032044649124145508 638 193 688 247
face 0.0032036900520324707 638 193 688 247
face 0.0031888484954833984 638 193 688 247
face 0.003182739019393921 638 193 688 247
face 0.0031402111053466797 638 193 688 247
face 0.0030965209007263184 638 193 688 247
face 0.0030830204486846924 638 193 688 247
face 0.0030739307403564453 638 193 688 247
face 0.0030522942543029785 638 193 688 247
face 0.00302278995513916 638 193 688 247
face 0.0029886066913604736 638 193 688 247
face 0.0029573142528533936 638 193 688 247
face 0.002890974283218384 638 193 688 247
face 0.0028263330459594727 638 193 688 247
face 0.002778083086013794 638 193 688 247
face 0.0027139782905578613 638 193 688 247
face 0.002672523260116577 638 193 688 247
face 0.0026474595069885254 638 193 688 247
face 0.00264623761177063 638 193 688 247
face 0.0026325583457946777 638 193 688 247
face 0.0026257336139678955 638 193 688 247
face 0.0025776326656341553 638 193 688 247
face 0.002496063709259033 638 193 688 247
face 0.0024601519107818604 638 193 688 247
face 0.0024493932723999023 638 193 688 247
face 0.002441972494125366 638 193 688 247
face 0.0023716092109680176 638 193 688 247
face 0.002355515956878662 638 193 688 247
face 0.002319544553756714 638 193 688 247
face 0.002312213182449341 638 193 688 247
face 0.002299010753631592 638 193 688 247
face 0.0022785961627960205 638 193 688 247
face 0.0022766590118408203 638 193 688 247
face 0.002276480197906494 638 193 688 247
face 0.0022372007369995117 638 193 688 247
face 0.002219289541244507 638 193 688 247
face 0.002187490463256836 638 193 688 247
face 0.0021812021732330322 638 193 688 247
face 0.0021424293518066406 638 193 688 247
face 0.0021151602268218994 638 193 688 247
face 0.002110987901687622 638 193 688 247
face 0.0020995736122131348 638 193 688 247
face 0.0020900368690490723 638 193 688 247
face 0.002080380916595459 638 193 688 247
face 0.0020723938941955566 638 193 688 247
face 0.0020501315593719482 638 193 688 247
face 0.002041369676589966 638 193 688 247
face 0.0020390450954437256 638 193 688 247
face 0.001986086368560791 638 193 688 247
face 0.001975834369659424 638 193 688 247
face 0.0019502341747283936 638 193 688 247
face 0.0019369721412658691 638 193 688 247
