face 0.9955015182495117 386 204 417 255
face 0.9880515933036804 687 106 732 167
face 0.9626967310905457 507 60 556 132
face 0.8849343061447144 14 232 27 250
face 0.8298925161361694 899 223 942 280
face 0.8088115453720093 81 292 107 329
face 0.8045014142990112 253 241 299 306
face 0.7772961258888245 516 222 566 282
face 0.6172274351119995 81 279 102 311
face 0.4632954001426697 81 279 102 311
face 0.3171297013759613 81 279 102 311
face 0.3038010001182556 81 279 102 311
face 0.2807791233062744 81 279 102 311
face 0.21306881308555603 81 279 102 311
face 0.20754677057266235 81 279 102 311
face 0.1813456416130066 81 279 102 311
face 0.16395002603530884 81 279 102 311
face 0.16329312324523926 81 279 102 311
face 0.16071370244026184 81 279 102 311
face 0.15403953194618225 81 279 102 311
face 0.14838379621505737 81 279 102 311
face 0.142716646194458 81 279 102 311
face 0.13885250687599182 81 279 102 311
face 0.13173553347587585 81 279 102 311
face 0.1117510199546814 81 279 102 311
face 0.11159512400627136 81 279 102 311
face 0.10838472843170166 81 279 102 311
face 0.0994536280632019 81 279 102 311
face 0.09872949123382568 81 279 102 311
face 0.09847095608711243 81 279 102 311
face 0.09100088477134705 81 279 102 311
face 0.08064913749694824 81 279 102 311
face 0.07857254147529602 81 279 102 311
face 0.07148170471191406 81 279 102 311
face 0.07091262936592102 81 279 102 311
face 0.07057029008865356 81 279 102 311
face 0.06349506974220276 81 279 102 311
face 0.05279722809791565 81 279 102 311
face 0.05054578185081482 81 279 102 311
face 0.045433104038238525 81 279 102 311
face 0.0441533625125885 81 279 102 311
face 0.04262956976890564 81 279 102 311
face 0.04119691252708435 81 279 102 311
face 0.04061213135719299 81 279 102 311
face 0.04040944576263428 81 279 102 311
face 0.038721680641174316 81 279 102 311
face 0.037653833627700806 81 279 102 311
face 0.030210793018341064 81 279 102 311
face 0.029794543981552124 81 279 102 311
face 0.02824530005455017 81 279 102 311
face 0.027933984994888306 81 279 102 311
face 0.026168495416641235 81 279 102 311
face 0.025132715702056885 81 279 102 311
face 0.02399212121963501 81 279 102 311
face 0.02299824357032776 81 279 102 311
face 0.021166354417800903 81 279 102 311
face 0.020338714122772217 81 279 102 311
face 0.019925713539123535 81 279 102 311
face 0.019776880741119385 81 279 102 311
face 0.01861572265625 81 279 102 311
face 0.018522530794143677 81 279 102 311
face 0.01805216073989868 81 279 102 311
face 0.016268372535705566 81 279 102 311
face 0.015701085329055786 81 279 102 311
face 0.01508021354675293 81 279 102 311
face 0.015037953853607178 81 279 102 311
face 0.014813005924224854 81 279 102 311
face 0.013831377029418945 81 279 102 311
face 0.013793736696243286 81 279 102 311
face 0.013498067855834961 81 279 102 311
face 0.013429760932922363 81 279 102 311
face 0.012949973344802856 81 279 102 311
face 0.012943297624588013 81 279 102 311
face 0.01287946105003357 81 279 102 311
face 0.012605875730514526 81 279 102 311
face 0.012563556432723999 81 279 102 311
face 0.012362420558929443 81 279 102 311
face 0.011617988348007202 81 279 102 311
face 0.011208683252334595 81 279 102 311
face 0.010667860507965088 81 279 102 311
face 0.010537385940551758 81 279 102 311
face 0.010457724332809448 81 279 102 311
face 0.010449022054672241 81 279 102 311
face 0.010372906923294067 81 279 102 311
face 0.010009914636611938 81 279 102 311
face 0.009681224822998047 81 279 102 311
face 0.009638547897338867 81 279 102 311
face 0.009284287691116333 81 279 102 311
face 0.00876528024673462 81 279 102 311
face 0.008753687143325806 81 279 102 311
face 0.008585304021835327 81 279 102 311
face 0.008375942707061768 81 279 102 311
face 0.007911354303359985 81 279 102 311
face 0.007820606231689453 81 279 102 311
face 0.007785409688949585 81 279 102 311
face 0.007783353328704834 81 279 102 311
face 0.007682293653488159 81 279 102 311
face 0.007666975259780884 81 279 102 311
face 0.00746077299118042 81 279 102 311
face 0.007216930389404297 81 279 102 311
