face 0.9997100830078125 336 135 753 710
face 0.007407188415527344 336 135 753 710
face 0.006579190492630005 336 135 753 710
face 0.006387561559677124 336 135 753 710
face 0.005191922187805176 336 135 753 710
face 0.005080997943878174 336 135 753 710
face 0.004979878664016724 336 135 753 710
face 0.004475802183151245 336 135 753 710
face 0.0042559802532196045 336 135 753 710
face 0.004205137491226196 336 135 753 710
face 0.004132866859436035 336 135 753 710
face 0.004100769758224487 336 135 753 710
face 0.003996789455413818 336 135 753 710
face 0.003983497619628906 336 135 753 710
face 0.003711611032485962 336 135 753 710
face 0.0036334991455078125 336 135 753 710
face 0.003580033779144287 336 135 753 710
face 0.0034137070178985596 336 135 753 710
face 0.003322780132293701 336 135 753 710
face 0.0032105743885040283 336 135 753 710
face 0.0030943751335144043 336 135 753 710
face 0.003068208694458008 336 135 753 710
face 0.002924889326095581 336 135 753 710
face 0.0029044747352600098 336 135 753 710
face 0.0028097331523895264 336 135 753 710
face 0.0027903318405151367 336 135 753 710
face 0.0027335286140441895 336 135 753 710
face 0.002697497606277466 336 135 753 710
face 0.0026894807815551758 336 135 753 710
face 0.0026821792125701904 336 135 753 710
face 0.0025633573532104492 336 135 753 710
face 0.002558588981628418 336 135 753 710
face 0.0025501549243927 336 135 753 710
face 0.0023647546768188477 336 135 753 710
face 0.002277851104736328 336 135 753 710
face 0.0022448599338531494 336 135 753 710
face 0.0022249817848205566 336 135 753 710
face 0.002204716205596924 336 135 753 710
face 0.0021870434284210205 336 135 753 710
face 0.002181828022003174 336 135 753 710
face 0.002171546220779419 336 135 753 710
face 0.002160400152206421 336 135 753 710
face 0.002141982316970825 336 135 753 710
face 0.0020807385444641113 336 135 753 710
face 0.002065122127532959 336 135 753 710
face 0.0020445585250854492 336 135 753 710
face 0.0019904673099517822 336 135 753 710
face 0.001986593008041382 336 135 753 710
face 0.001967102289199829 336 135 753 710
face 0.001954376697540283 336 135 753 710
face 0.0019517838954925537 336 135 753 710
face 0.001951664686203003 336 135 753 710
face 0.0019513070583343506 336 135 753 710
face 0.001948237419128418 336 135 753 710
face 0.0019272267818450928 336 135 753 710
face 0.0019178390502929688 336 135 753 710
face 0.0019171535968780518 336 135 753 710
face 0.0019159913063049316 336 135 753 710
face 0.001912623643875122 336 135 753 710
face 0.001902848482131958 336 135 753 710
face 0.0018990039825439453 336 135 753 710
face 0.0018828511238098145 336 135 753 710
face 0.0018036365509033203 336 135 753 710
face 0.001774907112121582 336 135 753 710
face 0.0017727315425872803 336 135 753 710
face 0.0017699897289276123 336 135 753 710
face 0.001753479242324829 336 135 753 710
face 0.001747041940689087 336 135 753 710
face 0.0017431378364562988 336 135 753 710
face 0.0016936957836151123 336 135 753 710
face 0.0016804635524749756 336 135 753 710
face 0.001674950122833252 336 135 753 710
face 0.0016727447509765625 336 135 753 710
face 0.0016722381114959717 336 135 753 710
face 0.0016720294952392578 336 135 753 710
face 0.0016660690307617188 336 135 753 710
face 0.0016633272171020508 336 135 753 710
face 0.0016629397869110107 336 135 753 710
face 0.0016460120677947998 336 135 753 710
face 0.0016314983367919922 336 135 753 710
face 0.0016081631183624268 336 135 753 710
face 0.001598358154296875 336 135 753 710
face 0.0015769004821777344 336 135 753 710
face 0.0015507936477661133 336 135 753 710
face 0.0015465319156646729 336 135 753 710
face 0.0015403330326080322 336 135 753 710
face 0.0015307366847991943 336 135 753 710
face 0.0015145540237426758 336 135 753 710
face 0.0014798343181610107 336 135 753 710
face 0.0014391839504241943 336 135 753 710
face 0.0014391839504241943 336 135 753 710
face 0.0014389455318450928 336 135 753 710
face 0.0014370977878570557 336 135 753 710
face 0.0014339685440063477 336 135 753 710
face 0.0014246702194213867 336 135 753 710
face 0.00139695405960083 336 135 753 710
face 0.001384347677230835 336 135 753 710
face 0.001381218433380127 336 135 753 710
face 0.0013786852359771729 336 135 753 710
face 0.0013783574104309082 336 135 753 710
