face 0.9962353110313416 340 108 373 154
face 0.9913695454597473 126 174 167 227
face 0.9863583445549011 164 45 201 93
face 0.9810599088668823 191 280 226 326
face 0.9806944131851196 913 167 950 218
face 0.9684377312660217 540 78 579 125
face 0.9548032283782959 919 63 948 108
face 0.9335958957672119 46 54 82 105
face 0.910053014755249 262 68 298 118
face 0.9039983153343201 309 284 335 330
face 0.8887840509414673 9 296 45 342
face 0.7602888941764832 670 79 706 125
face 0.7560268640518188 426 105 463 153
face 0.7546651363372803 717 0 748 34
face 0.7514137029647827 1000 71 1022 120
face 0.7325740456581116 429 60 466 101
face 0.673791766166687 19 180 57 233
face 0.6090968251228333 393 294 416 340
face 0.5738890171051025 674 89 707 140
face 0.5327385663986206 777 330 804 379
face 0.5259051322937012 352 240 372 275
face 0.48208826780319214 352 240 372 275
face 0.4781472980976105 352 240 372 275
face 0.42060041427612305 352 240 372 275
face 0.419746458530426 352 240 372 275
face 0.3807820677757263 352 240 372 275
face 0.36135753989219666 352 240 372 275
face 0.3602680563926697 352 240 372 275
face 0.358234167098999 352 240 372 275
face 0.34254905581474304 352 240 372 275
face 0.34148162603378296 352 240 372 275
face 0.30903491377830505 352 240 372 275
face 0.30117765069007874 352 240 372 275
face 0.2793108820915222 352 240 372 275
face 0.25654613971710205 352 240 372 275
face 0.24918493628501892 352 240 372 275
face 0.23863276839256287 352 240 372 275
face 0.22002404928207397 352 240 372 275
face 0.2188660204410553 352 240 372 275
face 0.2158370018005371 352 240 372 275
face 0.1954711675643921 352 240 372 275
face 0.19008782505989075 352 240 372 275
face 0.17769065499305725 352 240 372 275
face 0.17581287026405334 352 240 372 275
face 0.15939953923225403 352 240 372 275
face 0.1587972640991211 352 240 372 275
face 0.15668439865112305 352 240 372 275
face 0.15177565813064575 352 240 372 275
face 0.1501120626926422 352 240 372 275
face 0.14885234832763672 352 240 372 275
face 0.14565694332122803 352 240 372 275
face 0.14314952492713928 352 240 372 275
face 0.1355336308479309 352 240 372 275
face 0.1347040832042694 352 240 372 275
face 0.12428131699562073 352 240 372 275
face 0.12279343605041504 352 240 372 275
face 0.1220722496509552 352 240 372 275
face 0.11771780252456665 352 240 372 275
face 0.11573666334152222 352 240 372 275
face 0.10838881134986877 352 240 372 275
face 0.10487034916877747 352 240 372 275
face 0.10462993383407593 352 240 372 275
face 0.10248157382011414 352 240 372 275
face 0.10107016563415527 352 240 372 275
face 0.10051169991493225 352 240 372 275
face 0.10020557045936584 352 240 372 275
face 0.09872367978096008 352 240 372 275
face 0.098356693983078 352 240 372 275
face 0.09685283899307251 352 240 372 275
face 0.09076440334320068 352 240 372 275
face 0.09026491641998291 352 240 372 275
face 0.08873012661933899 352 240 372 275
face 0.08586955070495605 352 240 372 275
face 0.08545956015586853 352 240 372 275
face 0.08408993482589722 352 240 372 275
face 0.08366674184799194 352 240 372 275
face 0.08292660117149353 352 240 372 275
face 0.07953062653541565 352 240 372 275
face 0.07826507091522217 352 240 372 275
face 0.07607746124267578 352 240 372 275
face 0.06991821527481079 352 240 372 275
face 0.06512472033500671 352 240 372 275
face 0.06478601694107056 352 240 372 275
face 0.063015878200531 352 240 372 275
face 0.06243020296096802 352 240 372 275
face 0.06225377321243286 352 240 372 275
face 0.061736106872558594 352 240 372 275
face 0.06089058518409729 352 240 372 275
face 0.060729771852493286 352 240 372 275
face 0.06015515327453613 352 240 372 275
face 0.05923086404800415 352 240 372 275
face 0.05894070863723755 352 240 372 275
face 0.05696272850036621 352 240 372 275
face 0.05549335479736328 352 240 372 275
face 0.0554676353931427 352 240 372 275
face 0.05455195903778076 352 240 372 275
face 0.053262025117874146 352 240 372 275
face 0.05205059051513672 352 240 372 275
face 0.051663339138031006 352 240 372 275
face 0.0514962375164032 352 240 372 275
