face 0.9920620918273926 362 123 605 415
face 0.005143672227859497 362 123 605 415
face 0.004090398550033569 362 123 605 415
face 0.003710806369781494 362 123 605 415
face 0.003289639949798584 362 123 605 415
face 0.0031329095363616943 362 123 605 415
face 0.0030811429023742676 362 123 605 415
face 0.00292813777923584 362 123 605 415
face 0.002897590398788452 362 123 605 415
face 0.002822309732437134 362 123 605 415
face 0.0026514530181884766 362 123 605 415
face 0.0025718510150909424 362 123 605 415
face 0.0025436878204345703 362 123 605 415
face 0.0024839043617248535 362 123 605 415
face 0.0023869574069976807 362 123 605 415
face 0.0022687911987304688 362 123 605 415
face 0.0022027194499969482 362 123 605 415
face 0.002139568328857422 362 123 605 415
face 0.0021087825298309326 362 123 605 415
face 0.0020545125007629395 362 123 605 415
face 0.0020518600940704346 362 123 605 415
face 0.002034008502960205 362 123 605 415
face 0.0019643306732177734 362 123 605 415
face 0.0019397735595703125 362 123 605 415
face 0.00193825364112854 362 123 605 415
face 0.0018571019172668457 362 123 605 415
face 0.0018238425254821777 362 123 605 415
face 0.0018230080604553223 362 123 605 415
face 0.0017703473567962646 362 123 605 415
face 0.0017173588275909424 362 123 605 415
face 0.0016832053661346436 362 123 605 415
face 0.0016819536685943604 362 123 605 415
face 0.0016753077507019043 362 123 605 415
face 0.001603931188583374 362 123 605 415
face 0.0015339553356170654 362 123 605 415
face 0.0015137791633605957 362 123 605 415
face 0.0014834403991699219 362 123 605 415
face 0.0014722645282745361 362 123 605 415
face 0.0014382600784301758 362 123 605 415
face 0.0014366209506988525 362 123 605 415
face 0.0013840794563293457 362 123 605 415
face 0.0013801753520965576 362 123 605 415
face 0.0013714134693145752 362 123 605 415
face 0.0013703107833862305 362 123 605 415
face 0.001360476016998291 362 123 605 415
face 0.001355886459350586 362 123 605 415
face 0.0013495087623596191 362 123 605 415
face 0.001332312822341919 362 123 605 415
face 0.001305699348449707 362 123 605 415
face 0.0012904703617095947 362 123 605 415
face 0.00127410888671875 362 123 605 415
face 0.0012304186820983887 362 123 605 415
face 0.0012244880199432373 362 123 605 415
face 0.0012129545211791992 362 123 605 415
face 0.001205146312713623 362 123 605 415
face 0.0011823773384094238 362 123 605 415
face 0.0011743009090423584 362 123 605 415
face 0.0011657178401947021 362 123 605 415
face 0.0011558234691619873 362 123 605 415
face 0.001154392957687378 362 123 605 415
face 0.0011515021324157715 362 123 605 415
face 0.001140594482421875 362 123 605 415
face 0.001139611005783081 362 123 605 415
face 0.0011393725872039795 362 123 605 415
face 0.001134246587753296 362 123 605 415
face 0.0011307597160339355 362 123 605 415
face 0.00109902024269104 362 123 605 415
face 0.0010916292667388916 362 123 605 415
face 0.0010867714881896973 362 123 605 415
face 0.0010829269886016846 362 123 605 415
face 0.0010801255702972412 362 123 605 415
face 0.0010732710361480713 362 123 605 415
face 0.0010562241077423096 362 123 605 415
face 0.001042187213897705 362 123 605 415
face 0.0010277926921844482 362 123 605 415
face 0.0010260939598083496 362 123 605 415
face 0.0010218024253845215 362 123 605 415
face 0.001018613576889038 362 123 605 415
face 0.0010170340538024902 362 123 605 415
face 0.0010145604610443115 362 123 605 415
face 0.0010090470314025879 362 123 605 415
face 0.0009979307651519775 362 123 605 415
face 0.0009936392307281494 362 123 605 415
face 0.0009847581386566162 362 123 605 415
face 0.0009773969650268555 362 123 605 415
face 0.0009713470935821533 362 123 605 415
face 0.0009550750255584717 362 123 605 415
face 0.000946730375289917 362 123 605 415
face 0.0009307265281677246 362 123 605 415
face 0.0009283125400543213 362 123 605 415
face 0.0009146630764007568 362 123 605 415
face 0.000913769006729126 362 123 605 415
face 0.000899970531463623 362 123 605 415
face 0.0008956491947174072 362 123 605 415
face 0.000895380973815918 362 123 605 415
face 0.0008923113346099854 362 123 605 415
face 0.000890195369720459 362 123 605 415
face 0.000888437032699585 362 123 605 415
face 0.000885307788848877 362 123 605 415
