face 0.9984854459762573 546 115 591 166
face 0.8770890235900879 414 55 472 120
face 0.040632426738739014 414 55 472 120
face 0.025980234146118164 414 55 472 120
face 0.019229501485824585 414 55 472 120
face 0.018307238817214966 414 55 472 120
face 0.017912983894348145 414 55 472 120
face 0.01571705937385559 414 55 472 120
face 0.01455429196357727 414 55 472 120
face 0.012257903814315796 414 55 472 120
face 0.012091249227523804 414 55 472 120
face 0.011746138334274292 414 55 472 120
face 0.011320501565933228 414 55 472 120
face 0.010965615510940552 414 55 472 120
face 0.010535567998886108 414 55 472 120
face 0.010399192571640015 414 55 472 120
face 0.010361582040786743 414 55 472 120
face 0.010338425636291504 414 55 472 120
face 0.010245829820632935 414 55 472 120
face 0.009744524955749512 414 55 472 120
face 0.009684920310974121 414 55 472 120
face 0.009679555892944336 414 55 472 120
face 0.009658962488174438 414 55 472 120
face 0.009560495615005493 414 55 472 120
face 0.00950467586517334 414 55 472 120
face 0.009493499994277954 414 55 472 120
face 0.009214580059051514 414 55 472 120
face 0.009160399436950684 414 55 472 120
face 0.009092330932617188 414 55 472 120
face 0.008762866258621216 414 55 472 120
face 0.00874975323677063 414 55 472 120
face 0.008660346269607544 414 55 472 120
face 0.008514881134033203 414 55 472 120
face 0.008393734693527222 414 55 472 120
face 0.008347183465957642 414 55 472 120
face 0.00828462839126587 414 55 472 120
face 0.008189022541046143 414 55 472 120
face 0.008138895034790039 414 55 472 120
face 0.007934778928756714 414 55 472 120
face 0.007857412099838257 414 55 472 120
face 0.007704645395278931 414 55 472 120
face 0.007571518421173096 414 55 472 120
face 0.007482320070266724 414 55 472 120
face 0.00745508074760437 414 55 472 120
face 0.007432013750076294 414 55 472 120
face 0.007421344518661499 414 55 472 120
face 0.007391989231109619 414 55 472 120
face 0.0073187947273254395 414 55 472 120
face 0.007181107997894287 414 55 472 120
face 0.007173329591751099 414 55 472 120
face 0.007071197032928467 414 55 472 120
face 0.007019996643066406 414 55 472 120
face 0.007014542818069458 414 55 472 120
face 0.006923884153366089 414 55 472 120
face 0.006912052631378174 414 55 472 120
face 0.0068950653076171875 414 55 472 120
face 0.006878405809402466 414 55 472 120
face 0.0068191587924957275 414 55 472 120
face 0.006740450859069824 414 55 472 120
face 0.006695061922073364 414 55 472 120
face 0.006690233945846558 414 55 472 120
face 0.006668567657470703 414 55 472 120
face 0.006543755531311035 414 55 472 120
face 0.006403326988220215 414 55 472 120
face 0.006383776664733887 414 55 472 120
face 0.006245136260986328 414 55 472 120
face 0.0061956048011779785 414 55 472 120
face 0.006119102239608765 414 55 472 120
face 0.006042152643203735 414 55 472 120
face 0.005975663661956787 414 55 472 120
face 0.005811780691146851 414 55 472 120
face 0.005807608366012573 414 55 472 120
face 0.005801379680633545 414 55 472 120
face 0.005777567625045776 414 55 472 120
face 0.005769550800323486 414 55 472 120
face 0.005725592374801636 414 55 472 120
face 0.005697667598724365 414 55 472 120
face 0.005669504404067993 414 55 472 120
face 0.005654752254486084 414 55 472 120
face 0.005548715591430664 414 55 472 120
face 0.005529552698135376 414 55 472 120
face 0.005513817071914673 414 55 472 120
face 0.005511730909347534 414 55 472 120
face 0.005482316017150879 414 55 472 120
face 0.005447298288345337 414 55 472 120
face 0.005440354347229004 414 55 472 120
face 0.005440324544906616 414 55 472 120
face 0.00534781813621521 414 55 472 120
face 0.00527462363243103 414 55 472 120
face 0.00524216890335083 414 55 472 120
face 0.005205392837524414 414 55 472 120
face 0.005163103342056274 414 55 472 120
face 0.005020558834075928 414 55 472 120
face 0.005014538764953613 414 55 472 120
face 0.004956603050231934 414 55 472 120
face 0.004955559968948364 414 55 472 120
face 0.004938334226608276 414 55 472 120
face 0.004926711320877075 414 55 472 120
face 0.004918694496154785 414 55 472 120
face 0.0049155354499816895 414 55 472 120
