face 0.7970272302627563 853 383 870 404
face 0.5511395931243896 410 269 439 307
face 0.5052515268325806 625 208 666 256
face 0.15796881914138794 625 208 666 256
face 0.15604382753372192 625 208 666 256
face 0.10420200228691101 625 208 666 256
face 0.05611184239387512 625 208 666 256
face 0.053690940141677856 625 208 666 256
face 0.05332252383232117 625 208 666 256
face 0.05209308862686157 625 208 666 256
face 0.03093576431274414 625 208 666 256
face 0.02610209584236145 625 208 666 256
face 0.022933989763259888 625 208 666 256
face 0.022111833095550537 625 208 666 256
face 0.02172282338142395 625 208 666 256
face 0.01404598355293274 625 208 666 256
face 0.013673990964889526 625 208 666 256
face 0.013285815715789795 625 208 666 256
face 0.012761324644088745 625 208 666 256
face 0.01270604133605957 625 208 666 256
face 0.012557297945022583 625 208 666 256
face 0.012209862470626831 625 208 666 256
face 0.012077629566192627 625 208 666 256
face 0.011977583169937134 625 208 666 256
face 0.011493176221847534 625 208 666 256
face 0.010919809341430664 625 208 666 256
face 0.01057770848274231 625 208 666 256
face 0.01036939024925232 625 208 666 256
face 0.010296523571014404 625 208 666 256
face 0.00995597243309021 625 208 666 256
face 0.009590297937393188 625 208 666 256
face 0.009548932313919067 625 208 666 256
face 0.009362548589706421 625 208 666 256
face 0.008522182703018188 625 208 666 256
face 0.008469313383102417 625 208 666 256
face 0.008440494537353516 625 208 666 256
face 0.008148491382598877 625 208 666 256
face 0.008073925971984863 625 208 666 256
face 0.007765412330627441 625 208 666 256
face 0.007751554250717163 625 208 666 256
face 0.007631510496139526 625 208 666 256
face 0.007589846849441528 625 208 666 256
face 0.007512778043746948 625 208 666 256
face 0.00746646523475647 625 208 666 256
face 0.007441163063049316 625 208 666 256
face 0.006970107555389404 625 208 666 256
face 0.0069141387939453125 625 208 666 256
face 0.006912589073181152 625 208 666 256
face 0.0068631768226623535 625 208 666 256
face 0.006712764501571655 625 208 666 256
face 0.006656765937805176 625 208 666 256
face 0.006595313549041748 625 208 666 256
face 0.006574898958206177 625 208 666 256
face 0.006536334753036499 625 208 666 256
face 0.006520271301269531 625 208 666 256
face 0.0065201520919799805 625 208 666 256
face 0.006214708089828491 625 208 666 256
face 0.006213545799255371 625 208 666 256
face 0.006150484085083008 625 208 666 256
face 0.006047546863555908 625 208 666 256
face 0.005906343460083008 625 208 666 256
face 0.005859106779098511 625 208 666 256
face 0.0057739317417144775 625 208 666 256
face 0.005763322114944458 625 208 666 256
face 0.005674213171005249 625 208 666 256
face 0.005652636289596558 625 208 666 256
face 0.005401521921157837 625 208 666 256
face 0.00531846284866333 625 208 666 256
face 0.00526389479637146 625 208 666 256
face 0.005039572715759277 625 208 666 256
face 0.004915475845336914 625 208 666 256
face 0.004915118217468262 625 208 666 256
face 0.004914969205856323 625 208 666 256
face 0.004902243614196777 625 208 666 256
face 0.004784226417541504 625 208 666 256
face 0.0047296881675720215 625 208 666 256
face 0.004653483629226685 625 208 666 256
face 0.004628777503967285 625 208 666 256
face 0.004600346088409424 625 208 666 256
face 0.00458410382270813 625 208 666 256
face 0.004455238580703735 625 208 666 256
face 0.004430681467056274 625 208 666 256
face 0.004399895668029785 625 208 666 256
face 0.0043343305587768555 625 208 666 256
face 0.004319369792938232 625 208 666 256
face 0.00429341197013855 625 208 666 256
face 0.004185795783996582 625 208 666 256
face 0.004066348075866699 625 208 666 256
face 0.004055052995681763 625 208 666 256
face 0.004053980112075806 625 208 666 256
face 0.003986328840255737 625 208 666 256
face 0.003880798816680908 625 208 666 256
face 0.0038460493087768555 625 208 666 256
face 0.0038022994995117188 625 208 666 256
face 0.0037869811058044434 625 208 666 256
face 0.0037539899349212646 625 208 666 256
face 0.0037532150745391846 625 208 666 256
face 0.003742128610610962 625 208 666 256
face 0.0037294328212738037 625 208 666 256
face 0.003664731979370117 625 208 666 256
