face 0.9736438393592834 420 345 512 471
face 0.9151666760444641 695 655 789 756
face 0.18794220685958862 695 655 789 756
face 0.08320918679237366 695 655 789 756
face 0.07651698589324951 695 655 789 756
face 0.06470882892608643 695 655 789 756
face 0.06280156970024109 695 655 789 756
face 0.05662816762924194 695 655 789 756
face 0.05258628726005554 695 655 789 756
face 0.05090552568435669 695 655 789 756
face 0.047447651624679565 695 655 789 756
face 0.0468500554561615 695 655 789 756
face 0.04561254382133484 695 655 789 756
face 0.04517492651939392 695 655 789 756
face 0.04216259717941284 695 655 789 756
face 0.03486725687980652 695 655 789 756
face 0.0345989465713501 695 655 789 756
face 0.03430280089378357 695 655 789 756
face 0.0341799259185791 695 655 789 756
face 0.033550769090652466 695 655 789 756
face 0.033453017473220825 695 655 789 756
face 0.03314140439033508 695 655 789 756
face 0.03138875961303711 695 655 789 756
face 0.031032085418701172 695 655 789 756
face 0.03098219633102417 695 655 789 756
face 0.03095260262489319 695 655 789 756
face 0.030748456716537476 695 655 789 756
face 0.03014048933982849 695 655 789 756
face 0.028135061264038086 695 655 789 756
face 0.02810347080230713 695 655 789 756
face 0.027343302965164185 695 655 789 756
face 0.027134090662002563 695 655 789 756
face 0.026920169591903687 695 655 789 756
face 0.026843518018722534 695 655 789 756
face 0.02661404013633728 695 655 789 756
face 0.026307404041290283 695 655 789 756
face 0.02623385190963745 695 655 789 756
face 0.026005983352661133 695 655 789 756
face 0.02581077814102173 695 655 789 756
face 0.025425732135772705 695 655 789 756
face 0.025316596031188965 695 655 789 756
face 0.02416178584098816 695 655 789 756
face 0.023957550525665283 695 655 789 756
face 0.02350485324859619 695 655 789 756
face 0.02313503623008728 695 655 789 756
face 0.02295246720314026 695 655 789 756
face 0.02268195152282715 695 655 789 756
face 0.022311776876449585 695 655 789 756
face 0.022017329931259155 695 655 789 756
face 0.021473616361618042 695 655 789 756
face 0.021102160215377808 695 655 789 756
face 0.020843535661697388 695 655 789 756
face 0.020607799291610718 695 655 789 756
face 0.02051180601119995 695 655 789 756
face 0.02003699541091919 695 655 789 756
face 0.019772082567214966 695 655 789 756
face 0.019654959440231323 695 655 789 756
face 0.019632041454315186 695 655 789 756
face 0.01947811245918274 695 655 789 756
face 0.01943632960319519 695 655 789 756
face 0.019324451684951782 695 655 789 756
face 0.019271165132522583 695 655 789 756
face 0.019240736961364746 695 655 789 756
face 0.01920989155769348 695 655 789 756
face 0.01906999945640564 695 655 789 756
face 0.018709808588027954 695 655 789 756
face 0.018667489290237427 695 655 789 756
face 0.01857781410217285 695 655 789 756
face 0.01856309175491333 695 655 789 756
face 0.01851668953895569 695 655 789 756
face 0.018299967050552368 695 655 789 756
face 0.018285244703292847 695 655 789 756
face 0.0182780921459198 695 655 789 756
face 0.01817375421524048 695 655 789 756
face 0.018053889274597168 695 655 789 756
face 0.017623186111450195 695 655 789 756
face 0.017446279525756836 695 655 789 756
face 0.017388105392456055 695 655 789 756
face 0.017353177070617676 695 655 789 756
face 0.017332404851913452 695 655 789 756
face 0.01712307333946228 695 655 789 756
face 0.017026126384735107 695 655 789 756
face 0.016944825649261475 695 655 789 756
face 0.016884207725524902 695 655 789 756
face 0.016816705465316772 695 655 789 756
face 0.01677381992340088 695 655 789 756
face 0.01672223210334778 695 655 789 756
face 0.016681164503097534 695 655 789 756
face 0.016603082418441772 695 655 789 756
face 0.016487419605255127 695 655 789 756
face 0.0164487361907959 695 655 789 756
face 0.016342759132385254 695 655 789 756
face 0.016341030597686768 695 655 789 756
face 0.01627311110496521 695 655 789 756
face 0.016265809535980225 695 655 789 756
face 0.015910625457763672 695 655 789 756
face 0.015798985958099365 695 655 789 756
face 0.015777766704559326 695 655 789 756
face 0.015469908714294434 695 655 789 756
face 0.015443921089172363 695 655 789 756
