face 0.3024900555610657 200 426 247 500
face 0.022860825061798096 200 426 247 500
face 0.020305246114730835 200 426 247 500
face 0.0138913094997406 200 426 247 500
face 0.011017858982086182 200 426 247 500
face 0.009551018476486206 200 426 247 500
face 0.007718175649642944 200 426 247 500
face 0.00702241063117981 200 426 247 500
face 0.006626933813095093 200 426 247 500
face 0.006601005792617798 200 426 247 500
face 0.006058782339096069 200 426 247 500
face 0.005927085876464844 200 426 247 500
face 0.005875527858734131 200 426 247 500
face 0.005684345960617065 200 426 247 500
face 0.005600422620773315 200 426 247 500
face 0.00555652379989624 200 426 247 500
face 0.005349874496459961 200 426 247 500
face 0.005213648080825806 200 426 247 500
face 0.005123347043991089 200 426 247 500
face 0.004871398210525513 200 426 247 500
face 0.004855096340179443 200 426 247 500
face 0.004821836948394775 200 426 247 500
face 0.004779517650604248 200 426 247 500
face 0.004572540521621704 200 426 247 500
face 0.004328131675720215 200 426 247 500
face 0.004213809967041016 200 426 247 500
face 0.003967076539993286 200 426 247 500
face 0.0038763582706451416 200 426 247 500
face 0.003816455602645874 200 426 247 500
face 0.003747910261154175 200 426 247 500
face 0.0037330985069274902 200 426 247 500
face 0.0036968886852264404 200 426 247 500
face 0.0036485791206359863 200 426 247 500
face 0.0036379098892211914 200 426 247 500
face 0.0036210715770721436 200 426 247 500
face 0.0036201179027557373 200 426 247 500
face 0.0036086440086364746 200 426 247 500
face 0.0035944879055023193 200 426 247 500
face 0.0035389065742492676 200 426 247 500
face 0.003525674343109131 200 426 247 500
face 0.003513246774673462 200 426 247 500
face 0.0034967362880706787 200 426 247 500
face 0.0033857226371765137 200 426 247 500
face 0.0033027231693267822 200 426 247 500
face 0.0032914578914642334 200 426 247 500
face 0.0032660365104675293 200 426 247 500
face 0.0032452046871185303 200 426 247 500
face 0.0032448768615722656 200 426 247 500
face 0.003226339817047119 200 426 247 500
face 0.0032159388065338135 200 426 247 500
face 0.003215700387954712 200 426 247 500
face 0.0032046735286712646 200 426 247 500
face 0.003164440393447876 200 426 247 500
face 0.0031107068061828613 200 426 247 500
face 0.0030845701694488525 200 426 247 500
face 0.0030630826950073242 200 426 247 500
face 0.003062009811401367 200 426 247 500
face 0.0030555585399270058 200 426 247 500
face 0.002981513738632202 200 426 247 500
face 0.00297468900680542 200 426 247 500
face 0.00291365385055542 200 426 247 500
face 0.002899467945098877 200 426 247 500
face 0.0028774142265319824 200 426 247 500
face 0.0028399527072906494 200 426 247 500
face 0.002810657024383545 200 426 247 500
face 0.0028084218502044678 200 426 247 500
face 0.0027439892292022705 200 426 247 500
face 0.0027343034744262695 200 426 247 500
face 0.0027295947074890137 200 426 247 500
face 0.0027253329753875732 200 426 247 500
face 0.002704441547393799 200 426 247 500
face 0.0026941001415252686 200 426 247 500
face 0.0026820898056030273 200 426 247 500
face 0.0026629865169525146 200 426 247 500
face 0.002643197774887085 200 426 247 500
face 0.0026286542415618896 200 426 247 500
face 0.0026205778121948242 200 426 247 500
face 0.00261726975440979 200 426 247 500
face 0.0025975704193115234 200 426 247 500
face 0.002580016851425171 200 426 247 500
face 0.002560436725616455 200 426 247 500
face 0.0025338828563690186 200 426 247 500
face 0.002529650926589966 200 426 247 500
face 0.002511322498321533 200 426 247 500
face 0.002498924732208252 200 426 247 500
face 0.002483278512954712 200 426 247 500
face 0.0024787485599517822 200 426 247 500
face 0.0024453699588775635 200 426 247 500
face 0.0024427473545074463 200 426 247 500
face 0.0024385452270507812 200 426 247 500
face 0.002435147762298584 200 426 247 500
face 0.0024265646934509277 200 426 247 500
face 0.002415865659713745 200 426 247 500
face 0.0024054646492004395 200 426 247 500
face 0.002400904893875122 200 426 247 500
face 0.002397477626800537 200 426 247 500
face 0.0023917853832244873 200 426 247 500
face 0.0023851096630096436 200 426 247 500
face 0.002358168363571167 200 426 247 500
face 0.002341717481613159 200 426 247 500
