face 0.5162978172302246 200 426 247 500
face 0.33688247203826904 200 426 247 500
face 0.22418388724327087 200 426 247 500
face 0.12840262055397034 200 426 247 500
face 0.08936741948127747 200 426 247 500
face 0.0597778856754303 200 426 247 500
face 0.058908164501190186 200 426 247 500
face 0.05553996562957764 200 426 247 500
face 0.05527874827384949 200 426 247 500
face 0.04212018847465515 200 426 247 500
face 0.04142576456069946 200 426 247 500
face 0.03858339786529541 200 426 247 500
face 0.03692162036895752 200 426 247 500
face 0.034145355224609375 200 426 247 500
face 0.03388938307762146 200 426 247 500
face 0.029737383127212524 200 426 247 500
face 0.029600054025650024 200 426 247 500
face 0.029457449913024902 200 426 247 500
face 0.029090285301208496 200 426 247 500
face 0.02818131446838379 200 426 247 500
face 0.02784806489944458 200 426 247 500
face 0.027798444032669067 200 426 247 500
face 0.027649283409118652 200 426 247 500
face 0.026991814374923706 200 426 247 500
face 0.02662917971611023 200 426 247 500
face 0.02537938952445984 200 426 247 500
face 0.02533245086669922 200 426 247 500
face 0.025310486555099487 200 426 247 500
face 0.025290101766586304 200 426 247 500
face 0.024743884801864624 200 426 247 500
face 0.024693340063095093 200 426 247 500
face 0.02468988299369812 200 426 247 500
face 0.024664580821990967 200 426 247 500
face 0.024311929941177368 200 426 247 500
face 0.024247050285339355 200 426 247 500
face 0.023710578680038452 200 426 247 500
face 0.023447424173355103 200 426 247 500
face 0.023428350687026978 200 426 247 500
face 0.0201779305934906 200 426 247 500
face 0.019526153802871704 200 426 247 500
face 0.01942160725593567 200 426 247 500
face 0.019091308116912842 200 426 247 500
face 0.0190792977809906 200 426 247 500
face 0.019077450037002563 200 426 247 500
face 0.018769025802612305 200 426 247 500
face 0.018325716257095337 200 426 247 500
face 0.01831585168838501 200 426 247 500
face 0.018100261688232422 200 426 247 500
face 0.017903774976730347 200 426 247 500
face 0.01739436388015747 200 426 247 500
face 0.017203152179718018 200 426 247 500
face 0.016645491123199463 200 426 247 500
face 0.016119718551635742 200 426 247 500
face 0.016088426113128662 200 426 247 500
face 0.015907853841781616 200 426 247 500
face 0.015874773263931274 200 426 247 500
face 0.015829801559448242 200 426 247 500
face 0.01562809944152832 200 426 247 500
face 0.015529483556747437 200 426 247 500
face 0.015244275331497192 200 426 247 500
face 0.014909416437149048 200 426 247 500
face 0.014821350574493408 200 426 247 500
face 0.014646559953689575 200 426 247 500
face 0.014504492282867432 200 426 247 500
face 0.014389187097549438 200 426 247 500
face 0.014369964599609375 200 426 247 500
face 0.014149129390716553 200 426 247 500
face 0.013808220624923706 200 426 247 500
face 0.013779908418655396 200 426 247 500
face 0.013493865728378296 200 426 247 500
face 0.013234823942184448 200 426 247 500
face 0.013191014528274536 200 426 247 500
face 0.012831926345825195 200 426 247 500
face 0.012509196996688843 200 426 247 500
face 0.0123213529586792 200 426 247 500
face 0.012314140796661377 200 426 247 500
face 0.0123119056224823 200 426 247 500
face 0.012218475341796875 200 426 247 500
face 0.012140035629272461 200 426 247 500
face 0.012062668800354004 200 426 247 500
face 0.012015372514724731 200 426 247 500
face 0.011781305074691772 200 426 247 500
face 0.011743605136871338 200 426 247 500
face 0.01171162724494934 200 426 247 500
face 0.011624693870544434 200 426 247 500
face 0.011563628911972046 200 426 247 500
face 0.01155117154121399 200 426 247 500
face 0.011472165584564209 200 426 247 500
face 0.011455744504928589 200 426 247 500
face 0.011379897594451904 200 426 247 500
face 0.011375844478607178 200 426 247 500
face 0.01136431097984314 200 426 247 500
face 0.011346280574798584 200 426 247 500
face 0.011260032653808594 200 426 247 500
face 0.011197209358215332 200 426 247 500
face 0.011145591735839844 200 426 247 500
face 0.010782390832901001 200 426 247 500
face 0.010771334171295166 200 426 247 500
face 0.010683804750442505 200 426 247 500
face 0.010662645101547241 200 426 247 500
