face 0.9485177993774414 573 65 639 156
face 0.16156065464019775 573 65 639 156
face 0.06787997484207153 573 65 639 156
face 0.06701904535293579 573 65 639 156
face 0.06384772062301636 573 65 639 156
face 0.06012400984764099 573 65 639 156
face 0.05859172344207764 573 65 639 156
face 0.05578085780143738 573 65 639 156
face 0.04936489462852478 573 65 639 156
face 0.043192535638809204 573 65 639 156
face 0.04064270853996277 573 65 639 156
face 0.040447384119033813 573 65 639 156
face 0.039168357849121094 573 65 639 156
face 0.03877955675125122 573 65 639 156
face 0.037618041038513184 573 65 639 156
face 0.036755889654159546 573 65 639 156
face 0.03532379865646362 573 65 639 156
face 0.03420567512512207 573 65 639 156
face 0.03368115425109863 573 65 639 156
face 0.03278949856758118 573 65 639 156
face 0.032215893268585205 573 65 639 156
face 0.03169712424278259 573 65 639 156
face 0.030086547136306763 573 65 639 156
face 0.030069708824157715 573 65 639 156
face 0.029636681079864502 573 65 639 156
face 0.02921682596206665 573 65 639 156
face 0.028209805488586426 573 65 639 156
face 0.02761828899383545 573 65 639 156
face 0.027566492557525635 573 65 639 156
face 0.027131378650665283 573 65 639 156
face 0.025479614734649658 573 65 639 156
face 0.025166749954223633 573 65 639 156
face 0.02478155493736267 573 65 639 156
face 0.024458885192871094 573 65 639 156
face 0.024063676595687866 573 65 639 156
face 0.024005085229873657 573 65 639 156
face 0.0230138897895813 573 65 639 156
face 0.02295386791229248 573 65 639 156
face 0.022614717483520508 573 65 639 156
face 0.02241802215576172 573 65 639 156
face 0.022097855806350708 573 65 639 156
face 0.021978646516799927 573 65 639 156
face 0.021750926971435547 573 65 639 156
face 0.02171236276626587 573 65 639 156
face 0.020347237586975098 573 65 639 156
face 0.020192980766296387 573 65 639 156
face 0.019567936658859253 573 65 639 156
face 0.01781761646270752 573 65 639 156
face 0.01688086986541748 573 65 639 156
face 0.01615440845489502 573 65 639 156
face 0.016149252653121948 573 65 639 156
face 0.016121089458465576 573 65 639 156
face 0.01602649688720703 573 65 639 156
face 0.0157662034034729 573 65 639 156
face 0.014705508947372437 573 65 639 156
face 0.014659613370895386 573 65 639 156
face 0.014103323221206665 573 65 639 156
face 0.013978242874145508 573 65 639 156
face 0.013813704252243042 573 65 639 156
face 0.013800829648971558 573 65 639 156
face 0.013471752405166626 573 65 639 156
face 0.013465672731399536 573 65 639 156
face 0.012058913707733154 573 65 639 156
face 0.011588901281356812 573 65 639 156
face 0.011089831590652466 573 65 639 156
face 0.010831773281097412 573 65 639 156
face 0.010808497667312622 573 65 639 156
face 0.010706871747970581 573 65 639 156
face 0.010619252920150757 573 65 639 156
face 0.010490745306015015 573 65 639 156
face 0.010338127613067627 573 65 639 156
face 0.010036945343017578 573 65 639 156
face 0.009731054306030273 573 65 639 156
face 0.009722411632537842 573 65 639 156
face 0.009661734104156494 573 65 639 156
face 0.009642302989959717 573 65 639 156
face 0.009630978107452393 573 65 639 156
face 0.0095309317111969 573 65 639 156
face 0.009529173374176025 573 65 639 156
face 0.009224236011505127 573 65 639 156
face 0.009195387363433838 573 65 639 156
face 0.008827567100524902 573 65 639 156
face 0.008803248405456543 573 65 639 156
face 0.00849229097366333 573 65 639 156
face 0.008449018001556396 573 65 639 156
face 0.008204996585845947 573 65 639 156
face 0.007777392864227295 573 65 639 156
face 0.00777086615562439 573 65 639 156
face 0.007606029510498047 573 65 639 156
face 0.007594287395477295 573 65 639 156
face 0.007543206214904785 573 65 639 156
face 0.007483154535293579 573 65 639 156
face 0.007445842027664185 573 65 639 156
face 0.007369250059127808 573 65 639 156
face 0.007286965847015381 573 65 639 156
face 0.007285356521606445 573 65 639 156
face 0.007230222225189209 573 65 639 156
face 0.007001668214797974 573 65 639 156
face 0.006895005702972412 573 65 639 156
face 0.006719410419464111 573 65 639 156
