face 0.9993212223052979 617 297 644 330
face 0.9901224374771118 66 142 88 171
face 0.9367823004722595 412 247 436 281
face 0.5512191653251648 759 288 785 314
face 0.16417112946510315 759 288 785 314
face 0.08218070864677429 759 288 785 314
face 0.043140262365341187 759 288 785 314
face 0.012212932109832764 759 288 785 314
face 0.012143373489379883 759 288 785 314
face 0.01208871603012085 759 288 785 314
face 0.012075275182723999 759 288 785 314
face 0.011568039655685425 759 288 785 314
face 0.01063549518585205 759 288 785 314
face 0.010290086269378662 759 288 785 314
face 0.009589433670043945 759 288 785 314
face 0.009453803300857544 759 288 785 314
face 0.009134232997894287 759 288 785 314
face 0.008939564228057861 759 288 785 314
face 0.008699923753738403 759 288 785 314
face 0.007858306169509888 759 288 785 314
face 0.006925344467163086 759 288 785 314
face 0.005484223365783691 759 288 785 314
face 0.00540471076965332 759 288 785 314
face 0.005395561456680298 759 288 785 314
face 0.005312174558639526 759 288 785 314
face 0.005265712738037109 759 288 785 314
face 0.005241751670837402 759 288 785 314
face 0.0051901936531066895 759 288 785 314
face 0.005163758993148804 759 288 785 314
face 0.005066186189651489 759 288 785 314
face 0.0048153698444366455 759 288 785 314
face 0.004387199878692627 759 288 785 314
face 0.004357278347015381 759 288 785 314
face 0.004254698753356934 759 288 785 314
face 0.004173606634140015 759 288 785 314
face 0.0041544437408447266 759 288 785 314
face 0.0041481852531433105 759 288 785 314
face 0.00392875075340271 759 288 785 314
face 0.003918588161468506 759 288 785 314
face 0.0038138628005981445 759 288 785 314
face 0.0038090646266937256 759 288 785 314
face 0.0034683048725128174 759 288 785 314
face 0.003381788730621338 759 288 785 314
face 0.0032030344009399414 759 288 785 314
face 0.0030882060527801514 759 288 785 314
face 0.0030823051929473877 759 288 785 314
face 0.0030554234981536865 759 288 785 314
face 0.0029674768447875977 759 288 785 314
face 0.002841740846633911 759 288 785 314
face 0.002835005521774292 759 288 785 314
face 0.002801865339279175 759 288 785 314
face 0.002796471118927002 759 288 785 314
face 0.0027916133403778076 759 288 785 314
face 0.002766638994216919 759 288 785 314
face 0.0027637481689453125 759 288 785 314
face 0.0027326345443725586 759 288 785 314
face 0.0027310550212860107 759 288 785 314
face 0.002707570791244507 759 288 785 314
face 0.002698183059692383 759 288 785 314
face 0.0026320219039916992 759 288 785 314
face 0.0025989115238189697 759 288 785 314
face 0.002595871686935425 759 288 785 314
face 0.0025920867919921875 759 288 785 314
face 0.0025905370712280273 759 288 785 314
face 0.002518266439437866 759 288 785 314
face 0.0025167465209960938 759 288 785 314
face 0.0024809837341308594 759 288 785 314
face 0.0024649500846862793 759 288 785 314
face 0.0024596750736236572 759 288 785 314
face 0.0024516284465789795 759 288 785 314
face 0.0024460554122924805 759 288 785 314
face 0.002409905195236206 759 288 785 314
face 0.0023874640464782715 759 288 785 314
face 0.0023758411407470703 759 288 785 314
face 0.002364248037338257 759 288 785 314
face 0.0023294389247894287 759 288 785 314
face 0.0022937357425689697 759 288 785 314
face 0.0022868216037750244 759 288 785 314
face 0.002193629741668701 759 288 785 314
face 0.002177685499191284 759 288 785 314
face 0.002171128988265991 759 288 785 314
face 0.002122044563293457 759 288 785 314
face 0.0021168291568756104 759 288 785 314
face 0.0020866096019744873 759 288 785 314
face 0.0020659565925598145 759 288 785 314
face 0.002061814069747925 759 288 785 314
face 0.0020579397678375244 759 288 785 314
face 0.0020409822463989258 759 288 785 314
face 0.0020376741886138916 759 288 785 314
face 0.0020284950733184814 759 288 785 314
face 0.001995384693145752 759 288 785 314
face 0.0019833743572235107 759 288 785 314
face 0.001902163028717041 759 288 785 314
face 0.001900017261505127 759 288 785 314
face 0.001873999834060669 759 288 785 314
face 0.001858532428741455 759 288 785 314
face 0.0018377900123596191 759 288 785 314
face 0.0018236041069030762 759 288 785 314
face 0.0018194317817687988 759 288 785 314
face 0.001819223165512085 759 288 785 314
