face 0.9843593835830688 472 60 547 166
face 0.015553593635559082 472 60 547 166
face 0.015289932489395142 472 60 547 166
face 0.012222439050674438 472 60 547 166
face 0.010971993207931519 472 60 547 166
face 0.01017490029335022 472 60 547 166
face 0.009873509407043457 472 60 547 166
face 0.009252935647964478 472 60 547 166
face 0.008922696113586426 472 60 547 166
face 0.008513718843460083 472 60 547 166
face 0.007523328065872192 472 60 547 166
face 0.007475316524505615 472 60 547 166
face 0.006993293762207031 472 60 547 166
face 0.0069894492626190186 472 60 547 166
face 0.006881058216094971 472 60 547 166
face 0.0067675113677978516 472 60 547 166
face 0.006590664386749268 472 60 547 166
face 0.006495535373687744 472 60 547 166
face 0.006219205912202597 472 60 547 166
face 0.006168752908706665 472 60 547 166
face 0.006161898374557495 472 60 547 166
face 0.006086558103561401 472 60 547 166
face 0.006072700023651123 472 60 547 166
face 0.005980640649795532 472 60 547 166
face 0.005945533514022827 472 60 547 166
face 0.005923569202423096 472 60 547 166
face 0.005704730749130249 472 60 547 166
face 0.005602359771728516 472 60 547 166
face 0.0055366456508636475 472 60 547 166
face 0.0054063498973846436 472 60 547 166
face 0.005351603031158447 472 60 547 166
face 0.005293160676956177 472 60 547 166
face 0.005215644836425781 472 60 547 166
face 0.00516277551651001 472 60 547 166
face 0.005161404609680176 472 60 547 166
face 0.0051271915435791016 472 60 547 166
face 0.005007624626159668 472 60 547 166
face 0.004997819662094116 472 60 547 166
face 0.0049863457679748535 472 60 547 166
face 0.004979133605957031 472 60 547 166
face 0.004920333623886108 472 60 547 166
face 0.004905730485916138 472 60 547 166
face 0.004775404930114746 472 60 547 166
face 0.004749089479446411 472 60 547 166
face 0.004478126764297485 472 60 547 166
face 0.004428297281265259 472 60 547 166
face 0.004385858774185181 472 60 547 166
face 0.004366964101791382 472 60 547 166
face 0.004340142011642456 472 60 547 166
face 0.004338204860687256 472 60 547 166
face 0.004271358251571655 472 60 547 166
face 0.00426754355430603 472 60 547 166
face 0.004256695508956909 472 60 547 166
face 0.004246115684509277 472 60 547 166
face 0.004167795181274414 472 60 547 166
face 0.0040860772132873535 472 60 547 166
face 0.004021763801574707 472 60 547 166
face 0.003983110189437866 472 60 547 166
face 0.0039536356925964355 472 60 547 166
face 0.00386926531791687 472 60 547 166
face 0.0038611888885498047 472 60 547 166
face 0.0038393735885620117 472 60 547 166
face 0.0038351714611053467 472 60 547 166
face 0.0038281381130218506 472 60 547 166
face 0.0037750303745269775 472 60 547 166
face 0.003773719072341919 472 60 547 166
face 0.003565877676010132 472 60 547 166
face 0.00354120135307312 472 60 547 166
face 0.003539860248565674 472 60 547 166
face 0.003520488739013672 472 60 547 166
face 0.0035015642642974854 472 60 547 166
face 0.00347059965133667 472 60 547 166
face 0.003433048725128174 472 60 547 166
face 0.003429919481277466 472 60 547 166
face 0.0033863484859466553 472 60 547 166
face 0.003345876932144165 472 60 547 166
face 0.0033160150051116943 472 60 547 166
face 0.0032522380352020264 472 60 547 166
face 0.00303727388381958 472 60 547 166
face 0.00301322340965271 472 60 547 166
face 0.0029777586460113525 472 60 547 166
face 0.002948194742202759 472 60 547 166
face 0.0029250681400299072 472 60 547 166
face 0.002889394760131836 472 60 547 166
face 0.0028713643550872803 472 60 547 166
face 0.002821981906890869 472 60 547 166
face 0.0028111636638641357 472 60 547 166
face 0.0028003156185150146 472 60 547 166
face 0.0027965009212493896 472 60 547 166
face 0.0027672648429870605 472 60 547 166
face 0.0027605295181274414 472 60 547 166
face 0.0027567148208618164 472 60 547 166
face 0.0027478933334350586 472 60 547 166
face 0.0027033984661102295 472 60 547 166
face 0.002703338861465454 472 60 547 166
face 0.0026897788047790527 472 60 547 166
face 0.0026777684688568115 472 60 547 166
face 0.002675950527191162 472 60 547 166
face 0.002647101879119873 472 60 547 166
face 0.0026450753211975098 472 60 547 166
