face 0.7397775650024414 471 71 542 141
face 0.03427654504776001 471 71 542 141
face 0.03023490309715271 471 71 542 141
face 0.028642207384109497 471 71 542 141
face 0.02657058835029602 471 71 542 141
face 0.0256345272064209 471 71 542 141
face 0.024487018585205078 471 71 542 141
face 0.02313372492790222 471 71 542 141
face 0.022157728672027588 471 71 542 141
face 0.021849870681762695 471 71 542 141
face 0.01877722144126892 471 71 542 141
face 0.01822870969772339 471 71 542 141
face 0.01740744709968567 471 71 542 141
face 0.017109274864196777 471 71 542 141
face 0.016362816095352173 471 71 542 141
face 0.01598381996154785 471 71 542 141
face 0.015514761209487915 471 71 542 141
face 0.01549258828163147 471 71 542 141
face 0.014740407466888428 471 71 542 141
face 0.013803690671920776 471 71 542 141
face 0.013613373041152954 471 71 542 141
face 0.013536721467971802 471 71 542 141
face 0.012827187776565552 471 71 542 141
face 0.012630432844161987 471 71 542 141
face 0.011742770671844482 471 71 542 141
face 0.01170581579208374 471 71 542 141
face 0.011618852615356445 471 71 542 141
face 0.01109728217124939 471 71 542 141
face 0.01081952452659607 471 71 542 141
face 0.010792821645736694 471 71 542 141
face 0.009927719831466675 471 71 542 141
face 0.009907245635986328 471 71 542 141
face 0.00888669490814209 471 71 542 141
face 0.008685708045959473 471 71 542 141
face 0.00853767991065979 471 71 542 141
face 0.008133083581924438 471 71 542 141
face 0.007674068212509155 471 71 542 141
face 0.007641851902008057 471 71 542 141
face 0.007446616888046265 471 71 542 141
face 0.007335454225540161 471 71 542 141
face 0.006918221712112427 471 71 542 141
face 0.006880521774291992 471 71 542 141
face 0.006732165813446045 471 71 542 141
face 0.0063651204109191895 471 71 542 141
face 0.005972117185592651 471 71 542 141
face 0.005850434303283691 471 71 542 141
face 0.005841284990310669 471 71 542 141
face 0.005585134029388428 471 71 542 141
face 0.005431324243545532 471 71 542 141
face 0.005290478467941284 471 71 542 141
face 0.0052751898765563965 471 71 542 141
face 0.0052470862865448 471 71 542 141
face 0.005224883556365967 471 71 542 141
face 0.005222946405410767 471 71 542 141
face 0.005170881748199463 471 71 542 141
face 0.005101948976516724 471 71 542 141
face 0.005096644163131714 471 71 542 141
face 0.0050716400146484375 471 71 542 141
face 0.004950523376464844 471 71 542 141
face 0.004873812198638916 471 71 542 141
face 0.004771679639816284 471 71 542 141
face 0.0047674477100372314 471 71 542 141
face 0.004765599966049194 471 71 542 141
face 0.004736483097076416 471 71 542 141
face 0.00468328595161438 471 71 542 141
face 0.0046822428703308105 471 71 542 141
face 0.004603087902069092 471 71 542 141
face 0.004592716693878174 471 71 542 141
face 0.0045271217823028564 471 71 542 141
face 0.0045185387134552 471 71 542 141
face 0.004504024982452393 471 71 542 141
face 0.004475414752960205 471 71 542 141
face 0.004445582628250122 471 71 542 141
face 0.004413872957229614 471 71 542 141
face 0.004398077726364136 471 71 542 141
face 0.004318565130233765 471 71 542 141
face 0.004296690225601196 471 71 542 141
face 0.004270732402801514 471 71 542 141
face 0.0042656660079956055 471 71 542 141
face 0.004260510206222534 471 71 542 141
face 0.004237085580825806 471 71 542 141
face 0.004149943590164185 471 71 542 141
face 0.003972500562667847 471 71 542 141
face 0.003911733627319336 471 71 542 141
face 0.0038402974605560303 471 71 542 141
face 0.0038300752639770508 471 71 542 141
face 0.0037724077701568604 471 71 542 141
face 0.0036984384059906006 471 71 542 141
face 0.003684490919113159 471 71 542 141
face 0.0036802589893341064 471 71 542 141
face 0.0036781728267669678 471 71 542 141
face 0.0036371052265167236 471 71 542 141
face 0.003614097833633423 471 71 542 141
face 0.0036025941371917725 471 71 542 141
face 0.0036005377769470215 471 71 542 141
face 0.003599226474761963 471 71 542 141
face 0.0035784542560577393 471 71 542 141
face 0.003557443618774414 471 71 542 141
face 0.0035161375999450684 471 71 542 141
face 0.003508239984512329 471 71 542 141
