face 0.38343656063079834 531 99 666 255
face 0.01607385277748108 531 99 666 255
face 0.011770516633987427 531 99 666 255
face 0.010552048683166504 531 99 666 255
face 0.010167986154556274 531 99 666 255
face 0.010089486837387085 531 99 666 255
face 0.009008169174194336 531 99 666 255
face 0.0070528388023376465 531 99 666 255
face 0.006350517272949219 531 99 666 255
face 0.006232798099517822 531 99 666 255
face 0.006216704845428467 531 99 666 255
face 0.006165295839309692 531 99 666 255
face 0.0061498284339904785 531 99 666 255
face 0.005952060222625732 531 99 666 255
face 0.005939602851867676 531 99 666 255
face 0.005865424871444702 531 99 666 255
face 0.005800008773803711 531 99 666 255
face 0.005744367837905884 531 99 666 255
face 0.005739748477935791 531 99 666 255
face 0.0053958892822265625 531 99 666 255
face 0.005350559949874878 531 99 666 255
face 0.005303472280502319 531 99 666 255
face 0.00488629937171936 531 99 666 255
face 0.004828453063964844 531 99 666 255
face 0.004819273948669434 531 99 666 255
face 0.004802227020263672 531 99 666 255
face 0.004799634218215942 531 99 666 255
face 0.004779547452926636 531 99 666 255
face 0.004754811525344849 531 99 666 255
face 0.004546403884887695 531 99 666 255
face 0.00447431206703186 531 99 666 255
face 0.004472285509109497 531 99 666 255
face 0.004416227340698242 531 99 666 255
face 0.004389405250549316 531 99 666 255
face 0.004274308681488037 531 99 666 255
face 0.00426638126373291 531 99 666 255
face 0.004222065210342407 531 99 666 255
face 0.004212737083435059 531 99 666 255
face 0.004174977540969849 531 99 666 255
face 0.004018634557723999 531 99 666 255
face 0.003939926624298096 531 99 666 255
face 0.003916561603546143 531 99 666 255
face 0.003905057907104492 531 99 666 255
face 0.0038431882858276367 531 99 666 255
face 0.003840208053588867 531 99 666 255
face 0.0038357675075531006 531 99 666 255
face 0.00382348895072937 531 99 666 255
face 0.0037754178047180176 531 99 666 255
face 0.003771841526031494 531 99 666 255
face 0.0037478506565093994 531 99 666 255
face 0.0037284493446350098 531 99 666 255
face 0.0037260055541992188 531 99 666 255
face 0.0037178099155426025 531 99 666 255
face 0.0036846697330474854 531 99 666 255
face 0.0036721527576446533 531 99 666 255
face 0.0036371946334838867 531 99 666 255
face 0.0036004185676574707 531 99 666 255
face 0.003583848476409912 531 99 666 255
face 0.0035354197025299072 531 99 666 255
face 0.0035215914249420166 531 99 666 255
face 0.0034755468368530273 531 99 666 255
face 0.0034192800521850586 531 99 666 255
face 0.0033942759037017822 531 99 666 255
face 0.003383249044418335 531 99 666 255
face 0.0033701956272125244 531 99 666 255
face 0.0033253133296966553 531 99 666 255
face 0.003317713737487793 531 99 666 255
face 0.003299713134765625 531 99 666 255
face 0.003285050392150879 531 99 666 255
face 0.0032653510570526123 531 99 666 255
face 0.003233402967453003 531 99 666 255
face 0.003201216459274292 531 99 666 255
face 0.003168851137161255 531 99 666 255
face 0.0030982494354248047 531 99 666 255
face 0.0030715465545654297 531 99 666 255
face 0.0030706822872161865 531 99 666 255
face 0.003065764904022217 531 99 666 255
face 0.002991586923599243 531 99 666 255
face 0.0029789507389068604 531 99 666 255
face 0.0029763877391815186 531 99 666 255
face 0.0029658377170562744 531 99 666 255
face 0.0029502511024475098 531 99 666 255
face 0.0029387474060058594 531 99 666 255
face 0.002921074628829956 531 99 666 255
face 0.0028422176837921143 531 99 666 255
face 0.0028153657913208008 531 99 666 255
face 0.002814382314682007 531 99 666 255
face 0.0027959048748016357 531 99 666 255
face 0.0027526915073394775 531 99 666 255
face 0.0027272701263427734 531 99 666 255
face 0.0026993751525878906 531 99 666 255
face 0.002698063850402832 531 99 666 255
face 0.0026743710041046143 531 99 666 255
face 0.0026701688766479492 531 99 666 255
face 0.002644747495651245 531 99 666 255
face 0.002573668956756592 531 99 666 255
face 0.0025493502616882324 531 99 666 255
face 0.002530425786972046 531 99 666 255
face 0.002450793981552124 531 99 666 255
face 0.0024455487728118896 531 99 666 255
