face 0.9816969633102417 590 95 829 392
face 0.016602754592895508 590 95 829 392
face 0.01556447148323059 590 95 829 392
face 0.0116463303565979 590 95 829 392
face 0.010880798101425171 590 95 829 392
face 0.010431349277496338 590 95 829 392
face 0.01027756929397583 590 95 829 392
face 0.010257691144943237 590 95 829 392
face 0.0099010169506073 590 95 829 392
face 0.009707659482955933 590 95 829 392
face 0.009691357612609863 590 95 829 392
face 0.00946742296218872 590 95 829 392
face 0.00907561182975769 590 95 829 392
face 0.009026050567626953 590 95 829 392
face 0.00860944390296936 590 95 829 392
face 0.008394002914428711 590 95 829 392
face 0.008247166872024536 590 95 829 392
face 0.008232474327087402 590 95 829 392
face 0.00805044174194336 590 95 829 392
face 0.008046269416809082 590 95 829 392
face 0.00791218876838684 590 95 829 392
face 0.007612377405166626 590 95 829 392
face 0.007604748010635376 590 95 829 392
face 0.007534623146057129 590 95 829 392
face 0.007310301065444946 590 95 829 392
face 0.007200509309768677 590 95 829 392
face 0.007025271654129028 590 95 829 392
face 0.006966918706893921 590 95 829 392
face 0.006876766681671143 590 95 829 392
face 0.006864279508590698 590 95 829 392
face 0.006814479827880859 590 95 829 392
face 0.006808757781982422 590 95 829 392
face 0.006808549165725708 590 95 829 392
face 0.006611049175262451 590 95 829 392
face 0.006533324718475342 590 95 829 392
face 0.006392717361450195 590 95 829 392
face 0.006358057260513306 590 95 829 392
face 0.006347388029098511 590 95 829 392
face 0.006301999092102051 590 95 829 392
face 0.006243020296096802 590 95 829 392
face 0.006234496831893921 590 95 829 392
face 0.006162017583847046 590 95 829 392
face 0.005957454442977905 590 95 829 392
face 0.005951285362243652 590 95 829 392
face 0.005933254957199097 590 95 829 392
face 0.005894452333450317 590 95 829 392
face 0.005817592144012451 590 95 829 392
face 0.005760252475738525 590 95 829 392
face 0.005750894546508789 590 95 829 392
face 0.005676090717315674 590 95 829 392
face 0.0056760311126708984 590 95 829 392
face 0.005622267723083496 590 95 829 392
face 0.005549758672714233 590 95 829 392
face 0.005471408367156982 590 95 829 392
face 0.005464315414428711 590 95 829 392
face 0.0054438114166259766 590 95 829 392
face 0.005299896001815796 590 95 829 392
face 0.005243897438049316 590 95 829 392
face 0.005222797393798828 590 95 829 392
face 0.005217373371124268 590 95 829 392
face 0.005149483680725098 590 95 829 392
face 0.005037128925323486 590 95 829 392
face 0.0050255656242370605 590 95 829 392
face 0.005017369985580444 590 95 829 392
face 0.004996955394744873 590 95 829 392
face 0.004992365837097168 590 95 829 392
face 0.004982650279998779 590 95 829 392
face 0.004870474338531494 590 95 829 392
face 0.0048441290855407715 590 95 829 392
face 0.004813879728317261 590 95 829 392
face 0.00475156307220459 590 95 829 392
face 0.00474780797958374 590 95 829 392
face 0.0047216713428497314 590 95 829 392
face 0.0046749114990234375 590 95 829 392
face 0.004667162895202637 590 95 829 392
face 0.004662185907363892 590 95 829 392
face 0.004640787839889526 590 95 829 392
face 0.004586756229400635 590 95 829 392
face 0.00457918643951416 590 95 829 392
face 0.004566580057144165 590 95 829 392
face 0.004559636116027832 590 95 829 392
face 0.004549890756607056 590 95 829 392
face 0.004546254873275757 590 95 829 392
face 0.00449565052986145 590 95 829 392
face 0.004487156867980957 590 95 829 392
face 0.0044822096824646 590 95 829 392
face 0.004438728094100952 590 95 829 392
face 0.004405856132507324 590 95 829 392
face 0.0043961405754089355 590 95 829 392
face 0.00438159704208374 590 95 829 392
face 0.0043586790561676025 590 95 829 392
face 0.004315018653869629 590 95 829 392
face 0.004295140504837036 590 95 829 392
face 0.004290193319320679 590 95 829 392
face 0.004263103008270264 590 95 829 392
face 0.004258155822753906 590 95 829 392
face 0.00419849157333374 590 95 829 392
face 0.0041786134243011475 590 95 829 392
face 0.004133760929107666 590 95 829 392
face 0.004113912582397461 590 95 829 392
