face 0.5337252020835876 289 33 392 128
face 0.07315325736999512 289 33 392 128
face 0.05540546774864197 289 33 392 128
face 0.05018395185470581 289 33 392 128
face 0.0369572639465332 289 33 392 128
face 0.02575090527534485 289 33 392 128
face 0.023600220680236816 289 33 392 128
face 0.02259156107902527 289 33 392 128
face 0.020356029272079468 289 33 392 128
face 0.02002289891242981 289 33 392 128
face 0.018946588039398193 289 33 392 128
face 0.018094241619110107 289 33 392 128
face 0.017530739307403564 289 33 392 128
face 0.017303496599197388 289 33 392 128
face 0.016311824321746826 289 33 392 128
face 0.016285091638565063 289 33 392 128
face 0.015858173370361328 289 33 392 128
face 0.015487700700759888 289 33 392 128
face 0.014530986547470093 289 33 392 128
face 0.014460891485214233 289 33 392 128
face 0.01445305347442627 289 33 392 128
face 0.01434002909809351 289 33 392 128
face 0.013640493154525757 289 33 392 128
face 0.013243138790130615 289 33 392 128
face 0.012894093990325928 289 33 392 128
face 0.012702077627182007 289 33 392 128
face 0.01255694031715393 289 33 392 128
face 0.012296855449676514 289 33 392 128
face 0.0121612548828125 289 33 392 128
face 0.012001186609268188 289 33 392 128
face 0.011783719062805176 289 33 392 128
face 0.01167181134223938 289 33 392 128
face 0.011601179838180542 289 33 392 128
face 0.011257708072662354 289 33 392 128
face 0.011233329772949219 289 33 392 128
face 0.010961771011352539 289 33 392 128
face 0.010954171419143677 289 33 392 128
face 0.01078060269355774 289 33 392 128
face 0.010604053735733032 289 33 392 128
face 0.010447204113006592 289 33 392 128
face 0.010391652584075928 289 33 392 128
face 0.010296165943145752 289 33 392 128
face 0.010241121053695679 289 33 392 128
face 0.010117173194885254 289 33 392 128
face 0.01002773642539978 289 33 392 128
face 0.010018110275268555 289 33 392 128
face 0.009780675172805786 289 33 392 128
face 0.009693056344985962 289 33 392 128
face 0.009562760591506958 289 33 392 128
face 0.009551703929901123 289 33 392 128
face 0.00951269268989563 289 33 392 128
face 0.009508401155471802 289 33 392 128
face 0.009455710649490356 289 33 392 128
face 0.009276390075683594 289 33 392 128
face 0.009228318929672241 289 33 392 128
face 0.009088605642318726 289 33 392 128
face 0.0090770423412323 289 33 392 128
face 0.009060651063919067 289 33 392 128
face 0.009037494659423828 289 33 392 128
face 0.008985847234725952 289 33 392 128
face 0.008901089429855347 289 33 392 128
face 0.00890091061592102 289 33 392 128
face 0.008731812238693237 289 33 392 128
face 0.008731573820114136 289 33 392 128
face 0.008716076612472534 289 33 392 128
face 0.008713603019714355 289 33 392 128
face 0.008711516857147217 289 33 392 128
face 0.0086747407913208 289 33 392 128
face 0.008585572242736816 289 33 392 128
face 0.008565813302993774 289 33 392 128
face 0.008504241704940796 289 33 392 128
face 0.008472830057144165 289 33 392 128
face 0.00832819938659668 289 33 392 128
face 0.00830259919166565 289 33 392 128
face 0.008251786231994629 289 33 392 128
face 0.00819331407546997 289 33 392 128
face 0.008119940757751465 289 33 392 128
face 0.008119344711303711 289 33 392 128
face 0.00801783800125122 289 33 392 128
face 0.008010298013687134 289 33 392 128
face 0.00801020860671997 289 33 392 128
face 0.007965564727783203 289 33 392 128
face 0.007717519998550415 289 33 392 128
face 0.007604271173477173 289 33 392 128
face 0.007464855909347534 289 33 392 128
face 0.007417827844619751 289 33 392 128
face 0.007411330938339233 289 33 392 128
face 0.007372736930847168 289 33 392 128
face 0.00737154483795166 289 33 392 128
face 0.007265746593475342 289 33 392 128
face 0.0071370601654052734 289 33 392 128
face 0.007095932960510254 289 33 392 128
face 0.00701943039894104 289 33 392 128
face 0.006997525691986084 289 33 392 128
face 0.006873071193695068 289 33 392 128
face 0.006851881742477417 289 33 392 128
face 0.006810277700424194 289 33 392 128
face 0.0067945122718811035 289 33 392 128
face 0.006790488958358765 289 33 392 128
face 0.0067123472690582275 289 33 392 128
