face 0.32940995693206787 585 159 643 230
face 0.03691643476486206 585 159 643 230
face 0.022740483283996582 585 159 643 230
face 0.02246946096420288 585 159 643 230
face 0.019296348094940186 585 159 643 230
face 0.017740875482559204 585 159 643 230
face 0.01712384819984436 585 159 643 230
face 0.01659408211708069 585 159 643 230
face 0.01645827293395996 585 159 643 230
face 0.01367884874343872 585 159 643 230
face 0.013094663619995117 585 159 643 230
face 0.012549728155136108 585 159 643 230
face 0.012427836656570435 585 159 643 230
face 0.01174113154411316 585 159 643 230
face 0.01099252700805664 585 159 643 230
face 0.010583877563476562 585 159 643 230
face 0.010565847158432007 585 159 643 230
face 0.009889274835586548 585 159 643 230
face 0.009696632623672485 585 159 643 230
face 0.00965544581413269 585 159 643 230
face 0.009556770324707031 585 159 643 230
face 0.009442180395126343 585 159 643 230
face 0.009124577045440674 585 159 643 230
face 0.008909523487091064 585 159 643 230
face 0.008866429328918457 585 159 643 230
face 0.008802980184555054 585 159 643 230
face 0.008755266666412354 585 159 643 230
face 0.0087241530418396 585 159 643 230
face 0.008705049753189087 585 159 643 230
face 0.00854673981666565 585 159 643 230
face 0.00853779911994934 585 159 643 230
face 0.008491188287734985 585 159 643 230
face 0.00846138596534729 585 159 643 230
face 0.008235543966293335 585 159 643 230
face 0.008224159479141235 585 159 643 230
face 0.008219808340072632 585 159 643 230
face 0.008118987083435059 585 159 643 230
face 0.007992088794708252 585 159 643 230
face 0.00798085331916809 585 159 643 230
face 0.007925540208816528 585 159 643 230
face 0.00783345103263855 585 159 643 230
face 0.007832258939743042 585 159 643 230
face 0.007724136114120483 585 159 643 230
face 0.0076600611209869385 585 159 643 230
face 0.007648468017578125 585 159 643 230
face 0.007315516471862793 585 159 643 230
face 0.007306545972824097 585 159 643 230
face 0.007010012865066528 585 159 643 230
face 0.006879031658172607 585 159 643 230
face 0.006872624158859253 585 159 643 230
face 0.006871253252029419 585 159 643 230
face 0.006823629140853882 585 159 643 230
face 0.006745010614395142 585 159 643 230
face 0.006738752126693726 585 159 643 230
face 0.0067237913608551025 585 159 643 230
face 0.0066693127155303955 585 159 643 230
face 0.006648451089859009 585 159 643 230
face 0.006643503904342651 585 159 643 230
face 0.006614357233047485 585 159 643 230
face 0.006528258323669434 585 159 643 230
face 0.006483495235443115 585 159 643 230
face 0.0064727067947387695 585 159 643 230
face 0.0064286887645721436 585 159 643 230
face 0.006406545639038086 585 159 643 230
face 0.006298691034317017 585 159 643 230
face 0.006262779235839844 585 159 643 230
face 0.006255388259887695 585 159 643 230
face 0.006105393171310425 585 159 643 230
face 0.006078571081161499 585 159 643 230
face 0.005995333194732666 585 159 643 230
face 0.005949109792709351 585 159 643 230
face 0.00594136118888855 585 159 643 230
face 0.00592571496963501 585 159 643 230
face 0.0059233903884887695 585 159 643 230
face 0.005917608737945557 585 159 643 230
face 0.005865335464477539 585 159 643 230
face 0.0058168768882751465 585 159 643 230
face 0.005725502967834473 585 159 643 230
face 0.005720794200897217 585 159 643 230
face 0.005614042282104492 585 159 643 230
face 0.005601257085800171 585 159 643 230
face 0.005591720342636108 585 159 643 230
face 0.005583435297012329 585 159 643 230
face 0.005578666925430298 585 159 643 230
face 0.005536526441574097 585 159 643 230
face 0.0054923295974731445 585 159 643 230
face 0.005485028028488159 585 159 643 230
face 0.005480349063873291 585 159 643 230
face 0.005475133657455444 585 159 643 230
face 0.0054704248905181885 585 159 643 230
face 0.005394548177719116 585 159 643 230
face 0.005392730236053467 585 159 643 230
face 0.005387544631958008 585 159 643 230
face 0.005354493856430054 585 159 643 230
face 0.005353212356567383 585 159 643 230
face 0.005340456962585449 585 159 643 230
face 0.005244523286819458 585 159 643 230
face 0.005222797393798828 585 159 643 230
face 0.0051460862159729 585 159 643 230
face 0.005092978477478027 585 159 643 230
