face 0.9997600317001343 763 283 792 318
face 0.999713659286499 608 217 636 248
face 0.9994654655456543 672 194 697 224
face 0.9992185831069946 562 195 588 224
face 0.9990901947021484 447 212 474 245
face 0.9990409016609192 345 297 372 329
face 0.9986433982849121 877 185 904 219
face 0.9978832602500916 568 290 596 323
face 0.9967978000640869 724 188 746 216
face 0.9931994676589966 437 302 464 334
face 0.9906269311904907 518 213 545 244
face 0.9905000925064087 547 369 581 409
face 0.990432858467102 171 193 198 225
face 0.981952428817749 396 206 422 239
face 0.976546585559845 784 196 808 227
face 0.9641545414924622 473 368 502 403
face 0.9184975624084473 660 278 688 310
face 0.8539639711380005 308 203 334 237
face 0.8051668405532837 133 207 157 237
face 0.7922495603561401 330 206 356 240
face 0.7017446160316467 814 190 837 220
face 0.6902933120727539 666 268 693 299
face 0.6591160297393799 354 354 380 383
face 0.6543293595314026 233 197 260 228
face 0.6086850166320801 489 198 516 226
face 0.5726512670516968 132 200 156 229
face 0.4802458584308624 132 200 156 229
face 0.22282087802886963 132 200 156 229
face 0.16562771797180176 132 200 156 229
face 0.12133285403251648 132 200 156 229
face 0.11898869276046753 132 200 156 229
face 0.115958571434021 132 200 156 229
face 0.07616978883743286 132 200 156 229
face 0.0520474910736084 132 200 156 229
face 0.05135485529899597 132 200 156 229
face 0.04882550239562988 132 200 156 229
face 0.045701295137405396 132 200 156 229
face 0.044957756996154785 132 200 156 229
face 0.04447901248931885 132 200 156 229
face 0.04445114731788635 132 200 156 229
face 0.031511157751083374 132 200 156 229
face 0.0294264554977417 132 200 156 229
face 0.029424011707305908 132 200 156 229
face 0.027200669050216675 132 200 156 229
face 0.027077704668045044 132 200 156 229
face 0.026938706636428833 132 200 156 229
face 0.02596566081047058 132 200 156 229
face 0.023708343505859375 132 200 156 229
face 0.020806103944778442 132 200 156 229
face 0.019204676151275635 132 200 156 229
face 0.018874675035476685 132 200 156 229
face 0.018055886030197144 132 200 156 229
face 0.014968395233154297 132 200 156 229
face 0.013310164213180542 132 200 156 229
face 0.013156741857528687 132 200 156 229
face 0.011957257986068726 132 200 156 229
face 0.011950761079788208 132 200 156 229
face 0.011909574270248413 132 200 156 229
face 0.011208891868591309 132 200 156 229
face 0.011067062616348267 132 200 156 229
face 0.011025935411453247 132 200 156 229
face 0.010058403015136719 132 200 156 229
face 0.009325385093688965 132 200 156 229
face 0.007766902446746826 132 200 156 229
face 0.00740852952003479 132 200 156 229
face 0.007346987724304199 132 200 156 229
face 0.0065610408782958984 132 200 156 229
face 0.00635915994644165 132 200 156 229
face 0.006259649991989136 132 200 156 229
face 0.006204783916473389 132 200 156 229
face 0.006057798862457275 132 200 156 229
face 0.005918622016906738 132 200 156 229
face 0.005581021308898926 132 200 156 229
face 0.005218535661697388 132 200 156 229
face 0.004945576190948486 132 200 156 229
face 0.004860520362854004 132 200 156 229
face 0.004792988300323486 132 200 156 229
face 0.004598468542098999 132 200 156 229
face 0.004527568817138672 132 200 156 229
face 0.004342913627624512 132 200 156 229
face 0.0041532814502716064 132 200 156 229
face 0.0037781596183776855 132 200 156 229
face 0.003767549991607666 132 200 156 229
face 0.003764808177947998 132 200 156 229
face 0.003716975450515747 132 200 156 229
face 0.003682643175125122 132 200 156 229
face 0.0036681294441223145 132 200 156 229
face 0.003551989793777466 132 200 156 229
face 0.0034606456756591797 132 200 156 229
face 0.003176271915435791 132 200 156 229
face 0.003170996904373169 132 200 156 229
face 0.0031387507915496826 132 200 156 229
face 0.0031055808067321777 132 200 156 229
face 0.00306054949760437 132 200 156 229
face 0.003016948699951172 132 200 156 229
face 0.0030037760734558105 132 200 156 229
face 0.0029921233654022217 132 200 156 229
face 0.0029409825801849365 132 200 156 229
face 0.0028339922428131104 132 200 156 229
face 0.002762705087661743 132 200 156 229
