face 0.9971585273742676 252 106 425 327
face 0.007847011089324951 252 106 425 327
face 0.007200658321380615 252 106 425 327
face 0.006971001625061035 252 106 425 327
face 0.005543828010559082 252 106 425 327
face 0.005438953638076782 252 106 425 327
face 0.004425525665283203 252 106 425 327
face 0.004373401403427124 252 106 425 327
face 0.0043489933013916016 252 106 425 327
face 0.004202336072921753 252 106 425 327
face 0.004173964262008667 252 106 425 327
face 0.0037949085235595703 252 106 425 327
face 0.003495126962661743 252 106 425 327
face 0.0034228265285491943 252 106 425 327
face 0.0033273398876190186 252 106 425 327
face 0.0032789111137390137 252 106 425 327
face 0.003211796283721924 252 106 425 327
face 0.003185659646987915 252 106 425 327
face 0.002993971109390259 252 106 425 327
face 0.0029739439487457275 252 106 425 327
face 0.002946615219116211 252 106 425 327
face 0.002899855375289917 252 106 425 327
face 0.0028502941131591797 252 106 425 327
face 0.002807706594467163 252 106 425 327
face 0.002683401107788086 252 106 425 327
face 0.00253942608833313 252 106 425 327
face 0.002535581588745117 252 106 425 327
face 0.002532392740249634 252 106 425 327
face 0.0024918019771575928 252 106 425 327
face 0.0024775266647338867 252 106 425 327
face 0.002413511276245117 252 106 425 327
face 0.0024058520793914795 252 106 425 327
face 0.0023809969425201416 252 106 425 327
face 0.002366006374359131 252 106 425 327
face 0.002320230007171631 252 106 425 327
face 0.0023110806941986084 252 106 425 327
face 0.0021947622299194336 252 106 425 327
face 0.0021327435970306396 252 106 425 327
face 0.0020953714847564697 252 106 425 327
face 0.002090364694595337 252 106 425 327
face 0.0020863115787506104 252 106 425 327
face 0.0020614564418792725 252 106 425 327
face 0.0020565390586853027 252 106 425 327
face 0.0020275115966796875 252 106 425 327
face 0.0020174384117126465 252 106 425 327
face 0.0019650161266326904 252 106 425 327
face 0.0019368529319763184 252 106 425 327
face 0.0019137263298034668 252 106 425 327
face 0.0018943250179290771 252 106 425 327
face 0.0018940567970275879 252 106 425 327
face 0.001867532730102539 252 106 425 327
face 0.0018665492534637451 252 106 425 327
face 0.0018534064292907715 252 106 425 327
face 0.0018408894538879395 252 106 425 327
face 0.0018155276775360107 252 106 425 327
face 0.0018132925033569336 252 106 425 327
face 0.0018053948879241943 252 106 425 327
face 0.0017317235469818115 252 106 425 327
face 0.0017276406288146973 252 106 425 327
face 0.0016936063766479492 252 106 425 327
face 0.001690685749053955 252 106 425 327
face 0.001689136028289795 252 106 425 327
face 0.0016825497150421143 252 106 425 327
face 0.0016776621341705322 252 106 425 327
face 0.001659482717514038 252 106 425 327
face 0.001639038324356079 252 106 425 327
face 0.0016353428363800049 252 106 425 327
face 0.0016320645809173584 252 106 425 327
face 0.0016252100467681885 252 106 425 327
face 0.0016195476055145264 252 106 425 327
face 0.0016151368618011475 252 106 425 327
face 0.0016082823276519775 252 106 425 327
face 0.0015896260738372803 252 106 425 327
face 0.0015385448932647705 252 106 425 327
face 0.0015334784984588623 252 106 425 327
face 0.001527637243270874 252 106 425 327
face 0.0015105009078979492 252 106 425 327
face 0.0014957189559936523 252 106 425 327
face 0.0014910697937011719 252 106 425 327
face 0.001438528299331665 252 106 425 327
face 0.001437067985534668 252 106 425 327
face 0.001436680555343628 252 106 425 327
face 0.0014310181140899658 252 106 425 327
face 0.001430422067642212 252 106 425 327
face 0.0014225244522094727 252 106 425 327
face 0.00141984224319458 252 106 425 327
face 0.0014147162437438965 252 106 425 327
face 0.0014066100120544434 252 106 425 327
face 0.0013977289199829102 252 106 425 327
face 0.0013965070247650146 252 106 425 327
face 0.0013962090015411377 252 106 425 327
face 0.0013901591300964355 252 106 425 327
face 0.0013883411884307861 252 106 425 327
face 0.0013880431652069092 252 106 425 327
face 0.0013863146305084229 252 106 425 327
face 0.0013836324214935303 252 106 425 327
face 0.0013821125030517578 252 106 425 327
face 0.0013811290264129639 252 106 425 327
face 0.0013640820980072021 252 106 425 327
face 0.001361072063446045 252 106 425 327
