face 0.045891910791397095 566 98 642 188
face 0.04291987419128418 566 98 642 188
face 0.03599002957344055 566 98 642 188
face 0.030330568552017212 566 98 642 188
face 0.02945515513420105 566 98 642 188
face 0.02717617154121399 566 98 642 188
face 0.026551753282546997 566 98 642 188
face 0.026382923126220703 566 98 642 188
face 0.02581566572189331 566 98 642 188
face 0.025717884302139282 566 98 642 188
face 0.025485485792160034 566 98 642 188
face 0.021048635244369507 566 98 642 188
face 0.02099132537841797 566 98 642 188
face 0.020777761936187744 566 98 642 188
face 0.01998800039291382 566 98 642 188
face 0.018453329801559448 566 98 642 188
face 0.01832529902458191 566 98 642 188
face 0.01824161410331726 566 98 642 188
face 0.017538875341415405 566 98 642 188
face 0.016340643167495728 566 98 642 188
face 0.016260534524917603 566 98 642 188
face 0.01602727174758911 566 98 642 188
face 0.016026169061660767 566 98 642 188
face 0.015737533569335938 566 98 642 188
face 0.01572844386100769 566 98 642 188
face 0.015597760677337646 566 98 642 188
face 0.015576601028442383 566 98 642 188
face 0.015568554401397705 566 98 642 188
face 0.015014320611953735 566 98 642 188
face 0.014636218547821045 566 98 642 188
face 0.014613360166549683 566 98 642 188
face 0.014555364847183228 566 98 642 188
face 0.014411866664886475 566 98 642 188
face 0.014333724975585938 566 98 642 188
face 0.014261901378631592 566 98 642 188
face 0.014236211776733398 566 98 642 188
face 0.014170676469802856 566 98 642 188
face 0.013702809810638428 566 98 642 188
face 0.013537734746932983 566 98 642 188
face 0.013502717018127441 566 98 642 188
face 0.013393312692642212 566 98 642 188
face 0.013280093669891357 566 98 642 188
face 0.013188719749450684 566 98 642 188
face 0.013019174337387085 566 98 642 188
face 0.012790948152542114 566 98 642 188
face 0.012456446886062622 566 98 642 188
face 0.012182801961898804 566 98 642 188
face 0.012024730443954468 566 98 642 188
face 0.011825114488601685 566 98 642 188
face 0.011805474758148193 566 98 642 188
face 0.011568784713745117 566 98 642 188
face 0.011409252882003784 566 98 642 188
face 0.011306226253509521 566 98 642 188
face 0.011277616024017334 566 98 642 188
face 0.011273324489593506 566 98 642 188
face 0.011231392621994019 566 98 642 188
face 0.011214494705200195 566 98 642 188
face 0.011196643114089966 566 98 642 188
face 0.010983377695083618 566 98 642 188
face 0.010944336652755737 566 98 642 188
face 0.010882019996643066 566 98 642 188
face 0.010841131210327148 566 98 642 188
face 0.010755717754364014 566 98 642 188
face 0.010747075080871582 566 98 642 188
face 0.010698437690734863 566 98 642 188
face 0.010668575763702393 566 98 642 188
face 0.010482877492904663 566 98 642 188
face 0.010467588901519775 566 98 642 188
face 0.010412901639938354 566 98 642 188
face 0.0103931725025177 566 98 642 188
face 0.01033899188041687 566 98 642 188
face 0.010301530361175537 566 98 642 188
face 0.010251790285110474 566 98 642 188
face 0.010083526372909546 566 98 642 188
face 0.010060727596282959 566 98 642 188
face 0.010006636381149292 566 98 642 188
face 0.009999871253967285 566 98 642 188
face 0.009999006986618042 566 98 642 188
face 0.009950250387191772 566 98 642 188
face 0.009862303733825684 566 98 642 188
face 0.009842902421951294 566 98 642 188
face 0.009836137294769287 566 98 642 188
face 0.009824126958847046 566 98 642 188
face 0.009780794382095337 566 98 642 188
face 0.009609609842300415 566 98 642 188
face 0.009517669677734375 566 98 642 188
face 0.009470343589782715 566 98 642 188
face 0.009435057640075684 566 98 642 188
face 0.009426355361938477 566 98 642 188
face 0.009393811225891113 566 98 642 188
face 0.009273171424865723 566 98 642 188
face 0.00922471284866333 566 98 642 188
face 0.009220421314239502 566 98 642 188
face 0.009203225374221802 566 98 642 188
face 0.009122461080551147 566 98 642 188
face 0.00908130407333374 566 98 642 188
face 0.008934080600738525 566 98 642 188
face 0.008893996477127075 566 98 642 188
face 0.008804559707641602 566 98 642 188
face 0.008777379989624023 566 98 642 188
