face 0.9885566234588623 305 103 478 265
face 0.9141161441802979 715 261 760 313
face 0.08294525742530823 715 261 760 313
face 0.05409526824951172 715 261 760 313
face 0.04085549712181091 715 261 760 313
face 0.03959318995475769 715 261 760 313
face 0.03521493077278137 715 261 760 313
face 0.03363037109375 715 261 760 313
face 0.027340590953826904 715 261 760 313
face 0.024997234344482422 715 261 760 313
face 0.023095637559890747 715 261 760 313
face 0.022576332092285156 715 261 760 313
face 0.02193427085876465 715 261 760 313
face 0.02159258723258972 715 261 760 313
face 0.021486103534698486 715 261 760 313
face 0.021463096141815186 715 261 760 313
face 0.020455658435821533 715 261 760 313
face 0.01999562978744507 715 261 760 313
face 0.019937783479690552 715 261 760 313
face 0.019527405500411987 715 261 760 313
face 0.019079148769378662 715 261 760 313
face 0.018781691789627075 715 261 760 313
face 0.018711745738983154 715 261 760 313
face 0.017979413270950317 715 261 760 313
face 0.017884790897369385 715 261 760 313
face 0.017746925354003906 715 261 760 313
face 0.017601460218429565 715 261 760 313
face 0.01757863163948059 715 261 760 313
face 0.017566144466400146 715 261 760 313
face 0.01695588231086731 715 261 760 313
face 0.016828566789627075 715 261 760 313
face 0.016817212104797363 715 261 760 313
face 0.015840470790863037 715 261 760 313
face 0.015727847814559937 715 261 760 313
face 0.015647858381271362 715 261 760 313
face 0.015505850315093994 715 261 760 313
face 0.015410363674163818 715 261 760 313
face 0.014881610870361328 715 261 760 313
face 0.014514952898025513 715 261 760 313
face 0.014342159032821655 715 261 760 313
face 0.013865858316421509 715 261 760 313
face 0.013709545135498047 715 261 760 313
face 0.013002961874008179 715 261 760 313
face 0.01284816861152649 715 261 760 313
face 0.012780725955963135 715 261 760 313
face 0.012756437063217163 715 261 760 313
face 0.012722283601760864 715 261 760 313
face 0.012391418218612671 715 261 760 313
face 0.012066900730133057 715 261 760 313
face 0.012026011943817139 715 261 760 313
face 0.012020409107208252 715 261 760 313
face 0.011910557746887207 715 261 760 313
face 0.011902302503585815 715 261 760 313
face 0.011781960725784302 715 261 760 313
face 0.011503756046295166 715 261 760 313
face 0.01147201657295227 715 261 760 313
face 0.011420875787734985 715 261 760 313
face 0.011238157749176025 715 261 760 313
face 0.011221885681152344 715 261 760 313
face 0.011220484972000122 715 261 760 313
face 0.011116594076156616 715 261 760 313
face 0.010965049266815186 715 261 760 313
face 0.010914653539657593 715 261 760 313
face 0.01088222861289978 715 261 760 313
face 0.010873556137084961 715 261 760 313
face 0.010790526866912842 715 261 760 313
face 0.010769665241241455 715 261 760 313
face 0.010681003332138062 715 261 760 313
face 0.010600805282592773 715 261 760 313
face 0.010594546794891357 715 261 760 313
face 0.010591983795166016 715 261 760 313
face 0.01056399941444397 715 261 760 313
face 0.01037377119064331 715 261 760 313
face 0.010316431522369385 715 261 760 313
face 0.010298669338226318 715 261 760 313
face 0.010253876447677612 715 261 760 313
face 0.010235309600830078 715 261 760 313
face 0.010193109512329102 715 261 760 313
face 0.01016688346862793 715 261 760 313
face 0.010098010301589966 715 261 760 313
face 0.010045349597930908 715 261 760 313
face 0.010040253400802612 715 261 760 313
face 0.01003497838973999 715 261 760 313
face 0.01002413034439087 715 261 760 313
face 0.010005265474319458 715 261 760 313
face 0.009859085083007812 715 261 760 313
face 0.00964057445526123 715 261 760 313
face 0.009639114141464233 715 261 760 313
face 0.009623616933822632 715 261 760 313
face 0.009606033563613892 715 261 760 313
face 0.00955381989479065 715 261 760 313
face 0.009482473134994507 715 261 760 313
face 0.009481728076934814 715 261 760 313
face 0.009451121091842651 715 261 760 313
face 0.00938066840171814 715 261 760 313
face 0.009379595518112183 715 261 760 313
face 0.009085297584533691 715 261 760 313
face 0.00895780324935913 715 261 760 313
face 0.008767038583755493 715 261 760 313
face 0.008704781532287598 715 261 760 313
