face 0.9985605478286743 718 180 748 216
face 0.997532844543457 473 180 494 210
face 0.9970229864120483 623 192 643 217
face 0.942790150642395 182 183 224 232
face 0.8644739389419556 317 173 341 208
face 0.6727889776229858 521 175 541 202
face 0.6205499172210693 419 164 440 192
face 0.6163566708564758 816 162 841 190
face 0.5521070957183838 343 176 365 207
face 0.4874257445335388 343 176 365 207
face 0.4836413264274597 343 176 365 207
face 0.22727429866790771 343 176 365 207
face 0.18220913410186768 343 176 365 207
face 0.10696157813072205 343 176 365 207
face 0.06122109293937683 343 176 365 207
face 0.051334500312805176 343 176 365 207
face 0.04904526472091675 343 176 365 207
face 0.043909162282943726 343 176 365 207
face 0.037801146507263184 343 176 365 207
face 0.03305646777153015 343 176 365 207
face 0.032137542963027954 343 176 365 207
face 0.0308171808719635 343 176 365 207
face 0.030265212059020996 343 176 365 207
face 0.030001580715179443 343 176 365 207
face 0.02856236696243286 343 176 365 207
face 0.027785032987594604 343 176 365 207
face 0.0242995023727417 343 176 365 207
face 0.0239102840423584 343 176 365 207
face 0.020815730094909668 343 176 365 207
face 0.02024349570274353 343 176 365 207
face 0.020015329122543335 343 176 365 207
face 0.019467175006866455 343 176 365 207
face 0.017254918813705444 343 176 365 207
face 0.01571035385131836 343 176 365 207
face 0.015599966049194336 343 176 365 207
face 0.015084981918334961 343 176 365 207
face 0.014010369777679443 343 176 365 207
face 0.013658285140991211 343 176 365 207
face 0.012611240148544312 343 176 365 207
face 0.01188594102859497 343 176 365 207
face 0.011836409568786621 343 176 365 207
face 0.011666715145111084 343 176 365 207
face 0.011007368564605713 343 176 365 207
face 0.010581791400909424 343 176 365 207
face 0.010382741689682007 343 176 365 207
face 0.00971841812133789 343 176 365 207
face 0.009659349918365479 343 176 365 207
face 0.009591519832611084 343 176 365 207
face 0.009502023458480835 343 176 365 207
face 0.009110748767852783 343 176 365 207
face 0.008580267429351807 343 176 365 207
face 0.008218824863433838 343 176 365 207
face 0.008058696985244751 343 176 365 207
face 0.006994366645812988 343 176 365 207
face 0.006949186325073242 343 176 365 207
face 0.006678670644760132 343 176 365 207
face 0.006476402282714844 343 176 365 207
face 0.006471574306488037 343 176 365 207
face 0.006349831819534302 343 176 365 207
face 0.00634416937828064 343 176 365 207
face 0.006343930959701538 343 176 365 207
face 0.00634080171585083 343 176 365 207
face 0.006291687488555908 343 176 365 207
face 0.006199836730957031 343 176 365 207
face 0.006165653467178345 343 176 365 207
face 0.006153792142868042 343 176 365 207
face 0.005961030721664429 343 176 365 207
face 0.005521833896636963 343 176 365 207
face 0.00532260537147522 343 176 365 207
face 0.005231082439422607 343 176 365 207
face 0.0048926472663879395 343 176 365 207
face 0.004882305860519409 343 176 365 207
face 0.004881054162979126 343 176 365 207
face 0.00487828254699707 343 176 365 207
face 0.004806995391845703 343 176 365 207
face 0.004794955253601074 343 176 365 207
face 0.004793375730514526 343 176 365 207
face 0.004735112190246582 343 176 365 207
face 0.004727005958557129 343 176 365 207
face 0.0047158896923065186 343 176 365 207
face 0.0046471357345581055 343 176 365 207
face 0.0045833587646484375 343 176 365 207
face 0.004514425992965698 343 176 365 207
face 0.004499465227127075 343 176 365 207
face 0.004345327615737915 343 176 365 207
face 0.004281371831893921 343 176 365 207
face 0.0041873157024383545 343 176 365 207
face 0.004172652959823608 343 176 365 207
face 0.004078805446624756 343 176 365 207
face 0.004054605960845947 343 176 365 207
face 0.004034757614135742 343 176 365 207
face 0.00400879979133606 343 176 365 207
face 0.003942668437957764 343 176 365 207
face 0.0039013922214508057 343 176 365 207
face 0.00379297137260437 343 176 365 207
face 0.0037837624549865723 343 176 365 207
face 0.003774285316467285 343 176 365 207
face 0.0037409961223602295 343 176 365 207
face 0.0036970973014831543 343 176 365 207
face 0.0035902559757232666 343 176 365 207
