face 0.9815049767494202 516 187 594 268
face 0.017260462045669556 516 187 594 268
face 0.01643356680870056 516 187 594 268
face 0.013589441776275635 516 187 594 268
face 0.012711286544799805 516 187 594 268
face 0.012208223342895508 516 187 594 268
face 0.011076897382736206 516 187 594 268
face 0.011073440313339233 516 187 594 268
face 0.009701967239379883 516 187 594 268
face 0.009472578763961792 516 187 594 268
face 0.009371966123580933 516 187 594 268
face 0.00901070237159729 516 187 594 268
face 0.008837252855300903 516 187 594 268
face 0.008588433265686035 516 187 594 268
face 0.008556842803955078 516 187 594 268
face 0.008108645677566528 516 187 594 268
face 0.007716506719589233 516 187 594 268
face 0.007560700178146362 516 187 594 268
face 0.007537245750427246 516 187 594 268
face 0.00746956467628479 516 187 594 268
face 0.007369667291641235 516 187 594 268
face 0.007367163896560669 516 187 594 268
face 0.0072616636753082275 516 187 594 268
face 0.00719684362411499 516 187 594 268
face 0.00696873664855957 516 187 594 268
face 0.006862670183181763 516 187 594 268
face 0.00670230109244585 516 187 594 268
face 0.006465643644332886 516 187 594 268
face 0.006329923868179321 516 187 594 268
face 0.006293833255767822 516 187 594 268
face 0.006130039691925049 516 187 594 268
face 0.00610661506652832 516 187 594 268
face 0.005972832441329956 516 187 594 268
face 0.005961477756500244 516 187 594 268
face 0.005897074937820435 516 187 594 268
face 0.0058814287185668945 516 187 594 268
face 0.005871415138244629 516 187 594 268
face 0.005860447883605957 516 187 594 268
face 0.005831539630889893 516 187 594 268
face 0.005803972482681274 516 187 594 268
face 0.005790203809738159 516 187 594 268
face 0.005599081516265869 516 187 594 268
face 0.005479723215103149 516 187 594 268
face 0.005379140377044678 516 187 594 268
face 0.005355864763259888 516 187 594 268
face 0.005350708961486816 516 187 594 268
face 0.005184382200241089 516 187 594 268
face 0.005122959613800049 516 187 594 268
face 0.00512126088142395 516 187 594 268
face 0.00508195161819458 516 187 594 268
face 0.005081892013549805 516 187 594 268
face 0.005068361759185791 516 187 594 268
face 0.005029201507568359 516 187 594 268
face 0.004997372627258301 516 187 594 268
face 0.004900634288787842 516 187 594 268
face 0.0048608481884002686 516 187 594 268
face 0.004757344722747803 516 187 594 268
face 0.004721939563751221 516 187 594 268
face 0.004686117172241211 516 187 594 268
face 0.004570454359054565 516 187 594 268
face 0.0045119524002075195 516 187 594 268
face 0.004451394081115723 516 187 594 268
face 0.004386842250823975 516 187 594 268
face 0.0043700337409973145 516 187 594 268
face 0.0043051838874816895 516 187 594 268
face 0.004270613193511963 516 187 594 268
face 0.004190713167190552 516 187 594 268
face 0.004183709621429443 516 187 594 268
face 0.004049926996231079 516 187 594 268
face 0.003934115171432495 516 187 594 268
face 0.003908038139343262 516 187 594 268
face 0.003860294818878174 516 187 594 268
face 0.003837376832962036 516 187 594 268
face 0.00382310152053833 516 187 594 268
face 0.00380784273147583 516 187 594 268
face 0.0038003623485565186 516 187 594 268
face 0.0037023425102233887 516 187 594 268
face 0.0036983489990234375 516 187 594 268
face 0.003697812557220459 516 187 594 268
face 0.003690749406814575 516 187 594 268
face 0.003628253936767578 516 187 594 268
face 0.0036277472972869873 516 187 594 268
face 0.0036261677742004395 516 187 594 268
face 0.0036076605319976807 516 187 594 268
face 0.0035870373249053955 516 187 594 268
face 0.003582894802093506 516 187 594 268
face 0.003562629222869873 516 187 594 268
face 0.003534168004989624 516 187 594 268
face 0.0035161972045898438 516 187 594 268
face 0.0035010874271392822 516 187 594 268
face 0.0034739673137664795 516 187 594 268
face 0.003461092710494995 516 187 594 268
face 0.0034508109092712402 516 187 594 268
face 0.0034172534942626953 516 187 594 268
face 0.0033873319625854492 516 187 594 268
face 0.003349512815475464 516 187 594 268
face 0.003298521041870117 516 187 594 268
face 0.0032896995544433594 516 187 594 268
face 0.0032606124877929688 516 187 594 268
face 0.0032542645931243896 516 187 594 268
