face 0.23756015300750732 897 624 910 640
face 0.22465455532073975 897 624 910 640
face 0.024917006492614746 897 624 910 640
face 0.02350437641143799 897 624 910 640
face 0.019576549530029297 897 624 910 640
face 0.01788008213043213 897 624 910 640
face 0.017442762851715088 897 624 910 640
face 0.015725404024124146 897 624 910 640
face 0.01361173391342163 897 624 910 640
face 0.012762695550918579 897 624 910 640
face 0.012595176696777344 897 624 910 640
face 0.012589812278747559 897 624 910 640
face 0.01254892349243164 897 624 910 640
face 0.012414872646331787 897 624 910 640
face 0.012268036603927612 897 624 910 640
face 0.012023299932479858 897 624 910 640
face 0.011020749807357788 897 624 910 640
face 0.010427534580230713 897 624 910 640
face 0.009351640939712524 897 624 910 640
face 0.008661478757858276 897 624 910 640
face 0.008379071950912476 897 624 910 640
face 0.008280575275421143 897 624 910 640
face 0.008157730102539062 897 624 910 640
face 0.008085936307907104 897 624 910 640
face 0.007982581853866577 897 624 910 640
face 0.007899999618530273 897 624 910 640
face 0.007785141468048096 897 624 910 640
face 0.007773309946060181 897 624 910 640
face 0.007757514715194702 897 624 910 640
face 0.007594019174575806 897 624 910 640
face 0.007530838251113892 897 624 910 640
face 0.007470935583114624 897 624 910 640
face 0.007383137941360474 897 624 910 640
face 0.007373839616775513 897 624 910 640
face 0.006862908601760864 897 624 910 640
face 0.006508588790893555 897 624 910 640
face 0.0064203739166259766 897 624 910 640
face 0.006239861249923706 897 624 910 640
face 0.006176412105560303 897 624 910 640
face 0.00614696741104126 897 624 910 640
face 0.0060942769050598145 897 624 910 640
face 0.006022810935974121 897 624 910 640
face 0.00601920485496521 897 624 910 640
face 0.005797028541564941 897 624 910 640
face 0.005785167217254639 897 624 910 640
face 0.0056781768798828125 897 624 910 640
face 0.005617350339889526 897 624 910 640
face 0.005243629217147827 897 624 910 640
face 0.005233496427536011 897 624 910 640
face 0.005164206027984619 897 624 910 640
face 0.00499764084815979 897 624 910 640
face 0.004996120929718018 897 624 910 640
face 0.004676640033721924 897 624 910 640
face 0.004602283239364624 897 624 910 640
face 0.0045667290687561035 897 624 910 640
face 0.004506409168243408 897 624 910 640
face 0.004503369331359863 897 624 910 640
face 0.004482626914978027 897 624 910 640
face 0.00442931056022644 897 624 910 640
face 0.004392802715301514 897 624 910 640
face 0.004351317882537842 897 624 910 640
face 0.004348337650299072 897 624 910 640
face 0.004329293966293335 897 624 910 640
face 0.0042684078216552734 897 624 910 640
face 0.0042074620723724365 897 624 910 640
face 0.004159778356552124 897 624 910 640
face 0.004157006740570068 897 624 910 640
face 0.0040967464447021484 897 624 910 640
face 0.004087120294570923 897 624 910 640
face 0.004071146249771118 897 624 910 640
face 0.004004061222076416 897 624 910 640
face 0.003941625356674194 897 624 910 640
face 0.003913789987564087 897 624 910 640
face 0.003911525011062622 897 624 910 640
face 0.00391039252281189 897 624 910 640
face 0.003895282745361328 897 624 910 640
face 0.003864079713821411 897 624 910 640
face 0.0038624703884124756 897 624 910 640
face 0.003780275583267212 897 624 910 640
face 0.003770887851715088 897 624 910 640
face 0.0036798715591430664 897 624 910 640
face 0.003635972738265991 897 624 910 640
face 0.003580331802368164 897 624 910 640
face 0.003574669361114502 897 624 910 640
face 0.003528118133544922 897 624 910 640
face 0.0035215914249420166 897 624 910 640
face 0.003513544797897339 897 624 910 640
face 0.0034467577934265137 897 624 910 640
face 0.003401637077331543 897 624 910 640
face 0.003353893756866455 897 624 910 640
face 0.003337860107421875 897 624 910 640
face 0.0033133327960968018 897 624 910 640
face 0.003275543451309204 897 624 910 640
face 0.0032703280448913574 897 624 910 640
face 0.003247499465942383 897 624 910 640
face 0.0032202601432800293 897 624 910 640
face 0.0031999051570892334 897 624 910 640
face 0.0031713545322418213 897 624 910 640
face 0.0031638145446777344 897 624 910 640
face 0.0031525492668151855 897 624 910 640
