face 0.6852777600288391 24 113 62 153
face 0.6304026246070862 388 466 420 496
face 0.45545971393585205 388 466 420 496
face 0.45480403304100037 388 466 420 496
face 0.4028400182723999 388 466 420 496
face 0.4003048539161682 388 466 420 496
face 0.34683772921562195 388 466 420 496
face 0.30196836590766907 388 466 420 496
face 0.2927939295768738 388 466 420 496
face 0.2700791358947754 388 466 420 496
face 0.1835176646709442 388 466 420 496
face 0.17760121822357178 388 466 420 496
face 0.14841416478157043 388 466 420 496
face 0.1384618580341339 388 466 420 496
face 0.1301857829093933 388 466 420 496
face 0.1254194676876068 388 466 420 496
face 0.12144544720649719 388 466 420 496
face 0.11526674032211304 388 466 420 496
face 0.09112021327018738 388 466 420 496
face 0.09030041098594666 388 466 420 496
face 0.08382552862167358 388 466 420 496
face 0.08220654726028442 388 466 420 496
face 0.07714900374412537 388 466 420 496
face 0.0758783221244812 388 466 420 496
face 0.07127964496612549 388 466 420 496
face 0.06998854875564575 388 466 420 496
face 0.06595563888549805 388 466 420 496
face 0.06516575813293457 388 466 420 496
face 0.0651492178440094 388 466 420 496
face 0.0650855302810669 388 466 420 496
face 0.06350472569465637 388 466 420 496
face 0.06180897355079651 388 466 420 496
face 0.06163570284843445 388 466 420 496
face 0.061599522829055786 388 466 420 496
face 0.06154993176460266 388 466 420 496
face 0.060589998960494995 388 466 420 496
face 0.05799877643585205 388 466 420 496
face 0.057923972606658936 388 466 420 496
face 0.05788081884384155 388 466 420 496
face 0.05525392293930054 388 466 420 496
face 0.05381456017494202 388 466 420 496
face 0.05377516150474548 388 466 420 496
face 0.05334940552711487 388 466 420 496
face 0.0526043176651001 388 466 420 496
face 0.051420003175735474 388 466 420 496
face 0.049143821001052856 388 466 420 496
face 0.04773819446563721 388 466 420 496
face 0.047017842531204224 388 466 420 496
face 0.046793460845947266 388 466 420 496
face 0.04599466919898987 388 466 420 496
face 0.04592391848564148 388 466 420 496
face 0.045349180698394775 388 466 420 496
face 0.04438701272010803 388 466 420 496
face 0.043539971113204956 388 466 420 496
face 0.04285666346549988 388 466 420 496
face 0.04084083437919617 388 466 420 496
face 0.040272802114486694 388 466 420 496
face 0.03943881392478943 388 466 420 496
face 0.039430171251297 388 466 420 496
face 0.03936818242073059 388 466 420 496
face 0.03834471106529236 388 466 420 496
face 0.03827476501464844 388 466 420 496
face 0.03790014982223511 388 466 420 496
face 0.0378110408782959 388 466 420 496
face 0.03755345940589905 388 466 420 496
face 0.03668224811553955 388 466 420 496
face 0.03657224774360657 388 466 420 496
face 0.036023229360580444 388 466 420 496
face 0.03597298264503479 388 466 420 496
face 0.03565308451652527 388 466 420 496
face 0.0350649356842041 388 466 420 496
face 0.03295391798019409 388 466 420 496
face 0.03291997313499451 388 466 420 496
face 0.032899290323257446 388 466 420 496
face 0.03276696801185608 388 466 420 496
face 0.03271043300628662 388 466 420 496
face 0.03257855772972107 388 466 420 496
face 0.03200298547744751 388 466 420 496
face 0.031346142292022705 388 466 420 496
face 0.031256914138793945 388 466 420 496
face 0.03108188509941101 388 466 420 496
face 0.030581921339035034 388 466 420 496
face 0.02967280149459839 388 466 420 496
face 0.029324501752853394 388 466 420 496
face 0.029186725616455078 388 466 420 496
face 0.02843993902206421 388 466 420 496
face 0.028355121612548828 388 466 420 496
face 0.02831709384918213 388 466 420 496
face 0.028185546398162842 388 466 420 496
face 0.02807372808456421 388 466 420 496
face 0.027940064668655396 388 466 420 496
face 0.027934640645980835 388 466 420 496
face 0.027484118938446045 388 466 420 496
face 0.02725881338119507 388 466 420 496
face 0.027255743741989136 388 466 420 496
face 0.02695062756538391 388 466 420 496
face 0.02677088975906372 388 466 420 496
face 0.026293307542800903 388 466 420 496
face 0.026218831539154053 388 466 420 496
face 0.026140719652175903 388 466 420 496
