face 0.9308980703353882 571 230 664 317
face 0.05002176761627197 571 230 664 317
face 0.04813271760940552 571 230 664 317
face 0.04298508167266846 571 230 664 317
face 0.04112473130226135 571 230 664 317
face 0.03960195183753967 571 230 664 317
face 0.038514941930770874 571 230 664 317
face 0.0345844030380249 571 230 664 317
face 0.02724596858024597 571 230 664 317
face 0.026086002588272095 571 230 664 317
face 0.02607026696205139 571 230 664 317
face 0.023898720741271973 571 230 664 317
face 0.019957244396209717 571 230 664 317
face 0.018079906702041626 571 230 664 317
face 0.017942965030670166 571 230 664 317
face 0.017855316400527954 571 230 664 317
face 0.016446322202682495 571 230 664 317
face 0.015725255012512207 571 230 664 317
face 0.014058679342269897 571 230 664 317
face 0.013273805379867554 571 230 664 317
face 0.01320737600326538 571 230 664 317
face 0.01137608289718628 571 230 664 317
face 0.010880917310714722 571 230 664 317
face 0.01065605878829956 571 230 664 317
face 0.010457932949066162 571 230 664 317
face 0.010362625122070312 571 230 664 317
face 0.009681612253189087 571 230 664 317
face 0.009622335433959961 571 230 664 317
face 0.00872984528541565 571 230 664 317
face 0.008620232343673706 571 230 664 317
face 0.008198857307434082 571 230 664 317
face 0.008168607950210571 571 230 664 317
face 0.008158594369888306 571 230 664 317
face 0.008156388998031616 571 230 664 317
face 0.008107990026473999 571 230 664 317
face 0.008091151714324951 571 230 664 317
face 0.007972270250320435 571 230 664 317
face 0.007727891206741333 571 230 664 317
face 0.007607996463775635 571 230 664 317
face 0.0075841546058654785 571 230 664 317
face 0.007446736097335815 571 230 664 317
face 0.007315844297409058 571 230 664 317
face 0.007313430309295654 571 230 664 317
face 0.007137477397918701 571 230 664 317
face 0.007076293230056763 571 230 664 317
face 0.006667464971542358 571 230 664 317
face 0.006636172533035278 571 230 664 317
face 0.006629854440689087 571 230 664 317
face 0.00660860538482666 571 230 664 317
face 0.006417661905288696 571 230 664 317
face 0.006178766489028931 571 230 664 317
face 0.0060797035694122314 571 230 664 317
face 0.005817711353302002 571 230 664 317
face 0.005762726068496704 571 230 664 317
face 0.005627751350402832 571 230 664 317
face 0.005572289228439331 571 230 664 317
face 0.005452603101730347 571 230 664 317
face 0.005218058824539185 571 230 664 317
face 0.005121409893035889 571 230 664 317
face 0.005089491605758667 571 230 664 317
face 0.004997372627258301 571 230 664 317
face 0.004947066307067871 571 230 664 317
face 0.004926711320877075 571 230 664 317
face 0.004911512136459351 571 230 664 317
face 0.004817456007003784 571 230 664 317
face 0.004788905382156372 571 230 664 317
face 0.004768490791320801 571 230 664 317
face 0.0047567784786224365 571 230 664 317
face 0.004740685224533081 571 230 664 317
face 0.004735380411148071 571 230 664 317
face 0.004732966423034668 571 230 664 317
face 0.004613429307937622 571 230 664 317
face 0.004307657480239868 571 230 664 317
face 0.004253983497619629 571 230 664 317
face 0.0042119622230529785 571 230 664 317
face 0.004204124212265015 571 230 664 317
face 0.004184246063232422 571 230 664 317
face 0.004173785448074341 571 230 664 317
face 0.004146963357925415 571 230 664 317
face 0.0041058361530303955 571 230 664 317
face 0.0040715038776397705 571 230 664 317
face 0.004060983657836914 571 230 664 317
face 0.004047036170959473 571 230 664 317
face 0.004034548997879028 571 230 664 317
face 0.0040205419063568115 571 230 664 317
face 0.0040163397789001465 571 230 664 317
face 0.0040139853954315186 571 230 664 317
face 0.00400736927986145 571 230 664 317
face 0.003958076238632202 571 230 664 317
face 0.0039559900760650635 571 230 664 317
face 0.0038774311542510986 571 230 664 317
face 0.0038407742977142334 571 230 664 317
face 0.0037997961044311523 571 230 664 317
face 0.0037987828254699707 571 230 664 317
face 0.0037359297275543213 571 230 664 317
face 0.003707587718963623 571 230 664 317
face 0.0036298632621765137 571 230 664 317
face 0.0036118030548095703 571 230 664 317
face 0.0035697519779205322 571 230 664 317
face 0.0035445988178253174 571 230 664 317
