face 0.419243723154068 840 121 855 141
face 0.3439980745315552 840 121 855 141
face 0.14323240518569946 840 121 855 141
face 0.12838885188102722 840 121 855 141
face 0.09518355131149292 840 121 855 141
face 0.0876152515411377 840 121 855 141
face 0.06863418221473694 840 121 855 141
face 0.06476321816444397 840 121 855 141
face 0.06253978610038757 840 121 855 141
face 0.05915072560310364 840 121 855 141
face 0.0412200391292572 840 121 855 141
face 0.03828105330467224 840 121 855 141
face 0.03627508878707886 840 121 855 141
face 0.036046773195266724 840 121 855 141
face 0.03446000814437866 840 121 855 141
face 0.02985212206840515 840 121 855 141
face 0.026934146881103516 840 121 855 141
face 0.02581927180290222 840 121 855 141
face 0.025142788887023926 840 121 855 141
face 0.023250490427017212 840 121 855 141
face 0.02250075340270996 840 121 855 141
face 0.021205753087997437 840 121 855 141
face 0.02033749222755432 840 121 855 141
face 0.02018636465072632 840 121 855 141
face 0.020005226135253906 840 121 855 141
face 0.019462406635284424 840 121 855 141
face 0.019115716218948364 840 121 855 141
face 0.0189552903175354 840 121 855 141
face 0.018886268138885498 840 121 855 141
face 0.018581271171569824 840 121 855 141
face 0.017981022596359253 840 121 855 141
face 0.01793694496154785 840 121 855 141
face 0.017639458179473877 840 121 855 141
face 0.017494648694992065 840 121 855 141
face 0.017026633024215698 840 121 855 141
face 0.016782402992248535 840 121 855 141
face 0.016721785068511963 840 121 855 141
face 0.016678720712661743 840 121 855 141
face 0.01538434624671936 840 121 855 141
face 0.015189170837402344 840 121 855 141
face 0.015178799629211426 840 121 855 141
face 0.014506369829177856 840 121 855 141
face 0.013906806707382202 840 121 855 141
face 0.012063533067703247 840 121 855 141
face 0.011369556188583374 840 121 855 141
face 0.011321306228637695 840 121 855 141
face 0.011308252811431885 840 121 855 141
face 0.010811656713485718 840 121 855 141
face 0.010251760482788086 840 121 855 141
face 0.010158389806747437 840 121 855 141
face 0.010086894035339355 840 121 855 141
face 0.009860396385192871 840 121 855 141
face 0.009455204010009766 840 121 855 141
face 0.009267479181289673 840 121 855 141
face 0.009264081716537476 840 121 855 141
face 0.008860796689987183 840 121 855 141
face 0.008854120969772339 840 121 855 141
face 0.008672922849655151 840 121 855 141
face 0.008523911237716675 840 121 855 141
face 0.008425414562225342 840 121 855 141
face 0.008344113826751709 840 121 855 141
face 0.00804033875465393 840 121 855 141
face 0.00798499584197998 840 121 855 141
face 0.007958322763442993 840 121 855 141
face 0.007957905530929565 840 121 855 141
face 0.00788995623588562 840 121 855 141
face 0.007878988981246948 840 121 855 141
face 0.007655352354049683 840 121 855 141
face 0.007586359977722168 840 121 855 141
face 0.007539033889770508 840 121 855 141
face 0.0074918270111083984 840 121 855 141
face 0.007478505373001099 840 121 855 141
face 0.007448792457580566 840 121 855 141
face 0.007338613271713257 840 121 855 141
face 0.00721287727355957 840 121 855 141
face 0.007129579782485962 840 121 855 141
face 0.007066994905471802 840 121 855 141
face 0.0068877339363098145 840 121 855 141
face 0.006882995367050171 840 121 855 141
face 0.006878167390823364 840 121 855 141
face 0.006799966096878052 840 121 855 141
face 0.006709694862365723 840 121 855 141
face 0.006690293550491333 840 121 855 141
face 0.00666472315788269 840 121 855 141
face 0.0066398680210113525 840 121 855 141
face 0.006634414196014404 840 121 855 141
face 0.0066117048263549805 840 121 855 141
face 0.006571531295776367 840 121 855 141
face 0.0063932836055755615 840 121 855 141
face 0.0062926411628723145 840 121 855 141
face 0.006166279315948486 840 121 855 141
face 0.006149947643280029 840 121 855 141
face 0.006039798259735107 840 121 855 141
face 0.005954176187515259 840 121 855 141
face 0.005764007568359375 840 121 855 141
face 0.0057540833950042725 840 121 855 141
face 0.005715370178222656 840 121 855 141
face 0.00569579005241394 840 121 855 141
face 0.005687355995178223 840 121 855 141
face 0.00556144118309021 840 121 855 141
