face 0.7767810821533203 294 263 367 358
face 0.09174025058746338 294 263 367 358
face 0.08934658765792847 294 263 367 358
face 0.055418431758880615 294 263 367 358
face 0.04781469702720642 294 263 367 358
face 0.04737198352813721 294 263 367 358
face 0.03915548324584961 294 263 367 358
face 0.03909352421760559 294 263 367 358
face 0.037153810262680054 294 263 367 358
face 0.03691369295120239 294 263 367 358
face 0.03536209464073181 294 263 367 358
face 0.034391582012176514 294 263 367 358
face 0.034106701612472534 294 263 367 358
face 0.033881574869155884 294 263 367 358
face 0.033418357372283936 294 263 367 358
face 0.032676488161087036 294 263 367 358
face 0.03232195973396301 294 263 367 358
face 0.029866725206375122 294 263 367 358
face 0.02948582172393799 294 263 367 358
face 0.027769237756729126 294 263 367 358
face 0.027266591787338257 294 263 367 358
face 0.02666822075843811 294 263 367 358
face 0.02648395299911499 294 263 367 358
face 0.025948435068130493 294 263 367 358
face 0.023948252201080322 294 263 367 358
face 0.023710310459136963 294 263 367 358
face 0.02220138907432556 294 263 367 358
face 0.021990478038787842 294 263 367 358
face 0.021974146366119385 294 263 367 358
face 0.02186170220375061 294 263 367 358
face 0.021063029766082764 294 263 367 358
face 0.020828038454055786 294 263 367 358
face 0.020597100257873535 294 263 367 358
face 0.020561009645462036 294 263 367 358
face 0.02025306224822998 294 263 367 358
face 0.019970625638961792 294 263 367 358
face 0.019717484712600708 294 263 367 358
face 0.019402295351028442 294 263 367 358
face 0.01929745078086853 294 263 367 358
face 0.019224196672439575 294 263 367 358
face 0.01904994249343872 294 263 367 358
face 0.01828765869140625 294 263 367 358
face 0.018251746892929077 294 263 367 358
face 0.01752912998199463 294 263 367 358
face 0.017250806093215942 294 263 367 358
face 0.01722976565361023 294 263 367 358
face 0.01712992787361145 294 263 367 358
face 0.01701924204826355 294 263 367 358
face 0.016736149787902832 294 263 367 358
face 0.016607433557510376 294 263 367 358
face 0.016406387090682983 294 263 367 358
face 0.016372710466384888 294 263 367 358
face 0.016226857900619507 294 263 367 358
face 0.01611204817891121 294 263 367 358
face 0.015779882669448853 294 263 367 358
face 0.015757501125335693 294 263 367 358
face 0.01566186547279358 294 263 367 358
face 0.015360385179519653 294 263 367 358
face 0.015284985303878784 294 263 367 358
face 0.015175849199295044 294 263 367 358
face 0.015074849128723145 294 263 367 358
face 0.014824837446212769 294 263 367 358
face 0.014761179685592651 294 263 367 358
face 0.014718174934387207 294 263 367 358
face 0.014683157205581665 294 263 367 358
face 0.01459553837776184 294 263 367 358
face 0.014292240142822266 294 263 367 358
face 0.014129012823104858 294 263 367 358
face 0.013888508081436157 294 263 367 358
face 0.013659805059432983 294 263 367 358
face 0.013348221778869629 294 263 367 358
face 0.013322919607162476 294 263 367 358
face 0.013151049613952637 294 263 367 358
face 0.013148665428161621 294 263 367 358
face 0.013092905282974243 294 263 367 358
face 0.01306048035621643 294 263 367 358
face 0.012874215841293335 294 263 367 358
face 0.012762129306793213 294 263 367 358
face 0.012645334005355835 294 263 367 358
face 0.01264229416847229 294 263 367 358
face 0.012474536895751953 294 263 367 358
face 0.012265682220458984 294 263 367 358
face 0.012159466743469238 294 263 367 358
face 0.01211729645729065 294 263 367 358
face 0.012083947658538818 294 263 367 358
face 0.012076705694198608 294 263 367 358
face 0.012067198753356934 294 263 367 358
face 0.012049734592437744 294 263 367 358
face 0.011965841054916382 294 263 367 358
face 0.011964499950408936 294 263 367 358
face 0.011941134929656982 294 263 367 358
face 0.011857479810714722 294 263 367 358
face 0.011846542358398438 294 263 367 358
face 0.011671453714370728 294 263 367 358
face 0.011570334434509277 294 263 367 358
face 0.01148483157157898 294 263 367 358
face 0.011482417583465576 294 263 367 358
face 0.011476457118988037 294 263 367 358
face 0.011425524950027466 294 263 367 358
face 0.011115014553070068 294 263 367 358
