face 0.6918171644210815 566 98 642 188
face 0.028006166219711304 566 98 642 188
face 0.020761072635650635 566 98 642 188
face 0.01623353362083435 566 98 642 188
face 0.012233763933181763 566 98 642 188
face 0.00879901647567749 566 98 642 188
face 0.008177459239959717 566 98 642 188
face 0.008080542087554932 566 98 642 188
face 0.007746756076812744 566 98 642 188
face 0.007088154554367065 566 98 642 188
face 0.006778091192245483 566 98 642 188
face 0.006703466176986694 566 98 642 188
face 0.006620466709136963 566 98 642 188
face 0.0064636170864105225 566 98 642 188
face 0.006083697080612183 566 98 642 188
face 0.0060272216796875 566 98 642 188
face 0.006008118391036987 566 98 642 188
face 0.005672842264175415 566 98 642 188
face 0.005576729774475098 566 98 642 188
face 0.005551964044570923 566 98 642 188
face 0.005459606647491455 566 98 642 188
face 0.005320847034454346 566 98 642 188
face 0.005253255367279053 566 98 642 188
face 0.0050747692584991455 566 98 642 188
face 0.005007654428482056 566 98 642 188
face 0.004541486501693726 566 98 642 188
face 0.004513174295425415 566 98 642 188
face 0.004485875368118286 566 98 642 188
face 0.004424303770065308 566 98 642 188
face 0.004418551921844482 566 98 642 188
face 0.004396378993988037 566 98 642 188
face 0.004284322261810303 566 98 642 188
face 0.004229694604873657 566 98 642 188
face 0.004199385643005371 566 98 642 188
face 0.004017353057861328 566 98 642 188
face 0.00394517183303833 566 98 642 188
face 0.003942251205444336 566 98 642 188
face 0.003816664218902588 566 98 642 188
face 0.0037912726402282715 566 98 642 188
face 0.0037866830825805664 566 98 642 188
face 0.003699958324432373 566 98 642 188
face 0.003647714853286743 566 98 642 188
face 0.003599494695663452 566 98 642 188
face 0.003474622964859009 566 98 642 188
face 0.003464430570602417 566 98 642 188
face 0.003452867269515991 566 98 642 188
face 0.003352254629135132 566 98 642 188
face 0.0032823383808135986 566 98 642 188
face 0.0032616257667541504 566 98 642 188
face 0.003218740224838257 566 98 642 188
face 0.0031425654888153076 566 98 642 188
face 0.0031308233737945557 566 98 642 188
face 0.0031123757362365723 566 98 642 188
face 0.0030225515365600586 566 98 642 188
face 0.0029892921447753906 566 98 642 188
face 0.0029483437538146973 566 98 642 188
face 0.0028817057609558105 566 98 642 188
face 0.002836555242538452 566 98 642 188
face 0.0028250813484191895 566 98 642 188
face 0.0028191804885864258 566 98 642 188
face 0.0027586817741394043 566 98 642 188
face 0.0027430057525634766 566 98 642 188
face 0.0027244985103607178 566 98 642 188
face 0.0027185380458831787 566 98 642 188
face 0.0027063190937042236 566 98 642 188
face 0.0027014315128326416 566 98 642 188
face 0.0026349425315856934 566 98 642 188
face 0.0026186704635620117 566 98 642 188
face 0.00261002779006958 566 98 642 188
face 0.002609819173812866 566 98 642 188
face 0.0026058554649353027 566 98 642 188
face 0.002588629722595215 566 98 642 188
face 0.002584695816040039 566 98 642 188
face 0.002580314874649048 566 98 642 188
face 0.002540409564971924 566 98 642 188
face 0.002516627311706543 566 98 642 188
face 0.0025070011615753174 566 98 642 188
face 0.002487093210220337 566 98 642 188
face 0.002437502145767212 566 98 642 188
face 0.0024237632751464844 566 98 642 188
face 0.0024156570434570312 566 98 642 188
face 0.0024040043354034424 566 98 642 188
face 0.002388983964920044 566 98 642 188
face 0.0023660659790039062 566 98 642 188
face 0.0023584067821502686 566 98 642 188
face 0.0023486316204071045 566 98 642 188
face 0.0023328065872192383 566 98 642 188
face 0.002321898937225342 566 98 642 188
face 0.0023101866245269775 566 98 642 188
face 0.002309858798980713 566 98 642 188
face 0.0023055076599121094 566 98 642 188
face 0.0023050308227539062 566 98 642 188
face 0.0023010671138763428 566 98 642 188
face 0.002241462469100952 566 98 642 188
face 0.0022144317626953125 566 98 642 188
face 0.0022069811820983887 566 98 642 188
face 0.0021820366382598877 566 98 642 188
face 0.0021728575229644775 566 98 642 188
face 0.0021556317806243896 566 98 642 188
face 0.0021521151065826416 566 98 642 188
