face 0.9324055314064026 435 224 472 264
face 0.8856332302093506 178 157 218 199
face 0.817298412322998 120 230 164 280
face 0.4995470345020294 120 230 164 280
face 0.2241182029247284 120 230 164 280
face 0.22044920921325684 120 230 164 280
face 0.12302744388580322 120 230 164 280
face 0.11700481176376343 120 230 164 280
face 0.11460041999816895 120 230 164 280
face 0.10880374908447266 120 230 164 280
face 0.09023159742355347 120 230 164 280
face 0.07833027839660645 120 230 164 280
face 0.07821246981620789 120 230 164 280
face 0.06690382957458496 120 230 164 280
face 0.06376415491104126 120 230 164 280
face 0.061701446771621704 120 230 164 280
face 0.05055975914001465 120 230 164 280
face 0.04833760857582092 120 230 164 280
face 0.048135221004486084 120 230 164 280
face 0.04719015955924988 120 230 164 280
face 0.043414145708084106 120 230 164 280
face 0.04225033521652222 120 230 164 280
face 0.04156118631362915 120 230 164 280
face 0.037873655557632446 120 230 164 280
face 0.03526413440704346 120 230 164 280
face 0.03471195697784424 120 230 164 280
face 0.03380769491195679 120 230 164 280
face 0.03311765193939209 120 230 164 280
face 0.032061994075775146 120 230 164 280
face 0.03199651837348938 120 230 164 280
face 0.030663788318634033 120 230 164 280
face 0.029225468635559082 120 230 164 280
face 0.02820393443107605 120 230 164 280
face 0.02659866213798523 120 230 164 280
face 0.026356369256973267 120 230 164 280
face 0.02526995539665222 120 230 164 280
face 0.024852216243743896 120 230 164 280
face 0.02295660972595215 120 230 164 280
face 0.02093103528022766 120 230 164 280
face 0.020041972398757935 120 230 164 280
face 0.019834429025650024 120 230 164 280
face 0.018555372953414917 120 230 164 280
face 0.018371939659118652 120 230 164 280
face 0.017764270305633545 120 230 164 280
face 0.01635533571243286 120 230 164 280
face 0.016295254230499268 120 230 164 280
face 0.01623368263244629 120 230 164 280
face 0.01568526029586792 120 230 164 280
face 0.014693647623062134 120 230 164 280
face 0.014004439115524292 120 230 164 280
face 0.013952165842056274 120 230 164 280
face 0.013695985078811646 120 230 164 280
face 0.013525605201721191 120 230 164 280
face 0.013405174016952515 120 230 164 280
face 0.012965559959411621 120 230 164 280
face 0.012870103120803833 120 230 164 280
face 0.012600034475326538 120 230 164 280
face 0.012391537427902222 120 230 164 280
face 0.012035787105560303 120 230 164 280
face 0.012007743120193481 120 230 164 280
face 0.01191723346710205 120 230 164 280
face 0.011581659317016602 120 230 164 280
face 0.011451393365859985 120 230 164 280
face 0.010813623666763306 120 230 164 280
face 0.010640233755111694 120 230 164 280
face 0.010572165250778198 120 230 164 280
face 0.010273545980453491 120 230 164 280
face 0.010214537382125854 120 230 164 280
face 0.01012653112411499 120 230 164 280
face 0.010120153427124023 120 230 164 280
face 0.010090857744216919 120 230 164 280
face 0.01005372405052185 120 230 164 280
face 0.009994834661483765 120 230 164 280
face 0.009673506021499634 120 230 164 280
face 0.009578406810760498 120 230 164 280
face 0.00953170657157898 120 230 164 280
face 0.009444087743759155 120 230 164 280
face 0.009430289268493652 120 230 164 280
face 0.00937509536743164 120 230 164 280
face 0.009187012910842896 120 230 164 280
face 0.008801817893981934 120 230 164 280
face 0.008763521909713745 120 230 164 280
face 0.008603990077972412 120 230 164 280
face 0.008563697338104248 120 230 164 280
face 0.008532404899597168 120 230 164 280
face 0.008531928062438965 120 230 164 280
face 0.00840809941291809 120 230 164 280
face 0.00840294361114502 120 230 164 280
face 0.008203655481338501 120 230 164 280
face 0.008190751075744629 120 230 164 280
face 0.007986336946487427 120 230 164 280
face 0.007888317108154297 120 230 164 280
face 0.007856130599975586 120 230 164 280
face 0.0077606141567230225 120 230 164 280
face 0.007680326700210571 120 230 164 280
face 0.007679551839828491 120 230 164 280
face 0.007641434669494629 120 230 164 280
face 0.007596313953399658 120 230 164 280
face 0.007588744163513184 120 230 164 280
face 0.007575809955596924 120 230 164 280
