face 0.9730592370033264 696 358 765 486
face 0.9647251963615417 428 360 476 441
face 0.17106479406356812 428 360 476 441
face 0.08611613512039185 428 360 476 441
face 0.0629490315914154 428 360 476 441
face 0.0354313850402832 428 360 476 441
face 0.023401379585266113 428 360 476 441
face 0.015744417905807495 428 360 476 441
face 0.012926489114761353 428 360 476 441
face 0.012624472379684448 428 360 476 441
face 0.011414170265197754 428 360 476 441
face 0.010465443134307861 428 360 476 441
face 0.009237289428710938 428 360 476 441
face 0.00905880331993103 428 360 476 441
face 0.008967459201812744 428 360 476 441
face 0.008924335241317749 428 360 476 441
face 0.008766084909439087 428 360 476 441
face 0.008459687232971191 428 360 476 441
face 0.00833025574684143 428 360 476 441
face 0.008258908987045288 428 360 476 441
face 0.008205026388168335 428 360 476 441
face 0.007896959781646729 428 360 476 441
face 0.007720232009887695 428 360 476 441
face 0.007285445928573608 428 360 476 441
face 0.007043689489364624 428 360 476 441
face 0.007024168968200684 428 360 476 441
face 0.006928622722625732 428 360 476 441
face 0.006917595863342285 428 360 476 441
face 0.006910085678100586 428 360 476 441
face 0.006863057613372803 428 360 476 441
face 0.006803661584854126 428 360 476 441
face 0.006608784198760986 428 360 476 441
face 0.0065577030181884766 428 360 476 441
face 0.006374567747116089 428 360 476 441
face 0.00636601448059082 428 360 476 441
face 0.006326109170913696 428 360 476 441
face 0.006179720163345337 428 360 476 441
face 0.006126075983047485 428 360 476 441
face 0.005936473608016968 428 360 476 441
face 0.00561484694480896 428 360 476 441
face 0.005582034587860107 428 360 476 441
face 0.0054934024810791016 428 360 476 441
face 0.0053584277629852295 428 360 476 441
face 0.005355775356292725 428 360 476 441
face 0.005263268947601318 428 360 476 441
face 0.005255401134490967 428 360 476 441
face 0.005204498767852783 428 360 476 441
face 0.00515669584274292 428 360 476 441
face 0.0051381587982177734 428 360 476 441
face 0.005089104175567627 428 360 476 441
face 0.005054473876953125 428 360 476 441
face 0.005040258169174194 428 360 476 441
face 0.005035310983657837 428 360 476 441
face 0.005026638507843018 428 360 476 441
face 0.005017727613449097 428 360 476 441
face 0.00497010350227356 428 360 476 441
face 0.004928410053253174 428 360 476 441
face 0.00484958291053772 428 360 476 441
face 0.004812002182006836 428 360 476 441
face 0.004714906215667725 428 360 476 441
face 0.004652202129364014 428 360 476 441
face 0.004531264305114746 428 360 476 441
face 0.004348278045654297 428 360 476 441
face 0.004307955503463745 428 360 476 441
face 0.004223287105560303 428 360 476 441
face 0.004220515489578247 428 360 476 441
face 0.004214555025100708 428 360 476 441
face 0.00414767861366272 428 360 476 441
face 0.0040867626667022705 428 360 476 441
face 0.004077494144439697 428 360 476 441
face 0.004052251577377319 428 360 476 441
face 0.004032790660858154 428 360 476 441
face 0.004028797149658203 428 360 476 441
face 0.004028052091598511 428 360 476 441
face 0.00402224063873291 428 360 476 441
face 0.004000931978225708 428 360 476 441
face 0.003998935222625732 428 360 476 441
face 0.003953844308853149 428 360 476 441
face 0.0039446353912353516 428 360 476 441
face 0.0038034915924072266 428 360 476 441
face 0.003790736198425293 428 360 476 441
face 0.003745436668395996 428 360 476 441
face 0.003720492124557495 428 360 476 441
face 0.0036849677562713623 428 360 476 441
face 0.0035837292671203613 428 360 476 441
face 0.003539830446243286 428 360 476 441
face 0.0035365521907806396 428 360 476 441
face 0.0035290122032165527 428 360 476 441
face 0.0035212337970733643 428 360 476 441
face 0.0035153627395629883 428 360 476 441
face 0.003484964370727539 428 360 476 441
face 0.0034453272819519043 428 360 476 441
face 0.003440290689468384 428 360 476 441
face 0.003433912992477417 428 360 476 441
face 0.00343206524848938 428 360 476 441
face 0.003418147563934326 428 360 476 441
face 0.003362715244293213 428 360 476 441
face 0.0033546090126037598 428 360 476 441
face 0.0033284127712249756 428 360 476 441
face 0.0032786428928375244 428 360 476 441
