face 0.901428759098053 386 284 439 350
face 0.7531145811080933 45 286 53 298
face 0.7121922373771667 223 259 274 315
face 0.38269490003585815 223 259 274 315
face 0.331376314163208 223 259 274 315
face 0.3037302792072296 223 259 274 315
face 0.289462685585022 223 259 274 315
face 0.2656819522380829 223 259 274 315
face 0.2520459294319153 223 259 274 315
face 0.20363816618919373 223 259 274 315
face 0.14317730069160461 223 259 274 315
face 0.14181354641914368 223 259 274 315
face 0.12860813736915588 223 259 274 315
face 0.12701088190078735 223 259 274 315
face 0.12119242548942566 223 259 274 315
face 0.11178666353225708 223 259 274 315
face 0.09150394797325134 223 259 274 315
face 0.0627727210521698 223 259 274 315
face 0.059051513671875 223 259 274 315
face 0.05705106258392334 223 259 274 315
face 0.048877716064453125 223 259 274 315
face 0.046053409576416016 223 259 274 315
face 0.04477286338806152 223 259 274 315
face 0.044052302837371826 223 259 274 315
face 0.042498260736465454 223 259 274 315
face 0.04123377799987793 223 259 274 315
face 0.036783456802368164 223 259 274 315
face 0.03655478358268738 223 259 274 315
face 0.03555232286453247 223 259 274 315
face 0.03540375828742981 223 259 274 315
face 0.03510159254074097 223 259 274 315
face 0.03356373310089111 223 259 274 315
face 0.03203192353248596 223 259 274 315
face 0.030971765518188477 223 259 274 315
face 0.03057408332824707 223 259 274 315
face 0.02905401587486267 223 259 274 315
face 0.02556416392326355 223 259 274 315
face 0.025018423795700073 223 259 274 315
face 0.02461475133895874 223 259 274 315
face 0.024033337831497192 223 259 274 315
face 0.02393043041229248 223 259 274 315
face 0.022288858890533447 223 259 274 315
face 0.021076291799545288 223 259 274 315
face 0.020072609186172485 223 259 274 315
face 0.019543439149856567 223 259 274 315
face 0.01919683814048767 223 259 274 315
face 0.019174665212631226 223 259 274 315
face 0.018981873989105225 223 259 274 315
face 0.01827135682106018 223 259 274 315
face 0.017523467540740967 223 259 274 315
face 0.016944825649261475 223 259 274 315
face 0.016936063766479492 223 259 274 315
face 0.016698986291885376 223 259 274 315
face 0.01649656891822815 223 259 274 315
face 0.016341954469680786 223 259 274 315
face 0.015524566173553467 223 259 274 315
face 0.015157997608184814 223 259 274 315
face 0.013918548822402954 223 259 274 315
face 0.0138683021068573 223 259 274 315
face 0.013102471828460693 223 259 274 315
face 0.013089776039123535 223 259 274 315
face 0.013014614582061768 223 259 274 315
face 0.011889606714248657 223 259 274 315
face 0.011688023805618286 223 259 274 315
face 0.011492043733596802 223 259 274 315
face 0.010795116424560547 223 259 274 315
face 0.010391205549240112 223 259 274 315
face 0.010224103927612305 223 259 274 315
face 0.009991168975830078 223 259 274 315
face 0.009677529335021973 223 259 274 315
face 0.00962376594543457 223 259 274 315
face 0.009617656469345093 223 259 274 315
face 0.009609639644622803 223 259 274 315
face 0.008790373802185059 223 259 274 315
face 0.008761614561080933 223 259 274 315
face 0.008760988712310791 223 259 274 315
face 0.008748739957809448 223 259 274 315
face 0.00868716835975647 223 259 274 315
face 0.007958412170410156 223 259 274 315
face 0.007401883602142334 223 259 274 315
face 0.007386833429336548 223 259 274 315
face 0.007311880588531494 223 259 274 315
face 0.007184207439422607 223 259 274 315
face 0.00714227557182312 223 259 274 315
face 0.007100880146026611 223 259 274 315
face 0.007087260484695435 223 259 274 315
face 0.006970256567001343 223 259 274 315
face 0.00652274489402771 223 259 274 315
face 0.006520181894302368 223 259 274 315
face 0.006471514701843262 223 259 274 315
face 0.006441980600357056 223 259 274 315
face 0.006400585174560547 223 259 274 315
face 0.0062375664710998535 223 259 274 315
face 0.006175786256790161 223 259 274 315
face 0.006156355142593384 223 259 274 315
face 0.00604131817817688 223 259 274 315
face 0.006038755178451538 223 259 274 315
face 0.006012320518493652 223 259 274 315
face 0.0058675408363342285 223 259 274 315
face 0.0058571696281433105 223 259 274 315
