face 0.40154826641082764 791 419 801 432
face 0.22407549619674683 791 419 801 432
face 0.0983719527721405 791 419 801 432
face 0.052469879388809204 791 419 801 432
face 0.051504164934158325 791 419 801 432
face 0.044974327087402344 791 419 801 432
face 0.042138129472732544 791 419 801 432
face 0.040790170431137085 791 419 801 432
face 0.04013460874557495 791 419 801 432
face 0.03862696886062622 791 419 801 432
face 0.0376112163066864 791 419 801 432
face 0.03518584370613098 791 419 801 432
face 0.03507494926452637 791 419 801 432
face 0.03491887450218201 791 419 801 432
face 0.03446999192237854 791 419 801 432
face 0.03430339694023132 791 419 801 432
face 0.033302128314971924 791 419 801 432
face 0.03322973847389221 791 419 801 432
face 0.032810986042022705 791 419 801 432
face 0.03152969479560852 791 419 801 432
face 0.03144419193267822 791 419 801 432
face 0.030782490968704224 791 419 801 432
face 0.03077530860900879 791 419 801 432
face 0.029650479555130005 791 419 801 432
face 0.029354453086853027 791 419 801 432
face 0.02907535433769226 791 419 801 432
face 0.028331845998764038 791 419 801 432
face 0.027556657791137695 791 419 801 432
face 0.02753347158432007 791 419 801 432
face 0.02739587426185608 791 419 801 432
face 0.02718520164489746 791 419 801 432
face 0.027184367179870605 791 419 801 432
face 0.027006149291992188 791 419 801 432
face 0.0265791118144989 791 419 801 432
face 0.02620372176170349 791 419 801 432
face 0.026153206825256348 791 419 801 432
face 0.025626927614212036 791 419 801 432
face 0.025597035884857178 791 419 801 432
face 0.02474731206893921 791 419 801 432
face 0.024589896202087402 791 419 801 432
face 0.024216890335083008 791 419 801 432
face 0.023998558521270752 791 419 801 432
face 0.023894697427749634 791 419 801 432
face 0.023743420839309692 791 419 801 432
face 0.0233345627784729 791 419 801 432
face 0.023239612579345703 791 419 801 432
face 0.02318289875984192 791 419 801 432
face 0.023103445768356323 791 419 801 432
face 0.02281704545021057 791 419 801 432
face 0.02267947793006897 791 419 801 432
face 0.022435903549194336 791 419 801 432
face 0.022280097007751465 791 419 801 432
face 0.022173970937728882 791 419 801 432
face 0.02207013964653015 791 419 801 432
face 0.021449893712997437 791 419 801 432
face 0.021198779344558716 791 419 801 432
face 0.020939290523529053 791 419 801 432
face 0.020846188068389893 791 419 801 432
face 0.02071380615234375 791 419 801 432
face 0.02058243751525879 791 419 801 432
face 0.020341038703918457 791 419 801 432
face 0.02029365301132202 791 419 801 432
face 0.02004602551460266 791 419 801 432
face 0.019910037517547607 791 419 801 432
face 0.019854843616485596 791 419 801 432
face 0.01919233798980713 791 419 801 432
face 0.019181668758392334 791 419 801 432
face 0.01909974217414856 791 419 801 432
face 0.019044309854507446 791 419 801 432
face 0.018421053886413574 791 419 801 432
face 0.018360167741775513 791 419 801 432
face 0.01835954189300537 791 419 801 432
face 0.018092483282089233 791 419 801 432
face 0.017974793910980225 791 419 801 432
face 0.017927587032318115 791 419 801 432
face 0.017737239599227905 791 419 801 432
face 0.017670512199401855 791 419 801 432
face 0.017663419246673584 791 419 801 432
face 0.01751124858856201 791 419 801 432
face 0.01749485731124878 791 419 801 432
face 0.017475157976150513 791 419 801 432
face 0.017171531915664673 791 419 801 432
face 0.017137348651885986 791 419 801 432
face 0.017108052968978882 791 419 801 432
face 0.01704949140548706 791 419 801 432
face 0.016962885856628418 791 419 801 432
face 0.016941934823989868 791 419 801 432
face 0.016892462968826294 791 419 801 432
face 0.016873806715011597 791 419 801 432
face 0.016824662685394287 791 419 801 432
face 0.016644179821014404 791 419 801 432
face 0.016386449337005615 791 419 801 432
face 0.01630377769470215 791 419 801 432
face 0.01629731059074402 791 419 801 432
face 0.0162925124168396 791 419 801 432
face 0.01573050022125244 791 419 801 432
face 0.015502691268920898 791 419 801 432
face 0.015413612127304077 791 419 801 432
face 0.015384048223495483 791 419 801 432
face 0.015337079763412476 791 419 801 432
