face 0.9599581956863403 479 162 496 186
face 0.893150269985199 865 174 881 192
face 0.7791024446487427 321 248 387 330
face 0.6733911037445068 611 204 688 295
face 0.6662009954452515 376 164 394 185
face 0.5752730965614319 494 283 564 368
face 0.4688843786716461 494 283 564 368
face 0.38608697056770325 494 283 564 368
face 0.3267778754234314 494 283 564 368
face 0.20467984676361084 494 283 564 368
face 0.17361488938331604 494 283 564 368
face 0.11777439713478088 494 283 564 368
face 0.06914040446281433 494 283 564 368
face 0.05561494827270508 494 283 564 368
face 0.04554527997970581 494 283 564 368
face 0.044968217611312866 494 283 564 368
face 0.039079517126083374 494 283 564 368
face 0.037319034337997437 494 283 564 368
face 0.023267626762390137 494 283 564 368
face 0.02131614089012146 494 283 564 368
face 0.020302027463912964 494 283 564 368
face 0.018306821584701538 494 283 564 368
face 0.014514565467834473 494 283 564 368
face 0.013488858938217163 494 283 564 368
face 0.012858152389526367 494 283 564 368
face 0.012538105249404907 494 283 564 368
face 0.012241065502166748 494 283 564 368
face 0.011910408735275269 494 283 564 368
face 0.011502116918563843 494 283 564 368
face 0.0114612877368927 494 283 564 368
face 0.011449545621871948 494 283 564 368
face 0.01103585958480835 494 283 564 368
face 0.010390788316726685 494 283 564 368
face 0.010297805070877075 494 283 564 368
face 0.010039687156677246 494 283 564 368
face 0.009958446025848389 494 283 564 368
face 0.009682297706604004 494 283 564 368
face 0.009674787521362305 494 283 564 368
face 0.00957632064819336 494 283 564 368
face 0.00901883840560913 494 283 564 368
face 0.008609622716903687 494 283 564 368
face 0.008480072021484375 494 283 564 368
face 0.008449912071228027 494 283 564 368
face 0.008151531219482422 494 283 564 368
face 0.007934242486953735 494 283 564 368
face 0.007890939712524414 494 283 564 368
face 0.007833421230316162 494 283 564 368
face 0.007764279842376709 494 283 564 368
face 0.007497608661651611 494 283 564 368
face 0.007352203130722046 494 283 564 368
face 0.007328420877456665 494 283 564 368
face 0.00706818699836731 494 283 564 368
face 0.006790250539779663 494 283 564 368
face 0.0066033899784088135 494 283 564 368
face 0.0065233707427978516 494 283 564 368
face 0.0064418017864227295 494 283 564 368
face 0.006357818841934204 494 283 564 368
face 0.006354659795761108 494 283 564 368
face 0.006299048662185669 494 283 564 368
face 0.005881398916244507 494 283 564 368
face 0.005673527717590332 494 283 564 368
face 0.0055890679359436035 494 283 564 368
face 0.00545269250869751 494 283 564 368
face 0.005421251058578491 494 283 564 368
face 0.005394428968429565 494 283 564 368
face 0.005353838205337524 494 283 564 368
face 0.00528484582901001 494 283 564 368
face 0.00526842474937439 494 283 564 368
face 0.005229145288467407 494 283 564 368
face 0.005223751068115234 494 283 564 368
face 0.005208134651184082 494 283 564 368
face 0.00508156418800354 494 283 564 368
face 0.005016535520553589 494 283 564 368
face 0.0050096213817596436 494 283 564 368
face 0.004983037710189819 494 283 564 368
face 0.004926741123199463 494 283 564 368
face 0.004772573709487915 494 283 564 368
face 0.004729866981506348 494 283 564 368
face 0.004653245210647583 494 283 564 368
face 0.004586070775985718 494 283 564 368
face 0.004566460847854614 494 283 564 368
face 0.004543304443359375 494 283 564 368
face 0.004531682934612036 494 283 564 368
face 0.004508078098297119 494 283 564 368
face 0.004412531852722168 494 283 564 368
face 0.004358351230621338 494 283 564 368
face 0.004328221082687378 494 283 564 368
face 0.004300951957702637 494 283 564 368
face 0.004294902086257935 494 283 564 368
face 0.004256635904312134 494 283 564 368
face 0.004214107990264893 494 283 564 368
face 0.0041997432708740234 494 283 564 368
face 0.0041952431201934814 494 283 564 368
face 0.0041158199310302734 494 283 564 368
face 0.0040121376514434814 494 283 564 368
face 0.003967255353927612 494 283 564 368
face 0.003963440656661987 494 283 564 368
face 0.003954678773880005 494 283 564 368
face 0.003920048475265503 494 283 564 368
face 0.003906875848770142 494 283 564 368
