face 0.7977659702301025 764 109 843 196
face 0.6113048791885376 248 75 323 183
face 0.4558890163898468 248 75 323 183
face 0.2945307493209839 248 75 323 183
face 0.07758209109306335 248 75 323 183
face 0.04702061414718628 248 75 323 183
face 0.045898765325546265 248 75 323 183
face 0.04514765739440918 248 75 323 183
face 0.03568944334983826 248 75 323 183
face 0.024947166442871094 248 75 323 183
face 0.021351754665374756 248 75 323 183
face 0.017802923917770386 248 75 323 183
face 0.017291605472564697 248 75 323 183
face 0.017216414213180542 248 75 323 183
face 0.016987264156341553 248 75 323 183
face 0.016303718090057373 248 75 323 183
face 0.016095399856567383 248 75 323 183
face 0.015864700078964233 248 75 323 183
face 0.015654534101486206 248 75 323 183
face 0.015391737222671509 248 75 323 183
face 0.015105068683624268 248 75 323 183
face 0.015027374029159546 248 75 323 183
face 0.014877855777740479 248 75 323 183
face 0.014294266700744629 248 75 323 183
face 0.013949066400527954 248 75 323 183
face 0.013800323009490967 248 75 323 183
face 0.012798666954040527 248 75 323 183
face 0.012557953596115112 248 75 323 183
face 0.011325180530548096 248 75 323 183
face 0.011218786239624023 248 75 323 183
face 0.01001065969467163 248 75 323 183
face 0.009514063596725464 248 75 323 183
face 0.008554250001907349 248 75 323 183
face 0.008523732423782349 248 75 323 183
face 0.00848284363746643 248 75 323 183
face 0.00783964991569519 248 75 323 183
face 0.007480978965759277 248 75 323 183
face 0.007348805665969849 248 75 323 183
face 0.007284820079803467 248 75 323 183
face 0.007062971591949463 248 75 323 183
face 0.006904900074005127 248 75 323 183
face 0.006720930337905884 248 75 323 183
face 0.0065794289112091064 248 75 323 183
face 0.006578624248504639 248 75 323 183
face 0.006216168403625488 248 75 323 183
face 0.006084799766540527 248 75 323 183
face 0.005971193313598633 248 75 323 183
face 0.005816280841827393 248 75 323 183
face 0.005801022052764893 248 75 323 183
face 0.0057999491691589355 248 75 323 183
face 0.005789697170257568 248 75 323 183
face 0.005734920501708984 248 75 323 183
face 0.00566023588180542 248 75 323 183
face 0.0056008994579315186 248 75 323 183
face 0.005572706460952759 248 75 323 183
face 0.005478084087371826 248 75 323 183
face 0.005460530519485474 248 75 323 183
face 0.00541570782661438 248 75 323 183
face 0.0053889453411102295 248 75 323 183
face 0.005372554063796997 248 75 323 183
face 0.005302011966705322 248 75 323 183
face 0.005046367645263672 248 75 323 183
face 0.004967629909515381 248 75 323 183
face 0.0048164427280426025 248 75 323 183
face 0.004763871431350708 248 75 323 183
face 0.004684120416641235 248 75 323 183
face 0.004661232233047485 248 75 323 183
face 0.004640936851501465 248 75 323 183
face 0.004583537578582764 248 75 323 183
face 0.004369765520095825 248 75 323 183
face 0.004337191581726074 248 75 323 183
face 0.004320055246353149 248 75 323 183
face 0.004298180341720581 248 75 323 183
face 0.004295825958251953 248 75 323 183
face 0.00418660044670105 248 75 323 183
face 0.004146456718444824 248 75 323 183
face 0.00411108136177063 248 75 323 183
face 0.004102110862731934 248 75 323 183
face 0.004056572914123535 248 75 323 183
face 0.004047125577926636 248 75 323 183
face 0.004029631614685059 248 75 323 183
face 0.0040045082569122314 248 75 323 183
face 0.003995954990386963 248 75 323 183
face 0.0039088428020477295 248 75 323 183
face 0.003886014223098755 248 75 323 183
face 0.003732830286026001 248 75 323 183
face 0.003716707229614258 248 75 323 183
face 0.003658294677734375 248 75 323 183
face 0.0036062002182006836 248 75 323 183
face 0.0035761892795562744 248 75 323 183
face 0.003572613000869751 248 75 323 183
face 0.003554016351699829 248 75 323 183
face 0.0035400986671447754 248 75 323 183
face 0.003515690565109253 248 75 323 183
face 0.003505915403366089 248 75 323 183
face 0.003425002098083496 248 75 323 183
face 0.0034089982509613037 248 75 323 183
face 0.003355681896209717 248 75 323 183
face 0.0033444464206695557 248 75 323 183
face 0.0033311545848846436 248 75 323 183
