face 0.8995296955108643 606 403 637 436
face 0.17400527000427246 606 403 637 436
face 0.11084514856338501 606 403 637 436
face 0.05391901731491089 606 403 637 436
face 0.03823119401931763 606 403 637 436
face 0.027277767658233643 606 403 637 436
face 0.02588018774986267 606 403 637 436
face 0.022662192583084106 606 403 637 436
face 0.022025465965270996 606 403 637 436
face 0.021902382373809814 606 403 637 436
face 0.02177569270133972 606 403 637 436
face 0.021395713090896606 606 403 637 436
face 0.02124810218811035 606 403 637 436
face 0.02117559313774109 606 403 637 436
face 0.020760565996170044 606 403 637 436
face 0.02073204517364502 606 403 637 436
face 0.02002277970314026 606 403 637 436
face 0.019187867641448975 606 403 637 436
face 0.01908048987388611 606 403 637 436
face 0.018349379301071167 606 403 637 436
face 0.017559409141540527 606 403 637 436
face 0.017206668853759766 606 403 637 436
face 0.016974717378616333 606 403 637 436
face 0.01637694239616394 606 403 637 436
face 0.016363948583602905 606 403 637 436
face 0.016311317682266235 606 403 637 436
face 0.016177058219909668 606 403 637 436
face 0.01614302396774292 606 403 637 436
face 0.015821188688278198 606 403 637 436
face 0.015648871660232544 606 403 637 436
face 0.015533417463302612 606 403 637 436
face 0.015457004308700562 606 403 637 436
face 0.015405654907226562 606 403 637 436
face 0.015174806118011475 606 403 637 436
face 0.01509353518486023 606 403 637 436
face 0.01500546932220459 606 403 637 436
face 0.01499086618423462 606 403 637 436
face 0.014977693557739258 606 403 637 436
face 0.014954894781112671 606 403 637 436
face 0.014914095401763916 606 403 637 436
face 0.014857232570648193 606 403 637 436
face 0.014661669731140137 606 403 637 436
face 0.014235854148864746 606 403 637 436
face 0.013926923274993896 606 403 637 436
face 0.013864129781723022 606 403 637 436
face 0.013796031475067139 606 403 637 436
face 0.013716042041778564 606 403 637 436
face 0.013703703880310059 606 403 637 436
face 0.013518035411834717 606 403 637 436
face 0.013471424579620361 606 403 637 436
face 0.013410031795501709 606 403 637 436
face 0.013329625129699707 606 403 637 436
face 0.013025641441345215 606 403 637 436
face 0.013012707233428955 606 403 637 436
face 0.012946903705596924 606 403 637 436
face 0.012943118810653687 606 403 637 436
face 0.01283004879951477 606 403 637 436
face 0.012789636850357056 606 403 637 436
face 0.012774527072906494 606 403 637 436
face 0.012772589921951294 606 403 637 436
face 0.012510478496551514 606 403 637 436
face 0.012178301811218262 606 403 637 436
face 0.012137800455093384 606 403 637 436
face 0.012052446603775024 606 403 637 436
face 0.011747151613235474 606 403 637 436
face 0.011709272861480713 606 403 637 436
face 0.01164659857749939 606 403 637 436
face 0.011526823043823242 606 403 637 436
face 0.011417239904403687 606 403 637 436
face 0.01131218671798706 606 403 637 436
face 0.011215388774871826 606 403 637 436
face 0.011166572570800781 606 403 637 436
face 0.010980725288391113 606 403 637 436
face 0.01096796989440918 606 403 637 436
face 0.010955065488815308 606 403 637 436
face 0.01092684268951416 606 403 637 436
face 0.010882824659347534 606 403 637 436
face 0.010880798101425171 606 403 637 436
face 0.010845661163330078 606 403 637 436
face 0.010798841714859009 606 403 637 436
face 0.010759711265563965 606 403 637 436
face 0.010754317045211792 606 403 637 436
face 0.01069408655166626 606 403 637 436
face 0.010644018650054932 606 403 637 436
face 0.010586947202682495 606 403 637 436
face 0.010477602481842041 606 403 637 436
face 0.010402262210845947 606 403 637 436
face 0.010265141725540161 606 403 637 436
face 0.010186910629272461 606 403 637 436
face 0.010186165571212769 606 403 637 436
face 0.010099261999130249 606 403 637 436
face 0.010048359632492065 606 403 637 436
face 0.010003387928009033 606 403 637 436
face 0.009969204664230347 606 403 637 436
face 0.009898602962493896 606 403 637 436
face 0.00988227128982544 606 403 637 436
face 0.009864389896392822 606 403 637 436
face 0.009839028120040894 606 403 637 436
face 0.009680598974227905 606 403 637 436
face 0.009463220834732056 606 403 637 436
