face 0.9918379783630371 448 164 465 191
face 0.990229070186615 711 240 738 278
face 0.9885767698287964 536 181 548 201
face 0.9634910821914673 416 188 446 230
face 0.9405122399330139 231 206 247 228
face 0.9341030120849609 341 170 357 189
face 0.9195125102996826 180 182 197 207
face 0.11638474464416504 180 182 197 207
face 0.11432507634162903 180 182 197 207
face 0.09856617450714111 180 182 197 207
face 0.0705304741859436 180 182 197 207
face 0.03867962956428528 180 182 197 207
face 0.035239070653915405 180 182 197 207
face 0.026844054460525513 180 182 197 207
face 0.02238994836807251 180 182 197 207
face 0.02027180790901184 180 182 197 207
face 0.018220871686935425 180 182 197 207
face 0.017119944095611572 180 182 197 207
face 0.016943693161010742 180 182 197 207
face 0.016500860452651978 180 182 197 207
face 0.01630401611328125 180 182 197 207
face 0.014944672584533691 180 182 197 207
face 0.014838337898254395 180 182 197 207
face 0.01472964882850647 180 182 197 207
face 0.010743558406829834 180 182 197 207
face 0.0102633535861969 180 182 197 207
face 0.01010143756866455 180 182 197 207
face 0.010065078735351562 180 182 197 207
face 0.009309470653533936 180 182 197 207
face 0.009273380041122437 180 182 197 207
face 0.009031236171722412 180 182 197 207
face 0.008712440729141235 180 182 197 207
face 0.008488237857818604 180 182 197 207
face 0.008201062679290771 180 182 197 207
face 0.008137822151184082 180 182 197 207
face 0.008110105991363525 180 182 197 207
face 0.007431060075759888 180 182 197 207
face 0.007303744554519653 180 182 197 207
face 0.007289618253707886 180 182 197 207
face 0.006741702556610107 180 182 197 207
face 0.0067261457443237305 180 182 197 207
face 0.006468385457992554 180 182 197 207
face 0.005786210298538208 180 182 197 207
face 0.005784273147583008 180 182 197 207
face 0.005770057439804077 180 182 197 207
face 0.00519147515296936 180 182 197 207
face 0.005169779062271118 180 182 197 207
face 0.0051454901695251465 180 182 197 207
face 0.00501522421836853 180 182 197 207
face 0.004918903112411499 180 182 197 207
face 0.004909425973892212 180 182 197 207
face 0.004879951477050781 180 182 197 207
face 0.004752457141876221 180 182 197 207
face 0.004744887351989746 180 182 197 207
face 0.0047345757484436035 180 182 197 207
face 0.0046272873878479 180 182 197 207
face 0.004319489002227783 180 182 197 207
face 0.004273444414138794 180 182 197 207
face 0.004049569368362427 180 182 197 207
face 0.004033565521240234 180 182 197 207
face 0.003925532102584839 180 182 197 207
face 0.0038918256759643555 180 182 197 207
face 0.003866642713546753 180 182 197 207
face 0.0037345588207244873 180 182 197 207
face 0.0037148594856262207 180 182 197 207
face 0.003670722246170044 180 182 197 207
face 0.0035332441329956055 180 182 197 207
face 0.00343891978263855 180 182 197 207
face 0.003391832113265991 180 182 197 207
face 0.0033150017261505127 180 182 197 207
face 0.0033029019832611084 180 182 197 207
face 0.0032569468021392822 180 182 197 207
face 0.003223210573196411 180 182 197 207
face 0.0031823813915252686 180 182 197 207
face 0.0031149089336395264 180 182 197 207
face 0.003077954053878784 180 182 197 207
face 0.002963155508041382 180 182 197 207
face 0.002948254346847534 180 182 197 207
face 0.0029284656047821045 180 182 197 207
face 0.002907007932662964 180 182 197 207
face 0.0028374195098876953 180 182 197 207
face 0.0027671754360198975 180 182 197 207
face 0.0027648508548736572 180 182 197 207
face 0.0027610957622528076 180 182 197 207
face 0.0027416646480560303 180 182 197 207
face 0.002714991569519043 180 182 197 207
face 0.002651721239089966 180 182 197 207
face 0.002583235502243042 180 182 197 207
face 0.002539306879043579 180 182 197 207
face 0.002527981996536255 180 182 197 207
face 0.002481430768966675 180 182 197 207
face 0.0024032294750213623 180 182 197 207
face 0.0023235678672790527 180 182 197 207
face 0.00229838490486145 180 182 197 207
face 0.0022659003734588623 180 182 197 207
face 0.0022006630897521973 180 182 197 207
face 0.0021636486053466797 180 182 197 207
face 0.002152055501937866 180 182 197 207
face 0.002075880765914917 180 182 197 207
face 0.0020408928394317627 180 182 197 207
