face 0.9661136865615845 576 340 592 359
face 0.04400593042373657 576 340 592 359
face 0.041228652000427246 576 340 592 359
face 0.02650502324104309 576 340 592 359
face 0.021655142307281494 576 340 592 359
face 0.013256698846817017 576 340 592 359
face 0.012005150318145752 576 340 592 359
face 0.011702686548233032 576 340 592 359
face 0.011621028184890747 576 340 592 359
face 0.01134645938873291 576 340 592 359
face 0.010152578353881836 576 340 592 359
face 0.009683936834335327 576 340 592 359
face 0.009423762559890747 576 340 592 359
face 0.00910082459449768 576 340 592 359
face 0.008318543434143066 576 340 592 359
face 0.008310854434967041 576 340 592 359
face 0.008113265037536621 576 340 592 359
face 0.008057236671447754 576 340 592 359
face 0.008041441440582275 576 340 592 359
face 0.008014529943466187 576 340 592 359
face 0.007842212915420532 576 340 592 359
face 0.007803052663803101 576 340 592 359
face 0.007688015699386597 576 340 592 359
face 0.007658183574676514 576 340 592 359
face 0.007543683052062988 576 340 592 359
face 0.00753408670425415 576 340 592 359
face 0.007433086633682251 576 340 592 359
face 0.0072252750396728516 576 340 592 359
face 0.007100492715835571 576 340 592 359
face 0.006955146789550781 576 340 592 359
face 0.0069300830364227295 576 340 592 359
face 0.006901085376739502 576 340 592 359
face 0.006849318742752075 576 340 592 359
face 0.0068285465240478516 576 340 592 359
face 0.006734728813171387 576 340 592 359
face 0.006438344717025757 576 340 592 359
face 0.006409406661987305 576 340 592 359
face 0.006406277418136597 576 340 592 359
face 0.0063766539096832275 576 340 592 359
face 0.0063048601150512695 576 340 592 359
face 0.006199955940246582 576 340 592 359
face 0.006190568208694458 576 340 592 359
face 0.006024360656738281 576 340 592 359
face 0.006021767854690552 576 340 592 359
face 0.00592997670173645 576 340 592 359
face 0.005881190299987793 576 340 592 359
face 0.0058622658252716064 576 340 592 359
face 0.005844295024871826 576 340 592 359
face 0.005820661783218384 576 340 592 359
face 0.00575864315032959 576 340 592 359
face 0.0055876970291137695 576 340 592 359
face 0.005560725927352905 576 340 592 359
face 0.005506724119186401 576 340 592 359
face 0.005438297986984253 576 340 592 359
face 0.0053851306438446045 576 340 592 359
face 0.00536876916885376 576 340 592 359
face 0.005296528339385986 576 340 592 359
face 0.005291163921356201 576 340 592 359
face 0.00529065728187561 576 340 592 359
face 0.00526195764541626 576 340 592 359
face 0.005248814821243286 576 340 592 359
face 0.005170464515686035 576 340 592 359
face 0.0051239728927612305 576 340 592 359
face 0.005101233720779419 576 340 592 359
face 0.005091756582260132 576 340 592 359
face 0.005088090896606445 576 340 592 359
face 0.005087107419967651 576 340 592 359
face 0.0050408244132995605 576 340 592 359
face 0.005039095878601074 576 340 592 359
face 0.004976540803909302 576 340 592 359
face 0.004828751087188721 576 340 592 359
face 0.004807114601135254 576 340 592 359
face 0.004789680242538452 576 340 592 359
face 0.004773259162902832 576 340 592 359
face 0.004765629768371582 576 340 592 359
face 0.004756838083267212 576 340 592 359
face 0.004744023084640503 576 340 592 359
face 0.00464293360710144 576 340 592 359
face 0.004631072282791138 576 340 592 359
face 0.004611313343048096 576 340 592 359
face 0.0045951902866363525 576 340 592 359
face 0.004588335752487183 576 340 592 359
face 0.0045756995677948 576 340 592 359
face 0.004451543092727661 576 340 592 359
face 0.004428446292877197 576 340 592 359
face 0.004405975341796875 576 340 592 359
face 0.004393517971038818 576 340 592 359
face 0.00435250997543335 576 340 592 359
face 0.004336953163146973 576 340 592 359
face 0.0043264031410217285 576 340 592 359
face 0.004292517900466919 576 340 592 359
face 0.004283130168914795 576 340 592 359
face 0.00427284836769104 576 340 592 359
face 0.004193305969238281 576 340 592 359
face 0.004187643527984619 576 340 592 359
face 0.004168033599853516 576 340 592 359
face 0.004109501838684082 576 340 592 359
face 0.0040985047817230225 576 340 592 359
face 0.004064887762069702 576 340 592 359
face 0.004056870937347412 576 340 592 359
