face 0.914820671081543 570 54 629 133
face 0.8324865698814392 307 41 362 99
face 0.7291364073753357 716 17 755 65
face 0.6667584776878357 453 89 506 180
face 0.0680956244468689 453 89 506 180
face 0.04167598485946655 453 89 506 180
face 0.03661474585533142 453 89 506 180
face 0.027961313724517822 453 89 506 180
face 0.02389422059059143 453 89 506 180
face 0.017459601163864136 453 89 506 180
face 0.015162557363510132 453 89 506 180
face 0.01455909013748169 453 89 506 180
face 0.014370143413543701 453 89 506 180
face 0.014155566692352295 453 89 506 180
face 0.012891918420791626 453 89 506 180
face 0.010446786880493164 453 89 506 180
face 0.008567243814468384 453 89 506 180
face 0.007622897624969482 453 89 506 180
face 0.006797730922698975 453 89 506 180
face 0.006598860025405884 453 89 506 180
face 0.006306588649749756 453 89 506 180
face 0.006305396556854248 453 89 506 180
face 0.005970627069473267 453 89 506 180
face 0.005726873874664307 453 89 506 180
face 0.0055623650550842285 453 89 506 180
face 0.005328953266143799 453 89 506 180
face 0.005283236503601074 453 89 506 180
face 0.005160689353942871 453 89 506 180
face 0.004988729953765869 453 89 506 180
face 0.004854947328567505 453 89 506 180
face 0.00472182035446167 453 89 506 180
face 0.004671692848205566 453 89 506 180
face 0.004647314548492432 453 89 506 180
face 0.004583984613418579 453 89 506 180
face 0.004218488931655884 453 89 506 180
face 0.0042105019092559814 453 89 506 180
face 0.0042098164558410645 453 89 506 180
face 0.004165351390838623 453 89 506 180
face 0.004162728786468506 453 89 506 180
face 0.004089266061782837 453 89 506 180
face 0.00401267409324646 453 89 506 180
face 0.0039688050746917725 453 89 506 180
face 0.00396844744682312 453 89 506 180
face 0.003907322883605957 453 89 506 180
face 0.0038913488388061523 453 89 506 180
face 0.0038910210132598877 453 89 506 180
face 0.003886669874191284 453 89 506 180
face 0.0038827061653137207 453 89 506 180
face 0.0038621127605438232 453 89 506 180
face 0.0037689507007598877 453 89 506 180
face 0.0036659538745880127 453 89 506 180
face 0.003572821617126465 453 89 506 180
face 0.003524303436279297 453 89 506 180
face 0.0034701526165008545 453 89 506 180
face 0.0034360289573669434 453 89 506 180
face 0.0033488869667053223 453 89 506 180
face 0.003262460231781006 453 89 506 180
face 0.0032269656658172607 453 89 506 180
face 0.003212481737136841 453 89 506 180
face 0.0032114386558532715 453 89 506 180
face 0.0032111704349517822 453 89 506 180
face 0.0031837522983551025 453 89 506 180
face 0.003138422966003418 453 89 506 180
face 0.0031208395957946777 453 89 506 180
face 0.0030838847160339355 453 89 506 180
face 0.003017514944076538 453 89 506 180
face 0.002991586923599243 453 89 506 180
face 0.002957642078399658 453 89 506 180
face 0.0029096603393554688 453 89 506 180
face 0.0029050707817077637 453 89 506 180
face 0.0028825700283050537 453 89 506 180
face 0.0028741955757141113 453 89 506 180
face 0.0028711557388305664 453 89 506 180
face 0.0028306245803833008 453 89 506 180
face 0.002827942371368408 453 89 506 180
face 0.002826392650604248 453 89 506 180
face 0.0027940869331359863 453 89 506 180
face 0.002793937921524048 453 89 506 180
face 0.0027731359004974365 453 89 506 180
face 0.00272214412689209 453 89 506 180
face 0.002705305814743042 453 89 506 180
face 0.0026971399784088135 453 89 506 180
face 0.002688676118850708 453 89 506 180
face 0.0026843249797821045 453 89 506 180
face 0.002658247947692871 453 89 506 180
face 0.0026505589485168457 453 89 506 180
face 0.0026383399963378906 453 89 506 180
face 0.002612590789794922 453 89 506 180
face 0.002597987651824951 453 89 506 180
face 0.002597033977508545 453 89 506 180
face 0.0025831758975982666 453 89 506 180
face 0.002581775188446045 453 89 506 180
face 0.0025757551193237305 453 89 506 180
face 0.002555757761001587 453 89 506 180
face 0.0025427639484405518 453 89 506 180
face 0.0024985969066619873 453 89 506 180
face 0.00244981050491333 453 89 506 180
face 0.0024322867393493652 453 89 506 180
face 0.002407550811767578 453 89 506 180
face 0.002406507730484009 453 89 506 180
