face 0.734501302242279 400 274 464 355
face 0.5845186710357666 840 121 855 141
face 0.2779504060745239 840 121 855 141
face 0.13685762882232666 840 121 855 141
face 0.07392680644989014 840 121 855 141
face 0.05568414926528931 840 121 855 141
face 0.05194443464279175 840 121 855 141
face 0.046663880348205566 840 121 855 141
face 0.04263585805892944 840 121 855 141
face 0.03561282157897949 840 121 855 141
face 0.030837982892990112 840 121 855 141
face 0.030806154012680054 840 121 855 141
face 0.026837557554244995 840 121 855 141
face 0.026223450899124146 840 121 855 141
face 0.024819374084472656 840 121 855 141
face 0.024632811546325684 840 121 855 141
face 0.023108303546905518 840 121 855 141
face 0.022594928741455078 840 121 855 141
face 0.021409839391708374 840 121 855 141
face 0.020567208528518677 840 121 855 141
face 0.0204927921295166 840 121 855 141
face 0.020311087369918823 840 121 855 141
face 0.01972031593322754 840 121 855 141
face 0.01924794912338257 840 121 855 141
face 0.018845945596694946 840 121 855 141
face 0.018175989389419556 840 121 855 141
face 0.017727971076965332 840 121 855 141
face 0.017514735460281372 840 121 855 141
face 0.017401188611984253 840 121 855 141
face 0.017034441232681274 840 121 855 141
face 0.016878485679626465 840 121 855 141
face 0.016292989253997803 840 121 855 141
face 0.016099154949188232 840 121 855 141
face 0.01566016674041748 840 121 855 141
face 0.014988690614700317 840 121 855 141
face 0.014839887619018555 840 121 855 141
face 0.014652222394943237 840 121 855 141
face 0.014418333768844604 840 121 855 141
face 0.01399606466293335 840 121 855 141
face 0.013829857110977173 840 121 855 141
face 0.013368010520935059 840 121 855 141
face 0.013109385967254639 840 121 855 141
face 0.013039320707321167 840 121 855 141
face 0.013014435768127441 840 121 855 141
face 0.012417435646057129 840 121 855 141
face 0.012043476104736328 840 121 855 141
face 0.011749684810638428 840 121 855 141
face 0.011656850576400757 840 121 855 141
face 0.011081486940383911 840 121 855 141
face 0.011005043983459473 840 121 855 141
face 0.01095658540725708 840 121 855 141
face 0.010940343141555786 840 121 855 141
face 0.010939627885818481 840 121 855 141
face 0.010880619287490845 840 121 855 141
face 0.010706663131713867 840 121 855 141
face 0.010597974061965942 840 121 855 141
face 0.010309666395187378 840 121 855 141
face 0.01023980975151062 840 121 855 141
face 0.010176420211791992 840 121 855 141
face 0.01016208529472351 840 121 855 141
face 0.010111421346664429 840 121 855 141
face 0.00997897982597351 840 121 855 141
face 0.009820669889450073 840 121 855 141
face 0.00961807370185852 840 121 855 141
face 0.009309709072113037 840 121 855 141
face 0.009055674076080322 840 121 855 141
face 0.009051114320755005 840 121 855 141
face 0.009014427661895752 840 121 855 141
face 0.00890427827835083 840 121 855 141
face 0.008769005537033081 840 121 855 141
face 0.008752316236495972 840 121 855 141
face 0.008739739656448364 840 121 855 141
face 0.008698731660842896 840 121 855 141
face 0.008588433265686035 840 121 855 141
face 0.008344292640686035 840 121 855 141
face 0.008231967687606812 840 121 855 141
face 0.008183836936950684 840 121 855 141
face 0.0080336332321167 840 121 855 141
face 0.00797376036643982 840 121 855 141
face 0.00788012146949768 840 121 855 141
face 0.007779955863952637 840 121 855 141
face 0.007642954587936401 840 121 855 141
face 0.007600992918014526 840 121 855 141
face 0.007565736770629883 840 121 855 141
face 0.007455736398696899 840 121 855 141
face 0.0073664188385009766 840 121 855 141
face 0.0072682201862335205 840 121 855 141
face 0.007177144289016724 840 121 855 141
face 0.0071485042572021484 840 121 855 141
face 0.007059723138809204 840 121 855 141
face 0.006996959447860718 840 121 855 141
face 0.006990969181060791 840 121 855 141
face 0.006988316774368286 840 121 855 141
face 0.006947457790374756 840 121 855 141
face 0.006932735443115234 840 121 855 141
face 0.006895273923873901 840 121 855 141
face 0.006844818592071533 840 121 855 141
face 0.006820738315582275 840 121 855 141
face 0.006806373596191406 840 121 855 141
face 0.006792396306991577 840 121 855 141
