face 0.3613656163215637 388 466 420 496
face 0.11304256319999695 388 466 420 496
face 0.06719690561294556 388 466 420 496
face 0.06261458992958069 388 466 420 496
face 0.05940696597099304 388 466 420 496
face 0.0528089702129364 388 466 420 496
face 0.04942798614501953 388 466 420 496
face 0.046222150325775146 388 466 420 496
face 0.04475340247154236 388 466 420 496
face 0.044656991958618164 388 466 420 496
face 0.044111162424087524 388 466 420 496
face 0.04330921918153763 388 466 420 496
face 0.03845787048339844 388 466 420 496
face 0.036902427673339844 388 466 420 496
face 0.03445085883140564 388 466 420 496
face 0.03275904059410095 388 466 420 496
face 0.03261750936508179 388 466 420 496
face 0.03189957141876221 388 466 420 496
face 0.03122738003730774 388 466 420 496
face 0.03101077675819397 388 466 420 496
face 0.030917197465896606 388 466 420 496
face 0.030846983194351196 388 466 420 496
face 0.03059709072113037 388 466 420 496
face 0.03035271167755127 388 466 420 496
face 0.028886377811431885 388 466 420 496
face 0.028860121965408325 388 466 420 496
face 0.02870500087738037 388 466 420 496
face 0.02793598175048828 388 466 420 496
face 0.0278414785861969 388 466 420 496
face 0.026411861181259155 388 466 420 496
face 0.02638453245162964 388 466 420 496
face 0.026327669620513916 388 466 420 496
face 0.025885164737701416 388 466 420 496
face 0.025594323873519897 388 466 420 496
face 0.02554267644882202 388 466 420 496
face 0.02535107731819153 388 466 420 496
face 0.025220245122909546 388 466 420 496
face 0.024915039539337158 388 466 420 496
face 0.024895906448364258 388 466 420 496
face 0.02485734224319458 388 466 420 496
face 0.02477070689201355 388 466 420 496
face 0.02466908097267151 388 466 420 496
face 0.024041980504989624 388 466 420 496
face 0.024021446704864502 388 466 420 496
face 0.023926079273223877 388 466 420 496
face 0.02392101287841797 388 466 420 496
face 0.02391543984413147 388 466 420 496
face 0.02362912893295288 388 466 420 496
face 0.023469239473342896 388 466 420 496
face 0.023359060287475586 388 466 420 496
face 0.023277223110198975 388 466 420 496
face 0.023062050342559814 388 466 420 496
face 0.023022383451461792 388 466 420 496
face 0.02255082130432129 388 466 420 496
face 0.02230134606361389 388 466 420 496
face 0.022264152765274048 388 466 420 496
face 0.02219453454017639 388 466 420 496
face 0.02212703227996826 388 466 420 496
face 0.02211013436317444 388 466 420 496
face 0.022048860788345337 388 466 420 496
face 0.022021621465682983 388 466 420 496
face 0.02198922634124756 388 466 420 496
face 0.021899104118347168 388 466 420 496
face 0.021579980850219727 388 466 420 496
face 0.021534323692321777 388 466 420 496
face 0.021381735801696777 388 466 420 496
face 0.02092045545578003 388 466 420 496
face 0.020774483680725098 388 466 420 496
face 0.02074909210205078 388 466 420 496
face 0.02067631483078003 388 466 420 496
face 0.020626842975616455 388 466 420 496
face 0.020523250102996826 388 466 420 496
face 0.020469188690185547 388 466 420 496
face 0.02037060260772705 388 466 420 496
face 0.020253658294677734 388 466 420 496
face 0.020007848739624023 388 466 420 496
face 0.019857972860336304 388 466 420 496
face 0.01963937282562256 388 466 420 496
face 0.019588351249694824 388 466 420 496
face 0.019558608531951904 388 466 420 496
face 0.019521355628967285 388 466 420 496
face 0.019407451152801514 388 466 420 496
face 0.019384711980819702 388 466 420 496
face 0.019300639629364014 388 466 420 496
face 0.01925438642501831 388 466 420 496
face 0.01924380660057068 388 466 420 496
face 0.019081681966781616 388 466 420 496
face 0.01900327205657959 388 466 420 496
face 0.018973350524902344 388 466 420 496
face 0.01896950602531433 388 466 420 496
face 0.01884254813194275 388 466 420 496
face 0.01866874098777771 388 466 420 496
face 0.018645256757736206 388 466 420 496
face 0.018559366464614868 388 466 420 496
face 0.0185394287109375 388 466 420 496
face 0.01834169030189514 388 466 420 496
face 0.01830887794494629 388 466 420 496
face 0.01828598976135254 388 466 420 496
face 0.01804754137992859 388 466 420 496
face 0.01795533299446106 388 466 420 496
