face 0.9623730182647705 626 41 695 121
face 0.9513310194015503 475 206 536 289
face 0.01604992151260376 475 206 536 289
face 0.014196813106536865 475 206 536 289
face 0.011969268321990967 475 206 536 289
face 0.01110619306564331 475 206 536 289
face 0.010487973690032959 475 206 536 289
face 0.009083181619644165 475 206 536 289
face 0.008739382028579712 475 206 536 289
face 0.008651494979858398 475 206 536 289
face 0.008598029613494873 475 206 536 289
face 0.008459150791168213 475 206 536 289
face 0.008190721273422241 475 206 536 289
face 0.008089840412139893 475 206 536 289
face 0.007700234651565552 475 206 536 289
face 0.0076964497566223145 475 206 536 289
face 0.007626086473464966 475 206 536 289
face 0.00738254189491272 475 206 536 289
face 0.007043510675430298 475 206 536 289
face 0.00703081488609314 475 206 536 289
face 0.006995439529418945 475 206 536 289
face 0.006903976202011108 475 206 536 289
face 0.0068795084953308105 475 206 536 289
face 0.006520867347717285 475 206 536 289
face 0.006427943706512451 475 206 536 289
face 0.006263285875320435 475 206 536 289
face 0.0061896443367004395 475 206 536 289
face 0.0061574578285217285 475 206 536 289
face 0.006135791540145874 475 206 536 289
face 0.006046116352081299 475 206 536 289
face 0.005931854248046875 475 206 536 289
face 0.005909353494644165 475 206 536 289
face 0.005882889032363892 475 206 536 289
face 0.00582769513130188 475 206 536 289
face 0.0057971179485321045 475 206 536 289
face 0.005607277154922485 475 206 536 289
face 0.005563586950302124 475 206 536 289
face 0.005497992038726807 475 206 536 289
face 0.005449175834655762 475 206 536 289
face 0.0053972601890563965 475 206 536 289
face 0.005368083715438843 475 206 536 289
face 0.0052585601806640625 475 206 536 289
face 0.005257755517959595 475 206 536 289
face 0.005250215530395508 475 206 536 289
face 0.0052273571491241455 475 206 536 289
face 0.005221128463745117 475 206 536 289
face 0.005220293998718262 475 206 536 289
face 0.005213886499404907 475 206 536 289
face 0.005168139934539795 475 206 536 289
face 0.005156576633453369 475 206 536 289
face 0.005145996809005737 475 206 536 289
face 0.005132317543029785 475 206 536 289
face 0.005099236965179443 475 206 536 289
face 0.005051255226135254 475 206 536 289
face 0.005049794912338257 475 206 536 289
face 0.005039632320404053 475 206 536 289
face 0.005012005567550659 475 206 536 289
face 0.004961133003234863 475 206 536 289
face 0.004951983690261841 475 206 536 289
face 0.004927158355712891 475 206 536 289
face 0.004898875951766968 475 206 536 289
face 0.004891008138656616 475 206 536 289
face 0.004836529493331909 475 206 536 289
face 0.00470733642578125 475 206 536 289
face 0.0046714842319488525 475 206 536 289
face 0.004664719104766846 475 206 536 289
face 0.004635661840438843 475 206 536 289
face 0.004628360271453857 475 206 536 289
face 0.004605233669281006 475 206 536 289
face 0.004584550857543945 475 206 536 289
face 0.004578828811645508 475 206 536 289
face 0.004561871290206909 475 206 536 289
face 0.004545658826828003 475 206 536 289
face 0.004543125629425049 475 206 536 289
face 0.0044994354248046875 475 206 536 289
face 0.004455506801605225 475 206 536 289
face 0.004441022872924805 475 206 536 289
face 0.004422307014465332 475 206 536 289
face 0.004411935806274414 475 206 536 289
face 0.004392355680465698 475 206 536 289
face 0.004321783781051636 475 206 536 289
face 0.004264563322067261 475 206 536 289
face 0.004216641187667847 475 206 536 289
face 0.004200100898742676 475 206 536 289
face 0.004198551177978516 475 206 536 289
face 0.004180461168289185 475 206 536 289
face 0.004172086715698242 475 206 536 289
face 0.004159301519393921 475 206 536 289
face 0.00408586859703064 475 206 536 289
face 0.004084646701812744 475 206 536 289
face 0.0040596723556518555 475 206 536 289
face 0.004014492034912109 475 206 536 289
face 0.00401034951210022 475 206 536 289
face 0.003940671682357788 475 206 536 289
face 0.0039153993129730225 475 206 536 289
face 0.0039021670818328857 475 206 536 289
face 0.0038945674896240234 475 206 536 289
face 0.0038778483867645264 475 206 536 289
face 0.0038694143295288086 475 206 536 289
face 0.0037910044193267822 475 206 536 289
