face 0.9869399070739746 672 131 706 177
face 0.9860153794288635 284 434 314 480
face 0.9824818968772888 596 167 628 213
face 0.9780592322349548 764 169 798 216
face 0.971097469329834 56 499 103 558
face 0.9668060541152954 963 205 1004 255
face 0.9545559287071228 297 151 327 196
face 0.8998786807060242 673 408 716 464
face 0.794842004776001 716 150 747 194
face 0.7653452157974243 75 157 134 219
face 0.5992945432662964 535 198 578 263
face 0.38737568259239197 535 198 578 263
face 0.33169472217559814 535 198 578 263
face 0.3082858920097351 535 198 578 263
face 0.2949807047843933 535 198 578 263
face 0.2796793282032013 535 198 578 263
face 0.2712627947330475 535 198 578 263
face 0.184213787317276 535 198 578 263
face 0.17440944910049438 535 198 578 263
face 0.13882246613502502 535 198 578 263
face 0.13769549131393433 535 198 578 263
face 0.12535494565963745 535 198 578 263
face 0.08489257097244263 535 198 578 263
face 0.07846972346305847 535 198 578 263
face 0.0778370201587677 535 198 578 263
face 0.07236981391906738 535 198 578 263
face 0.06498882174491882 535 198 578 263
face 0.05945649743080139 535 198 578 263
face 0.058344870805740356 535 198 578 263
face 0.057527631521224976 535 198 578 263
face 0.05262830853462219 535 198 578 263
face 0.052599161863327026 535 198 578 263
face 0.05253306031227112 535 198 578 263
face 0.052403002977371216 535 198 578 263
face 0.04926300048828125 535 198 578 263
face 0.047589391469955444 535 198 578 263
face 0.04625275731086731 535 198 578 263
face 0.04584991931915283 535 198 578 263
face 0.04506105184555054 535 198 578 263
face 0.04281318187713623 535 198 578 263
face 0.04095017910003662 535 198 578 263
face 0.035784006118774414 535 198 578 263
face 0.035456299781799316 535 198 578 263
face 0.03439241647720337 535 198 578 263
face 0.03428292274475098 535 198 578 263
face 0.03327944874763489 535 198 578 263
face 0.033263206481933594 535 198 578 263
face 0.03315091133117676 535 198 578 263
face 0.03301742672920227 535 198 578 263
face 0.032979995012283325 535 198 578 263
face 0.03283756971359253 535 198 578 263
face 0.031746089458465576 535 198 578 263
face 0.03106793761253357 535 198 578 263
face 0.030218034982681274 535 198 578 263
face 0.02948400378227234 535 198 578 263
face 0.029439598321914673 535 198 578 263
face 0.029389500617980957 535 198 578 263
face 0.02917739748954773 535 198 578 263
face 0.02906307578086853 535 198 578 263
face 0.028817951679229736 535 198 578 263
face 0.028519153594970703 535 198 578 263
face 0.028391093015670776 535 198 578 263
face 0.02755841612815857 535 198 578 263
face 0.027385205030441284 535 198 578 263
face 0.0273418128490448 535 198 578 263
face 0.02723008394241333 535 198 578 263
face 0.026933610439300537 535 198 578 263
face 0.02601608633995056 535 198 578 263
face 0.02575075626373291 535 198 578 263
face 0.024921506643295288 535 198 578 263
face 0.023877114057540894 535 198 578 263
face 0.0222150981426239 535 198 578 263
face 0.02130836248397827 535 198 578 263
face 0.021082311868667603 535 198 578 263
face 0.020712673664093018 535 198 578 263
face 0.020404785871505737 535 198 578 263
face 0.020133256912231445 535 198 578 263
face 0.019868791103363037 535 198 578 263
face 0.0196973979473114 535 198 578 263
face 0.019595831632614136 535 198 578 263
face 0.019025593996047974 535 198 578 263
face 0.018998444080352783 535 198 578 263
face 0.018917173147201538 535 198 578 263
face 0.01881033182144165 535 198 578 263
face 0.01877528429031372 535 198 578 263
face 0.018752247095108032 535 198 578 263
face 0.018416941165924072 535 198 578 263
face 0.01840454339981079 535 198 578 263
face 0.01839083433151245 535 198 578 263
face 0.017438650131225586 535 198 578 263
face 0.0173758864402771 535 198 578 263
face 0.017275571823120117 535 198 578 263
face 0.0170135498046875 535 198 578 263
face 0.01683172583580017 535 198 578 263
face 0.016817867755889893 535 198 578 263
face 0.01663494110107422 535 198 578 263
face 0.0166073739528656 535 198 578 263
face 0.016488194465637207 535 198 578 263
face 0.016145050525665283 535 198 578 263
face 0.01608431339263916 535 198 578 263
