face 0.9965648651123047 724 260 751 294
face 0.9953067302703857 390 226 416 258
face 0.9536621570587158 895 146 915 172
face 0.9016314744949341 817 248 842 279
face 0.8923612833023071 515 285 540 313
face 0.8710834980010986 654 225 680 260
face 0.8442723751068115 385 283 409 315
face 0.8387819528579712 295 222 316 250
face 0.7348860502243042 295 246 317 276
face 0.7248219847679138 945 151 960 171
face 0.6566464900970459 254 243 279 276
face 0.6121256947517395 842 133 857 152
face 0.5945180654525757 638 221 664 261
face 0.5175101161003113 740 229 761 255
face 0.48133039474487305 740 229 761 255
face 0.3403852880001068 740 229 761 255
face 0.33628857135772705 740 229 761 255
face 0.331484854221344 740 229 761 255
face 0.2764630913734436 740 229 761 255
face 0.2664676606655121 740 229 761 255
face 0.24679481983184814 740 229 761 255
face 0.2260800302028656 740 229 761 255
face 0.22017422318458557 740 229 761 255
face 0.2080186903476715 740 229 761 255
face 0.1720326840877533 740 229 761 255
face 0.1471371352672577 740 229 761 255
face 0.12397900223731995 740 229 761 255
face 0.10653021931648254 740 229 761 255
face 0.10534027218818665 740 229 761 255
face 0.10493528842926025 740 229 761 255
face 0.09399202466011047 740 229 761 255
face 0.08871033787727356 740 229 761 255
face 0.08730316162109375 740 229 761 255
face 0.08054032921791077 740 229 761 255
face 0.07313889265060425 740 229 761 255
face 0.07082274556159973 740 229 761 255
face 0.06919845938682556 740 229 761 255
face 0.06744372844696045 740 229 761 255
face 0.06256324052810669 740 229 761 255
face 0.06007668375968933 740 229 761 255
face 0.059181392192840576 740 229 761 255
face 0.05711090564727783 740 229 761 255
face 0.05063024163246155 740 229 761 255
face 0.04948163032531738 740 229 761 255
face 0.04574182629585266 740 229 761 255
face 0.040775805711746216 740 229 761 255
face 0.03847953677177429 740 229 761 255
face 0.036778658628463745 740 229 761 255
face 0.03447827696800232 740 229 761 255
face 0.03356635570526123 740 229 761 255
face 0.03305467963218689 740 229 761 255
face 0.032198697328567505 740 229 761 255
face 0.031111150979995728 740 229 761 255
face 0.031011909246444702 740 229 761 255
face 0.029884368181228638 740 229 761 255
face 0.027781128883361816 740 229 761 255
face 0.026380479335784912 740 229 761 255
face 0.025391995906829834 740 229 761 255
face 0.02519819140434265 740 229 761 255
face 0.024929076433181763 740 229 761 255
face 0.0243358314037323 740 229 761 255
face 0.02392151951789856 740 229 761 255
face 0.023071616888046265 740 229 761 255
face 0.022309690713882446 740 229 761 255
face 0.02130141854286194 740 229 761 255
face 0.021156400442123413 740 229 761 255
face 0.020236849784851074 740 229 761 255
face 0.020131707191467285 740 229 761 255
face 0.01978689432144165 740 229 761 255
face 0.019749075174331665 740 229 761 255
face 0.019690275192260742 740 229 761 255
face 0.01907631754875183 740 229 761 255
face 0.019030362367630005 740 229 761 255
face 0.01897364854812622 740 229 761 255
face 0.018174469470977783 740 229 761 255
face 0.017551958560943604 740 229 761 255
face 0.017437100410461426 740 229 761 255
face 0.017098993062973022 740 229 761 255
face 0.017075926065444946 740 229 761 255
face 0.016595512628555298 740 229 761 255
face 0.016539186239242554 740 229 761 255
face 0.016421735286712646 740 229 761 255
face 0.0160750150680542 740 229 761 255
face 0.015955865383148193 740 229 761 255
face 0.015879660844802856 740 229 761 255
face 0.015559077262878418 740 229 761 255
face 0.015255957841873169 740 229 761 255
face 0.015033990144729614 740 229 761 255
face 0.015024065971374512 740 229 761 255
face 0.01465103030204773 740 229 761 255
face 0.01442667841911316 740 229 761 255
face 0.014214694499969482 740 229 761 255
face 0.013879388570785522 740 229 761 255
face 0.01385277509689331 740 229 761 255
face 0.013823837041854858 740 229 761 255
face 0.013569533824920654 740 229 761 255
face 0.013553529977798462 740 229 761 255
face 0.013539135456085205 740 229 761 255
face 0.013402998447418213 740 229 761 255
face 0.013308852910995483 740 229 761 255
