face 0.9039262533187866 10 190 33 219
face 0.5433287024497986 71 185 90 205
face 0.4912394881248474 71 185 90 205
face 0.2401852309703827 71 185 90 205
face 0.23822009563446045 71 185 90 205
face 0.20748478174209595 71 185 90 205
face 0.09393209218978882 71 185 90 205
face 0.09087395668029785 71 185 90 205
face 0.08363127708435059 71 185 90 205
face 0.0817231833934784 71 185 90 205
face 0.07802236080169678 71 185 90 205
face 0.07297134399414062 71 185 90 205
face 0.07275569438934326 71 185 90 205
face 0.06832775473594666 71 185 90 205
face 0.06282034516334534 71 185 90 205
face 0.06261706352233887 71 185 90 205
face 0.05937224626541138 71 185 90 205
face 0.05877488851547241 71 185 90 205
face 0.057306528091430664 71 185 90 205
face 0.05707868933677673 71 185 90 205
face 0.05262798070907593 71 185 90 205
face 0.0511726438999176 71 185 90 205
face 0.04818031191825867 71 185 90 205
face 0.04772186279296875 71 185 90 205
face 0.046884775161743164 71 185 90 205
face 0.0435602068901062 71 185 90 205
face 0.042751312255859375 71 185 90 205
face 0.04217711091041565 71 185 90 205
face 0.03964695334434509 71 185 90 205
face 0.038628727197647095 71 185 90 205
face 0.03693005442619324 71 185 90 205
face 0.036644548177719116 71 185 90 205
face 0.03570672869682312 71 185 90 205
face 0.03570029139518738 71 185 90 205
face 0.0350823700428009 71 185 90 205
face 0.03256067633628845 71 185 90 205
face 0.030985534191131592 71 185 90 205
face 0.03083893656730652 71 185 90 205
face 0.029333561658859253 71 185 90 205
face 0.02917596697807312 71 185 90 205
face 0.028757750988006592 71 185 90 205
face 0.02868548035621643 71 185 90 205
face 0.027700752019882202 71 185 90 205
face 0.026660948991775513 71 185 90 205
face 0.026584208011627197 71 185 90 205
face 0.025586068630218506 71 185 90 205
face 0.025468409061431885 71 185 90 205
face 0.025399982929229736 71 185 90 205
face 0.02505156397819519 71 185 90 205
face 0.024967342615127563 71 185 90 205
face 0.024561047554016113 71 185 90 205
face 0.023915022611618042 71 185 90 205
face 0.023379504680633545 71 185 90 205
face 0.023184984922409058 71 185 90 205
face 0.02279573678970337 71 185 90 205
face 0.022223353385925293 71 185 90 205
face 0.022148996591567993 71 185 90 205
face 0.02207532525062561 71 185 90 205
face 0.021603047847747803 71 185 90 205
face 0.02115190029144287 71 185 90 205
face 0.02113327383995056 71 185 90 205
face 0.020966559648513794 71 185 90 205
face 0.0206298828125 71 185 90 205
face 0.020547717809677124 71 185 90 205
face 0.020494788885116577 71 185 90 205
face 0.020394831895828247 71 185 90 205
face 0.019831538200378418 71 185 90 205
face 0.019613027572631836 71 185 90 205
face 0.01944732666015625 71 185 90 205
face 0.019115149974822998 71 185 90 205
face 0.018953144550323486 71 185 90 205
face 0.018603414297103882 71 185 90 205
face 0.018505454063415527 71 185 90 205
face 0.01847153902053833 71 185 90 205
face 0.018405407667160034 71 185 90 205
face 0.018046259880065918 71 185 90 205
face 0.017934560775756836 71 185 90 205
face 0.017280638217926025 71 185 90 205
face 0.016955584287643433 71 185 90 205
face 0.016754895448684692 71 185 90 205
face 0.016754448413848877 71 185 90 205
face 0.016560912132263184 71 185 90 205
face 0.01650005578994751 71 185 90 205
face 0.01625758409500122 71 185 90 205
face 0.016118735074996948 71 185 90 205
face 0.016041427850723267 71 185 90 205
face 0.015982627868652344 71 185 90 205
face 0.015312761068344116 71 185 90 205
face 0.015310108661651611 71 185 90 205
face 0.015079915523529053 71 185 90 205
face 0.015033543109893799 71 185 90 205
face 0.014856606721878052 71 185 90 205
face 0.014836311340332031 71 185 90 205
face 0.014831453561782837 71 185 90 205
face 0.014739513397216797 71 185 90 205
face 0.014725744724273682 71 185 90 205
face 0.014560878276824951 71 185 90 205
face 0.014405369758605957 71 185 90 205
face 0.014276206493377686 71 185 90 205
face 0.014221876859664917 71 185 90 205
