face 0.9627048969268799 974 178 1004 210
face 0.8584315776824951 61 47 120 132
face 0.6125348210334778 762 158 787 187
face 0.5850256681442261 607 174 629 201
face 0.5399582982063293 209 86 252 142
face 0.49603569507598877 209 86 252 142
face 0.38478556275367737 209 86 252 142
face 0.30969497561454773 209 86 252 142
face 0.29891279339790344 209 86 252 142
face 0.29785001277923584 209 86 252 142
face 0.24532529711723328 209 86 252 142
face 0.22049391269683838 209 86 252 142
face 0.17788264155387878 209 86 252 142
face 0.14873835444450378 209 86 252 142
face 0.10354238748550415 209 86 252 142
face 0.10168185830116272 209 86 252 142
face 0.10019281506538391 209 86 252 142
face 0.09976771473884583 209 86 252 142
face 0.09787997603416443 209 86 252 142
face 0.0909835696220398 209 86 252 142
face 0.09097722172737122 209 86 252 142
face 0.08530399203300476 209 86 252 142
face 0.08416670560836792 209 86 252 142
face 0.07922711968421936 209 86 252 142
face 0.07698091864585876 209 86 252 142
face 0.07574591040611267 209 86 252 142
face 0.06960859894752502 209 86 252 142
face 0.06748032569885254 209 86 252 142
face 0.06606265902519226 209 86 252 142
face 0.06561553478240967 209 86 252 142
face 0.065469890832901 209 86 252 142
face 0.06391468644142151 209 86 252 142
face 0.06334152817726135 209 86 252 142
face 0.062025487422943115 209 86 252 142
face 0.06003856658935547 209 86 252 142
face 0.059603363275527954 209 86 252 142
face 0.05944213271141052 209 86 252 142
face 0.05891609191894531 209 86 252 142
face 0.05819171667098999 209 86 252 142
face 0.05796197056770325 209 86 252 142
face 0.057947009801864624 209 86 252 142
face 0.055519670248031616 209 86 252 142
face 0.05520832538604736 209 86 252 142
face 0.05460387468338013 209 86 252 142
face 0.05232211947441101 209 86 252 142
face 0.051875799894332886 209 86 252 142
face 0.05167984962463379 209 86 252 142
face 0.05030384659767151 209 86 252 142
face 0.04869303107261658 209 86 252 142
face 0.04826423525810242 209 86 252 142
face 0.04680144786834717 209 86 252 142
face 0.04592093825340271 209 86 252 142
face 0.04516059160232544 209 86 252 142
face 0.042231082916259766 209 86 252 142
face 0.040567755699157715 209 86 252 142
face 0.040147870779037476 209 86 252 142
face 0.03703257441520691 209 86 252 142
face 0.036974042654037476 209 86 252 142
face 0.03665396571159363 209 86 252 142
face 0.03650236129760742 209 86 252 142
face 0.034696996212005615 209 86 252 142
face 0.034391820430755615 209 86 252 142
face 0.03327411413192749 209 86 252 142
face 0.0331709086894989 209 86 252 142
face 0.032710105180740356 209 86 252 142
face 0.03222477436065674 209 86 252 142
face 0.029900342226028442 209 86 252 142
face 0.0295257568359375 209 86 252 142
face 0.028664112091064453 209 86 252 142
face 0.028490573167800903 209 86 252 142
face 0.02661663293838501 209 86 252 142
face 0.02640432119369507 209 86 252 142
face 0.025850504636764526 209 86 252 142
face 0.025303751230239868 209 86 252 142
face 0.025180131196975708 209 86 252 142
face 0.024913668632507324 209 86 252 142
face 0.02480068802833557 209 86 252 142
face 0.024360179901123047 209 86 252 142
face 0.024039506912231445 209 86 252 142
face 0.0238608717918396 209 86 252 142
face 0.02142643928527832 209 86 252 142
face 0.02132079005241394 209 86 252 142
face 0.021000266075134277 209 86 252 142
face 0.020688295364379883 209 86 252 142
face 0.020589858293533325 209 86 252 142
face 0.020370513200759888 209 86 252 142
face 0.02021661400794983 209 86 252 142
face 0.02020898461341858 209 86 252 142
face 0.02002042531967163 209 86 252 142
face 0.019992172718048096 209 86 252 142
face 0.019968867301940918 209 86 252 142
face 0.019953757524490356 209 86 252 142
face 0.019922524690628052 209 86 252 142
face 0.0198899507522583 209 86 252 142
face 0.019866257905960083 209 86 252 142
face 0.01936700940132141 209 86 252 142
face 0.01877504587173462 209 86 252 142
face 0.018336117267608643 209 86 252 142
face 0.01815950870513916 209 86 252 142
face 0.017692387104034424 209 86 252 142
