face 0.9957587718963623 498 152 663 375
face 0.036256104707717896 498 152 663 375
face 0.021393269300460815 498 152 663 375
face 0.019276857376098633 498 152 663 375
face 0.01786467432975769 498 152 663 375
face 0.016856133937835693 498 152 663 375
face 0.016392379999160767 498 152 663 375
face 0.016007184982299805 498 152 663 375
face 0.015989035367965698 498 152 663 375
face 0.013173490762710571 498 152 663 375
face 0.010954439640045166 498 152 663 375
face 0.010923892259597778 498 152 663 375
face 0.010449767112731934 498 152 663 375
face 0.009636610746383667 498 152 663 375
face 0.009591370820999146 498 152 663 375
face 0.009267657995223999 498 152 663 375
face 0.008748948574066162 498 152 663 375
face 0.008333355188369751 498 152 663 375
face 0.008154720067977905 498 152 663 375
face 0.007978111505508423 498 152 663 375
face 0.007437199354171753 498 152 663 375
face 0.007267355918884277 498 152 663 375
face 0.007248908281326294 498 152 663 375
face 0.006966680288314819 498 152 663 375
face 0.0068891048431396484 498 152 663 375
face 0.006489574909210205 498 152 663 375
face 0.006389886140823364 498 152 663 375
face 0.0061643123626708984 498 152 663 375
face 0.005789577960968018 498 152 663 375
face 0.005548208951950073 498 152 663 375
face 0.0054756999015808105 498 152 663 375
face 0.005259007215499878 498 152 663 375
face 0.005101978778839111 498 152 663 375
face 0.004759788513183594 498 152 663 375
face 0.00447198748588562 498 152 663 375
face 0.004376918077468872 498 152 663 375
face 0.004262149333953857 498 152 663 375
face 0.004006534814834595 498 152 663 375
face 0.003981977701187134 498 152 663 375
face 0.0036510825157165527 498 152 663 375
face 0.003542780876159668 498 152 663 375
face 0.0035377144813537598 498 152 663 375
face 0.003314077854156494 498 152 663 375
face 0.0031790435314178467 498 152 663 375
face 0.0030308663845062256 498 152 663 375
face 0.003005504608154297 498 152 663 375
face 0.0027505159378051758 498 152 663 375
face 0.002715885639190674 498 152 663 375
face 0.002622276544570923 498 152 663 375
face 0.0025424957275390625 498 152 663 375
face 0.002490103244781494 498 152 663 375
face 0.002471357583999634 498 152 663 375
face 0.002471238374710083 498 152 663 375
face 0.0024119913578033447 498 152 663 375
face 0.002375394105911255 498 152 663 375
face 0.0023269355297088623 498 152 663 375
face 0.0023089051246643066 498 152 663 375
face 0.002188742160797119 498 152 663 375
face 0.002186715602874756 498 152 663 375
face 0.002184629440307617 498 152 663 375
face 0.002159804105758667 498 152 663 375
face 0.0021023154258728027 498 152 663 375
face 0.00209692120552063 498 152 663 375
face 0.0020941197872161865 498 152 663 375
face 0.002068817615509033 498 152 663 375
face 0.0020278990268707275 498 152 663 375
face 0.0020179152488708496 498 152 663 375
face 0.0020107924938201904 498 152 663 375
face 0.002006441354751587 498 152 663 375
face 0.001974761486053467 498 152 663 375
face 0.0019063353538513184 498 152 663 375
face 0.0018988549709320068 498 152 663 375
face 0.0018805265426635742 498 152 663 375
face 0.0018774569034576416 498 152 663 375
face 0.0018526017665863037 498 152 663 375
face 0.0018474757671356201 498 152 663 375
face 0.0018288493156433105 498 152 663 375
face 0.0018251240253448486 498 152 663 375
face 0.0017958879470825195 498 152 663 375
face 0.0017794966697692871 498 152 663 375
face 0.001779019832611084 498 152 663 375
face 0.001769423484802246 498 152 663 375
face 0.001764148473739624 498 152 663 375
face 0.0017474591732025146 498 152 663 375
face 0.0017458200454711914 498 152 663 375
face 0.001739501953125 498 152 663 375
face 0.0017262101173400879 498 152 663 375
face 0.001724928617477417 498 152 663 375
face 0.0017061829566955566 498 152 663 375
face 0.001695096492767334 498 152 663 375
face 0.0016920864582061768 498 152 663 375
face 0.001690685749053955 498 152 663 375
face 0.0016862452030181885 498 152 663 375
face 0.0016764700412750244 498 152 663 375
face 0.0016609132289886475 498 152 663 375
face 0.0016591846942901611 498 152 663 375
face 0.0016542375087738037 498 152 663 375
face 0.0016513466835021973 498 152 663 375
face 0.0016248524188995361 498 152 663 375
face 0.0016207098960876465 498 152 663 375
