face 0.9161803126335144 794 59 885 189
face 0.888437032699585 480 116 569 236
face 0.779342532157898 122 65 213 197
face 0.007925450801849365 122 65 213 197
face 0.007553815841674805 122 65 213 197
face 0.006643921136856079 122 65 213 197
face 0.0065801143646240234 122 65 213 197
face 0.00593113899230957 122 65 213 197
face 0.004732370376586914 122 65 213 197
face 0.004708647727966309 122 65 213 197
face 0.004570990800857544 122 65 213 197
face 0.004112273454666138 122 65 213 197
face 0.0038859546184539795 122 65 213 197
face 0.003827303647994995 122 65 213 197
face 0.0038257241249084473 122 65 213 197
face 0.003682464361190796 122 65 213 197
face 0.003347039222717285 122 65 213 197
face 0.0032472610473632812 122 65 213 197
face 0.003229469060897827 122 65 213 197
face 0.002892136573791504 122 65 213 197
face 0.0028155744075775146 122 65 213 197
face 0.002652794122695923 122 65 213 197
face 0.0026134848594665527 122 65 213 197
face 0.0025406479835510254 122 65 213 197
face 0.0025067925453186035 122 65 213 197
face 0.002434670925140381 122 65 213 197
face 0.002429485321044922 122 65 213 197
face 0.002395331859588623 122 65 213 197
face 0.0023238956928253174 122 65 213 197
face 0.002311021089553833 122 65 213 197
face 0.0022816359996795654 122 65 213 197
face 0.002255737781524658 122 65 213 197
face 0.0022444427013397217 122 65 213 197
face 0.0022434890270233154 122 65 213 197
face 0.002210080623626709 122 65 213 197
face 0.0021001100540161133 122 65 213 197
face 0.002092033624649048 122 65 213 197
face 0.0020747780799865723 122 65 213 197
face 0.0020336806774139404 122 65 213 197
face 0.0019739866256713867 122 65 213 197
face 0.0019359290599822998 122 65 213 197
face 0.0019329488277435303 122 65 213 197
face 0.0019258558750152588 122 65 213 197
face 0.0019238591194152832 122 65 213 197
face 0.0018526017665863037 122 65 213 197
face 0.001851111650466919 122 65 213 197
face 0.0018420815467834473 122 65 213 197
face 0.0018187165260314941 122 65 213 197
face 0.001817256212234497 122 65 213 197
face 0.001801222562789917 122 65 213 197
face 0.0017851591110229492 122 65 213 197
face 0.0017708241939544678 122 65 213 197
face 0.0017626583576202393 122 65 213 197
face 0.0017295479774475098 122 65 213 197
face 0.0017220377922058105 122 65 213 197
face 0.001713484525680542 122 65 213 197
face 0.0017127394676208496 122 65 213 197
face 0.001684814691543579 122 65 213 197
face 0.0016803443431854248 122 65 213 197
face 0.0016510188579559326 122 65 213 197
face 0.0016457438468933105 122 65 213 197
face 0.0016456842422485352 122 65 213 197
face 0.0016420185565948486 122 65 213 197
face 0.0016357600688934326 122 65 213 197
face 0.0016343295574188232 122 65 213 197
face 0.00163230299949646 122 65 213 197
face 0.0016036629676818848 122 65 213 197
face 0.0015976428985595703 122 65 213 197
face 0.0015944838523864746 122 65 213 197
face 0.0015851259231567383 122 65 213 197
face 0.0015843212604522705 122 65 213 197
face 0.0015827715396881104 122 65 213 197
face 0.001572936773300171 122 65 213 197
face 0.0015437602996826172 122 65 213 197
face 0.0015270411968231201 122 65 213 197
face 0.0015247166156768799 122 65 213 197
face 0.0015224814414978027 122 65 213 197
face 0.0015081465244293213 122 65 213 197
face 0.0015059411525726318 122 65 213 197
face 0.0015033483505249023 122 65 213 197
face 0.0014929771423339844 122 65 213 197
face 0.0014901161193847656 122 65 213 197
face 0.0014878511428833008 122 65 213 197
face 0.001483917236328125 122 65 213 197
face 0.0014783740043640137 122 65 213 197
face 0.0014745593070983887 122 65 213 197
face 0.0014707446098327637 122 65 213 197
face 0.0014518797397613525 122 65 213 197
face 0.0014365315437316895 122 65 213 197
face 0.0014348626136779785 122 65 213 197
face 0.0014326870441436768 122 65 213 197
face 0.0014195740222930908 122 65 213 197
face 0.0014181733131408691 122 65 213 197
face 0.0014011561870574951 122 65 213 197
face 0.0014005601406097412 122 65 213 197
face 0.0013942122459411621 122 65 213 197
face 0.001394122838973999 122 65 213 197
face 0.0013841688632965088 122 65 213 197
face 0.0013759732246398926 122 65 213 197
face 0.0013516247272491455 122 65 213 197
