face 0.9964346885681152 398 25 430 66
face 0.994707465171814 517 42 545 77
face 0.9895904064178467 138 5 169 39
face 0.9874221086502075 233 7 265 45
face 0.968986988067627 656 48 685 78
face 0.9452270269393921 62 2 96 36
face 0.8986090421676636 7 5 51 49
face 0.8849384784698486 103 28 136 64
face 0.8702118396759033 772 37 800 68
face 0.8580483198165894 950 48 979 85
face 0.8491263389587402 356 35 378 63
face 0.714880645275116 552 116 602 179
face 0.5977993607521057 922 72 949 108
face 0.5691390633583069 714 38 738 66
face 0.5535163879394531 199 32 223 58
face 0.5261805653572083 947 0 973 26
face 0.4923256039619446 947 0 973 26
face 0.4688189923763275 947 0 973 26
face 0.4334317743778229 947 0 973 26
face 0.38802284002304077 947 0 973 26
face 0.36256659030914307 947 0 973 26
face 0.3547115623950958 947 0 973 26
face 0.34924644231796265 947 0 973 26
face 0.31903523206710815 947 0 973 26
face 0.23332417011260986 947 0 973 26
face 0.19859153032302856 947 0 973 26
face 0.19302958250045776 947 0 973 26
face 0.19215470552444458 947 0 973 26
face 0.14991062879562378 947 0 973 26
face 0.14744144678115845 947 0 973 26
face 0.08860611915588379 947 0 973 26
face 0.08833742141723633 947 0 973 26
face 0.0829818844795227 947 0 973 26
face 0.08296388387680054 947 0 973 26
face 0.06728488206863403 947 0 973 26
face 0.06580579280853271 947 0 973 26
face 0.06088989973068237 947 0 973 26
face 0.05271986126899719 947 0 973 26
face 0.04489731788635254 947 0 973 26
face 0.03992244601249695 947 0 973 26
face 0.03582218289375305 947 0 973 26
face 0.03475642204284668 947 0 973 26
face 0.03364476561546326 947 0 973 26
face 0.029087483882904053 947 0 973 26
face 0.028980106115341187 947 0 973 26
face 0.02617594599723816 947 0 973 26
face 0.02551087737083435 947 0 973 26
face 0.02532300353050232 947 0 973 26
face 0.024720996618270874 947 0 973 26
face 0.019169539213180542 947 0 973 26
face 0.017453640699386597 947 0 973 26
face 0.015802890062332153 947 0 973 26
face 0.014535307884216309 947 0 973 26
face 0.014425814151763916 947 0 973 26
face 0.01279294490814209 947 0 973 26
face 0.012009531259536743 947 0 973 26
face 0.010641604661941528 947 0 973 26
face 0.010237276554107666 947 0 973 26
face 0.009962916374206543 947 0 973 26
face 0.009883850812911987 947 0 973 26
face 0.009487569332122803 947 0 973 26
face 0.009012997150421143 947 0 973 26
face 0.008734166622161865 947 0 973 26
face 0.008498847484588623 947 0 973 26
face 0.008087605237960815 947 0 973 26
face 0.008026182651519775 947 0 973 26
face 0.007736951112747192 947 0 973 26
face 0.007383465766906738 947 0 973 26
face 0.007275193929672241 947 0 973 26
face 0.007108211517333984 947 0 973 26
face 0.007045537233352661 947 0 973 26
face 0.007000565528869629 947 0 973 26
face 0.006986796855926514 947 0 973 26
face 0.0068988800048828125 947 0 973 26
face 0.00680503249168396 947 0 973 26
face 0.00674062967300415 947 0 973 26
face 0.006713271141052246 947 0 973 26
face 0.00669214129447937 947 0 973 26
face 0.006457477807998657 947 0 973 26
face 0.006372243165969849 947 0 973 26
face 0.006299227476119995 947 0 973 26
face 0.006034940481185913 947 0 973 26
face 0.005904525518417358 947 0 973 26
face 0.005874216556549072 947 0 973 26
face 0.00575140118598938 947 0 973 26
face 0.005706667900085449 947 0 973 26
face 0.0057062506675720215 947 0 973 26
face 0.005631148815155029 947 0 973 26
face 0.005629926919937134 947 0 973 26
face 0.005601823329925537 947 0 973 26
face 0.005532324314117432 947 0 973 26
face 0.005525797605514526 947 0 973 26
face 0.005370646715164185 947 0 973 26
face 0.005350589752197266 947 0 973 26
face 0.005344033241271973 947 0 973 26
face 0.005261838436126709 947 0 973 26
face 0.005170971155166626 947 0 973 26
face 0.0050310492515563965 947 0 973 26
face 0.005022168159484863 947 0 973 26
face 0.00499299168586731 947 0 973 26
