face 0.87294602394104 285 235 310 272
face 0.8459042310714722 135 202 159 231
face 0.8404097557067871 392 257 413 289
face 0.8275310397148132 839 410 863 449
face 0.7504963874816895 799 237 818 264
face 0.7254384160041809 442 223 462 254
face 0.5964840054512024 902 213 918 237
face 0.5760034322738647 713 229 731 254
face 0.5714341998100281 510 254 529 290
face 0.4980403780937195 510 254 529 290
face 0.45789268612861633 510 254 529 290
face 0.35275134444236755 510 254 529 290
face 0.312818318605423 510 254 529 290
face 0.29339057207107544 510 254 529 290
face 0.28996190428733826 510 254 529 290
face 0.2801826596260071 510 254 529 290
face 0.2742975950241089 510 254 529 290
face 0.2360013723373413 510 254 529 290
face 0.21569183468818665 510 254 529 290
face 0.19778063893318176 510 254 529 290
face 0.18969029188156128 510 254 529 290
face 0.18802765011787415 510 254 529 290
face 0.1780330240726471 510 254 529 290
face 0.16453632712364197 510 254 529 290
face 0.160715252161026 510 254 529 290
face 0.15090957283973694 510 254 529 290
face 0.14243295788764954 510 254 529 290
face 0.13679781556129456 510 254 529 290
face 0.12688282132148743 510 254 529 290
face 0.11950716376304626 510 254 529 290
face 0.11671841144561768 510 254 529 290
face 0.11060702800750732 510 254 529 290
face 0.10588744282722473 510 254 529 290
face 0.10519823431968689 510 254 529 290
face 0.0968761146068573 510 254 529 290
face 0.07547670602798462 510 254 529 290
face 0.07416781783103943 510 254 529 290
face 0.07320928573608398 510 254 529 290
face 0.07285764813423157 510 254 529 290
face 0.07187002897262573 510 254 529 290
face 0.06738895177841187 510 254 529 290
face 0.06382197141647339 510 254 529 290
face 0.06159201264381409 510 254 529 290
face 0.059808701276779175 510 254 529 290
face 0.049154311418533325 510 254 529 290
face 0.04712784290313721 510 254 529 290
face 0.04475259780883789 510 254 529 290
face 0.04443022608757019 510 254 529 290
face 0.043729931116104126 510 254 529 290
face 0.041086435317993164 510 254 529 290
face 0.0384255051612854 510 254 529 290
face 0.03227180242538452 510 254 529 290
face 0.03113698959350586 510 254 529 290
face 0.030657202005386353 510 254 529 290
face 0.029942631721496582 510 254 529 290
face 0.029781430959701538 510 254 529 290
face 0.029027611017227173 510 254 529 290
face 0.028955429792404175 510 254 529 290
face 0.028815388679504395 510 254 529 290
face 0.02713748812675476 510 254 529 290
face 0.02675655484199524 510 254 529 290
face 0.026551276445388794 510 254 529 290
face 0.025633126497268677 510 254 529 290
face 0.02458283305168152 510 254 529 290
face 0.023728758096694946 510 254 529 290
face 0.022592157125473022 510 254 529 290
face 0.021750718355178833 510 254 529 290
face 0.021458297967910767 510 254 529 290
face 0.019317179918289185 510 254 529 290
face 0.017555832862854004 510 254 529 290
face 0.01689186692237854 510 254 529 290
face 0.016670703887939453 510 254 529 290
face 0.016085177659988403 510 254 529 290
face 0.016073137521743774 510 254 529 290
face 0.015438884496688843 510 254 529 290
face 0.01498076319694519 510 254 529 290
face 0.014935791492462158 510 254 529 290
face 0.013171494007110596 510 254 529 290
face 0.012493371963500977 510 254 529 290
face 0.011035144329071045 510 254 529 290
face 0.01086321473121643 510 254 529 290
face 0.010856568813323975 510 254 529 290
face 0.010802388191223145 510 254 529 290
face 0.01019752025604248 510 254 529 290
face 0.00974041223526001 510 254 529 290
face 0.009568601846694946 510 254 529 290
face 0.009265631437301636 510 254 529 290
face 0.009159982204437256 510 254 529 290
face 0.008891165256500244 510 254 529 290
face 0.008693426847457886 510 254 529 290
face 0.008492112159729004 510 254 529 290
face 0.008439332246780396 510 254 529 290
face 0.008320152759552002 510 254 529 290
face 0.008046954870223999 510 254 529 290
face 0.00803104043006897 510 254 529 290
face 0.00799494981765747 510 254 529 290
face 0.007911384105682373 510 254 529 290
face 0.007659316062927246 510 254 529 290
face 0.007473766803741455 510 254 529 290
face 0.007347404956817627 510 254 529 290
