face 0.992771565914154 261 62 401 249
face 0.01805204153060913 261 62 401 249
face 0.015157550573348999 261 62 401 249
face 0.011948049068450928 261 62 401 249
face 0.010335206985473633 261 62 401 249
face 0.010070949792861938 261 62 401 249
face 0.009521305561065674 261 62 401 249
face 0.009478211402893066 261 62 401 249
face 0.009236067533493042 261 62 401 249
face 0.009219557046890259 261 62 401 249
face 0.008944481611251831 261 62 401 249
face 0.008717000484466553 261 62 401 249
face 0.0084858238697052 261 62 401 249
face 0.008479446172714233 261 62 401 249
face 0.008441239595413208 261 62 401 249
face 0.008316278457641602 261 62 401 249
face 0.008295297622680664 261 62 401 249
face 0.00806581974029541 261 62 401 249
face 0.008054941892623901 261 62 401 249
face 0.007991492748260498 261 62 401 249
face 0.007733970880508423 261 62 401 249
face 0.007526606321334839 261 62 401 249
face 0.007304251194000244 261 62 401 249
face 0.007284492254257202 261 62 401 249
face 0.00727197527885437 261 62 401 249
face 0.0072536468505859375 261 62 401 249
face 0.00722077488899231 261 62 401 249
face 0.0072164833545684814 261 62 401 249
face 0.007152676582336426 261 62 401 249
face 0.0070836544036865234 261 62 401 249
face 0.007079362869262695 261 62 401 249
face 0.0069893598556518555 261 62 401 249
face 0.006978154182434082 261 62 401 249
face 0.006673365831375122 261 62 401 249
face 0.0066449642181396484 261 62 401 249
face 0.00663408637046814 261 62 401 249
face 0.006538361310958862 261 62 401 249
face 0.006428122520446777 261 62 401 249
face 0.006390124559402466 261 62 401 249
face 0.006339758634567261 261 62 401 249
face 0.0063104331493377686 261 62 401 249
face 0.006281465291976929 261 62 401 249
face 0.006275564432144165 261 62 401 249
face 0.006226778030395508 261 62 401 249
face 0.006203323602676392 261 62 401 249
face 0.006159854121506214 261 62 401 249
face 0.006118088960647583 261 62 401 249
face 0.006029218435287476 261 62 401 249
face 0.005977421998977661 261 62 401 249
face 0.005900025367736816 261 62 401 249
face 0.0058920979499816895 261 62 401 249
face 0.0058820247650146484 261 62 401 249
face 0.005832672119140625 261 62 401 249
face 0.00581851601600647 261 62 401 249
face 0.005801200866699219 261 62 401 249
face 0.005801111459732056 261 62 401 249
face 0.005793094635009766 261 62 401 249
face 0.0057784318923950195 261 62 401 249
face 0.005767732858657837 261 62 401 249
face 0.0057083964347839355 261 62 401 249
face 0.005688518285751343 261 62 401 249
face 0.005674570798873901 261 62 401 249
face 0.005636155605316162 261 62 401 249
face 0.0055735111236572266 261 62 401 249
face 0.005567878484725952 261 62 401 249
face 0.005535393953323364 261 62 401 249
face 0.005517095327377319 261 62 401 249
face 0.0054780542850494385 261 62 401 249
face 0.005417317152023315 261 62 401 249
face 0.005368560552597046 261 62 401 249
face 0.0052904486656188965 261 62 401 249
face 0.005129605531692505 261 62 401 249
face 0.0051100850105285645 261 62 401 249
face 0.005085378885269165 261 62 401 249
face 0.005051761865615845 261 62 401 249
face 0.005046874284744263 261 62 401 249
face 0.004962623119354248 261 62 401 249
face 0.004944562911987305 261 62 401 249
face 0.004921317100524902 261 62 401 249
face 0.004898339509963989 261 62 401 249
face 0.00487971305847168 261 62 401 249
face 0.004850327968597412 261 62 401 249
face 0.00476527214050293 261 62 401 249
face 0.00473332405090332 261 62 401 249
face 0.004710078239440918 261 62 401 249
face 0.004640430212020874 261 62 401 249
face 0.004584461450576782 261 62 401 249
face 0.004569917917251587 261 62 401 249
face 0.0045088231563568115 261 62 401 249
face 0.004499226808547974 261 62 401 249
face 0.00447884202003479 261 62 401 249
face 0.004475533962249756 261 62 401 249
face 0.004461944103240967 261 62 401 249
face 0.004455745220184326 261 62 401 249
face 0.004405230283737183 261 62 401 249
face 0.004393965005874634 261 62 401 249
face 0.004381954669952393 261 62 401 249
face 0.004361093044281006 261 62 401 249
face 0.0043555498123168945 261 62 401 249
face 0.004342317581176758 261 62 401 249
