face 0.9778202772140503 102 417 137 468
face 0.9250856637954712 240 317 267 357
face 0.9179542064666748 173 95 219 147
face 0.7797473669052124 467 382 522 439
face 0.5069418549537659 316 238 339 266
face 0.36126503348350525 316 238 339 266
face 0.3523378372192383 316 238 339 266
face 0.29802003502845764 316 238 339 266
face 0.23053616285324097 316 238 339 266
face 0.2169773280620575 316 238 339 266
face 0.19831395149230957 316 238 339 266
face 0.15421640872955322 316 238 339 266
face 0.12638869881629944 316 238 339 266
face 0.1221139132976532 316 238 339 266
face 0.11021652817726135 316 238 339 266
face 0.1027475893497467 316 238 339 266
face 0.09614145755767822 316 238 339 266
face 0.09322628378868103 316 238 339 266
face 0.08956378698348999 316 238 339 266
face 0.0850214958190918 316 238 339 266
face 0.07529976963996887 316 238 339 266
face 0.07404285669326782 316 238 339 266
face 0.07141339778900146 316 238 339 266
face 0.06975042819976807 316 238 339 266
face 0.06384038925170898 316 238 339 266
face 0.06293642520904541 316 238 339 266
face 0.06279507279396057 316 238 339 266
face 0.06118500232696533 316 238 339 266
face 0.059405237436294556 316 238 339 266
face 0.05807214975357056 316 238 339 266
face 0.05712667107582092 316 238 339 266
face 0.05363216996192932 316 238 339 266
face 0.049897193908691406 316 238 339 266
face 0.04871585965156555 316 238 339 266
face 0.046747028827667236 316 238 339 266
face 0.046644389629364014 316 238 339 266
face 0.04510378837585449 316 238 339 266
face 0.045092225074768066 316 238 339 266
face 0.04482370615005493 316 238 339 266
face 0.04469567537307739 316 238 339 266
face 0.04251939058303833 316 238 339 266
face 0.0418320894241333 316 238 339 266
face 0.0413820743560791 316 238 339 266
face 0.04097464680671692 316 238 339 266
face 0.03929990530014038 316 238 339 266
face 0.03905948996543884 316 238 339 266
face 0.038759469985961914 316 238 339 266
face 0.03738865256309509 316 238 339 266
face 0.03459662199020386 316 238 339 266
face 0.034524232149124146 316 238 339 266
face 0.03442192077636719 316 238 339 266
face 0.03387874364852905 316 238 339 266
face 0.0333990752696991 316 238 339 266
face 0.03232356905937195 316 238 339 266
face 0.03230711817741394 316 238 339 266
face 0.0319652259349823 316 238 339 266
face 0.031538963317871094 316 238 339 266
face 0.031101971864700317 316 238 339 266
face 0.029757767915725708 316 238 339 266
face 0.028291791677474976 316 238 339 266
face 0.027515649795532227 316 238 339 266
face 0.026870548725128174 316 238 339 266
face 0.02657395601272583 316 238 339 266
face 0.024579226970672607 316 238 339 266
face 0.024499624967575073 316 238 339 266
face 0.02422928810119629 316 238 339 266
face 0.024018555879592896 316 238 339 266
face 0.02349105477333069 316 238 339 266
face 0.02324587106704712 316 238 339 266
face 0.022878289222717285 316 238 339 266
face 0.021174877882003784 316 238 339 266
face 0.021027803421020508 316 238 339 266
face 0.020573168992996216 316 238 339 266
face 0.02016553282737732 316 238 339 266
face 0.019319266080856323 316 238 339 266
face 0.01842290163040161 316 238 339 266
face 0.018093079328536987 316 238 339 266
face 0.016701877117156982 316 238 339 266
face 0.016002148389816284 316 238 339 266
face 0.01599597930908203 316 238 339 266
face 0.015725761651992798 316 238 339 266
face 0.015659838914871216 316 238 339 266
face 0.015582948923110962 316 238 339 266
face 0.014613956212997437 316 238 339 266
face 0.014554381370544434 316 238 339 266
face 0.014414310455322266 316 238 339 266
face 0.013837814331054688 316 238 339 266
face 0.013755202293395996 316 238 339 266
face 0.013623833656311035 316 238 339 266
face 0.013557583093643188 316 238 339 266
face 0.013379544019699097 316 238 339 266
face 0.01313510537147522 316 238 339 266
face 0.013110458850860596 316 238 339 266
face 0.01270592212677002 316 238 339 266
face 0.01211690902709961 316 238 339 266
face 0.012054771184921265 316 238 339 266
face 0.011606961488723755 316 238 339 266
face 0.011159241199493408 316 238 339 266
face 0.011152923107147217 316 238 339 266
face 0.011097043752670288 316 238 339 266
