face 0.9946369528770447 719 64 865 237
face 0.9519190788269043 194 174 341 349
face 0.4608408510684967 194 174 341 349
face 0.1758919656276703 194 174 341 349
face 0.07337960600852966 194 174 341 349
face 0.028606325387954712 194 174 341 349
face 0.027416884899139404 194 174 341 349
face 0.027042925357818604 194 174 341 349
face 0.023423105478286743 194 174 341 349
face 0.022090405225753784 194 174 341 349
face 0.02119109034538269 194 174 341 349
face 0.020725488662719727 194 174 341 349
face 0.020703554153442383 194 174 341 349
face 0.018413305282592773 194 174 341 349
face 0.018125087022781372 194 174 341 349
face 0.016183972358703613 194 174 341 349
face 0.014886260032653809 194 174 341 349
face 0.013929605484008789 194 174 341 349
face 0.01341298222541809 194 174 341 349
face 0.012075066566467285 194 174 341 349
face 0.012021839618682861 194 174 341 349
face 0.01192590594291687 194 174 341 349
face 0.011059314012527466 194 174 341 349
face 0.010604679584503174 194 174 341 349
face 0.010480791330337524 194 174 341 349
face 0.01025727391242981 194 174 341 349
face 0.010224461555480957 194 174 341 349
face 0.010208696126937866 194 174 341 349
face 0.010052651166915894 194 174 341 349
face 0.00986415147781372 194 174 341 349
face 0.00981968641281128 194 174 341 349
face 0.009484797716140747 194 174 341 349
face 0.00938493013381958 194 174 341 349
face 0.009366035461425781 194 174 341 349
face 0.009347349405288696 194 174 341 349
face 0.009269475936889648 194 174 341 349
face 0.009053140878677368 194 174 341 349
face 0.008931726217269897 194 174 341 349
face 0.008482605218887329 194 174 341 349
face 0.008202701807022095 194 174 341 349
face 0.007915139198303223 194 174 341 349
face 0.007743507623672485 194 174 341 349
face 0.007698357105255127 194 174 341 349
face 0.007661342620849609 194 174 341 349
face 0.007634282112121582 194 174 341 349
face 0.007513225078582764 194 174 341 349
face 0.0071773529052734375 194 174 341 349
face 0.007089048624038696 194 174 341 349
face 0.0070777833461761475 194 174 341 349
face 0.007018774747848511 194 174 341 349
face 0.006918281316757202 194 174 341 349
face 0.006907433271408081 194 174 341 349
face 0.006592869758605957 194 174 341 349
face 0.0064764320850372314 194 174 341 349
face 0.006306201219558716 194 174 341 349
face 0.006164073944091797 194 174 341 349
face 0.006129711866378784 194 174 341 349
face 0.006070554256439209 194 174 341 349
face 0.006065696477890015 194 174 341 349
face 0.0060363709926605225 194 174 341 349
face 0.005962073802947998 194 174 341 349
face 0.005927592515945435 194 174 341 349
face 0.005925685167312622 194 174 341 349
face 0.0058831870555877686 194 174 341 349
face 0.005865335464477539 194 174 341 349
face 0.005808621644973755 194 174 341 349
face 0.0057506263256073 194 174 341 349
face 0.005695730447769165 194 174 341 349
face 0.005671888589859009 194 174 341 349
face 0.005572766065597534 194 174 341 349
face 0.00554424524307251 194 174 341 349
face 0.005499601364135742 194 174 341 349
face 0.005408287048339844 194 174 341 349
face 0.005396783351898193 194 174 341 349
face 0.005386471748352051 194 174 341 349
face 0.005384653806686401 194 174 341 349
face 0.0053438544273376465 194 174 341 349
face 0.005225092172622681 194 174 341 349
face 0.0051607489585876465 194 174 341 349
face 0.0051115453243255615 194 174 341 349
face 0.005094677209854126 194 174 341 349
face 0.005078911781311035 194 174 341 349
face 0.005001693964004517 194 174 341 349
face 0.004990965127944946 194 174 341 349
face 0.004946261644363403 194 174 341 349
face 0.004929482936859131 194 174 341 349
face 0.004836320877075195 194 174 341 349
face 0.004789143800735474 194 174 341 349
face 0.004779249429702759 194 174 341 349
face 0.004767805337905884 194 174 341 349
face 0.004759848117828369 194 174 341 349
face 0.004603713750839233 194 174 341 349
face 0.004601031541824341 194 174 341 349
face 0.004581063985824585 194 174 341 349
face 0.004551947116851807 194 174 341 349
face 0.0045340657234191895 194 174 341 349
face 0.004483133554458618 194 174 341 349
face 0.004475623369216919 194 174 341 349
face 0.004472523927688599 194 174 341 349
face 0.004465430974960327 194 174 341 349
