face 0.9914547204971313 620 126 740 274
face 0.7109265923500061 192 65 306 199
face 0.5783253908157349 321 237 430 366
face 0.045411527156829834 321 237 430 366
face 0.03301382064819336 321 237 430 366
face 0.032312244176864624 321 237 430 366
face 0.025439918041229248 321 237 430 366
face 0.0216178297996521 321 237 430 366
face 0.01972523331642151 321 237 430 366
face 0.01892337203025818 321 237 430 366
face 0.018382161855697632 321 237 430 366
face 0.01715606451034546 321 237 430 366
face 0.015884339809417725 321 237 430 366
face 0.014983505010604858 321 237 430 366
face 0.01485547423362732 321 237 430 366
face 0.014855444431304932 321 237 430 366
face 0.014265179634094238 321 237 430 366
face 0.01375877857208252 321 237 430 366
face 0.013662487268447876 321 237 430 366
face 0.013514220714569092 321 237 430 366
face 0.01346626877784729 321 237 430 366
face 0.013418883085250854 321 237 430 366
face 0.012814760208129883 321 237 430 366
face 0.012005597352981567 321 237 430 366
face 0.011573076248168945 321 237 430 366
face 0.011556655168533325 321 237 430 366
face 0.011522799730300903 321 237 430 366
face 0.011333346366882324 321 237 430 366
face 0.011111289262771606 321 237 430 366
face 0.010946899652481079 321 237 430 366
face 0.010678887367248535 321 237 430 366
face 0.010598182678222656 321 237 430 366
face 0.010469764471054077 321 237 430 366
face 0.010438889265060425 321 237 430 366
face 0.010103940963745117 321 237 430 366
face 0.009989261627197266 321 237 430 366
face 0.00966179370880127 321 237 430 366
face 0.009206414222717285 321 237 430 366
face 0.00898975133895874 321 237 430 366
face 0.008518576622009277 321 237 430 366
face 0.008271098136901855 321 237 430 366
face 0.007894545793533325 321 237 430 366
face 0.007864922285079956 321 237 430 366
face 0.007794231176376343 321 237 430 366
face 0.007668673992156982 321 237 430 366
face 0.007563859224319458 321 237 430 366
face 0.007534235715866089 321 237 430 366
face 0.007483333349227905 321 237 430 366
face 0.007283389568328857 321 237 430 366
face 0.0072602927684783936 321 237 430 366
face 0.007252693176269531 321 237 430 366
face 0.007252305746078491 321 237 430 366
face 0.007164806127548218 321 237 430 366
face 0.007108479738235474 321 237 430 366
face 0.006948590278625488 321 237 430 366
face 0.006942719221115112 321 237 430 366
face 0.006860256195068359 321 237 430 366
face 0.006855100393295288 321 237 430 366
face 0.006826609373092651 321 237 430 366
face 0.006761461496353149 321 237 430 366
face 0.006761401891708374 321 237 430 366
face 0.006720840930938721 321 237 430 366
face 0.00671425461769104 321 237 430 366
face 0.00667417049407959 321 237 430 366
face 0.006660342216491699 321 237 430 366
face 0.006614267826080322 321 237 430 366
face 0.006350606679916382 321 237 430 366
face 0.0062667131423950195 321 237 430 366
face 0.0062430500984191895 321 237 430 366
face 0.006109863519668579 321 237 430 366
face 0.00606149435043335 321 237 430 366
face 0.006008177995681763 321 237 430 366
face 0.005976468324661255 321 237 430 366
face 0.0059438347816467285 321 237 430 366
face 0.005813151597976685 321 237 430 366
face 0.005782365798950195 321 237 430 366
face 0.0057370662689208984 321 237 430 366
face 0.005689024925231934 321 237 430 366
face 0.005686908960342407 321 237 430 366
face 0.005535542964935303 321 237 430 366
face 0.005504310131072998 321 237 430 366
face 0.005430430173873901 321 237 430 366
face 0.005394041538238525 321 237 430 366
face 0.005364477634429932 321 237 430 366
face 0.005305439233779907 321 237 430 366
face 0.005242675542831421 321 237 430 366
face 0.005222529172897339 321 237 430 366
face 0.005222320556640625 321 237 430 366
face 0.005217432975769043 321 237 430 366
face 0.0051042139530181885 321 237 430 366
face 0.005016982555389404 321 237 430 366
face 0.005016028881072998 321 237 430 366
face 0.005012214183807373 321 237 430 366
face 0.005011320114135742 321 237 430 366
face 0.00495031476020813 321 237 430 366
face 0.004945218563079834 321 237 430 366
face 0.004921555519104004 321 237 430 366
face 0.004898041486740112 321 237 430 366
face 0.00486910343170166 321 237 430 366
face 0.004859656095504761 321 237 430 366
