face 0.9980719089508057 317 424 379 496
face 0.9973084926605225 247 109 305 189
face 0.9519773721694946 489 316 552 399
face 0.5248729586601257 640 81 700 156
face 0.10305720567703247 640 81 700 156
face 0.07536578178405762 640 81 700 156
face 0.06253433227539062 640 81 700 156
face 0.04235279560089111 640 81 700 156
face 0.026887178421020508 640 81 700 156
face 0.020042717456817627 640 81 700 156
face 0.01958337426185608 640 81 700 156
face 0.01893576979637146 640 81 700 156
face 0.014956444501876831 640 81 700 156
face 0.014541149139404297 640 81 700 156
face 0.012216955423355103 640 81 700 156
face 0.012040823698043823 640 81 700 156
face 0.01162150502204895 640 81 700 156
face 0.011035293340682983 640 81 700 156
face 0.009049445390701294 640 81 700 156
face 0.008778870105743408 640 81 700 156
face 0.008679389953613281 640 81 700 156
face 0.008651703596115112 640 81 700 156
face 0.00819927453994751 640 81 700 156
face 0.008109360933303833 640 81 700 156
face 0.00799664855003357 640 81 700 156
face 0.007966101169586182 640 81 700 156
face 0.0077145397663116455 640 81 700 156
face 0.007412701845169067 640 81 700 156
face 0.007174551486968994 640 81 700 156
face 0.007114887237548828 640 81 700 156
face 0.007076889276504517 640 81 700 156
face 0.006899833679199219 640 81 700 156
face 0.006433933973312378 640 81 700 156
face 0.006165266036987305 640 81 700 156
face 0.0060780346393585205 640 81 700 156
face 0.005994170904159546 640 81 700 156
face 0.0056591033935546875 640 81 700 156
face 0.005545526742935181 640 81 700 156
face 0.00537717342376709 640 81 700 156
face 0.005282968282699585 640 81 700 156
face 0.005218625068664551 640 81 700 156
face 0.005216419696807861 640 81 700 156
face 0.005112946033477783 640 81 700 156
face 0.004999697208404541 640 81 700 156
face 0.004934191703796387 640 81 700 156
face 0.0047782063484191895 640 81 700 156
face 0.00467294454574585 640 81 700 156
face 0.004671066999435425 640 81 700 156
face 0.004657238721847534 640 81 700 156
face 0.0046423375606536865 640 81 700 156
face 0.00462031364440918 640 81 700 156
face 0.004577696323394775 640 81 700 156
face 0.004320919513702393 640 81 700 156
face 0.004292160272598267 640 81 700 156
face 0.004013389348983765 640 81 700 156
face 0.003991246223449707 640 81 700 156
face 0.003952085971832275 640 81 700 156
face 0.003949165344238281 640 81 700 156
face 0.003933459520339966 640 81 700 156
face 0.003922462463378906 640 81 700 156
face 0.003890693187713623 640 81 700 156
face 0.0038682222366333008 640 81 700 156
face 0.0038627684116363525 640 81 700 156
face 0.0038620829582214355 640 81 700 156
face 0.0038232803344726562 640 81 700 156
face 0.003819882869720459 640 81 700 156
face 0.0037839114665985107 640 81 700 156
face 0.003748565912246704 640 81 700 156
face 0.003747493028640747 640 81 700 156
face 0.0037099719047546387 640 81 700 156
face 0.0036482512950897217 640 81 700 156
face 0.0036471188068389893 640 81 700 156
face 0.0036357641220092773 640 81 700 156
face 0.003613203763961792 640 81 700 156
face 0.003609955310821533 640 81 700 156
face 0.0035970211029052734 640 81 700 156
face 0.003583759069442749 640 81 700 156
face 0.0035641491413116455 640 81 700 156
face 0.0035619735717773438 640 81 700 156
face 0.003527432680130005 640 81 700 156
face 0.0034906864166259766 640 81 700 156
face 0.003437131643295288 640 81 700 156
face 0.0034124255180358887 640 81 700 156
face 0.0033822059631347656 640 81 700 156
face 0.0033676326274871826 640 81 700 156
face 0.0033185482025146484 640 81 700 156
face 0.0032297372817993164 640 81 700 156
face 0.0032211244106292725 640 81 700 156
face 0.0031818747520446777 640 81 700 156
face 0.0031530261039733887 640 81 700 156
face 0.0031512081623077393 640 81 700 156
face 0.003135174512863159 640 81 700 156
face 0.0031230151653289795 640 81 700 156
face 0.0031043589115142822 640 81 700 156
face 0.003064393997192383 640 81 700 156
face 0.0030523836612701416 640 81 700 156
face 0.00304490327835083 640 81 700 156
face 0.0030419528484344482 640 81 700 156
face 0.002987980842590332 640 81 700 156
face 0.0029316842555999756 640 81 700 156
