face 0.09949907660484314 530 317 612 424
face 0.030504703521728516 530 317 612 424
face 0.02100500464439392 530 317 612 424
face 0.018465876579284668 530 317 612 424
face 0.017183244228363037 530 317 612 424
face 0.01701071858406067 530 317 612 424
face 0.015592336654663086 530 317 612 424
face 0.015195906162261963 530 317 612 424
face 0.014980942010879517 530 317 612 424
face 0.013869017362594604 530 317 612 424
face 0.012829035520553589 530 317 612 424
face 0.012357264757156372 530 317 612 424
face 0.011390060186386108 530 317 612 424
face 0.011340141296386719 530 317 612 424
face 0.011238902807235718 530 317 612 424
face 0.011166870594024658 530 317 612 424
face 0.011154413223266602 530 317 612 424
face 0.0108565092086792 530 317 612 424
face 0.010659545660018921 530 317 612 424
face 0.010602742433547974 530 317 612 424
face 0.010439008474349976 530 317 612 424
face 0.010410159826278687 530 317 612 424
face 0.010113954544067383 530 317 612 424
face 0.010030895471572876 530 317 612 424
face 0.009993672370910645 530 317 612 424
face 0.00990992784500122 530 317 612 424
face 0.009802907705307007 530 317 612 424
face 0.009760409593582153 530 317 612 424
face 0.00968208909034729 530 317 612 424
face 0.009666860103607178 530 317 612 424
face 0.009395301342010498 530 317 612 424
face 0.009334087371826172 530 317 612 424
face 0.009200304746627808 530 317 612 424
face 0.00908893346786499 530 317 612 424
face 0.00906062126159668 530 317 612 424
face 0.008881568908691406 530 317 612 424
face 0.008848100900650024 530 317 612 424
face 0.008801877498626709 530 317 612 424
face 0.008788645267486572 530 317 612 424
face 0.008788257837295532 530 317 612 424
face 0.008780330419540405 530 317 612 424
face 0.008767277002334595 530 317 612 424
face 0.008623242378234863 530 317 612 424
face 0.008592933416366577 530 317 612 424
face 0.00856328010559082 530 317 612 424
face 0.008495330810546875 530 317 612 424
face 0.00839349627494812 530 317 612 424
face 0.008373349905014038 530 317 612 424
face 0.008368700742721558 530 317 612 424
face 0.008257061243057251 530 317 612 424
face 0.008220493793487549 530 317 612 424
face 0.008133798837661743 530 317 612 424
face 0.008039236068725586 530 317 612 424
face 0.00801175832748413 530 317 612 424
face 0.007996290922164917 530 317 612 424
face 0.007982313632965088 530 317 612 424
face 0.007927656173706055 530 317 612 424
face 0.0077956318855285645 530 317 612 424
face 0.0077894628047943115 530 317 612 424
face 0.00777241587638855 530 317 612 424
face 0.007771551609039307 530 317 612 424
face 0.007762610912322998 530 317 612 424
face 0.00767633318901062 530 317 612 424
face 0.007607489824295044 530 317 612 424
face 0.007569551467895508 530 317 612 424
face 0.007568061351776123 530 317 612 424
face 0.007469743490219116 530 317 612 424
face 0.007438361644744873 530 317 612 424
face 0.007416576147079468 530 317 612 424
face 0.007409274578094482 530 317 612 424
face 0.007366776466369629 530 317 612 424
face 0.007296770811080933 530 317 612 424
face 0.0072901248931884766 530 317 612 424
face 0.007283508777618408 530 317 612 424
face 0.0072019994258880615 530 317 612 424
face 0.007139444351196289 530 317 612 424
face 0.007137477397918701 530 317 612 424
face 0.007132887840270996 530 317 612 424
face 0.007124811410903931 530 317 612 424
face 0.00707089900970459 530 317 612 424
face 0.00704878568649292 530 317 612 424
face 0.007009178400039673 530 317 612 424
face 0.006929367780685425 530 317 612 424
face 0.006919443607330322 530 317 612 424
face 0.006914615631103516 530 317 612 424
face 0.006888777017593384 530 317 612 424
face 0.006834477186203003 530 317 612 424
face 0.0068153440952301025 530 317 612 424
face 0.006811410188674927 530 317 612 424
face 0.006764918565750122 530 317 612 424
face 0.0067466795444488525 530 317 612 424
face 0.006712496280670166 530 317 612 424
face 0.006707996129989624 530 317 612 424
face 0.006667882204055786 530 317 612 424
face 0.00665929913520813 530 317 612 424
face 0.006639063358306885 530 317 612 424
face 0.006632447242736816 530 317 612 424
face 0.006532579660415649 530 317 612 424
face 0.006499588489532471 530 317 612 424
face 0.0064751505851745605 530 317 612 424
