face 0.9599747657775879 532 80 617 187
face 0.25181877613067627 532 80 617 187
face 0.11547034978866577 532 80 617 187
face 0.11103954911231995 532 80 617 187
face 0.08636006712913513 532 80 617 187
face 0.08333206176757812 532 80 617 187
face 0.08313888311386108 532 80 617 187
face 0.07556125521659851 532 80 617 187
face 0.07221662998199463 532 80 617 187
face 0.05708646774291992 532 80 617 187
face 0.0527975857257843 532 80 617 187
face 0.04557564854621887 532 80 617 187
face 0.044370442628860474 532 80 617 187
face 0.04383668303489685 532 80 617 187
face 0.04369238018989563 532 80 617 187
face 0.042281121015548706 532 80 617 187
face 0.03578510880470276 532 80 617 187
face 0.034516751766204834 532 80 617 187
face 0.03403320908546448 532 80 617 187
face 0.03203773498535156 532 80 617 187
face 0.030246824026107788 532 80 617 187
face 0.026620060205459595 532 80 617 187
face 0.0263558030128479 532 80 617 187
face 0.0234697163105011 532 80 617 187
face 0.022353768348693848 532 80 617 187
face 0.01862645149230957 532 80 617 187
face 0.017781764268875122 532 80 617 187
face 0.01665547490119934 532 80 617 187
face 0.015243053436279297 532 80 617 187
face 0.014234483242034912 532 80 617 187
face 0.0139637291431427 532 80 617 187
face 0.013779670000076294 532 80 617 187
face 0.013529717922210693 532 80 617 187
face 0.01341921091079712 532 80 617 187
face 0.013272345066070557 532 80 617 187
face 0.012618541717529297 532 80 617 187
face 0.011656641960144043 532 80 617 187
face 0.010714620351791382 532 80 617 187
face 0.010600388050079346 532 80 617 187
face 0.010548681020736694 532 80 617 187
face 0.009712457656860352 532 80 617 187
face 0.00963011384010315 532 80 617 187
face 0.009552538394927979 532 80 617 187
face 0.009059935808181763 532 80 617 187
face 0.008949071168899536 532 80 617 187
face 0.008763670921325684 532 80 617 187
face 0.007970303297042847 532 80 617 187
face 0.007936686277389526 532 80 617 187
face 0.007828831672668457 532 80 617 187
face 0.007724940776824951 532 80 617 187
face 0.0076697468757629395 532 80 617 187
face 0.007468551397323608 532 80 617 187
face 0.0072737038135528564 532 80 617 187
face 0.007258385419845581 532 80 617 187
face 0.007133394479751587 532 80 617 187
face 0.006965845823287964 532 80 617 187
face 0.00691494345664978 532 80 617 187
face 0.006868451833724976 532 80 617 187
face 0.006650358438491821 532 80 617 187
face 0.006627261638641357 532 80 617 187
face 0.006474018096923828 532 80 617 187
face 0.006400972604751587 532 80 617 187
face 0.006337851285934448 532 80 617 187
face 0.006227761507034302 532 80 617 187
face 0.00610920786857605 532 80 617 187
face 0.005910366773605347 532 80 617 187
face 0.005891025066375732 532 80 617 187
face 0.005859375 532 80 617 187
face 0.005804330110549927 532 80 617 187
face 0.0056687891483306885 532 80 617 187
face 0.005571335554122925 532 80 617 187
face 0.005311250686645508 532 80 617 187
face 0.005238831043243408 532 80 617 187
face 0.00510775251314044 532 80 617 187
face 0.005104660987854004 532 80 617 187
face 0.004968076944351196 532 80 617 187
face 0.004900246858596802 532 80 617 187
face 0.0047921836376190186 532 80 617 187
face 0.004777878522872925 532 80 617 187
face 0.0047043561935424805 532 80 617 187
face 0.004656732082366943 532 80 617 187
face 0.004596441984176636 532 80 617 187
face 0.004577130079269409 532 80 617 187
face 0.004539072513580322 532 80 617 187
face 0.004450678825378418 532 80 617 187
face 0.004431366920471191 532 80 617 187
face 0.0043831467628479 532 80 617 187
face 0.00432133674621582 532 80 617 187
face 0.004172980785369873 532 80 617 187
face 0.004123568534851074 532 80 617 187
face 0.004086971282958984 532 80 617 187
face 0.004060983657836914 532 80 617 187
face 0.004055202007293701 532 80 617 187
face 0.003965169191360474 532 80 617 187
face 0.0039570629596710205 532 80 617 187
face 0.003919363021850586 532 80 617 187
face 0.0039045214653015137 532 80 617 187
face 0.00389707088470459 532 80 617 187
face 0.0038054585456848145 532 80 617 187
face 0.0037581920623779297 532 80 617 187
