face 0.9918656349182129 778 88 822 128
face 0.9836152791976929 354 74 394 115
face 0.9801912307739258 858 37 897 74
face 0.8668748140335083 253 43 295 94
face 0.6257222294807434 581 40 623 77
face 0.2555341422557831 581 40 623 77
face 0.23327934741973877 581 40 623 77
face 0.1617097556591034 581 40 623 77
face 0.15744253993034363 581 40 623 77
face 0.11808082461357117 581 40 623 77
face 0.08520308136940002 581 40 623 77
face 0.06836503744125366 581 40 623 77
face 0.06395360827445984 581 40 623 77
face 0.06030088663101196 581 40 623 77
face 0.05255568027496338 581 40 623 77
face 0.05014243721961975 581 40 623 77
face 0.04945993423461914 581 40 623 77
face 0.0480218231678009 581 40 623 77
face 0.043421655893325806 581 40 623 77
face 0.042509108781814575 581 40 623 77
face 0.0380668044090271 581 40 623 77
face 0.03349614143371582 581 40 623 77
face 0.03274986147880554 581 40 623 77
face 0.03209039568901062 581 40 623 77
face 0.030772745609283447 581 40 623 77
face 0.03033563494682312 581 40 623 77
face 0.030229896306991577 581 40 623 77
face 0.029726475477218628 581 40 623 77
face 0.029677540063858032 581 40 623 77
face 0.027387559413909912 581 40 623 77
face 0.02727353572845459 581 40 623 77
face 0.02709430456161499 581 40 623 77
face 0.027054309844970703 581 40 623 77
face 0.025322258472442627 581 40 623 77
face 0.024776071310043335 581 40 623 77
face 0.02391722798347473 581 40 623 77
face 0.02182215452194214 581 40 623 77
face 0.02041858434677124 581 40 623 77
face 0.0181770920753479 581 40 623 77
face 0.017469018697738647 581 40 623 77
face 0.017147153615951538 581 40 623 77
face 0.016753047704696655 581 40 623 77
face 0.016355276107788086 581 40 623 77
face 0.015667974948883057 581 40 623 77
face 0.015281438827514648 581 40 623 77
face 0.014935046434402466 581 40 623 77
face 0.014933526515960693 581 40 623 77
face 0.014330178499221802 581 40 623 77
face 0.01432424783706665 581 40 623 77
face 0.013894051313400269 581 40 623 77
face 0.013882875442504883 581 40 623 77
face 0.013539105653762817 581 40 623 77
face 0.01342618465423584 581 40 623 77
face 0.013099133968353271 581 40 623 77
face 0.012653648853302002 581 40 623 77
face 0.01242673397064209 581 40 623 77
face 0.012051969766616821 581 40 623 77
face 0.011979490518569946 581 40 623 77
face 0.011793822050094604 581 40 623 77
face 0.01163262128829956 581 40 623 77
face 0.011244028806686401 581 40 623 77
face 0.011220782995223999 581 40 623 77
face 0.011219412088394165 581 40 623 77
face 0.011155486106872559 581 40 623 77
face 0.0110759437084198 581 40 623 77
face 0.010978937149047852 581 40 623 77
face 0.01088184118270874 581 40 623 77
face 0.010605603456497192 581 40 623 77
face 0.010501205921173096 581 40 623 77
face 0.010488450527191162 581 40 623 77
face 0.01048499345779419 581 40 623 77
face 0.010236412286758423 581 40 623 77
face 0.010224789381027222 581 40 623 77
face 0.009990036487579346 581 40 623 77
face 0.009880751371383667 581 40 623 77
face 0.0097922682762146 581 40 623 77
face 0.009639620780944824 581 40 623 77
face 0.009568661451339722 581 40 623 77
face 0.009423315525054932 581 40 623 77
face 0.009288430213928223 581 40 623 77
face 0.009273916482925415 581 40 623 77
face 0.009181052446365356 581 40 623 77
face 0.009178906679153442 581 40 623 77
face 0.00886872410774231 581 40 623 77
face 0.00879254937171936 581 40 623 77
face 0.008700400590896606 581 40 623 77
face 0.008655250072479248 581 40 623 77
face 0.008143872022628784 581 40 623 77
face 0.007884949445724487 581 40 623 77
face 0.007822006940841675 581 40 623 77
face 0.007673740386962891 581 40 623 77
face 0.007509827613830566 581 40 623 77
face 0.007288932800292969 581 40 623 77
face 0.0071897804737091064 581 40 623 77
face 0.0070927441120147705 581 40 623 77
face 0.00704503059387207 581 40 623 77
face 0.007026851177215576 581 40 623 77
face 0.006761103868484497 581 40 623 77
face 0.006732285022735596 581 40 623 77
face 0.006711810827255249 581 40 623 77
