face 0.5723662376403809 488 182 579 311
face 0.09022727608680725 488 182 579 311
face 0.03470852971076965 488 182 579 311
face 0.02793341875076294 488 182 579 311
face 0.026696473360061646 488 182 579 311
face 0.017599791288375854 488 182 579 311
face 0.015087038278579712 488 182 579 311
face 0.011983305215835571 488 182 579 311
face 0.009978681802749634 488 182 579 311
face 0.009459495544433594 488 182 579 311
face 0.008988648653030396 488 182 579 311
face 0.008923500776290894 488 182 579 311
face 0.008893698453903198 488 182 579 311
face 0.00873410701751709 488 182 579 311
face 0.00762215256690979 488 182 579 311
face 0.007227540016174316 488 182 579 311
face 0.007200956344604492 488 182 579 311
face 0.007174462080001831 488 182 579 311
face 0.00673365592956543 488 182 579 311
face 0.006575852632522583 488 182 579 311
face 0.006387591361999512 488 182 579 311
face 0.006241828203201294 488 182 579 311
face 0.006124764680862427 488 182 579 311
face 0.005910396575927734 488 182 579 311
face 0.005753844976425171 488 182 579 311
face 0.005678802728652954 488 182 579 311
face 0.0055162906646728516 488 182 579 311
face 0.005475640296936035 488 182 579 311
face 0.005466103553771973 488 182 579 311
face 0.005362808704376221 488 182 579 311
face 0.005096435546875 488 182 579 311
face 0.004946798086166382 488 182 579 311
face 0.0049003660678863525 488 182 579 311
face 0.004792958498001099 488 182 579 311
face 0.004766643047332764 488 182 579 311
face 0.004741847515106201 488 182 579 311
face 0.00467565655708313 488 182 579 311
face 0.004613161087036133 488 182 579 311
face 0.004502087831497192 488 182 579 311
face 0.004475682973861694 488 182 579 311
face 0.0044667720794677734 488 182 579 311
face 0.004460275173187256 488 182 579 311
face 0.004419863224029541 488 182 579 311
face 0.00441664457321167 488 182 579 311
face 0.004331231117248535 488 182 579 311
face 0.004286855459213257 488 182 579 311
face 0.004208892583847046 488 182 579 311
face 0.00418516993522644 488 182 579 311
face 0.004163295030593872 488 182 579 311
face 0.004153132438659668 488 182 579 311
face 0.004146069288253784 488 182 579 311
face 0.004139125347137451 488 182 579 311
face 0.004080533981323242 488 182 579 311
face 0.004031151533126831 488 182 579 311
face 0.004030436277389526 488 182 579 311
face 0.0040225982666015625 488 182 579 311
face 0.003987312316894531 488 182 579 311
face 0.003965288400650024 488 182 579 311
face 0.003954768180847168 488 182 579 311
face 0.00395473837852478 488 182 579 311
face 0.003944039344787598 488 182 579 311
face 0.003879040479660034 488 182 579 311
face 0.003836721181869507 488 182 579 311
face 0.003820866346359253 488 182 579 311
face 0.0038104355335235596 488 182 579 311
face 0.0038083791732788086 488 182 579 311
face 0.0037783682346343994 488 182 579 311
face 0.0037734806537628174 488 182 579 311
face 0.0037614405155181885 488 182 579 311
face 0.0037348568439483643 488 182 579 311
face 0.0036794841289520264 488 182 579 311
face 0.003678619861602783 488 182 579 311
face 0.0036433041095733643 488 182 579 311
face 0.0036174356937408447 488 182 579 311
face 0.0036029815673828125 488 182 579 311
face 0.0035428404808044434 488 182 579 311
face 0.0035392940044403076 488 182 579 311
face 0.003535032272338867 488 182 579 311
face 0.0035170912742614746 488 182 579 311
face 0.003512948751449585 488 182 579 311
face 0.003500014543533325 488 182 579 311
face 0.0034900903701782227 488 182 579 311
face 0.0034895241260528564 488 182 579 311
face 0.0034690499305725098 488 182 579 311
face 0.003465026617050171 488 182 579 311
face 0.0034064650535583496 488 182 579 311
face 0.0033779144287109375 488 182 579 311
face 0.0033593177795410156 488 182 579 311
face 0.0033243000507354736 488 182 579 311
face 0.003301084041595459 488 182 579 311
face 0.003284156322479248 488 182 579 311
face 0.003275245428085327 488 182 579 311
face 0.0032575130462646484 488 182 579 311
face 0.0032546818256378174 488 182 579 311
face 0.003251999616622925 488 182 579 311
face 0.003242194652557373 488 182 579 311
face 0.0032318830490112305 488 182 579 311
face 0.00322529673576355 488 182 579 311
face 0.0032242536544799805 488 182 579 311
face 0.003222048282623291 488 182 579 311
