face 0.07510682940483093 530 317 612 424
face 0.06326448917388916 530 317 612 424
face 0.05951777100563049 530 317 612 424
face 0.05616605281829834 530 317 612 424
face 0.05560725927352905 530 317 612 424
face 0.04636922478675842 530 317 612 424
face 0.04552218317985535 530 317 612 424
face 0.04117506742477417 530 317 612 424
face 0.03623887896537781 530 317 612 424
face 0.03558263182640076 530 317 612 424
face 0.0316014289855957 530 317 612 424
face 0.03132250905036926 530 317 612 424
face 0.03002840280532837 530 317 612 424
face 0.028899431228637695 530 317 612 424
face 0.028864890336990356 530 317 612 424
face 0.027945727109909058 530 317 612 424
face 0.02249416708946228 530 317 612 424
face 0.022174358367919922 530 317 612 424
face 0.02116754651069641 530 317 612 424
face 0.020689547061920166 530 317 612 424
face 0.019618213176727295 530 317 612 424
face 0.01858648657798767 530 317 612 424
face 0.01854562759399414 530 317 612 424
face 0.01825013756752014 530 317 612 424
face 0.01795560121536255 530 317 612 424
face 0.01788237690925598 530 317 612 424
face 0.01778388023376465 530 317 612 424
face 0.01729080080986023 530 317 612 424
face 0.017269670963287354 530 317 612 424
face 0.016686737537384033 530 317 612 424
face 0.015805095434188843 530 317 612 424
face 0.015747904777526855 530 317 612 424
face 0.01545378565788269 530 317 612 424
face 0.01522129774093628 530 317 612 424
face 0.014871388673782349 530 317 612 424
face 0.014498978853225708 530 317 612 424
face 0.014491051435470581 530 317 612 424
face 0.014336496591567993 530 317 612 424
face 0.01417529582977295 530 317 612 424
face 0.01389169692993164 530 317 612 424
face 0.013824880123138428 530 317 612 424
face 0.013746321201324463 530 317 612 424
face 0.013670355081558228 530 317 612 424
face 0.013066977262496948 530 317 612 424
face 0.013032793998718262 530 317 612 424
face 0.012979775667190552 530 317 612 424
face 0.0128650963306427 530 317 612 424
face 0.012781709432601929 530 317 612 424
face 0.01249203085899353 530 317 612 424
face 0.012393206357955933 530 317 612 424
face 0.01235884428024292 530 317 612 424
face 0.012283086776733398 530 317 612 424
face 0.01223483681678772 530 317 612 424
face 0.012217402458190918 530 317 612 424
face 0.01184949278831482 530 317 612 424
face 0.011795967817306519 530 317 612 424
face 0.011634379625320435 530 317 612 424
face 0.011611729860305786 530 317 612 424
face 0.011452019214630127 530 317 612 424
face 0.011377900838851929 530 317 612 424
face 0.011257261037826538 530 317 612 424
face 0.011081576347351074 530 317 612 424
face 0.011071234941482544 530 317 612 424
face 0.011005550622940063 530 317 612 424
face 0.010897517204284668 530 317 612 424
face 0.01088830828666687 530 317 612 424
face 0.010762274265289307 530 317 612 424
face 0.01074749231338501 530 317 612 424
face 0.010667353868484497 530 317 612 424
face 0.010648906230926514 530 317 612 424
face 0.01063680648803711 530 317 612 424
face 0.010634839534759521 530 317 612 424
face 0.010597139596939087 530 317 612 424
face 0.010546177625656128 530 317 612 424
face 0.010482758283615112 530 317 612 424
face 0.010480612516403198 530 317 612 424
face 0.010469496250152588 530 317 612 424
face 0.010412275791168213 530 317 612 424
face 0.010316222906112671 530 317 612 424
face 0.010289907455444336 530 317 612 424
face 0.010287553071975708 530 317 612 424
face 0.010212242603302002 530 317 612 424
face 0.010056138038635254 530 317 612 424
face 0.009991824626922607 530 317 612 424
face 0.009984195232391357 530 317 612 424
face 0.009825080633163452 530 317 612 424
face 0.009638190269470215 530 317 612 424
face 0.009564965963363647 530 317 612 424
face 0.009534955024719238 530 317 612 424
face 0.009479999542236328 530 317 612 424
face 0.009426414966583252 530 317 612 424
face 0.009363055229187012 530 317 612 424
face 0.009332776069641113 530 317 612 424
face 0.009314805269241333 530 317 612 424
face 0.009311795234680176 530 317 612 424
face 0.00913575291633606 530 317 612 424
face 0.009101241827011108 530 317 612 424
face 0.009052693843841553 530 317 612 424
face 0.009044677019119263 530 317 612 424
face 0.008992522954940796 530 317 612 424
