face 0.9991463422775269 335 313 373 364
face 0.9930709600448608 210 271 248 323
face 0.9883366823196411 417 270 462 330
face 0.9835208654403687 868 244 921 310
face 0.9809938669204712 529 288 571 344
face 0.8776156306266785 303 290 324 320
face 0.8621721267700195 94 278 136 336
face 0.729687511920929 271 335 303 379
face 0.44490572810173035 271 335 303 379
face 0.37518298625946045 271 335 303 379
face 0.3618813157081604 271 335 303 379
face 0.3082321882247925 271 335 303 379
face 0.24433466792106628 271 335 303 379
face 0.16370972990989685 271 335 303 379
face 0.11881810426712036 271 335 303 379
face 0.10736212134361267 271 335 303 379
face 0.07701098918914795 271 335 303 379
face 0.07693019509315491 271 335 303 379
face 0.06023961305618286 271 335 303 379
face 0.0576900839805603 271 335 303 379
face 0.051001787185668945 271 335 303 379
face 0.045762836933135986 271 335 303 379
face 0.04220011830329895 271 335 303 379
face 0.0357649028301239 271 335 303 379
face 0.03443729877471924 271 335 303 379
face 0.033907145261764526 271 335 303 379
face 0.03220033645629883 271 335 303 379
face 0.03032451868057251 271 335 303 379
face 0.027774035930633545 271 335 303 379
face 0.02458059787750244 271 335 303 379
face 0.0239962637424469 271 335 303 379
face 0.022642433643341064 271 335 303 379
face 0.021741390228271484 271 335 303 379
face 0.021506190299987793 271 335 303 379
face 0.02048209309577942 271 335 303 379
face 0.019246280193328857 271 335 303 379
face 0.01914149522781372 271 335 303 379
face 0.01888340711593628 271 335 303 379
face 0.018269628286361694 271 335 303 379
face 0.018263399600982666 271 335 303 379
face 0.01763707399368286 271 335 303 379
face 0.016862571239471436 271 335 303 379
face 0.016533613204956055 271 335 303 379
face 0.016353636980056763 271 335 303 379
face 0.015605062246322632 271 335 303 379
face 0.014858067035675049 271 335 303 379
face 0.012903422117233276 271 335 303 379
face 0.012800008058547974 271 335 303 379
face 0.012221306562423706 271 335 303 379
face 0.01126149296760559 271 335 303 379
face 0.009769320487976074 271 335 303 379
face 0.009679913520812988 271 335 303 379
face 0.009387314319610596 271 335 303 379
face 0.00926905870437622 271 335 303 379
face 0.008913695812225342 271 335 303 379
face 0.008774548768997192 271 335 303 379
face 0.008606970310211182 271 335 303 379
face 0.0085030198097229 271 335 303 379
face 0.008458733558654785 271 335 303 379
face 0.00827142596244812 271 335 303 379
face 0.007848858833312988 271 335 303 379
face 0.007511228322982788 271 335 303 379
face 0.007428497076034546 271 335 303 379
face 0.006344348192214966 271 335 303 379
face 0.006342947483062744 271 335 303 379
face 0.006221771240234375 271 335 303 379
face 0.005968302488327026 271 335 303 379
face 0.005864202976226807 271 335 303 379
face 0.005568116903305054 271 335 303 379
face 0.005440686363726854 271 335 303 379
face 0.005370795726776123 271 335 303 379
face 0.005253195762634277 271 335 303 379
face 0.005044221878051758 271 335 303 379
face 0.004886984825134277 271 335 303 379
face 0.004857689142227173 271 335 303 379
face 0.004711836576461792 271 335 303 379
face 0.004483819007873535 271 335 303 379
face 0.004178673028945923 271 335 303 379
face 0.00409388542175293 271 335 303 379
face 0.003916382789611816 271 335 303 379
face 0.00379219651222229 271 335 303 379
face 0.0037445127964019775 271 335 303 379
face 0.00368577241897583 271 335 303 379
face 0.003599494695663452 271 335 303 379
face 0.003566145896911621 271 335 303 379
face 0.0035184919834136963 271 335 303 379
face 0.0035104453563690186 271 335 303 379
face 0.0034216642379760742 271 335 303 379
face 0.0033119022846221924 271 335 303 379
face 0.0032213330268859863 271 335 303 379
face 0.0032057464122772217 271 335 303 379
face 0.0031900405883789062 271 335 303 379
face 0.003179997205734253 271 335 303 379
face 0.003130495548248291 271 335 303 379
face 0.003094494342803955 271 335 303 379
face 0.0029988884925842285 271 335 303 379
face 0.002980738878250122 271 335 303 379
face 0.0028988420963287354 271 335 303 379
face 0.002859771251678467 271 335 303 379
face 0.002749025821685791 271 335 303 379
