face 0.9986412525177002 485 76 538 145
face 0.9959707260131836 107 84 172 154
face 0.9949119687080383 639 76 700 152
face 0.9835231900215149 858 47 925 128
face 0.8927556276321411 339 43 403 118
face 0.5644983053207397 955 16 985 56
face 0.4945223927497864 955 16 985 56
face 0.1943148970603943 955 16 985 56
face 0.19161158800125122 955 16 985 56
face 0.1693733036518097 955 16 985 56
face 0.11750558018684387 955 16 985 56
face 0.08781898021697998 955 16 985 56
face 0.07405555248260498 955 16 985 56
face 0.06003710627555847 955 16 985 56
face 0.05588585138320923 955 16 985 56
face 0.05064326524734497 955 16 985 56
face 0.0474698543548584 955 16 985 56
face 0.03894108533859253 955 16 985 56
face 0.036577463150024414 955 16 985 56
face 0.03459879755973816 955 16 985 56
face 0.03168797492980957 955 16 985 56
face 0.03126567602157593 955 16 985 56
face 0.027709782123565674 955 16 985 56
face 0.026597708463668823 955 16 985 56
face 0.025769561529159546 955 16 985 56
face 0.025627702474594116 955 16 985 56
face 0.025526374578475952 955 16 985 56
face 0.02343323826789856 955 16 985 56
face 0.020246148109436035 955 16 985 56
face 0.011924296617507935 955 16 985 56
face 0.01139765977859497 955 16 985 56
face 0.010008484125137329 955 16 985 56
face 0.00947803258895874 955 16 985 56
face 0.008847326040267944 955 16 985 56
face 0.008349686861038208 955 16 985 56
face 0.00810396671295166 955 16 985 56
face 0.008052915334701538 955 16 985 56
face 0.007961004972457886 955 16 985 56
face 0.007910043001174927 955 16 985 56
face 0.007698357105255127 955 16 985 56
face 0.007021695375442505 955 16 985 56
face 0.006993770599365234 955 16 985 56
face 0.006991207599639893 955 16 985 56
face 0.0069838762283325195 955 16 985 56
face 0.006973743438720703 955 16 985 56
face 0.006563395261764526 955 16 985 56
face 0.006522536277770996 955 16 985 56
face 0.006383657455444336 955 16 985 56
face 0.006229788064956665 955 16 985 56
face 0.005684912204742432 955 16 985 56
face 0.005508333444595337 955 16 985 56
face 0.005427002906799316 955 16 985 56
face 0.005362778902053833 955 16 985 56
face 0.005269467830657959 955 16 985 56
face 0.005177974700927734 955 16 985 56
face 0.004784256219863892 955 16 985 56
face 0.004753023386001587 955 16 985 56
face 0.004626870155334473 955 16 985 56
face 0.004582792520523071 955 16 985 56
face 0.004411190748214722 955 16 985 56
face 0.0041768550872802734 955 16 985 56
face 0.004093945026397705 955 16 985 56
face 0.004082173109054565 955 16 985 56
face 0.0040468573570251465 955 16 985 56
face 0.0038796961307525635 955 16 985 56
face 0.0038223564624786377 955 16 985 56
face 0.003811269998550415 955 16 985 56
face 0.003752470016479492 955 16 985 56
face 0.003750920295715332 955 16 985 56
face 0.0036999881267547607 955 16 985 56
face 0.0036957859992980957 955 16 985 56
face 0.003675609827041626 955 16 985 56
face 0.0036640167236328125 955 16 985 56
face 0.003530263900756836 955 16 985 56
face 0.003517359495162964 955 16 985 56
face 0.0034779012203216553 955 16 985 56
face 0.0034557580947875977 955 16 985 56
face 0.0034538209438323975 955 16 985 56
face 0.003451704978942871 955 16 985 56
face 0.0034482479095458984 955 16 985 56
face 0.0034376680850982666 955 16 985 56
face 0.003406316041946411 955 16 985 56
face 0.003405839204788208 955 16 985 56
face 0.0033811628818511963 955 16 985 56
face 0.003334611654281616 955 16 985 56
face 0.003314107656478882 955 16 985 56
face 0.0032932162284851074 955 16 985 56
face 0.0032753944396972656 955 16 985 56
face 0.0032600462436676025 955 16 985 56
face 0.003239542245864868 955 16 985 56
face 0.0031931698322296143 955 16 985 56
face 0.003154367208480835 955 16 985 56
face 0.0030860304832458496 955 16 985 56
face 0.003081381320953369 955 16 985 56
face 0.0030618607997894287 955 16 985 56
face 0.003034740686416626 955 16 985 56
face 0.0029974281787872314 955 16 985 56
face 0.0029954910278320312 955 16 985 56
face 0.002992689609527588 955 16 985 56
face 0.002964586019515991 955 16 985 56
