face 0.29674649238586426 960 218 965 224
face 0.17944806814193726 960 218 965 224
face 0.1537025272846222 960 218 965 224
face 0.03013250231742859 960 218 965 224
face 0.02592960000038147 960 218 965 224
face 0.021007120609283447 960 218 965 224
face 0.016837716102600098 960 218 965 224
face 0.016738802194595337 960 218 965 224
face 0.016604602336883545 960 218 965 224
face 0.014764070510864258 960 218 965 224
face 0.012393265962600708 960 218 965 224
face 0.012023568153381348 960 218 965 224
face 0.011199593544006348 960 218 965 224
face 0.010817855596542358 960 218 965 224
face 0.01037067174911499 960 218 965 224
face 0.010196566581726074 960 218 965 224
face 0.009958148002624512 960 218 965 224
face 0.009784549474716187 960 218 965 224
face 0.009449303150177002 960 218 965 224
face 0.008965820074081421 960 218 965 224
face 0.008955836296081543 960 218 965 224
face 0.008950501680374146 960 218 965 224
face 0.008437633514404297 960 218 965 224
face 0.008397907018661499 960 218 965 224
face 0.00837734341621399 960 218 965 224
face 0.008121669292449951 960 218 965 224
face 0.007996350526809692 960 218 965 224
face 0.007952719926834106 960 218 965 224
face 0.007744133472442627 960 218 965 224
face 0.007694870233535767 960 218 965 224
face 0.0075980424880981445 960 218 965 224
face 0.007560133934020996 960 218 965 224
face 0.007352471351623535 960 218 965 224
face 0.007315456867218018 960 218 965 224
face 0.00722077488899231 960 218 965 224
face 0.007217109203338623 960 218 965 224
face 0.0072068870067596436 960 218 965 224
face 0.0071048736572265625 960 218 965 224
face 0.0070181190967559814 960 218 965 224
face 0.006898105144500732 960 218 965 224
face 0.006813466548919678 960 218 965 224
face 0.006801038980484009 960 218 965 224
face 0.006630986928939819 960 218 965 224
face 0.006606072187423706 960 218 965 224
face 0.006482571363449097 960 218 965 224
face 0.006255686283111572 960 218 965 224
face 0.006233870983123779 960 218 965 224
face 0.006156623363494873 960 218 965 224
face 0.0060651302337646484 960 218 965 224
face 0.006052643060684204 960 218 965 224
face 0.005976855754852295 960 218 965 224
face 0.005972772836685181 960 218 965 224
face 0.005940765142440796 960 218 965 224
face 0.005925118923187256 960 218 965 224
face 0.005908489227294922 960 218 965 224
face 0.005810201168060303 960 218 965 224
face 0.0057995617389678955 960 218 965 224
face 0.005706965923309326 960 218 965 224
face 0.00570109486579895 960 218 965 224
face 0.005565077066421509 960 218 965 224
face 0.005453944206237793 960 218 965 224
face 0.005338996648788452 960 218 965 224
face 0.005308926105499268 960 218 965 224
face 0.0052155256271362305 960 218 965 224
face 0.005197852849960327 960 218 965 224
face 0.005168169736862183 960 218 965 224
face 0.005114644765853882 960 218 965 224
face 0.0050820112228393555 960 218 965 224
face 0.005068987607955933 960 218 965 224
face 0.004985183477401733 960 218 965 224
face 0.004964709281921387 960 218 965 224
face 0.0049232542514801025 960 218 965 224
face 0.004903346300125122 960 218 965 224
face 0.004884064197540283 960 218 965 224
face 0.004848897457122803 960 218 965 224
face 0.004832357168197632 960 218 965 224
face 0.004803180694580078 960 218 965 224
face 0.004776298999786377 960 218 965 224
face 0.004739046096801758 960 218 965 224
face 0.004697561264038086 960 218 965 224
face 0.004667907953262329 960 218 965 224
face 0.004664093255996704 960 218 965 224
face 0.00466078519821167 960 218 965 224
face 0.00461772084236145 960 218 965 224
face 0.004497498273849487 960 218 965 224
face 0.004494816064834595 960 218 965 224
face 0.004433989524841309 960 218 965 224
face 0.004408419132232666 960 218 965 224
face 0.0043371617794036865 960 218 965 224
face 0.00431254506111145 960 218 965 224
face 0.00424543023109436 960 218 965 224
face 0.0042378902435302734 960 218 965 224
face 0.004235178232192993 960 218 965 224
face 0.004231929779052734 960 218 965 224
face 0.00421258807182312 960 218 965 224
face 0.004143893718719482 960 218 965 224
face 0.0039994120597839355 960 218 965 224
face 0.00398823618888855 960 218 965 224
face 0.003975212574005127 960 218 965 224
face 0.0039739906787872314 960 218 965 224
