face 0.9965612888336182 195 525 225 567
face 0.9786862730979919 797 534 815 567
face 0.906989574432373 67 527 94 560
face 0.7592110633850098 360 281 388 338
face 0.657341480255127 118 663 144 696
face 0.605003297328949 1003 594 1024 633
face 0.5482257604598999 908 547 923 574
face 0.4637932777404785 908 547 923 574
face 0.4088633060455322 908 547 923 574
face 0.31793901324272156 908 547 923 574
face 0.26935499906539917 908 547 923 574
face 0.26456040143966675 908 547 923 574
face 0.19882738590240479 908 547 923 574
face 0.17351803183555603 908 547 923 574
face 0.1393006443977356 908 547 923 574
face 0.11816155910491943 908 547 923 574
face 0.09759107232093811 908 547 923 574
face 0.09030279517173767 908 547 923 574
face 0.08362123370170593 908 547 923 574
face 0.0821981132030487 908 547 923 574
face 0.08212149143218994 908 547 923 574
face 0.08054187893867493 908 547 923 574
face 0.07175865769386292 908 547 923 574
face 0.06043562293052673 908 547 923 574
face 0.05438262224197388 908 547 923 574
face 0.05421110987663269 908 547 923 574
face 0.05338561534881592 908 547 923 574
face 0.05017748475074768 908 547 923 574
face 0.04896634817123413 908 547 923 574
face 0.04571184515953064 908 547 923 574
face 0.04281973838806152 908 547 923 574
face 0.04054224491119385 908 547 923 574
face 0.03971219062805176 908 547 923 574
face 0.03912597894668579 908 547 923 574
face 0.037473201751708984 908 547 923 574
face 0.037172168493270874 908 547 923 574
face 0.03308019042015076 908 547 923 574
face 0.03157040476799011 908 547 923 574
face 0.030746132135391235 908 547 923 574
face 0.029995322227478027 908 547 923 574
face 0.0294344425201416 908 547 923 574
face 0.02898922562599182 908 547 923 574
face 0.027821481227874756 908 547 923 574
face 0.025758862495422363 908 547 923 574
face 0.02545386552810669 908 547 923 574
face 0.024277538061141968 908 547 923 574
face 0.02397593855857849 908 547 923 574
face 0.023511260747909546 908 547 923 574
face 0.022381603717803955 908 547 923 574
face 0.022272318601608276 908 547 923 574
face 0.020929783582687378 908 547 923 574
face 0.020699411630630493 908 547 923 574
face 0.02043938636779785 908 547 923 574
face 0.019439905881881714 908 547 923 574
face 0.018703877925872803 908 547 923 574
face 0.018656790256500244 908 547 923 574
face 0.018037766218185425 908 547 923 574
face 0.01797690987586975 908 547 923 574
face 0.017450928688049316 908 547 923 574
face 0.017386794090270996 908 547 923 574
face 0.017111390829086304 908 547 923 574
face 0.01709797978401184 908 547 923 574
face 0.014735937118530273 908 547 923 574
face 0.014591097831726074 908 547 923 574
face 0.014577507972717285 908 547 923 574
face 0.014391511678695679 908 547 923 574
face 0.01434338092803955 908 547 923 574
face 0.014232724905014038 908 547 923 574
face 0.014125972986221313 908 547 923 574
face 0.013887196779251099 908 547 923 574
face 0.013408631086349487 908 547 923 574
face 0.013218402862548828 908 547 923 574
face 0.012830674648284912 908 547 923 574
face 0.012815147638320923 908 547 923 574
face 0.01273837685585022 908 547 923 574
face 0.012204915285110474 908 547 923 574
face 0.011909157037734985 908 547 923 574
face 0.011756956577301025 908 547 923 574
face 0.011696845293045044 908 547 923 574
face 0.011559456586837769 908 547 923 574
face 0.01146477460861206 908 547 923 574
face 0.011153727769851685 908 547 923 574
face 0.010881632566452026 908 547 923 574
face 0.010737717151641846 908 547 923 574
face 0.010731697082519531 908 547 923 574
face 0.010578274726867676 908 547 923 574
face 0.010483592748641968 908 547 923 574
face 0.010422974824905396 908 547 923 574
face 0.010366111993789673 908 547 923 574
face 0.010349184274673462 908 547 923 574
face 0.010077983140945435 908 547 923 574
face 0.009913921356201172 908 547 923 574
face 0.009913265705108643 908 547 923 574
face 0.009885400533676147 908 547 923 574
face 0.009610563516616821 908 547 923 574
face 0.00945332646369934 908 547 923 574
face 0.009367704391479492 908 547 923 574
face 0.009357243776321411 908 547 923 574
face 0.009215086698532104 908 547 923 574
face 0.009194493293762207 908 547 923 574
