face 0.9983497858047485 553 130 590 184
face 0.991494357585907 653 125 691 176
face 0.9739910364151001 308 6 332 36
face 0.964629590511322 544 42 571 77
face 0.9631572365760803 352 0 375 27
face 0.9530874490737915 471 69 496 105
face 0.9520606994628906 300 44 324 74
face 0.8792697191238403 400 0 422 29
face 0.8761826753616333 453 0 477 22
face 0.8502539396286011 249 8 270 36
face 0.8258249759674072 398 64 420 96
face 0.8236446976661682 583 81 608 115
face 0.8206865787506104 468 150 502 197
face 0.8149727582931519 499 48 523 81
face 0.7988010048866272 498 61 523 97
face 0.7794486284255981 407 28 430 60
face 0.7633035182952881 41 0 61 24
face 0.7413957715034485 201 33 222 64
face 0.6875608563423157 366 75 390 107
face 0.5614392161369324 73 34 94 62
face 0.5597578883171082 206 10 226 36
face 0.4525626599788666 206 10 226 36
face 0.40684008598327637 206 10 226 36
face 0.37675216794013977 206 10 226 36
face 0.3666904866695404 206 10 226 36
face 0.35426396131515503 206 10 226 36
face 0.3379148840904236 206 10 226 36
face 0.2593217194080353 206 10 226 36
face 0.24512562155723572 206 10 226 36
face 0.20552465319633484 206 10 226 36
face 0.19399616122245789 206 10 226 36
face 0.17320552468299866 206 10 226 36
face 0.16555440425872803 206 10 226 36
face 0.15662053227424622 206 10 226 36
face 0.10245594382286072 206 10 226 36
face 0.08284223079681396 206 10 226 36
face 0.08026480674743652 206 10 226 36
face 0.07048004865646362 206 10 226 36
face 0.0618649423122406 206 10 226 36
face 0.06105676293373108 206 10 226 36
face 0.05699869990348816 206 10 226 36
face 0.055479347705841064 206 10 226 36
face 0.044789284467697144 206 10 226 36
face 0.0446799099445343 206 10 226 36
face 0.04401993751525879 206 10 226 36
face 0.040915876626968384 206 10 226 36
face 0.03718695044517517 206 10 226 36
face 0.03635242581367493 206 10 226 36
face 0.03526163101196289 206 10 226 36
face 0.02839428186416626 206 10 226 36
face 0.02828007936477661 206 10 226 36
face 0.02428889274597168 206 10 226 36
face 0.02303895354270935 206 10 226 36
face 0.020156949758529663 206 10 226 36
face 0.018788039684295654 206 10 226 36
face 0.017584770917892456 206 10 226 36
face 0.017574667930603027 206 10 226 36
face 0.01674330234527588 206 10 226 36
face 0.01586887240409851 206 10 226 36
face 0.015345513820648193 206 10 226 36
face 0.014175951480865479 206 10 226 36
face 0.013996869325637817 206 10 226 36
face 0.013964205980300903 206 10 226 36
face 0.01384967565536499 206 10 226 36
face 0.013093054294586182 206 10 226 36
face 0.012843787670135498 206 10 226 36
face 0.012609034776687622 206 10 226 36
face 0.012325108051300049 206 10 226 36
face 0.012145847082138062 206 10 226 36
face 0.011491477489471436 206 10 226 36
face 0.011472970247268677 206 10 226 36
face 0.01141175627708435 206 10 226 36
face 0.011193037033081055 206 10 226 36
face 0.010124534368515015 206 10 226 36
face 0.009968161582946777 206 10 226 36
face 0.009851813316345215 206 10 226 36
face 0.00981941819190979 206 10 226 36
face 0.00965610146522522 206 10 226 36
face 0.00927308201789856 206 10 226 36
face 0.009160667657852173 206 10 226 36
face 0.008166730403900146 206 10 226 36
face 0.00810965895652771 206 10 226 36
face 0.008100777864456177 206 10 226 36
face 0.007410764694213867 206 10 226 36
face 0.007380634546279907 206 10 226 36
face 0.00734865665435791 206 10 226 36
face 0.007250398397445679 206 10 226 36
face 0.007104456424713135 206 10 226 36
face 0.006904929876327515 206 10 226 36
face 0.006749749183654785 206 10 226 36
face 0.006610602140426636 206 10 226 36
face 0.006519883871078491 206 10 226 36
face 0.006509453058242798 206 10 226 36
face 0.006490379571914673 206 10 226 36
face 0.006467729806900024 206 10 226 36
face 0.006392389535903931 206 10 226 36
face 0.006347209215164185 206 10 226 36
face 0.006307482719421387 206 10 226 36
face 0.006206631660461426 206 10 226 36
face 0.006161868572235107 206 10 226 36
