face 0.7654557228088379 638 1492 688 1573
face 0.736274003982544 492 443 613 643
face 0.6431622505187988 518 1034 582 1121
face 0.4505235552787781 518 1034 582 1121
face 0.42094582319259644 518 1034 582 1121
face 0.2944870591163635 518 1034 582 1121
face 0.25237157940864563 518 1034 582 1121
face 0.23791873455047607 518 1034 582 1121
face 0.2335973083972931 518 1034 582 1121
face 0.2311878800392151 518 1034 582 1121
face 0.19375017285346985 518 1034 582 1121
face 0.19022750854492188 518 1034 582 1121
face 0.18952345848083496 518 1034 582 1121
face 0.17600715160369873 518 1034 582 1121
face 0.16402128338813782 518 1034 582 1121
face 0.15189224481582642 518 1034 582 1121
face 0.14312061667442322 518 1034 582 1121
face 0.1327914297580719 518 1034 582 1121
face 0.12786325812339783 518 1034 582 1121
face 0.12755301594734192 518 1034 582 1121
face 0.12018194794654846 518 1034 582 1121
face 0.11636558175086975 518 1034 582 1121
face 0.11448279023170471 518 1034 582 1121
face 0.11444276571273804 518 1034 582 1121
face 0.10969367623329163 518 1034 582 1121
face 0.10500699281692505 518 1034 582 1121
face 0.10029453039169312 518 1034 582 1121
face 0.09993728995323181 518 1034 582 1121
face 0.09949982166290283 518 1034 582 1121
face 0.09929904341697693 518 1034 582 1121
face 0.09392881393432617 518 1034 582 1121
face 0.0897129476070404 518 1034 582 1121
face 0.0855855643749237 518 1034 582 1121
face 0.08319059014320374 518 1034 582 1121
face 0.08049753308296204 518 1034 582 1121
face 0.0803186297416687 518 1034 582 1121
face 0.07978025078773499 518 1034 582 1121
face 0.07736051082611084 518 1034 582 1121
face 0.07374337315559387 518 1034 582 1121
face 0.07351827621459961 518 1034 582 1121
face 0.07236692309379578 518 1034 582 1121
face 0.07197907567024231 518 1034 582 1121
face 0.06927484273910522 518 1034 582 1121
face 0.06673356890678406 518 1034 582 1121
face 0.06499633193016052 518 1034 582 1121
face 0.06482791900634766 518 1034 582 1121
face 0.0631057620048523 518 1034 582 1121
face 0.06240144371986389 518 1034 582 1121
face 0.06184008717536926 518 1034 582 1121
face 0.06070303916931152 518 1034 582 1121
face 0.05921408534049988 518 1034 582 1121
face 0.05623835325241089 518 1034 582 1121
face 0.055909931659698486 518 1034 582 1121
face 0.05403369665145874 518 1034 582 1121
face 0.05355280637741089 518 1034 582 1121
face 0.05226752161979675 518 1034 582 1121
face 0.05203935503959656 518 1034 582 1121
face 0.05116620659828186 518 1034 582 1121
face 0.05055120587348938 518 1034 582 1121
face 0.04992026090621948 518 1034 582 1121
face 0.04990413784980774 518 1034 582 1121
face 0.04977533221244812 518 1034 582 1121
face 0.048026978969573975 518 1034 582 1121
face 0.04745453596115112 518 1034 582 1121
face 0.04671838879585266 518 1034 582 1121
face 0.0459846556186676 518 1034 582 1121
face 0.045671314001083374 518 1034 582 1121
face 0.04550167918205261 518 1034 582 1121
face 0.043397098779678345 518 1034 582 1121
face 0.043293148279190063 518 1034 582 1121
face 0.043044865131378174 518 1034 582 1121
face 0.04241764545440674 518 1034 582 1121
face 0.04212158918380737 518 1034 582 1121
face 0.041616976261138916 518 1034 582 1121
face 0.04117077589035034 518 1034 582 1121
face 0.04107508063316345 518 1034 582 1121
face 0.04056549072265625 518 1034 582 1121
face 0.03957551717758179 518 1034 582 1121
face 0.03957444429397583 518 1034 582 1121
face 0.03938528895378113 518 1034 582 1121
face 0.03919598460197449 518 1034 582 1121
face 0.039132922887802124 518 1034 582 1121
face 0.03895306587219238 518 1034 582 1121
face 0.03893724083900452 518 1034 582 1121
face 0.03891053795814514 518 1034 582 1121
face 0.03886622190475464 518 1034 582 1121
face 0.038375020027160645 518 1034 582 1121
face 0.03808310627937317 518 1034 582 1121
face 0.037887781858444214 518 1034 582 1121
face 0.03781464695930481 518 1034 582 1121
face 0.03768673539161682 518 1034 582 1121
face 0.03762221336364746 518 1034 582 1121
face 0.03749209642410278 518 1034 582 1121
face 0.03615736961364746 518 1034 582 1121
face 0.03567102551460266 518 1034 582 1121
face 0.03524473309516907 518 1034 582 1121
face 0.03367352485656738 518 1034 582 1121
face 0.033334553241729736 518 1034 582 1121
face 0.0333196222782135 518 1034 582 1121
face 0.03318634629249573 518 1034 582 1121
