face 0.9994462728500366 595 545 666 630
face 0.998358964920044 416 546 492 639
face 0.9982514381408691 298 270 367 353
face 0.9752609729766846 711 297 785 388
face 0.8772610425949097 497 276 570 374
face 0.8220804929733276 176 470 254 563
face 0.573855996131897 605 821 686 910
face 0.5706912279129028 806 490 876 579
face 0.5621201395988464 343 835 420 922
face 0.059479087591171265 343 835 420 922
face 0.0288657546043396 343 835 420 922
face 0.02692180871963501 343 835 420 922
face 0.023988574743270874 343 835 420 922
face 0.023579508066177368 343 835 420 922
face 0.022947698831558228 343 835 420 922
face 0.01769396662712097 343 835 420 922
face 0.01263892650604248 343 835 420 922
face 0.012102484703063965 343 835 420 922
face 0.011708170175552368 343 835 420 922
face 0.011503756046295166 343 835 420 922
face 0.009416580200195312 343 835 420 922
face 0.007774442434310913 343 835 420 922
face 0.007709473371505737 343 835 420 922
face 0.007333874702453613 343 835 420 922
face 0.007234364748001099 343 835 420 922
face 0.0067596435546875 343 835 420 922
face 0.0064958930015563965 343 835 420 922
face 0.006221652030944824 343 835 420 922
face 0.00619468092918396 343 835 420 922
face 0.006144285202026367 343 835 420 922
face 0.005674511194229126 343 835 420 922
face 0.005244463682174683 343 835 420 922
face 0.005113571882247925 343 835 420 922
face 0.005052447319030762 343 835 420 922
face 0.004868149757385254 343 835 420 922
face 0.004827409982681274 343 835 420 922
face 0.0045160651206970215 343 835 420 922
face 0.004443079233169556 343 835 420 922
face 0.004365772008895874 343 835 420 922
face 0.004350721836090088 343 835 420 922
face 0.004247039556503296 343 835 420 922
face 0.004143714904785156 343 835 420 922
face 0.00395926833152771 343 835 420 922
face 0.003951430320739746 343 835 420 922
face 0.00392797589302063 343 835 420 922
face 0.0038746297359466553 343 835 420 922
face 0.003862708806991577 343 835 420 922
face 0.0038607418537139893 343 835 420 922
face 0.0037915706634521484 343 835 420 922
face 0.0037847161293029785 343 835 420 922
face 0.0036313533782958984 343 835 420 922
face 0.003605067729949951 343 835 420 922
face 0.00360068678855896 343 835 420 922
face 0.0035256147384643555 343 835 420 922
face 0.003502875566482544 343 835 420 922
face 0.00348508358001709 343 835 420 922
face 0.003436952829360962 343 835 420 922
face 0.003389298915863037 343 835 420 922
face 0.003325134515762329 343 835 420 922
face 0.0033071041107177734 343 835 420 922
face 0.0032501220703125 343 835 420 922
face 0.0031758248805999756 343 835 420 922
face 0.0030933916568756104 343 835 420 922
face 0.003063589334487915 343 835 420 922
face 0.002954423427581787 343 835 420 922
face 0.002922952175140381 343 835 420 922
face 0.0029103755950927734 343 835 420 922
face 0.002903580665588379 343 835 420 922
face 0.0028967559337615967 343 835 420 922
face 0.002873927354812622 343 835 420 922
face 0.0028589367866516113 343 835 420 922
face 0.002810239791870117 343 835 420 922
face 0.0027584731578826904 343 835 420 922
face 0.0027419626712799072 343 835 420 922
face 0.0027408599853515625 343 835 420 922
face 0.002735346555709839 343 835 420 922
face 0.002674013376235962 343 835 420 922
face 0.0026563405990600586 343 835 420 922
face 0.0026426315307617188 343 835 420 922
face 0.002630859613418579 343 835 420 922
face 0.002621471881866455 343 835 420 922
face 0.002615600824356079 343 835 420 922
face 0.0026023387908935547 343 835 420 922
face 0.002593904733657837 343 835 420 922
face 0.0025726258754730225 343 835 420 922
face 0.00254899263381958 343 835 420 922
face 0.002545475959777832 343 835 420 922
face 0.002537071704864502 343 835 420 922
face 0.002526521682739258 343 835 420 922
face 0.002524852752685547 343 835 420 922
face 0.0025205016136169434 343 835 420 922
face 0.002519279718399048 343 835 420 922
face 0.002459615468978882 343 835 420 922
face 0.00245511531829834 343 835 420 922
face 0.0024445652961730957 343 835 420 922
face 0.002444535493850708 343 835 420 922
face 0.0024361610412597656 343 835 420 922
face 0.0024164915084838867 343 835 420 922
face 0.002410024404525757 343 835 420 922
face 0.002404719591140747 343 835 420 922
