face 0.9957971572875977 339 49 769 737
face 0.9824989438056946 549 1094 588 1145
face 0.31990474462509155 549 1094 588 1145
face 0.14341065287590027 549 1094 588 1145
face 0.06172624230384827 549 1094 588 1145
face 0.04368311166763306 549 1094 588 1145
face 0.03929460048675537 549 1094 588 1145
face 0.03536021709442139 549 1094 588 1145
face 0.035340070724487305 549 1094 588 1145
face 0.030552595853805542 549 1094 588 1145
face 0.03009834885597229 549 1094 588 1145
face 0.02732008695602417 549 1094 588 1145
face 0.023575007915496826 549 1094 588 1145
face 0.02330601215362549 549 1094 588 1145
face 0.02224510908126831 549 1094 588 1145
face 0.021168380975723267 549 1094 588 1145
face 0.02107444405555725 549 1094 588 1145
face 0.02005121111869812 549 1094 588 1145
face 0.02001979947090149 549 1094 588 1145
face 0.019822806119918823 549 1094 588 1145
face 0.01842653751373291 549 1094 588 1145
face 0.01793530583381653 549 1094 588 1145
face 0.017680108547210693 549 1094 588 1145
face 0.017245888710021973 549 1094 588 1145
face 0.017245113849639893 549 1094 588 1145
face 0.017210572957992554 549 1094 588 1145
face 0.01712062954902649 549 1094 588 1145
face 0.01693093776702881 549 1094 588 1145
face 0.016833752393722534 549 1094 588 1145
face 0.0166282057762146 549 1094 588 1145
face 0.01658850908279419 549 1094 588 1145
face 0.01583784818649292 549 1094 588 1145
face 0.01538705825805664 549 1094 588 1145
face 0.015091508626937866 549 1094 588 1145
face 0.01471659541130066 549 1094 588 1145
face 0.014466673135757446 549 1094 588 1145
face 0.014241933822631836 549 1094 588 1145
face 0.013936549425125122 549 1094 588 1145
face 0.013768196105957031 549 1094 588 1145
face 0.013295352458953857 549 1094 588 1145
face 0.013030707836151123 549 1094 588 1145
face 0.012928366661071777 549 1094 588 1145
face 0.012674033641815186 549 1094 588 1145
face 0.012651324272155762 549 1094 588 1145
face 0.012576937675476074 549 1094 588 1145
face 0.012535661458969116 549 1094 588 1145
face 0.012315809726715088 549 1094 588 1145
face 0.012254863977432251 549 1094 588 1145
face 0.012169688940048218 549 1094 588 1145
face 0.012126177549362183 549 1094 588 1145
face 0.012125343084335327 549 1094 588 1145
face 0.012093305587768555 549 1094 588 1145
face 0.012038379907608032 549 1094 588 1145
face 0.012032747268676758 549 1094 588 1145
face 0.011981755495071411 549 1094 588 1145
face 0.011946052312850952 549 1094 588 1145
face 0.011798173189163208 549 1094 588 1145
face 0.011779934167861938 549 1094 588 1145
face 0.011602848768234253 549 1094 588 1145
face 0.011543065309524536 549 1094 588 1145
face 0.011481910943984985 549 1094 588 1145
face 0.011305660009384155 549 1094 588 1145
face 0.01112520694732666 549 1094 588 1145
face 0.011105149984359741 549 1094 588 1145
face 0.010961383581161499 549 1094 588 1145
face 0.010907977819442749 549 1094 588 1145
face 0.010886907577514648 549 1094 588 1145
face 0.010864853858947754 549 1094 588 1145
face 0.01082184910774231 549 1094 588 1145
face 0.010783404111862183 549 1094 588 1145
face 0.010660439729690552 549 1094 588 1145
face 0.010544061660766602 549 1094 588 1145
face 0.010523200035095215 549 1094 588 1145
face 0.010387957096099854 549 1094 588 1145
face 0.01023709774017334 549 1094 588 1145
face 0.010160058736801147 549 1094 588 1145
face 0.010055691003799438 549 1094 588 1145
face 0.010045617818832397 549 1094 588 1145
face 0.009815841913223267 549 1094 588 1145
face 0.009807348251342773 549 1094 588 1145
face 0.0097731351852417 549 1094 588 1145
face 0.00972127914428711 549 1094 588 1145
face 0.009563952684402466 549 1094 588 1145
face 0.00956067442893982 549 1094 588 1145
face 0.00941169261932373 549 1094 588 1145
face 0.009366810321807861 549 1094 588 1145
face 0.009361237287521362 549 1094 588 1145
face 0.00923246145248413 549 1094 588 1145
face 0.009227931499481201 549 1094 588 1145
face 0.00918915867805481 549 1094 588 1145
face 0.009108126163482666 549 1094 588 1145
face 0.009101390838623047 549 1094 588 1145
face 0.009040385484695435 549 1094 588 1145
face 0.008987575769424438 549 1094 588 1145
face 0.008935660123825073 549 1094 588 1145
face 0.008830338716506958 549 1094 588 1145
face 0.008690595626831055 549 1094 588 1145
face 0.008633345365524292 549 1094 588 1145
face 0.008555740118026733 549 1094 588 1145
face 0.008510410785675049 549 1094 588 1145
