face 0.9975692629814148 509 213 1024 741
face 0.0126972496509552 509 213 1024 741
face 0.0062517523765563965 509 213 1024 741
face 0.005662024021148682 509 213 1024 741
face 0.005640655755996704 509 213 1024 741
face 0.005404084920883179 509 213 1024 741
face 0.005357325077056885 509 213 1024 741
face 0.004730850458145142 509 213 1024 741
face 0.004447996616363525 509 213 1024 741
face 0.004425674676895142 509 213 1024 741
face 0.004079043865203857 509 213 1024 741
face 0.004068166017532349 509 213 1024 741
face 0.00405547022819519 509 213 1024 741
face 0.0038868486881256104 509 213 1024 741
face 0.003829866647720337 509 213 1024 741
face 0.0037618279457092285 509 213 1024 741
face 0.003759145736694336 509 213 1024 741
face 0.003549337387084961 509 213 1024 741
face 0.0035321414470672607 509 213 1024 741
face 0.0035195648670196533 509 213 1024 741
face 0.0034872889518737793 509 213 1024 741
face 0.0034607350826263428 509 213 1024 741
face 0.0033940374851226807 509 213 1024 741
face 0.0033310353755950928 509 213 1024 741
face 0.0032944083213806152 509 213 1024 741
face 0.0032868683338165283 509 213 1024 741
face 0.003249615430831909 509 213 1024 741
face 0.0032415688037872314 509 213 1024 741
face 0.0032369792461395264 509 213 1024 741
face 0.0032248198986053467 509 213 1024 741
face 0.003156125545501709 509 213 1024 741
face 0.003151625394821167 509 213 1024 741
face 0.0029663145542144775 509 213 1024 741
face 0.002935349941253662 509 213 1024 741
face 0.002901434898376465 509 213 1024 741
face 0.0028765499591827393 509 213 1024 741
face 0.002837538719177246 509 213 1024 741
face 0.002814054489135742 509 213 1024 741
face 0.0026529133319854736 509 213 1024 741
face 0.0026168227195739746 509 213 1024 741
face 0.0025468766689300537 509 213 1024 741
face 0.002532780170440674 509 213 1024 741
face 0.002531975507736206 509 213 1024 741
face 0.002531766891479492 509 213 1024 741
face 0.0024868249893188477 509 213 1024 741
face 0.002466946840286255 509 213 1024 741
face 0.002442389726638794 509 213 1024 741
face 0.0024292469024658203 509 213 1024 741
face 0.002405911684036255 509 213 1024 741
face 0.002404928207397461 509 213 1024 741
face 0.002393275499343872 509 213 1024 741
face 0.0023050904273986816 509 213 1024 741
face 0.0022939443588256836 509 213 1024 741
face 0.0022905170917510986 509 213 1024 741
face 0.0022781789302825928 509 213 1024 741
face 0.002265334129333496 509 213 1024 741
face 0.0022647976875305176 509 213 1024 741
face 0.002258121967315674 509 213 1024 741
face 0.002241164445877075 509 213 1024 741
face 0.002210944890975952 509 213 1024 741
face 0.0022040605545043945 509 213 1024 741
face 0.002198725938796997 509 213 1024 741
face 0.002190321683883667 509 213 1024 741
face 0.002154707908630371 509 213 1024 741
face 0.002116978168487549 509 213 1024 741
face 0.0021118521690368652 509 213 1024 741
face 0.0020233094692230225 509 213 1024 741
face 0.0019978880882263184 509 213 1024 741
face 0.001994788646697998 509 213 1024 741
face 0.0019700825214385986 509 213 1024 741
face 0.0019336938858032227 509 213 1024 741
face 0.0019077956676483154 509 213 1024 741
face 0.00189894437789917 509 213 1024 741
face 0.001889735460281372 509 213 1024 741
face 0.001849830150604248 509 213 1024 741
face 0.0018330216407775879 509 213 1024 741
face 0.0018129944801330566 509 213 1024 741
face 0.0018038749694824219 509 213 1024 741
face 0.0017842352390289307 509 213 1024 741
face 0.0017728209495544434 509 213 1024 741
face 0.0017435252666473389 509 213 1024 741
face 0.0017140507698059082 509 213 1024 741
face 0.0016973018646240234 509 213 1024 741
face 0.0016901791095733643 509 213 1024 741
face 0.0016814172267913818 509 213 1024 741
face 0.0016444027423858643 509 213 1024 741
face 0.001642674207687378 509 213 1024 741
face 0.0016421079635620117 509 213 1024 741
face 0.0016288161277770996 509 213 1024 741
face 0.0016222000122070312 509 213 1024 741
face 0.0016148090362548828 509 213 1024 741
face 0.001601099967956543 509 213 1024 741
face 0.0015912950038909912 509 213 1024 741
face 0.0015907883644104004 509 213 1024 741
face 0.0015835762023925781 509 213 1024 741
face 0.0015690028667449951 509 213 1024 741
face 0.0015528202056884766 509 213 1024 741
face 0.0015448927879333496 509 213 1024 741
face 0.001531064510345459 509 213 1024 741
face 0.0015201866626739502 509 213 1024 741
