face 0.9744958877563477 398 141 599 405
face 0.006191164255142212 398 141 599 405
face 0.0057334303855896 398 141 599 405
face 0.005693614482879639 398 141 599 405
face 0.005414247512817383 398 141 599 405
face 0.005383133888244629 398 141 599 405
face 0.005358099937438965 398 141 599 405
face 0.004880189895629883 398 141 599 405
face 0.0048551857471466064 398 141 599 405
face 0.004833817481994629 398 141 599 405
face 0.0044648051261901855 398 141 599 405
face 0.004453450441360474 398 141 599 405
face 0.004433542490005493 398 141 599 405
face 0.004387021064758301 398 141 599 405
face 0.0043205320835113525 398 141 599 405
face 0.004186123609542847 398 141 599 405
face 0.004045367240905762 398 141 599 405
face 0.004029631614685059 398 141 599 405
face 0.003969818353652954 398 141 599 405
face 0.003968328237533569 398 141 599 405
face 0.0038872957229614258 398 141 599 405
face 0.0038765668869018555 398 141 599 405
face 0.003768742084503174 398 141 599 405
face 0.003768622875213623 398 141 599 405
face 0.0037193000316619873 398 141 599 405
face 0.0036916732788085938 398 141 599 405
face 0.003680020570755005 398 141 599 405
face 0.003669440746307373 398 141 599 405
face 0.003651648759841919 398 141 599 405
face 0.0035725533962249756 398 141 599 405
face 0.0035577118396759033 398 141 599 405
face 0.003420531749725342 398 141 599 405
face 0.003393232822418213 398 141 599 405
face 0.0033544301986694336 398 141 599 405
face 0.0033093690872192383 398 141 599 405
face 0.0033016204833984375 398 141 599 405
face 0.003262042999267578 398 141 599 405
face 0.0032074451446533203 398 141 599 405
face 0.003129631280899048 398 141 599 405
face 0.003110140562057495 398 141 599 405
face 0.003102034330368042 398 141 599 405
face 0.003070354461669922 398 141 599 405
face 0.003047645092010498 398 141 599 405
face 0.0030364692211151123 398 141 599 405
face 0.0030176639556884766 398 141 599 405
face 0.0030080676078796387 398 141 599 405
face 0.002981334924697876 398 141 599 405
face 0.002923727035522461 398 141 599 405
face 0.0029090046882629395 398 141 599 405
face 0.0028665363788604736 398 141 599 405
face 0.0028619766235351562 398 141 599 405
face 0.002842038869857788 398 141 599 405
face 0.0028181374073028564 398 141 599 405
face 0.0027756094932556152 398 141 599 405
face 0.002727419137954712 398 141 599 405
face 0.0026960372924804688 398 141 599 405
face 0.002672165632247925 398 141 599 405
face 0.0026623904705047607 398 141 599 405
face 0.0026561319828033447 398 141 599 405
face 0.0026478469371795654 398 141 599 405
face 0.0026253461837768555 398 141 599 405
face 0.0026122331619262695 398 141 599 405
face 0.002580314874649048 398 141 599 405
face 0.0025728940963745117 398 141 599 405
face 0.0025431811809539795 398 141 599 405
face 0.002536088228225708 398 141 599 405
face 0.002528280019760132 398 141 599 405
face 0.002527475357055664 398 141 599 405
face 0.0025207698345184326 398 141 599 405
face 0.002489328384399414 398 141 599 405
face 0.002483367919921875 398 141 599 405
face 0.002474278211593628 398 141 599 405
face 0.0024351179599761963 398 141 599 405
face 0.0024261474609375 398 141 599 405
face 0.0024158358573913574 398 141 599 405
face 0.0023965835571289062 398 141 599 405
face 0.002377927303314209 398 141 599 405
face 0.002368032932281494 398 141 599 405
face 0.0023679137229919434 398 141 599 405
face 0.002358764410018921 398 141 599 405
face 0.002344787120819092 398 141 599 405
face 0.002340644598007202 398 141 599 405
face 0.0023365318775177 398 141 599 405
face 0.0023272037506103516 398 141 599 405
face 0.0023200511932373047 398 141 599 405
face 0.0023179054260253906 398 141 599 405
face 0.0023058652877807617 398 141 599 405
face 0.002271294593811035 398 141 599 405
face 0.0022675693035125732 398 141 599 405
face 0.0022609829902648926 398 141 599 405
face 0.0022263526916503906 398 141 599 405
face 0.0022192299365997314 398 141 599 405
face 0.002217710018157959 398 141 599 405
face 0.0021996796131134033 398 141 599 405
face 0.002194911241531372 398 141 599 405
face 0.002161771059036255 398 141 599 405
face 0.002160191535949707 398 141 599 405
face 0.0021440982818603516 398 141 599 405
face 0.0021391212940216064 398 141 599 405
face 0.002135366201400757 398 141 599 405
