face 0.7339270114898682 207 265 264 334
face 0.366021066904068 207 265 264 334
face 0.04442211985588074 207 265 264 334
face 0.03445979952812195 207 265 264 334
face 0.033479660749435425 207 265 264 334
face 0.03302299976348877 207 265 264 334
face 0.0328960120677948 207 265 264 334
face 0.03102809190750122 207 265 264 334
face 0.0305769145488739 207 265 264 334
face 0.03053155541419983 207 265 264 334
face 0.029795706272125244 207 265 264 334
face 0.029311805963516235 207 265 264 334
face 0.028712809085845947 207 265 264 334
face 0.027731776237487793 207 265 264 334
face 0.02758607268333435 207 265 264 334
face 0.026709794998168945 207 265 264 334
face 0.026591330766677856 207 265 264 334
face 0.026486337184906006 207 265 264 334
face 0.0251409113407135 207 265 264 334
face 0.02492588758468628 207 265 264 334
face 0.0237199068069458 207 265 264 334
face 0.023552507162094116 207 265 264 334
face 0.02344176173210144 207 265 264 334
face 0.023385167121887207 207 265 264 334
face 0.023269474506378174 207 265 264 334
face 0.02326062321662903 207 265 264 334
face 0.022594809532165527 207 265 264 334
face 0.022170305252075195 207 265 264 334
face 0.021857500076293945 207 265 264 334
face 0.021309584379196167 207 265 264 334
face 0.02103292942047119 207 265 264 334
face 0.02059417963027954 207 265 264 334
face 0.020538121461868286 207 265 264 334
face 0.02021452784538269 207 265 264 334
face 0.020043879747390747 207 265 264 334
face 0.019676119089126587 207 265 264 334
face 0.01893886923789978 207 265 264 334
face 0.018877774477005005 207 265 264 334
face 0.01880943775177002 207 265 264 334
face 0.018798798322677612 207 265 264 334
face 0.018729478120803833 207 265 264 334
face 0.01866734027862549 207 265 264 334
face 0.01864337921142578 207 265 264 334
face 0.01860564947128296 207 265 264 334
face 0.018282413482666016 207 265 264 334
face 0.018275737762451172 207 265 264 334
face 0.01820281147956848 207 265 264 334
face 0.01814335584640503 207 265 264 334
face 0.018090516328811646 207 265 264 334
face 0.018012285232543945 207 265 264 334
face 0.017880171537399292 207 265 264 334
face 0.01778891682624817 207 265 264 334
face 0.01720300316810608 207 265 264 334
face 0.017170220613479614 207 265 264 334
face 0.016604334115982056 207 265 264 334
face 0.016587406396865845 207 265 264 334
face 0.016541719436645508 207 265 264 334
face 0.016517579555511475 207 265 264 334
face 0.01646369695663452 207 265 264 334
face 0.016360044479370117 207 265 264 334
face 0.016198784112930298 207 265 264 334
face 0.016153961420059204 207 265 264 334
face 0.016037970781326294 207 265 264 334
face 0.015761852264404297 207 265 264 334
face 0.015732496976852417 207 265 264 334
face 0.01567840576171875 207 265 264 334
face 0.015643298625946045 207 265 264 334
face 0.015593618154525757 207 265 264 334
face 0.015275716781616211 207 265 264 334
face 0.01512765884399414 207 265 264 334
face 0.014922529458999634 207 265 264 334
face 0.014804542064666748 207 265 264 334
face 0.014686673879623413 207 265 264 334
face 0.014605581760406494 207 265 264 334
face 0.013937830924987793 207 265 264 334
face 0.013769000768661499 207 265 264 334
face 0.013740330934524536 207 265 264 334
face 0.01373201608657837 207 265 264 334
face 0.01372632384300232 207 265 264 334
face 0.01365119218826294 207 265 264 334
face 0.013377577066421509 207 265 264 334
face 0.013283461332321167 207 265 264 334
face 0.013141095638275146 207 265 264 334
face 0.012793391942977905 207 265 264 334
face 0.012774348258972168 207 265 264 334
face 0.012619942426681519 207 265 264 334
face 0.012286454439163208 207 265 264 334
face 0.012249946594238281 207 265 264 334
face 0.012231141328811646 207 265 264 334
face 0.012175500392913818 207 265 264 334
face 0.012160301208496094 207 265 264 334
face 0.012148648500442505 207 265 264 334
face 0.012007743120193481 207 265 264 334
face 0.011974334716796875 207 265 264 334
face 0.01194658875465393 207 265 264 334
face 0.011688232421875 207 265 264 334
face 0.01165357232093811 207 265 264 334
face 0.01162254810333252 207 265 264 334
face 0.011461138725280762 207 265 264 334
face 0.011361509561538696 207 265 264 334
