face 0.9998966455459595 225 213 818 1076
face 0.006133854389190674 225 213 818 1076
face 0.005907654762268066 225 213 818 1076
face 0.004029452800750732 225 213 818 1076
face 0.0033446848392486572 225 213 818 1076
face 0.0032109618186950684 225 213 818 1076
face 0.0032050907611846924 225 213 818 1076
face 0.003196418285369873 225 213 818 1076
face 0.002948284149169922 225 213 818 1076
face 0.0029356777667999268 225 213 818 1076
face 0.002575904130935669 225 213 818 1076
face 0.0025745034217834473 225 213 818 1076
face 0.0024546682834625244 225 213 818 1076
face 0.00242692232131958 225 213 818 1076
face 0.0023521482944488525 225 213 818 1076
face 0.0023413896560668945 225 213 818 1076
face 0.0023401379585266113 225 213 818 1076
face 0.002316504716873169 225 213 818 1076
face 0.002309173345565796 225 213 818 1076
face 0.0022959113121032715 225 213 818 1076
face 0.002292722463607788 225 213 818 1076
face 0.0022419393062591553 225 213 818 1076
face 0.00218123197555542 225 213 818 1076
face 0.0021632909774780273 225 213 818 1076
face 0.002094775438308716 225 213 818 1076
face 0.002084285020828247 225 213 818 1076
face 0.0019899308681488037 225 213 818 1076
face 0.0019817054271698 225 213 818 1076
face 0.0019120275974273682 225 213 818 1076
face 0.0018835067749023438 225 213 818 1076
face 0.0018745660781860352 225 213 818 1076
face 0.0018506348133087158 225 213 818 1076
face 0.0018410682678222656 225 213 818 1076
face 0.0018070638179779053 225 213 818 1076
face 0.0018052160739898682 225 213 818 1076
face 0.0017979741096496582 225 213 818 1076
face 0.0017950832843780518 225 213 818 1076
face 0.0017815828323364258 225 213 818 1076
face 0.0017647147178649902 225 213 818 1076
face 0.0017249584197998047 225 213 818 1076
face 0.001721799373626709 225 213 818 1076
face 0.001714855432510376 225 213 818 1076
face 0.001710057258605957 225 213 818 1076
face 0.0016844570636749268 225 213 818 1076
face 0.0016309022903442383 225 213 818 1076
face 0.0016224384307861328 225 213 818 1076
face 0.001598954200744629 225 213 818 1076
face 0.001597374677658081 225 213 818 1076
face 0.0015857815742492676 225 213 818 1076
face 0.0015607774257659912 225 213 818 1076
face 0.001537412405014038 225 213 818 1076
face 0.0015355944633483887 225 213 818 1076
face 0.0015313029289245605 225 213 818 1076
face 0.0015295147895812988 225 213 818 1076
face 0.0015237033367156982 225 213 818 1076
face 0.0015201866626739502 225 213 818 1076
face 0.0015068650245666504 225 213 818 1076
face 0.0015024542808532715 225 213 818 1076
face 0.0014969110488891602 225 213 818 1076
face 0.0014812946319580078 225 213 818 1076
face 0.0014750361442565918 225 213 818 1076
face 0.0014681518077850342 225 213 818 1076
face 0.0014674663543701172 225 213 818 1076
face 0.001463472843170166 225 213 818 1076
face 0.0014415979385375977 225 213 818 1076
face 0.0014409422874450684 225 213 818 1076
face 0.0014185309410095215 225 213 818 1076
face 0.0014172792434692383 225 213 818 1076
face 0.0014104843139648438 225 213 818 1076
face 0.001405864953994751 225 213 818 1076
face 0.0013668537139892578 225 213 818 1076
face 0.0013643503189086914 225 213 818 1076
face 0.0013441741466522217 225 213 818 1076
face 0.001331925392150879 225 213 818 1076
face 0.0013270378112792969 225 213 818 1076
face 0.0013179183006286621 225 213 818 1076
face 0.0012883245944976807 225 213 818 1076
face 0.0012876391410827637 225 213 818 1076
face 0.0012754499912261963 225 213 818 1076
face 0.0012644827365875244 225 213 818 1076
face 0.0012517273426055908 225 213 818 1076
face 0.0012448132038116455 225 213 818 1076
face 0.0012322068214416504 225 213 818 1076
face 0.0012282133102416992 225 213 818 1076
face 0.0012244582176208496 225 213 818 1076
face 0.001223921775817871 225 213 818 1076
face 0.001223057508468628 225 213 818 1076
face 0.0012158453464508057 225 213 818 1076
face 0.001215815544128418 225 213 818 1076
face 0.0011878907680511475 225 213 818 1076
face 0.0011797547340393066 225 213 818 1076
face 0.0011766254901885986 225 213 818 1076
face 0.001164942979812622 225 213 818 1076
face 0.0011501610279083252 225 213 818 1076
face 0.0011492371559143066 225 213 818 1076
face 0.001148521900177002 225 213 818 1076
face 0.0011479854583740234 225 213 818 1076
face 0.00114518404006958 225 213 818 1076
face 0.0011447668075561523 225 213 818 1076
face 0.0011432170867919922 225 213 818 1076
