face 0.9908430576324463 539 159 823 406
face 0.017153888940811157 539 159 823 406
face 0.013811200857162476 539 159 823 406
face 0.012385040521621704 539 159 823 406
face 0.011530578136444092 539 159 823 406
face 0.01037055253982544 539 159 823 406
face 0.009661853313446045 539 159 823 406
face 0.009519755840301514 539 159 823 406
face 0.009511172771453857 539 159 823 406
face 0.009330511093139648 539 159 823 406
face 0.009327977895736694 539 159 823 406
face 0.009275108575820923 539 159 823 406
face 0.009166449308395386 539 159 823 406
face 0.008500784635543823 539 159 823 406
face 0.008415579795837402 539 159 823 406
face 0.00808224081993103 539 159 823 406
face 0.00792473554611206 539 159 823 406
face 0.007828742265701294 539 159 823 406
face 0.007803767919540405 539 159 823 406
face 0.007780969142913818 539 159 823 406
face 0.00777086615562439 539 159 823 406
face 0.00769391655921936 539 159 823 406
face 0.007672339677810669 539 159 823 406
face 0.0075334906578063965 539 159 823 406
face 0.007364839315414429 539 159 823 406
face 0.007244020700454712 539 159 823 406
face 0.007223397493362427 539 159 823 406
face 0.007092565298080444 539 159 823 406
face 0.007088810205459595 539 159 823 406
face 0.007068455219268799 539 159 823 406
face 0.00683671236038208 539 159 823 406
face 0.0068298280239105225 539 159 823 406
face 0.006719797849655151 539 159 823 406
face 0.006529718637466431 539 159 823 406
face 0.006445527076721191 539 159 823 406
face 0.006424427032470703 539 159 823 406
face 0.006368964910507202 539 159 823 406
face 0.006190657615661621 539 159 823 406
face 0.006165176630020142 539 159 823 406
face 0.006158262491226196 539 159 823 406
face 0.006146490573883057 539 159 823 406
face 0.006085902452468872 539 159 823 406
face 0.006061166524887085 539 159 823 406
face 0.0059867799282073975 539 159 823 406
face 0.005940079689025879 539 159 823 406
face 0.005871474742889404 539 159 823 406
face 0.005841761827468872 539 159 823 406
face 0.005767166614532471 539 159 823 406
face 0.005744874477386475 539 159 823 406
face 0.005728274583816528 539 159 823 406
face 0.00555834174156189 539 159 823 406
face 0.005502641201019287 539 159 823 406
face 0.005487501621246338 539 159 823 406
face 0.005465686321258545 539 159 823 406
face 0.005456775426864624 539 159 823 406
face 0.0054413676261901855 539 159 823 406
face 0.00539165735244751 539 159 823 406
face 0.0053822994232177734 539 159 823 406
face 0.005270332098007202 539 159 823 406
face 0.005181789398193359 539 159 823 406
face 0.00509798526763916 539 159 823 406
face 0.005002081394195557 539 159 823 406
face 0.004936575889587402 539 159 823 406
face 0.004913777112960815 539 159 823 406
face 0.004866093397140503 539 159 823 406
face 0.004865974187850952 539 159 823 406
face 0.004830151796340942 539 159 823 406
face 0.004777491092681885 539 159 823 406
face 0.0047460198402404785 539 159 823 406
face 0.004738897085189819 539 159 823 406
face 0.004707515239715576 539 159 823 406
face 0.004685580730438232 539 159 823 406
face 0.004661619663238525 539 159 823 406
face 0.0045965611934661865 539 159 823 406
face 0.004575401544570923 539 159 823 406
face 0.004560619592666626 539 159 823 406
face 0.00455811619758606 539 159 823 406
face 0.004514962434768677 539 159 823 406
face 0.004473239183425903 539 159 823 406
face 0.00447121262550354 539 159 823 406
face 0.00444832444190979 539 159 823 406
face 0.004429370164871216 539 159 823 406
face 0.004421740770339966 539 159 823 406
face 0.0043707191944122314 539 159 823 406
face 0.004368782043457031 539 159 823 406
face 0.004366397857666016 539 159 823 406
face 0.004328340291976929 539 159 823 406
face 0.004325121641159058 539 159 823 406
face 0.004288077354431152 539 159 823 406
face 0.004258543252944946 539 159 823 406
face 0.00425034761428833 539 159 823 406
face 0.004245579242706299 539 159 823 406
face 0.004212677478790283 539 159 823 406
face 0.004195362329483032 539 159 823 406
face 0.004146069288253784 539 159 823 406
face 0.004113286733627319 539 159 823 406
face 0.004104405641555786 539 159 823 406
face 0.004075765609741211 539 159 823 406
face 0.004056036472320557 539 159 823 406
face 0.0040506720542907715 539 159 823 406
