face 0.2544286847114563 698 274 957 466
face 0.17961323261260986 698 274 957 466
face 0.15463969111442566 698 274 957 466
face 0.10555261373519897 698 274 957 466
face 0.09920242428779602 698 274 957 466
face 0.07644727826118469 698 274 957 466
face 0.0637618899345398 698 274 957 466
face 0.06081271171569824 698 274 957 466
face 0.059102535247802734 698 274 957 466
face 0.05125606060028076 698 274 957 466
face 0.049562156200408936 698 274 957 466
face 0.04784312844276428 698 274 957 466
face 0.04522126913070679 698 274 957 466
face 0.043876856565475464 698 274 957 466
face 0.041083574295043945 698 274 957 466
face 0.03534728288650513 698 274 957 466
face 0.0331040620803833 698 274 957 466
face 0.029794812202453613 698 274 957 466
face 0.029441863298416138 698 274 957 466
face 0.026720643043518066 698 274 957 466
face 0.026685774326324463 698 274 957 466
face 0.02563825249671936 698 274 957 466
face 0.02488991618156433 698 274 957 466
face 0.024796873331069946 698 274 957 466
face 0.024412602186203003 698 274 957 466
face 0.023790985345840454 698 274 957 466
face 0.02275034785270691 698 274 957 466
face 0.022721290588378906 698 274 957 466
face 0.021881073713302612 698 274 957 466
face 0.02183055877685547 698 274 957 466
face 0.021390169858932495 698 274 957 466
face 0.02136695384979248 698 274 957 466
face 0.02056145668029785 698 274 957 466
face 0.02047327160835266 698 274 957 466
face 0.02033001184463501 698 274 957 466
face 0.020208656787872314 698 274 957 466
face 0.0197412371635437 698 274 957 466
face 0.019666939973831177 698 274 957 466
face 0.0196211040019989 698 274 957 466
face 0.019067585468292236 698 274 957 466
face 0.018716275691986084 698 274 957 466
face 0.01845729351043701 698 274 957 466
face 0.018382281064987183 698 274 957 466
face 0.018344521522521973 698 274 957 466
face 0.01816609501838684 698 274 957 466
face 0.01789379119873047 698 274 957 466
face 0.017822951078414917 698 274 957 466
face 0.01746499538421631 698 274 957 466
face 0.017209768295288086 698 274 957 466
face 0.016903966665267944 698 274 957 466
face 0.016804665327072144 698 274 957 466
face 0.016514688730239868 698 274 957 466
face 0.016387581825256348 698 274 957 466
face 0.01631110906600952 698 274 957 466
face 0.016082704067230225 698 274 957 466
face 0.015245884656906128 698 274 957 466
face 0.01517874002456665 698 274 957 466
face 0.015176594257354736 698 274 957 466
face 0.01469200849533081 698 274 957 466
face 0.01437610387802124 698 274 957 466
face 0.014305710792541504 698 274 957 466
face 0.014187335968017578 698 274 957 466
face 0.014073014259338379 698 274 957 466
face 0.013980358839035034 698 274 957 466
face 0.013917654752731323 698 274 957 466
face 0.01354166865348816 698 274 957 466
face 0.013324856758117676 698 274 957 466
face 0.013308495283126831 698 274 957 466
face 0.013217002153396606 698 274 957 466
face 0.013173997402191162 698 274 957 466
face 0.01306992769241333 698 274 957 466
face 0.012910276651382446 698 274 957 466
face 0.012777388095855713 698 274 957 466
face 0.012750774621963501 698 274 957 466
face 0.012434661388397217 698 274 957 466
face 0.012393087148666382 698 274 957 466
face 0.012381494045257568 698 274 957 466
face 0.012313276529312134 698 274 957 466
face 0.012264072895050049 698 274 957 466
face 0.012244373559951782 698 274 957 466
face 0.012191683053970337 698 274 957 466
face 0.012020766735076904 698 274 957 466
face 0.011909902095794678 698 274 957 466
face 0.011812686920166016 698 274 957 466
face 0.011732161045074463 698 274 957 466
face 0.011684030294418335 698 274 957 466
face 0.011620491743087769 698 274 957 466
face 0.011612534523010254 698 274 957 466
face 0.011611461639404297 698 274 957 466
face 0.011597871780395508 698 274 957 466
face 0.011591702699661255 698 274 957 466
face 0.01136830449104309 698 274 957 466
face 0.011216193437576294 698 274 957 466
face 0.011097699403762817 698 274 957 466
face 0.011023759841918945 698 274 957 466
face 0.010922491550445557 698 274 957 466
face 0.010898500680923462 698 274 957 466
face 0.010887205600738525 698 274 957 466
face 0.01085662841796875 698 274 957 466
face 0.01065140962600708 698 274 957 466
