face 0.21492519974708557 348 459 578 724
face 0.15607067942619324 348 459 578 724
face 0.1279710829257965 348 459 578 724
face 0.1033731997013092 348 459 578 724
face 0.09092098474502563 348 459 578 724
face 0.07756933569908142 348 459 578 724
face 0.07686406373977661 348 459 578 724
face 0.07457268238067627 348 459 578 724
face 0.0701703429222107 348 459 578 724
face 0.06898704171180725 348 459 578 724
face 0.06871426105499268 348 459 578 724
face 0.06686383485794067 348 459 578 724
face 0.06611144542694092 348 459 578 724
face 0.06499874591827393 348 459 578 724
face 0.06262937188148499 348 459 578 724
face 0.06104937195777893 348 459 578 724
face 0.060807496309280396 348 459 578 724
face 0.060307443141937256 348 459 578 724
face 0.059041112661361694 348 459 578 724
face 0.05898371338844299 348 459 578 724
face 0.05638524889945984 348 459 578 724
face 0.05627322196960449 348 459 578 724
face 0.05438029766082764 348 459 578 724
face 0.051070451736450195 348 459 578 724
face 0.05050811171531677 348 459 578 724
face 0.04751616716384888 348 459 578 724
face 0.04746529459953308 348 459 578 724
face 0.046736568212509155 348 459 578 724
face 0.045617640018463135 348 459 578 724
face 0.045242249965667725 348 459 578 724
face 0.045137226581573486 348 459 578 724
face 0.04455387592315674 348 459 578 724
face 0.042841315269470215 348 459 578 724
face 0.042475759983062744 348 459 578 724
face 0.04151138663291931 348 459 578 724
face 0.039243996143341064 348 459 578 724
face 0.039053112268447876 348 459 578 724
face 0.037244558334350586 348 459 578 724
face 0.03694981336593628 348 459 578 724
face 0.036242395639419556 348 459 578 724
face 0.03596615791320801 348 459 578 724
face 0.03566005825996399 348 459 578 724
face 0.035554587841033936 348 459 578 724
face 0.03425702452659607 348 459 578 724
face 0.03383314609527588 348 459 578 724
face 0.032854050397872925 348 459 578 724
face 0.031715959310531616 348 459 578 724
face 0.031044691801071167 348 459 578 724
face 0.030731797218322754 348 459 578 724
face 0.02982315421104431 348 459 578 724
face 0.029672563076019287 348 459 578 724
face 0.028877317905426025 348 459 578 724
face 0.0287359356880188 348 459 578 724
face 0.027814924716949463 348 459 578 724
face 0.02778187394142151 348 459 578 724
face 0.027544379234313965 348 459 578 724
face 0.02623426914215088 348 459 578 724
face 0.025681495666503906 348 459 578 724
face 0.02451956272125244 348 459 578 724
face 0.024404376745224 348 459 578 724
face 0.023665249347686768 348 459 578 724
face 0.02270376682281494 348 459 578 724
face 0.022680163383483887 348 459 578 724
face 0.022676914930343628 348 459 578 724
face 0.0222928524017334 348 459 578 724
face 0.022040575742721558 348 459 578 724
face 0.021699845790863037 348 459 578 724
face 0.02138182520866394 348 459 578 724
face 0.021131128072738647 348 459 578 724
face 0.021130502223968506 348 459 578 724
face 0.02110341191291809 348 459 578 724
face 0.02105572819709778 348 459 578 724
face 0.020882219076156616 348 459 578 724
face 0.02082127332687378 348 459 578 724
face 0.020788133144378662 348 459 578 724
face 0.020720690488815308 348 459 578 724
face 0.020635664463043213 348 459 578 724
face 0.02049538493156433 348 459 578 724
face 0.020276278257369995 348 459 578 724
face 0.02026820182800293 348 459 578 724
face 0.020261436700820923 348 459 578 724
face 0.02024596929550171 348 459 578 724
face 0.019989073276519775 348 459 578 724
face 0.01962900161743164 348 459 578 724
face 0.019332587718963623 348 459 578 724
face 0.01927545666694641 348 459 578 724
face 0.019221961498260498 348 459 578 724
face 0.01917627453804016 348 459 578 724
face 0.019004613161087036 348 459 578 724
face 0.018896549940109253 348 459 578 724
face 0.018747150897979736 348 459 578 724
face 0.01874348521232605 348 459 578 724
face 0.01869654655456543 348 459 578 724
face 0.018487244844436646 348 459 578 724
face 0.018377572298049927 348 459 578 724
face 0.018371611833572388 348 459 578 724
face 0.01811036467552185 348 459 578 724
face 0.018076539039611816 348 459 578 724
face 0.01804015040397644 348 459 578 724
face 0.017842024564743042 348 459 578 724
