face 0.8707077503204346 201 54 213 74
face 0.8401151895523071 399 68 524 268
face 0.8052794337272644 97 65 109 83
face 0.8015550374984741 130 52 141 70
face 0.6612280607223511 153 20 164 38
face 0.637663722038269 241 83 254 104
face 0.5768581628799438 834 57 847 71
face 0.5730184316635132 737 50 748 69
face 0.5676653385162354 302 80 316 100
face 0.48911893367767334 302 80 316 100
face 0.4853731095790863 302 80 316 100
face 0.3827614188194275 302 80 316 100
face 0.29761195182800293 302 80 316 100
face 0.24747025966644287 302 80 316 100
face 0.22864332795143127 302 80 316 100
face 0.17938292026519775 302 80 316 100
face 0.14202919602394104 302 80 316 100
face 0.13506346940994263 302 80 316 100
face 0.13489368557929993 302 80 316 100
face 0.129400372505188 302 80 316 100
face 0.11537426710128784 302 80 316 100
face 0.11277318000793457 302 80 316 100
face 0.10335078835487366 302 80 316 100
face 0.09921100735664368 302 80 316 100
face 0.09492313861846924 302 80 316 100
face 0.089689701795578 302 80 316 100
face 0.08307555317878723 302 80 316 100
face 0.07986330986022949 302 80 316 100
face 0.06385856866836548 302 80 316 100
face 0.060750871896743774 302 80 316 100
face 0.057766228914260864 302 80 316 100
face 0.05633741617202759 302 80 316 100
face 0.05367809534072876 302 80 316 100
face 0.05144062638282776 302 80 316 100
face 0.04993098974227905 302 80 316 100
face 0.04894441366195679 302 80 316 100
face 0.03994184732437134 302 80 316 100
face 0.03858938813209534 302 80 316 100
face 0.037251293659210205 302 80 316 100
face 0.030761539936065674 302 80 316 100
face 0.02848878502845764 302 80 316 100
face 0.025841832160949707 302 80 316 100
face 0.024656593799591064 302 80 316 100
face 0.024583905935287476 302 80 316 100
face 0.024224519729614258 302 80 316 100
face 0.022695809602737427 302 80 316 100
face 0.022466391324996948 302 80 316 100
face 0.021680355072021484 302 80 316 100
face 0.020057588815689087 302 80 316 100
face 0.01951006054878235 302 80 316 100
face 0.019105345010757446 302 80 316 100
face 0.019023984670639038 302 80 316 100
face 0.018899232149124146 302 80 316 100
face 0.017437875270843506 302 80 316 100
face 0.017433643341064453 302 80 316 100
face 0.016083121299743652 302 80 316 100
face 0.015892386436462402 302 80 316 100
face 0.013803690671920776 302 80 316 100
face 0.013551652431488037 302 80 316 100
face 0.012881428003311157 302 80 316 100
face 0.012631714344024658 302 80 316 100
face 0.011423587799072266 302 80 316 100
face 0.011299341917037964 302 80 316 100
face 0.011008203029632568 302 80 316 100
face 0.009993046522140503 302 80 316 100
face 0.00983971357345581 302 80 316 100
face 0.009633183479309082 302 80 316 100
face 0.009469717741012573 302 80 316 100
face 0.009222954511642456 302 80 316 100
face 0.00901290774345398 302 80 316 100
face 0.00898045301437378 302 80 316 100
face 0.008702903985977173 302 80 316 100
face 0.008431017398834229 302 80 316 100
face 0.00840708613395691 302 80 316 100
face 0.008271664381027222 302 80 316 100
face 0.007691383361816406 302 80 316 100
face 0.007686883211135864 302 80 316 100
face 0.0074090659618377686 302 80 316 100
face 0.007401466369628906 302 80 316 100
face 0.0073976218700408936 302 80 316 100
face 0.007149070501327515 302 80 316 100
face 0.0067813098430633545 302 80 316 100
face 0.0067739784717559814 302 80 316 100
face 0.00675007700920105 302 80 316 100
face 0.006734699010848999 302 80 316 100
face 0.006637543439865112 302 80 316 100
face 0.006618678569793701 302 80 316 100
face 0.006584137678146362 302 80 316 100
face 0.006564199924468994 302 80 316 100
face 0.0064781904220581055 302 80 316 100
face 0.006256103515625 302 80 316 100
face 0.006250500679016113 302 80 316 100
face 0.006150960922241211 302 80 316 100
face 0.006118208169937134 302 80 316 100
face 0.006038278341293335 302 80 316 100
face 0.005792737007141113 302 80 316 100
face 0.005783885717391968 302 80 316 100
face 0.0057649314403533936 302 80 316 100
face 0.00575980544090271 302 80 316 100
face 0.00573498010635376 302 80 316 100
