face 0.4460601210594177 161 211 888 1180
face 0.22790473699569702 161 211 888 1180
face 0.16480869054794312 161 211 888 1180
face 0.06050953269004822 161 211 888 1180
face 0.04853099584579468 161 211 888 1180
face 0.04323023557662964 161 211 888 1180
face 0.04320278763771057 161 211 888 1180
face 0.0431685745716095 161 211 888 1180
face 0.04262828826904297 161 211 888 1180
face 0.040023982524871826 161 211 888 1180
face 0.039605945348739624 161 211 888 1180
face 0.03717857599258423 161 211 888 1180
face 0.03661099076271057 161 211 888 1180
face 0.03656235337257385 161 211 888 1180
face 0.03623223304748535 161 211 888 1180
face 0.03506776690483093 161 211 888 1180
face 0.03141370415687561 161 211 888 1180
face 0.028671294450759888 161 211 888 1180
face 0.028573989868164062 161 211 888 1180
face 0.028546303510665894 161 211 888 1180
face 0.026463627815246582 161 211 888 1180
face 0.02590528130531311 161 211 888 1180
face 0.025859802961349487 161 211 888 1180
face 0.02577739953994751 161 211 888 1180
face 0.025671958923339844 161 211 888 1180
face 0.02548709511756897 161 211 888 1180
face 0.02517479658126831 161 211 888 1180
face 0.025144338607788086 161 211 888 1180
face 0.025114595890045166 161 211 888 1180
face 0.024771541357040405 161 211 888 1180
face 0.02465394139289856 161 211 888 1180
face 0.024535775184631348 161 211 888 1180
face 0.02435767650604248 161 211 888 1180
face 0.024175643920898438 161 211 888 1180
face 0.024011462926864624 161 211 888 1180
face 0.02380669116973877 161 211 888 1180
face 0.023288100957870483 161 211 888 1180
face 0.022831201553344727 161 211 888 1180
face 0.022453099489212036 161 211 888 1180
face 0.022272199392318726 161 211 888 1180
face 0.02214697003364563 161 211 888 1180
face 0.0220583975315094 161 211 888 1180
face 0.020876139402389526 161 211 888 1180
face 0.020410388708114624 161 211 888 1180
face 0.020385652780532837 161 211 888 1180
face 0.020323127508163452 161 211 888 1180
face 0.020051777362823486 161 211 888 1180
face 0.019561201333999634 161 211 888 1180
face 0.019104599952697754 161 211 888 1180
face 0.018838733434677124 161 211 888 1180
face 0.018694669008255005 161 211 888 1180
face 0.018644511699676514 161 211 888 1180
face 0.018572568893432617 161 211 888 1180
face 0.01840388774871826 161 211 888 1180
face 0.01813286542892456 161 211 888 1180
face 0.017750293016433716 161 211 888 1180
face 0.017509162425994873 161 211 888 1180
face 0.017457187175750732 161 211 888 1180
face 0.017193585634231567 161 211 888 1180
face 0.017163753509521484 161 211 888 1180
face 0.017116636037826538 161 211 888 1180
face 0.016908913850784302 161 211 888 1180
face 0.016855984926223755 161 211 888 1180
face 0.0168306827545166 161 211 888 1180
face 0.016678273677825928 161 211 888 1180
face 0.016429126262664795 161 211 888 1180
face 0.01641005277633667 161 211 888 1180
face 0.0163496732711792 161 211 888 1180
face 0.016311198472976685 161 211 888 1180
face 0.01608937978744507 161 211 888 1180
face 0.016020387411117554 161 211 888 1180
face 0.015876203775405884 161 211 888 1180
face 0.015856564044952393 161 211 888 1180
face 0.015524238348007202 161 211 888 1180
face 0.01531970500946045 161 211 888 1180
face 0.01521831750869751 161 211 888 1180
face 0.014947056770324707 161 211 888 1180
face 0.014946550130844116 161 211 888 1180
face 0.014587730169296265 161 211 888 1180
face 0.014502197504043579 161 211 888 1180
face 0.01442795991897583 161 211 888 1180
face 0.014327913522720337 161 211 888 1180
face 0.014168649911880493 161 211 888 1180
face 0.013917297124862671 161 211 888 1180
face 0.013855695724487305 161 211 888 1180
face 0.013777554035186768 161 211 888 1180
face 0.013656944036483765 161 211 888 1180
face 0.013617902994155884 161 211 888 1180
face 0.013502389192581177 161 211 888 1180
face 0.01348644495010376 161 211 888 1180
face 0.013479918241500854 161 211 888 1180
face 0.013240993022918701 161 211 888 1180
face 0.013034790754318237 161 211 888 1180
face 0.013006925582885742 161 211 888 1180
face 0.012997955083847046 161 211 888 1180
face 0.01298457384109497 161 211 888 1180
face 0.012903213500976562 161 211 888 1180
face 0.012747436761856079 161 211 888 1180
face 0.012365221977233887 161 211 888 1180
face 0.012273550033569336 161 211 888 1180
