face 0.9537686109542847 294 695 321 734
face 0.7920938730239868 642 436 658 453
face 0.6219477653503418 729 451 747 472
face 0.5350138545036316 523 392 538 407
face 0.4521007239818573 523 392 538 407
face 0.20764309167861938 523 392 538 407
face 0.18029889464378357 523 392 538 407
face 0.13093459606170654 523 392 538 407
face 0.12349200248718262 523 392 538 407
face 0.07265737652778625 523 392 538 407
face 0.06743878126144409 523 392 538 407
face 0.0611405074596405 523 392 538 407
face 0.049947589635849 523 392 538 407
face 0.0454975962638855 523 392 538 407
face 0.044286519289016724 523 392 538 407
face 0.039432913064956665 523 392 538 407
face 0.03806743025779724 523 392 538 407
face 0.03579777479171753 523 392 538 407
face 0.03240630030632019 523 392 538 407
face 0.029586970806121826 523 392 538 407
face 0.026086360216140747 523 392 538 407
face 0.026058822870254517 523 392 538 407
face 0.022707313299179077 523 392 538 407
face 0.020746886730194092 523 392 538 407
face 0.018833816051483154 523 392 538 407
face 0.01865231990814209 523 392 538 407
face 0.01819095015525818 523 392 538 407
face 0.016940027475357056 523 392 538 407
face 0.01593044400215149 523 392 538 407
face 0.015586048364639282 523 392 538 407
face 0.014175057411193848 523 392 538 407
face 0.01333385705947876 523 392 538 407
face 0.011916756629943848 523 392 538 407
face 0.011570662260055542 523 392 538 407
face 0.011508345603942871 523 392 538 407
face 0.01064559817314148 523 392 538 407
face 0.01053541898727417 523 392 538 407
face 0.010296612977981567 523 392 538 407
face 0.009383589029312134 523 392 538 407
face 0.009253531694412231 523 392 538 407
face 0.0089091956615448 523 392 538 407
face 0.008846491575241089 523 392 538 407
face 0.00870424509048462 523 392 538 407
face 0.008564889430999756 523 392 538 407
face 0.008491069078445435 523 392 538 407
face 0.008479863405227661 523 392 538 407
face 0.008333474397659302 523 392 538 407
face 0.008230417966842651 523 392 538 407
face 0.008183121681213379 523 392 538 407
face 0.008173257112503052 523 392 538 407
face 0.007936239242553711 523 392 538 407
face 0.007538288831710815 523 392 538 407
face 0.007327526807785034 523 392 538 407
face 0.007253706455230713 523 392 538 407
face 0.007238239049911499 523 392 538 407
face 0.00719219446182251 523 392 538 407
face 0.007144361734390259 523 392 538 407
face 0.007131725549697876 523 392 538 407
face 0.007068425416946411 523 392 538 407
face 0.006929159164428711 523 392 538 407
face 0.006848663091659546 523 392 538 407
face 0.006807833909988403 523 392 538 407
face 0.0067819952964782715 523 392 538 407
face 0.0067608654499053955 523 392 538 407
face 0.006736159324645996 523 392 538 407
face 0.006701469421386719 523 392 538 407
face 0.006647944450378418 523 392 538 407
face 0.006632059812545776 523 392 538 407
face 0.006582856178283691 523 392 538 407
face 0.006567567586898804 523 392 538 407
face 0.006491512060165405 523 392 538 407
face 0.006474137306213379 523 392 538 407
face 0.006375759840011597 523 392 538 407
face 0.006340980529785156 523 392 538 407
face 0.006307035684585571 523 392 538 407
face 0.006266802549362183 523 392 538 407
face 0.006249427795410156 523 392 538 407
face 0.006165504455566406 523 392 538 407
face 0.006153285503387451 523 392 538 407
face 0.0061476826667785645 523 392 538 407
face 0.006112039089202881 523 392 538 407
face 0.005968213081359863 523 392 538 407
face 0.005945682525634766 523 392 538 407
face 0.005890220403671265 523 392 538 407
face 0.005840390920639038 523 392 538 407
face 0.005777418613433838 523 392 538 407
face 0.005753070116043091 523 392 538 407
face 0.0057464540004730225 523 392 538 407
face 0.00574040412902832 523 392 538 407
face 0.005732089281082153 523 392 538 407
face 0.005682170391082764 523 392 538 407
face 0.005636066198348999 523 392 538 407
face 0.005607873201370239 523 392 538 407
face 0.005605757236480713 523 392 538 407
face 0.005596935749053955 523 392 538 407
face 0.005585223436355591 523 392 538 407
face 0.005579560995101929 523 392 538 407
face 0.005560487508773804 523 392 538 407
face 0.005555540323257446 523 392 538 407
face 0.005540579557418823 523 392 538 407
