face 0.9967247247695923 552 211 611 282
face 0.9894497394561768 389 309 438 371
face 0.9678518772125244 64 375 122 449
face 0.8979935646057129 925 274 974 323
face 0.8630877733230591 233 323 290 396
face 0.8525147438049316 122 309 172 368
face 0.7413961291313171 749 309 807 369
face 0.5676110982894897 799 257 840 309
face 0.5369669795036316 432 233 485 298
face 0.2598351240158081 432 233 485 298
face 0.08645457029342651 432 233 485 298
face 0.08168119192123413 432 233 485 298
face 0.06685447692871094 432 233 485 298
face 0.06327617168426514 432 233 485 298
face 0.06298506259918213 432 233 485 298
face 0.06274327635765076 432 233 485 298
face 0.05377718806266785 432 233 485 298
face 0.05249467492103577 432 233 485 298
face 0.04448774456977844 432 233 485 298
face 0.04376500844955444 432 233 485 298
face 0.04122355580329895 432 233 485 298
face 0.040646493434906006 432 233 485 298
face 0.04008203744888306 432 233 485 298
face 0.03966769576072693 432 233 485 298
face 0.039338886737823486 432 233 485 298
face 0.03763750195503235 432 233 485 298
face 0.036742061376571655 432 233 485 298
face 0.03641894459724426 432 233 485 298
face 0.035920917987823486 432 233 485 298
face 0.03562051057815552 432 233 485 298
face 0.0348702073097229 432 233 485 298
face 0.03383633494377136 432 233 485 298
face 0.03369414806365967 432 233 485 298
face 0.033144623041152954 432 233 485 298
face 0.03198504447937012 432 233 485 298
face 0.0318017303943634 432 233 485 298
face 0.030425995588302612 432 233 485 298
face 0.02862757444381714 432 233 485 298
face 0.028263717889785767 432 233 485 298
face 0.027782976627349854 432 233 485 298
face 0.026584118604660034 432 233 485 298
face 0.02642962336540222 432 233 485 298
face 0.025610029697418213 432 233 485 298
face 0.024479806423187256 432 233 485 298
face 0.02340683341026306 432 233 485 298
face 0.023330211639404297 432 233 485 298
face 0.02299615740776062 432 233 485 298
face 0.0223730206489563 432 233 485 298
face 0.02237081527709961 432 233 485 298
face 0.02232268452644348 432 233 485 298
face 0.02181851863861084 432 233 485 298
face 0.021054744720458984 432 233 485 298
face 0.020908445119857788 432 233 485 298
face 0.020861446857452393 432 233 485 298
face 0.020579814910888672 432 233 485 298
face 0.019669443368911743 432 233 485 298
face 0.018525242805480957 432 233 485 298
face 0.018459439277648926 432 233 485 298
face 0.018447905778884888 432 233 485 298
face 0.01817798614501953 432 233 485 298
face 0.017116457223892212 432 233 485 298
face 0.016459405422210693 432 233 485 298
face 0.01644158363342285 432 233 485 298
face 0.016277998685836792 432 233 485 298
face 0.016174018383026123 432 233 485 298
face 0.01610049605369568 432 233 485 298
face 0.015985608100891113 432 233 485 298
face 0.015897005796432495 432 233 485 298
face 0.015545785427093506 432 233 485 298
face 0.015509635210037231 432 233 485 298
face 0.014631539583206177 432 233 485 298
face 0.014497637748718262 432 233 485 298
face 0.014483749866485596 432 233 485 298
face 0.014390766620635986 432 233 485 298
face 0.01430937647819519 432 233 485 298
face 0.01404869556427002 432 233 485 298
face 0.01362273097038269 432 233 485 298
face 0.013271987438201904 432 233 485 298
face 0.012977063655853271 432 233 485 298
face 0.012861102819442749 432 233 485 298
face 0.012782275676727295 432 233 485 298
face 0.012642383575439453 432 233 485 298
face 0.012449443340301514 432 233 485 298
face 0.012379050254821777 432 233 485 298
face 0.01216861605644226 432 233 485 298
face 0.012162625789642334 432 233 485 298
face 0.01202613115310669 432 233 485 298
face 0.011989772319793701 432 233 485 298
face 0.011820882558822632 432 233 485 298
face 0.011650800704956055 432 233 485 298
face 0.011538445949554443 432 233 485 298
face 0.01151973009109497 432 233 485 298
face 0.011456221342086792 432 233 485 298
face 0.011420130729675293 432 233 485 298
face 0.011416256427764893 432 233 485 298
face 0.011397480964660645 432 233 485 298
face 0.011390328407287598 432 233 485 298
face 0.011377036571502686 432 233 485 298
face 0.011350482702255249 432 233 485 298
face 0.011301040649414062 432 233 485 298
