face 0.9996082782745361 288 169 708 747
face 0.02360883355140686 288 169 708 747
face 0.009152114391326904 288 169 708 747
face 0.006405621767044067 288 169 708 747
face 0.0060648322105407715 288 169 708 747
face 0.005989134311676025 288 169 708 747
face 0.005511730909347534 288 169 708 747
face 0.0051811933517456055 288 169 708 747
face 0.0051805078983306885 288 169 708 747
face 0.005089819431304932 288 169 708 747
face 0.0049881041049957275 288 169 708 747
face 0.004910111427307129 288 169 708 747
face 0.004900991916656494 288 169 708 747
face 0.004864543676376343 288 169 708 747
face 0.004708290100097656 288 169 708 747
face 0.004417151212692261 288 169 708 747
face 0.0043811798095703125 288 169 708 747
face 0.004060566425323486 288 169 708 747
face 0.0039016306400299072 288 169 708 747
face 0.003896474838256836 288 169 708 747
face 0.0038334429264068604 288 169 708 747
face 0.003786236047744751 288 169 708 747
face 0.0037178099155426025 288 169 708 747
face 0.0037088990211486816 288 169 708 747
face 0.003659069538116455 288 169 708 747
face 0.003590136766433716 288 169 708 747
face 0.003551483154296875 288 169 708 747
face 0.0035451650619506836 288 169 708 747
face 0.003456681966781616 288 169 708 747
face 0.0034485161304473877 288 169 708 747
face 0.003444850444793701 288 169 708 747
face 0.0034255683422088623 288 169 708 747
face 0.0034251809120178223 288 169 708 747
face 0.0034251511096954346 288 169 708 747
face 0.003398805856704712 288 169 708 747
face 0.0033828318119049072 288 169 708 747
face 0.003378450870513916 288 169 708 747
face 0.0033782124519348145 288 169 708 747
face 0.00336262583732605 288 169 708 747
face 0.0032918453216552734 288 169 708 747
face 0.0031888186931610107 288 169 708 747
face 0.0031160712242126465 288 169 708 747
face 0.0030549168586730957 288 169 708 747
face 0.0030018389225006104 288 169 708 747
face 0.0029816627502441406 288 169 708 747
face 0.002910107374191284 288 169 708 747
face 0.002908676862716675 288 169 708 747
face 0.002906709909439087 288 169 708 747
face 0.002888798713684082 288 169 708 747
face 0.002881646156311035 288 169 708 747
face 0.0028083324432373047 288 169 708 747
face 0.002779334783554077 288 169 708 747
face 0.0027562081813812256 288 169 708 747
face 0.002751976251602173 288 169 708 747
face 0.002733886241912842 288 169 708 747
face 0.0027292370796203613 288 169 708 747
face 0.002705693244934082 288 169 708 747
face 0.0026772618293762207 288 169 708 747
face 0.002673029899597168 288 169 708 747
face 0.002672821283340454 288 169 708 747
face 0.002672165632247925 288 169 708 747
face 0.0026628077030181885 288 169 708 747
face 0.002640247344970703 288 169 708 747
face 0.002619713544845581 288 169 708 747
face 0.002614647150039673 288 169 708 747
face 0.002588719129562378 288 169 708 747
face 0.0025682151317596436 288 169 708 747
face 0.0025680065155029297 288 169 708 747
face 0.0025536417961120605 288 169 708 747
face 0.0025520622730255127 288 169 708 747
face 0.0025505423545837402 288 169 708 747
face 0.0025410354137420654 288 169 708 747
face 0.0025179684162139893 288 169 708 747
face 0.002512603998184204 288 169 708 747
face 0.002506822347640991 288 169 708 747
face 0.0024807751178741455 288 169 708 747
face 0.002457171678543091 288 169 708 747
face 0.002434462308883667 288 169 708 747
face 0.00242498517036438 288 169 708 747
face 0.0024224519729614258 288 169 708 747
face 0.0023925304412841797 288 169 708 747
face 0.0023825764656066895 288 169 708 747
face 0.0023820102214813232 288 169 708 747
face 0.002310842275619507 288 169 708 747
face 0.0023092925548553467 288 169 708 747
face 0.0023092329502105713 288 169 708 747
face 0.0022990405559539795 288 169 708 747
face 0.002292841672897339 288 169 708 747
face 0.0022623538970947266 288 169 708 747
face 0.0022398531436920166 288 169 708 747
face 0.0022259950637817383 288 169 708 747
face 0.002217710018157959 288 169 708 747
face 0.0022119879722595215 288 169 708 747
face 0.002207458019256592 288 169 708 747
face 0.0021959245204925537 288 169 708 747
face 0.0021957755088806152 288 169 708 747
face 0.0021924376487731934 288 169 708 747
face 0.002185523509979248 288 169 708 747
face 0.0021789073944091797 288 169 708 747
face 0.0021736621856689453 288 169 708 747
