face 0.568600594997406 667 285 697 311
face 0.4108177423477173 667 285 697 311
face 0.21355512738227844 667 285 697 311
face 0.17966878414154053 667 285 697 311
face 0.13623425364494324 667 285 697 311
face 0.13595041632652283 667 285 697 311
face 0.11743462085723877 667 285 697 311
face 0.11041966080665588 667 285 697 311
face 0.10476252436637878 667 285 697 311
face 0.10181409120559692 667 285 697 311
face 0.10092052817344666 667 285 697 311
face 0.09895801544189453 667 285 697 311
face 0.09764528274536133 667 285 697 311
face 0.09442710876464844 667 285 697 311
face 0.09348064661026001 667 285 697 311
face 0.09086090326309204 667 285 697 311
face 0.08929139375686646 667 285 697 311
face 0.08685773611068726 667 285 697 311
face 0.08626434206962585 667 285 697 311
face 0.08446210622787476 667 285 697 311
face 0.08443817496299744 667 285 697 311
face 0.07881355285644531 667 285 697 311
face 0.07518589496612549 667 285 697 311
face 0.07275643944740295 667 285 697 311
face 0.069459468126297 667 285 697 311
face 0.06684595346450806 667 285 697 311
face 0.06543239951133728 667 285 697 311
face 0.06491705775260925 667 285 697 311
face 0.06476956605911255 667 285 697 311
face 0.06435507535934448 667 285 697 311
face 0.06433543562889099 667 285 697 311
face 0.06231072545051575 667 285 697 311
face 0.0609954297542572 667 285 697 311
face 0.05963629484176636 667 285 697 311
face 0.05689683556556702 667 285 697 311
face 0.05476072430610657 667 285 697 311
face 0.0536217987537384 667 285 697 311
face 0.0533180832862854 667 285 697 311
face 0.05161893367767334 667 285 697 311
face 0.04813334345817566 667 285 697 311
face 0.04702603816986084 667 285 697 311
face 0.04532754421234131 667 285 697 311
face 0.04277753829956055 667 285 697 311
face 0.041564613580703735 667 285 697 311
face 0.04134511947631836 667 285 697 311
face 0.04089444875717163 667 285 697 311
face 0.04017356038093567 667 285 697 311
face 0.03926575183868408 667 285 697 311
face 0.038178592920303345 667 285 697 311
face 0.0378493070602417 667 285 697 311
face 0.03660908341407776 667 285 697 311
face 0.03616991639137268 667 285 697 311
face 0.03539612889289856 667 285 697 311
face 0.03353959321975708 667 285 697 311
face 0.033364832401275635 667 285 697 311
face 0.03322559595108032 667 285 697 311
face 0.03258460760116577 667 285 697 311
face 0.03213438391685486 667 285 697 311
face 0.031226247549057007 667 285 697 311
face 0.031019926071166992 667 285 697 311
face 0.03057381510734558 667 285 697 311
face 0.0305195152759552 667 285 697 311
face 0.02935183048248291 667 285 697 311
face 0.028203696012496948 667 285 697 311
face 0.02815699577331543 667 285 697 311
face 0.028138041496276855 667 285 697 311
face 0.027567774057388306 667 285 697 311
face 0.02691751718521118 667 285 697 311
face 0.026022255420684814 667 285 697 311
face 0.025898635387420654 667 285 697 311
face 0.025658220052719116 667 285 697 311
face 0.025481373071670532 667 285 697 311
face 0.024380028247833252 667 285 697 311
face 0.02413424849510193 667 285 697 311
face 0.02407488226890564 667 285 697 311
face 0.023426979780197144 667 285 697 311
face 0.023322761058807373 667 285 697 311
face 0.023108065128326416 667 285 697 311
face 0.022534608840942383 667 285 697 311
face 0.022524595260620117 667 285 697 311
face 0.02222663164138794 667 285 697 311
face 0.022020936012268066 667 285 697 311
face 0.0217781662940979 667 285 697 311
face 0.021646767854690552 667 285 697 311
face 0.02143123745918274 667 285 697 311
face 0.021274834871292114 667 285 697 311
face 0.021263539791107178 667 285 697 311
face 0.02114829421043396 667 285 697 311
face 0.02098575234413147 667 285 697 311
face 0.020872145891189575 667 285 697 311
face 0.02078762650489807 667 285 697 311
face 0.020529061555862427 667 285 697 311
face 0.01990261673927307 667 285 697 311
face 0.019846320152282715 667 285 697 311
face 0.01983112096786499 667 285 697 311
face 0.019665658473968506 667 285 697 311
face 0.018875688314437866 667 285 697 311
face 0.018776386976242065 667 285 697 311
face 0.018724292516708374 667 285 697 311
face 0.018711984157562256 667 285 697 311
