face 0.9392578601837158 570 295 649 385
face 0.505817711353302 107 121 113 126
face 0.2867697775363922 107 121 113 126
face 0.11694562435150146 107 121 113 126
face 0.10370111465454102 107 121 113 126
face 0.09472006559371948 107 121 113 126
face 0.060742735862731934 107 121 113 126
face 0.05602005124092102 107 121 113 126
face 0.046806782484054565 107 121 113 126
face 0.0448128879070282 107 121 113 126
face 0.041167885065078735 107 121 113 126
face 0.03860393166542053 107 121 113 126
face 0.03820300102233887 107 121 113 126
face 0.0357857346534729 107 121 113 126
face 0.03554829955101013 107 121 113 126
face 0.033842235803604126 107 121 113 126
face 0.032596081495285034 107 121 113 126
face 0.03198954463005066 107 121 113 126
face 0.028929531574249268 107 121 113 126
face 0.025483280420303345 107 121 113 126
face 0.024859070777893066 107 121 113 126
face 0.024307847023010254 107 121 113 126
face 0.023968786001205444 107 121 113 126
face 0.022375166416168213 107 121 113 126
face 0.022333920001983643 107 121 113 126
face 0.02191522717475891 107 121 113 126
face 0.019131481647491455 107 121 113 126
face 0.019017696380615234 107 121 113 126
face 0.018789440393447876 107 121 113 126
face 0.017878711223602295 107 121 113 126
face 0.01764407753944397 107 121 113 126
face 0.01744815707206726 107 121 113 126
face 0.017064839601516724 107 121 113 126
face 0.016450434923171997 107 121 113 126
face 0.016338646411895752 107 121 113 126
face 0.0159778892993927 107 121 113 126
face 0.015760451555252075 107 121 113 126
face 0.015033870935440063 107 121 113 126
face 0.014633387327194214 107 121 113 126
face 0.014353960752487183 107 121 113 126
face 0.014328360557556152 107 121 113 126
face 0.013971984386444092 107 121 113 126
face 0.013848066329956055 107 121 113 126
face 0.013398349285125732 107 121 113 126
face 0.012925058603286743 107 121 113 126
face 0.012756437063217163 107 121 113 126
face 0.012708693742752075 107 121 113 126
face 0.012703567743301392 107 121 113 126
face 0.012626469135284424 107 121 113 126
face 0.012393772602081299 107 121 113 126
face 0.012341201305389404 107 121 113 126
face 0.012133091688156128 107 121 113 126
face 0.012020975351333618 107 121 113 126
face 0.011988520622253418 107 121 113 126
face 0.011788785457611084 107 121 113 126
face 0.011602938175201416 107 121 113 126
face 0.011546492576599121 107 121 113 126
face 0.011416971683502197 107 121 113 126
face 0.011346697807312012 107 121 113 126
face 0.011239349842071533 107 121 113 126
face 0.010995060205459595 107 121 113 126
face 0.010922521352767944 107 121 113 126
face 0.010698258876800537 107 121 113 126
face 0.010694295167922974 107 121 113 126
face 0.010654300451278687 107 121 113 126
face 0.010468482971191406 107 121 113 126
face 0.010360956192016602 107 121 113 126
face 0.010296821594238281 107 121 113 126
face 0.010242670774459839 107 121 113 126
face 0.010161489248275757 107 121 113 126
face 0.009974092245101929 107 121 113 126
face 0.00987309217453003 107 121 113 126
face 0.009819209575653076 107 121 113 126
face 0.00979679822921753 107 121 113 126
face 0.009774625301361084 107 121 113 126
face 0.00971415638923645 107 121 113 126
face 0.00971311330795288 107 121 113 126
face 0.009685784578323364 107 121 113 126
face 0.00958964228630066 107 121 113 126
face 0.009531170129776001 107 121 113 126
face 0.0094585120677948 107 121 113 126
face 0.009437859058380127 107 121 113 126
face 0.009417712688446045 107 121 113 126
face 0.009409934282302856 107 121 113 126
face 0.009380549192428589 107 121 113 126
face 0.009339690208435059 107 121 113 126
face 0.009302765130996704 107 121 113 126
face 0.009142369031906128 107 121 113 126
face 0.009133100509643555 107 121 113 126
face 0.009118497371673584 107 121 113 126
face 0.009110301733016968 107 121 113 126
face 0.009086549282073975 107 121 113 126
face 0.00900113582611084 107 121 113 126
face 0.008908629417419434 107 121 113 126
face 0.008888065814971924 107 121 113 126
face 0.008850127458572388 107 121 113 126
face 0.008731096982955933 107 121 113 126
face 0.008642226457595825 107 121 113 126
face 0.008637815713882446 107 121 113 126
face 0.008628815412521362 107 121 113 126
