face 0.5257925987243652 188 347 361 464
face 0.06046023964881897 188 347 361 464
face 0.046628087759017944 188 347 361 464
face 0.04623723030090332 188 347 361 464
face 0.0371403694152832 188 347 361 464
face 0.03362324833869934 188 347 361 464
face 0.02612435817718506 188 347 361 464
face 0.024910300970077515 188 347 361 464
face 0.024639546871185303 188 347 361 464
face 0.024341702461242676 188 347 361 464
face 0.02227914333343506 188 347 361 464
face 0.02129402756690979 188 347 361 464
face 0.02080780267715454 188 347 361 464
face 0.02078959345817566 188 347 361 464
face 0.018752872943878174 188 347 361 464
face 0.01785627007484436 188 347 361 464
face 0.01737689971923828 188 347 361 464
face 0.017024964094161987 188 347 361 464
face 0.016663968563079834 188 347 361 464
face 0.015976399183273315 188 347 361 464
face 0.015171289443969727 188 347 361 464
face 0.013912171125411987 188 347 361 464
face 0.013706833124160767 188 347 361 464
face 0.013638228178024292 188 347 361 464
face 0.013618409633636475 188 347 361 464
face 0.0128706693649292 188 347 361 464
face 0.012362420558929443 188 347 361 464
face 0.012356549501419067 188 347 361 464
face 0.012319117784500122 188 347 361 464
face 0.012098461389541626 188 347 361 464
face 0.012026786804199219 188 347 361 464
face 0.011967062950134277 188 347 361 464
face 0.011614888906478882 188 347 361 464
face 0.010844111442565918 188 347 361 464
face 0.010548144578933716 188 347 361 464
face 0.0104750394821167 188 347 361 464
face 0.010217487812042236 188 347 361 464
face 0.010175138711929321 188 347 361 464
face 0.010174870491027832 188 347 361 464
face 0.010017335414886475 188 347 361 464
face 0.009719491004943848 188 347 361 464
face 0.009549856185913086 188 347 361 464
face 0.009086757898330688 188 347 361 464
face 0.009018510580062866 188 347 361 464
face 0.008987247943878174 188 347 361 464
face 0.00890052318572998 188 347 361 464
face 0.008796095848083496 188 347 361 464
face 0.008773654699325562 188 347 361 464
face 0.008759886026382446 188 347 361 464
face 0.008727848529815674 188 347 361 464
face 0.008615285158157349 188 347 361 464
face 0.008545547723770142 188 347 361 464
face 0.00846564769744873 188 347 361 464
face 0.008402615785598755 188 347 361 464
face 0.008343428373336792 188 347 361 464
face 0.008204936981201172 188 347 361 464
face 0.008180826902389526 188 347 361 464
face 0.008167564868927002 188 347 361 464
face 0.008130967617034912 188 347 361 464
face 0.008014768362045288 188 347 361 464
face 0.007852107286453247 188 347 361 464
face 0.007847011089324951 188 347 361 464
face 0.007823348045349121 188 347 361 464
face 0.007815659046173096 188 347 361 464
face 0.007673740386962891 188 347 361 464
face 0.007651776075363159 188 347 361 464
face 0.0076337456703186035 188 347 361 464
face 0.007564246654510498 188 347 361 464
face 0.007452160120010376 188 347 361 464
face 0.0074398815631866455 188 347 361 464
face 0.007438004016876221 188 347 361 464
face 0.007406741380691528 188 347 361 464
face 0.007358044385910034 188 347 361 464
face 0.0073341429233551025 188 347 361 464
face 0.007317572832107544 188 347 361 464
face 0.007287919521331787 188 347 361 464
face 0.0072050392627716064 188 347 361 464
face 0.007034599781036377 188 347 361 464
face 0.007015019655227661 188 347 361 464
face 0.0069991350173950195 188 347 361 464
face 0.006959408521652222 188 347 361 464
face 0.006944119930267334 188 347 361 464
face 0.006917327642440796 188 347 361 464
face 0.006884455680847168 188 347 361 464
face 0.006814509630203247 188 347 361 464
face 0.006789267063140869 188 347 361 464
face 0.00669369101524353 188 347 361 464
face 0.006658315658569336 188 347 361 464
face 0.006648808717727661 188 347 361 464
face 0.006564348936080933 188 347 361 464
face 0.00656089186668396 188 347 361 464
face 0.006524831056594849 188 347 361 464
face 0.006467044353485107 188 347 361 464
face 0.006416887044906616 188 347 361 464
face 0.006382763385772705 188 347 361 464
face 0.006370067596435547 188 347 361 464
face 0.006366938352584839 188 347 361 464
face 0.006311327219009399 188 347 361 464
face 0.006291449069976807 188 347 361 464
face 0.006232798099517822 188 347 361 464
