face 0.9730323553085327 465 149 611 330
face 0.03952094912528992 465 149 611 330
face 0.029783040285110474 465 149 611 330
face 0.029457777738571167 465 149 611 330
face 0.022764891386032104 465 149 611 330
face 0.01715952157974243 465 149 611 330
face 0.017106860876083374 465 149 611 330
face 0.01590251922607422 465 149 611 330
face 0.015786856412887573 465 149 611 330
face 0.014335721731185913 465 149 611 330
face 0.012859910726547241 465 149 611 330
face 0.012674480676651001 465 149 611 330
face 0.012630939483642578 465 149 611 330
face 0.012590408325195312 465 149 611 330
face 0.012389928102493286 465 149 611 330
face 0.012226641178131104 465 149 611 330
face 0.012074649333953857 465 149 611 330
face 0.011916041374206543 465 149 611 330
face 0.010801136493682861 465 149 611 330
face 0.010797679424285889 465 149 611 330
face 0.010591089725494385 465 149 611 330
face 0.009979158639907837 465 149 611 330
face 0.009844720363616943 465 149 611 330
face 0.009482979774475098 465 149 611 330
face 0.008278250694274902 465 149 611 330
face 0.008030951023101807 465 149 611 330
face 0.007734060287475586 465 149 611 330
face 0.007461488246917725 465 149 611 330
face 0.007260143756866455 465 149 611 330
face 0.0072060227394104 465 149 611 330
face 0.006864368915557861 465 149 611 330
face 0.006748974323272705 465 149 611 330
face 0.006733715534210205 465 149 611 330
face 0.006711483001708984 465 149 611 330
face 0.006708294153213501 465 149 611 330
face 0.006681859493255615 465 149 611 330
face 0.006384462118148804 465 149 611 330
face 0.006322771310806274 465 149 611 330
face 0.006243765354156494 465 149 611 330
face 0.00619959831237793 465 149 611 330
face 0.005946546792984009 465 149 611 330
face 0.005887866020202637 465 149 611 330
face 0.00585329532623291 465 149 611 330
face 0.005832105875015259 465 149 611 330
face 0.0058002471923828125 465 149 611 330
face 0.005769103765487671 465 149 611 330
face 0.005564659833908081 465 149 611 330
face 0.005564272403717041 465 149 611 330
face 0.005548238754272461 465 149 611 330
face 0.005408883094787598 465 149 611 330
face 0.00538867712020874 465 149 611 330
face 0.0052220821380615234 465 149 611 330
face 0.00516018271446228 465 149 611 330
face 0.005158871412277222 465 149 611 330
face 0.0049326419830322266 465 149 611 330
face 0.004893600940704346 465 149 611 330
face 0.004777371883392334 465 149 611 330
face 0.004717975854873657 465 149 611 330
face 0.004641413688659668 465 149 611 330
face 0.0045740604400634766 465 149 611 330
face 0.004563331604003906 465 149 611 330
face 0.004550963640213013 465 149 611 330
face 0.004469394683837891 465 149 611 330
face 0.0044519007205963135 465 149 611 330
face 0.004442065954208374 465 149 611 330
face 0.004430294036865234 465 149 611 330
face 0.004400789737701416 465 149 611 330
face 0.004397571086883545 465 149 611 330
face 0.004343688488006592 465 149 611 330
face 0.004319816827774048 465 149 611 330
face 0.004273772239685059 465 149 611 330
face 0.0042562782764434814 465 149 611 330
face 0.004240691661834717 465 149 611 330
face 0.004234403371810913 465 149 611 330
face 0.004228264093399048 465 149 611 330
face 0.004159003496170044 465 149 611 330
face 0.0041374266147613525 465 149 611 330
face 0.004111349582672119 465 149 611 330
face 0.004111051559448242 465 149 611 330
face 0.004107236862182617 465 149 611 330
face 0.00406917929649353 465 149 611 330
face 0.004057824611663818 465 149 611 330
face 0.0040225982666015625 465 149 611 330
face 0.0039920806884765625 465 149 611 330
face 0.003972560167312622 465 149 611 330
face 0.0039664506912231445 465 149 611 330
face 0.003931939601898193 465 149 611 330
face 0.0038751065731048584 465 149 611 330
face 0.003869354724884033 465 149 611 330
face 0.0037626922130584717 465 149 611 330
face 0.0037408173084259033 465 149 611 330
face 0.003661423921585083 465 149 611 330
face 0.00364723801612854 465 149 611 330
face 0.0036458373069763184 465 149 611 330
face 0.0036419928073883057 465 149 611 330
face 0.0036403536796569824 465 149 611 330
face 0.003598242998123169 465 149 611 330
face 0.00359499454498291 465 149 611 330
face 0.0035729706287384033 465 149 611 330
face 0.0035380423069000244 465 149 611 330
