face 0.17194783687591553 526 135 675 314
face 0.13745003938674927 526 135 675 314
face 0.10762041807174683 526 135 675 314
face 0.08925807476043701 526 135 675 314
face 0.08913281559944153 526 135 675 314
face 0.08492499589920044 526 135 675 314
face 0.07368630170822144 526 135 675 314
face 0.07235178351402283 526 135 675 314
face 0.06704846024513245 526 135 675 314
face 0.06654971837997437 526 135 675 314
face 0.05929943919181824 526 135 675 314
face 0.05764210224151611 526 135 675 314
face 0.05727842450141907 526 135 675 314
face 0.053375959396362305 526 135 675 314
face 0.049801141023635864 526 135 675 314
face 0.03685635328292847 526 135 675 314
face 0.03656229376792908 526 135 675 314
face 0.03516671061515808 526 135 675 314
face 0.03380465507507324 526 135 675 314
face 0.03282788395881653 526 135 675 314
face 0.030672073364257812 526 135 675 314
face 0.02986493706703186 526 135 675 314
face 0.029806464910507202 526 135 675 314
face 0.027809441089630127 526 135 675 314
face 0.027698248624801636 526 135 675 314
face 0.027341187000274658 526 135 675 314
face 0.02713283896446228 526 135 675 314
face 0.026661425828933716 526 135 675 314
face 0.02661919593811035 526 135 675 314
face 0.026605665683746338 526 135 675 314
face 0.024995535612106323 526 135 675 314
face 0.0241987407207489 526 135 675 314
face 0.023024052381515503 526 135 675 314
face 0.022308707237243652 526 135 675 314
face 0.021795451641082764 526 135 675 314
face 0.021790117025375366 526 135 675 314
face 0.02134937047958374 526 135 675 314
face 0.021290749311447144 526 135 675 314
face 0.020839184522628784 526 135 675 314
face 0.020081758499145508 526 135 675 314
face 0.019472718238830566 526 135 675 314
face 0.019299238920211792 526 135 675 314
face 0.019287079572677612 526 135 675 314
face 0.018951207399368286 526 135 675 314
face 0.018747419118881226 526 135 675 314
face 0.018623918294906616 526 135 675 314
face 0.01858234405517578 526 135 675 314
face 0.018489569425582886 526 135 675 314
face 0.01834389567375183 526 135 675 314
face 0.01792675256729126 526 135 675 314
face 0.017916083335876465 526 135 675 314
face 0.01752302050590515 526 135 675 314
face 0.017394721508026123 526 135 675 314
face 0.01670008897781372 526 135 675 314
face 0.016574501991271973 526 135 675 314
face 0.01645377278327942 526 135 675 314
face 0.01645141839981079 526 135 675 314
face 0.016075611114501953 526 135 675 314
face 0.01602420210838318 526 135 675 314
face 0.015921056270599365 526 135 675 314
face 0.01578986644744873 526 135 675 314
face 0.015706121921539307 526 135 675 314
face 0.015466898679733276 526 135 675 314
face 0.015312403440475464 526 135 675 314
face 0.015288233757019043 526 135 675 314
face 0.015280812978744507 526 135 675 314
face 0.015266656875610352 526 135 675 314
face 0.015251874923706055 526 135 675 314
face 0.014941632747650146 526 135 675 314
face 0.014756053686141968 526 135 675 314
face 0.014650940895080566 526 135 675 314
face 0.014449745416641235 526 135 675 314
face 0.014440864324569702 526 135 675 314
face 0.01431191060692072 526 135 675 314
face 0.014287829399108887 526 135 675 314
face 0.014243543148040771 526 135 675 314
face 0.014228016138076782 526 135 675 314
face 0.014226794242858887 526 135 675 314
face 0.014140278100967407 526 135 675 314
face 0.014097273349761963 526 135 675 314
face 0.013961225748062134 526 135 675 314
face 0.013810276985168457 526 135 675 314
face 0.01380649209022522 526 135 675 314
face 0.013781875371932983 526 135 675 314
face 0.013736456632614136 526 135 675 314
face 0.013686120510101318 526 135 675 314
face 0.01368597149848938 526 135 675 314
face 0.013658285140991211 526 135 675 314
face 0.013615518808364868 526 135 675 314
face 0.013573616743087769 526 135 675 314
face 0.01352640986442566 526 135 675 314
face 0.013395369052886963 526 135 675 314
face 0.01335763931274414 526 135 675 314
face 0.0133439302444458 526 135 675 314
face 0.013306200504302979 526 135 675 314
face 0.013224810361862183 526 135 675 314
face 0.012984812259674072 526 135 675 314
face 0.012913167476654053 526 135 675 314
face 0.012887120246887207 526 135 675 314
face 0.012662261724472046 526 135 675 314
