face 0.9917131662368774 534 88 762 366
face 0.8412612080574036 895 368 1024 510
face 0.013287901878356934 895 368 1024 510
face 0.011490583419799805 895 368 1024 510
face 0.009712576866149902 895 368 1024 510
face 0.009221494197845459 895 368 1024 510
face 0.008926808834075928 895 368 1024 510
face 0.008700400590896606 895 368 1024 510
face 0.007767051458358765 895 368 1024 510
face 0.00774151086807251 895 368 1024 510
face 0.007684469223022461 895 368 1024 510
face 0.007536381483078003 895 368 1024 510
face 0.007232040166854858 895 368 1024 510
face 0.0071419477462768555 895 368 1024 510
face 0.00638127326965332 895 368 1024 510
face 0.00634428858757019 895 368 1024 510
face 0.006146222352981567 895 368 1024 510
face 0.005854427814483643 895 368 1024 510
face 0.00576898455619812 895 368 1024 510
face 0.005268186330795288 895 368 1024 510
face 0.0050740838050842285 895 368 1024 510
face 0.004878997802734375 895 368 1024 510
face 0.004819542169570923 895 368 1024 510
face 0.004739433526992798 895 368 1024 510
face 0.004722088575363159 895 368 1024 510
face 0.0046125054359436035 895 368 1024 510
face 0.004596203565597534 895 368 1024 510
face 0.004562288522720337 895 368 1024 510
face 0.00455138087272644 895 368 1024 510
face 0.004512876272201538 895 368 1024 510
face 0.004399359226226807 895 368 1024 510
face 0.0043052732944488525 895 368 1024 510
face 0.004253119230270386 895 368 1024 510
face 0.004200875759124756 895 368 1024 510
face 0.004170924425125122 895 368 1024 510
face 0.004136085510253906 895 368 1024 510
face 0.0041246116161346436 895 368 1024 510
face 0.004085659980773926 895 368 1024 510
face 0.003992825746536255 895 368 1024 510
face 0.0038692057132720947 895 368 1024 510
face 0.003780961036682129 895 368 1024 510
face 0.0037757158279418945 895 368 1024 510
face 0.0037029683589935303 895 368 1024 510
face 0.0036394596099853516 895 368 1024 510
face 0.003638714551925659 895 368 1024 510
face 0.0035834908485412598 895 368 1024 510
face 0.003581225872039795 895 368 1024 510
face 0.0035653412342071533 895 368 1024 510
face 0.003553837537765503 895 368 1024 510
face 0.003537386655807495 895 368 1024 510
face 0.0034735798835754395 895 368 1024 510
face 0.003429114818572998 895 368 1024 510
face 0.003359079360961914 895 368 1024 510
face 0.0032535195350646973 895 368 1024 510
face 0.003219008445739746 895 368 1024 510
face 0.003093332052230835 895 368 1024 510
face 0.0030694007873535156 895 368 1024 510
face 0.0030563771724700928 895 368 1024 510
face 0.0030549168586730957 895 368 1024 510
face 0.003038346767425537 895 368 1024 510
face 0.002998560667037964 895 368 1024 510
face 0.002982497215270996 895 368 1024 510
face 0.0029444098472595215 895 368 1024 510
face 0.0028620660305023193 895 368 1024 510
face 0.0028434693813323975 895 368 1024 510
face 0.0028395354747772217 895 368 1024 510
face 0.002796173095703125 895 368 1024 510
face 0.0027804672718048096 895 368 1024 510
face 0.0027334988117218018 895 368 1024 510
face 0.0027236640453338623 895 368 1024 510
face 0.0027091503143310547 895 368 1024 510
face 0.0026921331882476807 895 368 1024 510
face 0.0026287436485290527 895 368 1024 510
face 0.0026286542415618896 895 368 1024 510
face 0.002627938985824585 895 368 1024 510
face 0.002560347318649292 895 368 1024 510
face 0.0025471746921539307 895 368 1024 510
face 0.0024462640285491943 895 368 1024 510
face 0.0024446845054626465 895 368 1024 510
face 0.0023648738861083984 895 368 1024 510
face 0.002356201410293579 895 368 1024 510
face 0.002353757619857788 895 368 1024 510
face 0.002352893352508545 895 368 1024 510
face 0.0023491084575653076 895 368 1024 510
face 0.0023321807384490967 895 368 1024 510
face 0.0023310184478759766 895 368 1024 510
face 0.0023234188556671143 895 368 1024 510
face 0.002314150333404541 895 368 1024 510
face 0.0022996366024017334 895 368 1024 510
face 0.002273857593536377 895 368 1024 510
face 0.0022507011890411377 895 368 1024 510
face 0.0022260546684265137 895 368 1024 510
face 0.0022201240062713623 895 368 1024 510
face 0.002213805913925171 895 368 1024 510
face 0.0022111833095550537 895 368 1024 510
face 0.0021798312664031982 895 368 1024 510
face 0.002169668674468994 895 368 1024 510
face 0.0021646618843078613 895 368 1024 510
face 0.0021632909774780273 895 368 1024 510
face 0.0021561086177825928 895 368 1024 510
