face 0.9935711026191711 644 341 922 639
face 0.1471223533153534 644 341 922 639
face 0.11811068654060364 644 341 922 639
face 0.10779926180839539 644 341 922 639
face 0.04706290364265442 644 341 922 639
face 0.04504320025444031 644 341 922 639
face 0.03990378975868225 644 341 922 639
face 0.03423944115638733 644 341 922 639
face 0.031239688396453857 644 341 922 639
face 0.030416011810302734 644 341 922 639
face 0.02851584553718567 644 341 922 639
face 0.028468698263168335 644 341 922 639
face 0.027162998914718628 644 341 922 639
face 0.026167750358581543 644 341 922 639
face 0.02426290512084961 644 341 922 639
face 0.023926079273223877 644 341 922 639
face 0.02239590883255005 644 341 922 639
face 0.020607739686965942 644 341 922 639
face 0.020474880933761597 644 341 922 639
face 0.02033853530883789 644 341 922 639
face 0.020156443119049072 644 341 922 639
face 0.01997312903404236 644 341 922 639
face 0.019968479871749878 644 341 922 639
face 0.019541263580322266 644 341 922 639
face 0.019006729125976562 644 341 922 639
face 0.01803526282310486 644 341 922 639
face 0.01778322458267212 644 341 922 639
face 0.017594963312149048 644 341 922 639
face 0.017363399267196655 644 341 922 639
face 0.016735762357711792 644 341 922 639
face 0.016287118196487427 644 341 922 639
face 0.016067981719970703 644 341 922 639
face 0.01584145426750183 644 341 922 639
face 0.0155772864818573 644 341 922 639
face 0.015549153089523315 644 341 922 639
face 0.015213221311569214 644 341 922 639
face 0.015137702226638794 644 341 922 639
face 0.01486542820930481 644 341 922 639
face 0.014801949262619019 644 341 922 639
face 0.014724314212799072 644 341 922 639
face 0.01445510983467102 644 341 922 639
face 0.014377593994140625 644 341 922 639
face 0.013684779405593872 644 341 922 639
face 0.013652950525283813 644 341 922 639
face 0.013596862554550171 644 341 922 639
face 0.013354659080505371 644 341 922 639
face 0.013047993183135986 644 341 922 639
face 0.012966394424438477 644 341 922 639
face 0.012957543134689331 644 341 922 639
face 0.012897491455078125 644 341 922 639
face 0.012682497501373291 644 341 922 639
face 0.012355208396911621 644 341 922 639
face 0.011699050664901733 644 341 922 639
face 0.011461228132247925 644 341 922 639
face 0.011318713426589966 644 341 922 639
face 0.011007547378540039 644 341 922 639
face 0.010939538478851318 644 341 922 639
face 0.010772734880447388 644 341 922 639
face 0.0107230544090271 644 341 922 639
face 0.01045602560043335 644 341 922 639
face 0.010389924049377441 644 341 922 639
face 0.01030305027961731 644 341 922 639
face 0.010296046733856201 644 341 922 639
face 0.010220438241958618 644 341 922 639
face 0.010177582502365112 644 341 922 639
face 0.010146111249923706 644 341 922 639
face 0.010092347860336304 644 341 922 639
face 0.010080903768539429 644 341 922 639
face 0.010006695985794067 644 341 922 639
face 0.009956598281860352 644 341 922 639
face 0.00983700156211853 644 341 922 639
face 0.0098114013671875 644 341 922 639
face 0.009761005640029907 644 341 922 639
face 0.009718090295791626 644 341 922 639
face 0.009595364332199097 644 341 922 639
face 0.009579300880432129 644 341 922 639
face 0.009474962949752808 644 341 922 639
face 0.009402215480804443 644 341 922 639
face 0.009312450885772705 644 341 922 639
face 0.009233862161636353 644 341 922 639
face 0.009185791015625 644 341 922 639
face 0.009117096662521362 644 341 922 639
face 0.008947610855102539 644 341 922 639
face 0.00886121392250061 644 341 922 639
face 0.008802980184555054 644 341 922 639
face 0.008758366107940674 644 341 922 639
face 0.008728057146072388 644 341 922 639
face 0.008646517992019653 644 341 922 639
face 0.008631348609924316 644 341 922 639
face 0.008605033159255981 644 341 922 639
face 0.008564174175262451 644 341 922 639
face 0.008550375699996948 644 341 922 639
face 0.008523136377334595 644 341 922 639
face 0.008444786071777344 644 341 922 639
face 0.008415669202804565 644 341 922 639
face 0.008204728364944458 644 341 922 639
face 0.00816202163696289 644 341 922 639
face 0.008109837770462036 644 341 922 639
face 0.008088082075119019 644 341 922 639
face 0.008077502250671387 644 341 922 639
