face 0.9883326292037964 340 133 608 435
face 0.029638290405273438 340 133 608 435
face 0.023872584104537964 340 133 608 435
face 0.023442387580871582 340 133 608 435
face 0.022261738777160645 340 133 608 435
face 0.021476298570632935 340 133 608 435
face 0.020691215991973877 340 133 608 435
face 0.019784152507781982 340 133 608 435
face 0.01934787631034851 340 133 608 435
face 0.01934334635734558 340 133 608 435
face 0.019241124391555786 340 133 608 435
face 0.019112050533294678 340 133 608 435
face 0.018696099519729614 340 133 608 435
face 0.01779952645301819 340 133 608 435
face 0.017486006021499634 340 133 608 435
face 0.01738116145133972 340 133 608 435
face 0.017369598150253296 340 133 608 435
face 0.017185121774673462 340 133 608 435
face 0.017014384269714355 340 133 608 435
face 0.01690387725830078 340 133 608 435
face 0.01669919490814209 340 133 608 435
face 0.016648948192596436 340 133 608 435
face 0.016519904136657715 340 133 608 435
face 0.01642662286758423 340 133 608 435
face 0.01578652858734131 340 133 608 435
face 0.015781909227371216 340 133 608 435
face 0.015693098306655884 340 133 608 435
face 0.01559498906135559 340 133 608 435
face 0.015593945980072021 340 133 608 435
face 0.01549750566482544 340 133 608 435
face 0.015433818101882935 340 133 608 435
face 0.015419244766235352 340 133 608 435
face 0.015180855989456177 340 133 608 435
face 0.014893263578414917 340 133 608 435
face 0.014776438474655151 340 133 608 435
face 0.014551430940628052 340 133 608 435
face 0.014093726873397827 340 133 608 435
face 0.014053583145141602 340 133 608 435
face 0.014040499925613403 340 133 608 435
face 0.013888299465179443 340 133 608 435
face 0.01375076174736023 340 133 608 435
face 0.013701379299163818 340 133 608 435
face 0.013666003942489624 340 133 608 435
face 0.013573974370956421 340 133 608 435
face 0.013096898794174194 340 133 608 435
face 0.012905359268188477 340 133 608 435
face 0.012647181749343872 340 133 608 435
face 0.01256754994392395 340 133 608 435
face 0.012486159801483154 340 133 608 435
face 0.012251526117324829 340 133 608 435
face 0.012224256992340088 340 133 608 435
face 0.012160152196884155 340 133 608 435
face 0.011972039937973022 340 133 608 435
face 0.011877208948135376 340 133 608 435
face 0.011847883462905884 340 133 608 435
face 0.011706322431564331 340 133 608 435
face 0.011618614196777344 340 133 608 435
face 0.011477619409561157 340 133 608 435
face 0.011178731918334961 340 133 608 435
face 0.011147767305374146 340 133 608 435
face 0.010931223630905151 340 133 608 435
face 0.01090693473815918 340 133 608 435
face 0.010613888502120972 340 133 608 435
face 0.010575026273727417 340 133 608 435
face 0.010546475648880005 340 133 608 435
face 0.010530591011047363 340 133 608 435
face 0.010221153497695923 340 133 608 435
face 0.010212570428848267 340 133 608 435
face 0.010176122188568115 340 133 608 435
face 0.010119259357452393 340 133 608 435
face 0.010008066892623901 340 133 608 435
face 0.009902656078338623 340 133 608 435
face 0.009802192449569702 340 133 608 435
face 0.009785622358322144 340 133 608 435
face 0.009588301181793213 340 133 608 435
face 0.009407758712768555 340 133 608 435
face 0.0093919038772583 340 133 608 435
face 0.009344398975372314 340 133 608 435
face 0.00929713249206543 340 133 608 435
face 0.009279251098632812 340 133 608 435
face 0.009265929460525513 340 133 608 435
face 0.009200245141983032 340 133 608 435
face 0.009200036525726318 340 133 608 435
face 0.009086757898330688 340 133 608 435
face 0.009055733680725098 340 133 608 435
face 0.008887052536010742 340 133 608 435
face 0.008819043636322021 340 133 608 435
face 0.008724749088287354 340 133 608 435
face 0.00868871808052063 340 133 608 435
face 0.008663803339004517 340 133 608 435
face 0.008660584688186646 340 133 608 435
face 0.008498162031173706 340 133 608 435
face 0.008489280939102173 340 133 608 435
face 0.008305519819259644 340 133 608 435
face 0.008211702108383179 340 133 608 435
face 0.008141100406646729 340 133 608 435
face 0.008105456829071045 340 133 608 435
face 0.008021116256713867 340 133 608 435
face 0.007869333028793335 340 133 608 435
face 0.007783472537994385 340 133 608 435
