face 0.9828433990478516 255 191 303 261
face 0.9572314023971558 357 118 433 213
face 0.9143251180648804 529 65 623 173
face 0.35847559571266174 529 65 623 173
face 0.2981354892253876 529 65 623 173
face 0.08352750539779663 529 65 623 173
face 0.07120469212532043 529 65 623 173
face 0.07003727555274963 529 65 623 173
face 0.0669218897819519 529 65 623 173
face 0.06525284051895142 529 65 623 173
face 0.06174081563949585 529 65 623 173
face 0.06097245216369629 529 65 623 173
face 0.06079256534576416 529 65 623 173
face 0.05775091052055359 529 65 623 173
face 0.054913491010665894 529 65 623 173
face 0.05060523748397827 529 65 623 173
face 0.047638893127441406 529 65 623 173
face 0.044121891260147095 529 65 623 173
face 0.0437680184841156 529 65 623 173
face 0.04254046082496643 529 65 623 173
face 0.04217815399169922 529 65 623 173
face 0.028507858514785767 529 65 623 173
face 0.02735459804534912 529 65 623 173
face 0.025760233402252197 529 65 623 173
face 0.02526107430458069 529 65 623 173
face 0.024419844150543213 529 65 623 173
face 0.02110883593559265 529 65 623 173
face 0.019318491220474243 529 65 623 173
face 0.018944621086120605 529 65 623 173
face 0.01888859272003174 529 65 623 173
face 0.018810123205184937 529 65 623 173
face 0.017109453678131104 529 65 623 173
face 0.015595823526382446 529 65 623 173
face 0.0143812894821167 529 65 623 173
face 0.014277756214141846 529 65 623 173
face 0.013957768678665161 529 65 623 173
face 0.013709783554077148 529 65 623 173
face 0.013658761978149414 529 65 623 173
face 0.013538271188735962 529 65 623 173
face 0.0134754478931427 529 65 623 173
face 0.013270556926727295 529 65 623 173
face 0.01286095380783081 529 65 623 173
face 0.012751132249832153 529 65 623 173
face 0.011973083019256592 529 65 623 173
face 0.011955708265304565 529 65 623 173
face 0.01186332106590271 529 65 623 173
face 0.01161906123161316 529 65 623 173
face 0.011565834283828735 529 65 623 173
face 0.011098653078079224 529 65 623 173
face 0.011090606451034546 529 65 623 173
face 0.011013269424438477 529 65 623 173
face 0.010836154222488403 529 65 623 173
face 0.010819226503372192 529 65 623 173
face 0.010629773139953613 529 65 623 173
face 0.010345876216888428 529 65 623 173
face 0.010288774967193604 529 65 623 173
face 0.00985756516456604 529 65 623 173
face 0.009288996458053589 529 65 623 173
face 0.00924593210220337 529 65 623 173
face 0.009193062782287598 529 65 623 173
face 0.008048176765441895 529 65 623 173
face 0.008012980222702026 529 65 623 173
face 0.007981419563293457 529 65 623 173
face 0.007767677307128906 529 65 623 173
face 0.007726043462753296 529 65 623 173
face 0.0076180994510650635 529 65 623 173
face 0.0076138973236083984 529 65 623 173
face 0.007486969232559204 529 65 623 173
face 0.007469117641448975 529 65 623 173
face 0.007354319095611572 529 65 623 173
face 0.0070323646068573 529 65 623 173
face 0.006916224956512451 529 65 623 173
face 0.006621330976486206 529 65 623 173
face 0.006543368101119995 529 65 623 173
face 0.006469011306762695 529 65 623 173
face 0.006460458040237427 529 65 623 173
face 0.006290823221206665 529 65 623 173
face 0.006246834993362427 529 65 623 173
face 0.006233841180801392 529 65 623 173
face 0.006170392036437988 529 65 623 173
face 0.006108462810516357 529 65 623 173
face 0.006100088357925415 529 65 623 173
face 0.006061643362045288 529 65 623 173
face 0.006012678146362305 529 65 623 173
face 0.006006121635437012 529 65 623 173
face 0.005976557731628418 529 65 623 173
face 0.005910754203796387 529 65 623 173
face 0.005838751792907715 529 65 623 173
face 0.0058203041553497314 529 65 623 173
face 0.00569385290145874 529 65 623 173
face 0.005648434162139893 529 65 623 173
face 0.005549192428588867 529 65 623 173
face 0.005535334348678589 529 65 623 173
face 0.005493253469467163 529 65 623 173
face 0.005491286516189575 529 65 623 173
face 0.005405992269515991 529 65 623 173
face 0.005339235067367554 529 65 623 173
face 0.005270093679428101 529 65 623 173
face 0.005253493785858154 529 65 623 173
face 0.005190014839172363 529 65 623 173
