face 0.998738706111908 593 174 630 223
face 0.9987245202064514 798 125 842 179
face 0.9437830448150635 956 194 997 243
face 0.9155272245407104 398 179 445 240
face 0.531885027885437 25 127 95 225
face 0.07163414359092712 25 127 95 225
face 0.025621533393859863 25 127 95 225
face 0.02449136972427368 25 127 95 225
face 0.01960587501525879 25 127 95 225
face 0.01708042621612549 25 127 95 225
face 0.016509324312210083 25 127 95 225
face 0.016316920518875122 25 127 95 225
face 0.016022413969039917 25 127 95 225
face 0.015797913074493408 25 127 95 225
face 0.015471577644348145 25 127 95 225
face 0.01229792833328247 25 127 95 225
face 0.012185811996459961 25 127 95 225
face 0.011931449174880981 25 127 95 225
face 0.011707186698913574 25 127 95 225
face 0.011279076337814331 25 127 95 225
face 0.01049920916557312 25 127 95 225
face 0.009752452373504639 25 127 95 225
face 0.009651869535446167 25 127 95 225
face 0.009351789951324463 25 127 95 225
face 0.009348750114440918 25 127 95 225
face 0.009237527847290039 25 127 95 225
face 0.008907705545425415 25 127 95 225
face 0.008607834577560425 25 127 95 225
face 0.008596688508987427 25 127 95 225
face 0.008354097604751587 25 127 95 225
face 0.008269906044006348 25 127 95 225
face 0.008050769567489624 25 127 95 225
face 0.007663607597351074 25 127 95 225
face 0.0076077282428741455 25 127 95 225
face 0.007435411214828491 25 127 95 225
face 0.0073416829109191895 25 127 95 225
face 0.007147669792175293 25 127 95 225
face 0.007020443677902222 25 127 95 225
face 0.0069390833377838135 25 127 95 225
face 0.006937921047210693 25 127 95 225
face 0.006582379341125488 25 127 95 225
face 0.006430625915527344 25 127 95 225
face 0.006251037120819092 25 127 95 225
face 0.006185412406921387 25 127 95 225
face 0.005982190370559692 25 127 95 225
face 0.005894124507904053 25 127 95 225
face 0.005688101053237915 25 127 95 225
face 0.005681842565536499 25 127 95 225
face 0.005656629800796509 25 127 95 225
face 0.005650758743286133 25 127 95 225
face 0.0055970847606658936 25 127 95 225
face 0.005546987056732178 25 127 95 225
face 0.005377620458602905 25 127 95 225
face 0.005009353160858154 25 127 95 225
face 0.00497746467590332 25 127 95 225
face 0.0049652159214019775 25 127 95 225
face 0.004898965358734131 25 127 95 225
face 0.004851400852203369 25 127 95 225
face 0.004733771085739136 25 127 95 225
face 0.004630178213119507 25 127 95 225
face 0.0046010613441467285 25 127 95 225
face 0.004482477903366089 25 127 95 225
face 0.004427880048751831 25 127 95 225
face 0.004418700933456421 25 127 95 225
face 0.004330188035964966 25 127 95 225
face 0.004265934228897095 25 127 95 225
face 0.004150867462158203 25 127 95 225
face 0.004134505987167358 25 127 95 225
face 0.003992617130279541 25 127 95 225
face 0.0039910972118377686 25 127 95 225
face 0.003978908061981201 25 127 95 225
face 0.003973245620727539 25 127 95 225
face 0.003962397575378418 25 127 95 225
face 0.003933548927307129 25 127 95 225
face 0.0038154423236846924 25 127 95 225
face 0.003782033920288086 25 127 95 225
face 0.003758043050765991 25 127 95 225
face 0.0037346482276916504 25 127 95 225
face 0.003729492425918579 25 127 95 225
face 0.003718823194503784 25 127 95 225
face 0.003705441951751709 25 127 95 225
face 0.0036784112453460693 25 127 95 225
face 0.003663957118988037 25 127 95 225
face 0.003596276044845581 25 127 95 225
face 0.003595590591430664 25 127 95 225
face 0.003562361001968384 25 127 95 225
face 0.0035112202167510986 25 127 95 225
face 0.003484368324279785 25 127 95 225
face 0.003452777862548828 25 127 95 225
face 0.0034235715866088867 25 127 95 225
face 0.0033901333808898926 25 127 95 225
face 0.003389596939086914 25 127 95 225
face 0.003386467695236206 25 127 95 225
face 0.0033719241619110107 25 127 95 225
face 0.003369152545928955 25 127 95 225
face 0.0033679306507110596 25 127 95 225
face 0.003353297710418701 25 127 95 225
face 0.0033101439476013184 25 127 95 225
face 0.003302633762359619 25 127 95 225
face 0.0032666027545928955 25 127 95 225
