face 0.946793794631958 399 198 700 581
face 0.012174665927886963 399 198 700 581
face 0.011176645755767822 399 198 700 581
face 0.009907364845275879 399 198 700 581
face 0.00862780213356018 399 198 700 581
face 0.007305234670639038 399 198 700 581
face 0.006325721740722656 399 198 700 581
face 0.005848973989486694 399 198 700 581
face 0.0058016180992126465 399 198 700 581
face 0.0054870545864105225 399 198 700 581
face 0.0054781436920166016 399 198 700 581
face 0.005157202482223511 399 198 700 581
face 0.004812121391296387 399 198 700 581
face 0.004812091588973999 399 198 700 581
face 0.004769414663314819 399 198 700 581
face 0.00469815731048584 399 198 700 581
face 0.004679501056671143 399 198 700 581
face 0.004640430212020874 399 198 700 581
face 0.004535645246505737 399 198 700 581
face 0.004525333642959595 399 198 700 581
face 0.004363149404525757 399 198 700 581
face 0.004342913627624512 399 198 700 581
face 0.004301875829696655 399 198 700 581
face 0.004267692565917969 399 198 700 581
face 0.004203677177429199 399 198 700 581
face 0.004093736410140991 399 198 700 581
face 0.004014492034912109 399 198 700 581
face 0.003923684358596802 399 198 700 581
face 0.003805309534072876 399 198 700 581
face 0.0037844181060791016 399 198 700 581
face 0.0036084353923797607 399 198 700 581
face 0.00359189510345459 399 198 700 581
face 0.003497898578643799 399 198 700 581
face 0.003489196300506592 399 198 700 581
face 0.0033050179481506348 399 198 700 581
face 0.0032600462436676025 399 198 700 581
face 0.0032408535480499268 399 198 700 581
face 0.003198772668838501 399 198 700 581
face 0.0031751692295074463 399 198 700 581
face 0.0031630396842956543 399 198 700 581
face 0.003111332654953003 399 198 700 581
face 0.0030950605869293213 399 198 700 581
face 0.0030860602855682373 399 198 700 581
face 0.0030856430530548096 399 198 700 581
face 0.00307425856590271 399 198 700 581
face 0.0030545592308044434 399 198 700 581
face 0.00299033522605896 399 198 700 581
face 0.0029592812061309814 399 198 700 581
face 0.00295063853263855 399 198 700 581
face 0.0029420852661132812 399 198 700 581
face 0.0029351115226745605 399 198 700 581
face 0.0029039978981018066 399 198 700 581
face 0.002903491258621216 399 198 700 581
face 0.002863645553588867 399 198 700 581
face 0.002817481756210327 399 198 700 581
face 0.0028174221515655518 399 198 700 581
face 0.002815932035446167 399 198 700 581
face 0.002741903066635132 399 198 700 581
face 0.0027394890785217285 399 198 700 581
face 0.0027211010456085205 399 198 700 581
face 0.002717137336730957 399 198 700 581
face 0.002696692943572998 399 198 700 581
face 0.0026863813400268555 399 198 700 581
face 0.0026699304580688477 399 198 700 581
face 0.0026190876960754395 399 198 700 581
face 0.002594172954559326 399 198 700 581
face 0.0025924742221832275 399 198 700 581
face 0.0025647878646850586 399 198 700 581
face 0.0025464296340942383 399 198 700 581
face 0.002528846263885498 399 198 700 581
face 0.0025157034397125244 399 198 700 581
face 0.002491593360900879 399 198 700 581
face 0.0024844110012054443 399 198 700 581
face 0.002471327781677246 399 198 700 581
face 0.002463430166244507 399 198 700 581
face 0.0024614036083221436 399 198 700 581
face 0.002458810806274414 399 198 700 581
face 0.0024161934852600098 399 198 700 581
face 0.0024151504039764404 399 198 700 581
face 0.0023979544639587402 399 198 700 581
face 0.00238683819770813 399 198 700 581
face 0.002385377883911133 399 198 700 581
face 0.0023591220378875732 399 198 700 581
face 0.0023590028285980225 399 198 700 581
face 0.0023508667945861816 399 198 700 581
face 0.0023344755172729492 399 198 700 581
face 0.002324998378753662 399 198 700 581
face 0.002295881509780884 399 198 700 581
face 0.0022887885570526123 399 198 700 581
face 0.0022765398025512695 399 198 700 581
face 0.002275615930557251 399 198 700 581
face 0.0022711455821990967 399 198 700 581
face 0.0022371113300323486 399 198 700 581
face 0.0022342801094055176 399 198 700 581
face 0.00222739577293396 399 198 700 581
face 0.002206742763519287 399 198 700 581
face 0.002201765775680542 399 198 700 581
face 0.0021783411502838135 399 198 700 581
face 0.002171754837036133 399 198 700 581
face 0.0021268725395202637 399 198 700 581
