face 0.9979881048202515 418 93 440 122
face 0.9977643489837646 567 71 588 99
face 0.9937772750854492 833 107 860 142
face 0.9915679097175598 190 103 222 144
face 0.9838905334472656 499 84 522 113
face 0.9739475250244141 239 84 263 114
face 0.9601017236709595 298 92 321 121
face 0.9287561774253845 687 71 706 98
face 0.9274842739105225 584 105 609 138
face 0.8063040971755981 390 145 412 172
face 0.7979400753974915 334 109 356 135
face 0.7137993574142456 736 73 755 97
face 0.6789231896400452 756 82 780 115
face 0.6245084404945374 294 106 317 135
face 0.582301139831543 648 85 669 112
face 0.2584047317504883 648 85 669 112
face 0.20711466670036316 648 85 669 112
face 0.1622641682624817 648 85 669 112
face 0.15167343616485596 648 85 669 112
face 0.11467063426971436 648 85 669 112
face 0.10979205369949341 648 85 669 112
face 0.10487741231918335 648 85 669 112
face 0.09519541263580322 648 85 669 112
face 0.060522884130477905 648 85 669 112
face 0.05991846323013306 648 85 669 112
face 0.05855017900466919 648 85 669 112
face 0.04460775852203369 648 85 669 112
face 0.03797200322151184 648 85 669 112
face 0.03232082724571228 648 85 669 112
face 0.03156796097755432 648 85 669 112
face 0.028129100799560547 648 85 669 112
face 0.027542978525161743 648 85 669 112
face 0.02563413977622986 648 85 669 112
face 0.024227440357208252 648 85 669 112
face 0.020625263452529907 648 85 669 112
face 0.01645481586456299 648 85 669 112
face 0.016351521015167236 648 85 669 112
face 0.015927821397781372 648 85 669 112
face 0.014774233102798462 648 85 669 112
face 0.01470842957496643 648 85 669 112
face 0.014204353094100952 648 85 669 112
face 0.013194233179092407 648 85 669 112
face 0.012856751680374146 648 85 669 112
face 0.012549102306365967 648 85 669 112
face 0.012363046407699585 648 85 669 112
face 0.011374175548553467 648 85 669 112
face 0.011049091815948486 648 85 669 112
face 0.010598570108413696 648 85 669 112
face 0.010580480098724365 648 85 669 112
face 0.009923338890075684 648 85 669 112
face 0.00989493727684021 648 85 669 112
face 0.008168071508407593 648 85 669 112
face 0.008014172315597534 648 85 669 112
face 0.007309406995773315 648 85 669 112
face 0.007294774055480957 648 85 669 112
face 0.007289141416549683 648 85 669 112
face 0.006788879632949829 648 85 669 112
face 0.006552964448928833 648 85 669 112
face 0.006550699472427368 648 85 669 112
face 0.006356239318847656 648 85 669 112
face 0.0061266422271728516 648 85 669 112
face 0.006094694137573242 648 85 669 112
face 0.0060124993324279785 648 85 669 112
face 0.005845814943313599 648 85 669 112
face 0.005786478519439697 648 85 669 112
face 0.0057617127895355225 648 85 669 112
face 0.005636096000671387 648 85 669 112
face 0.005381971597671509 648 85 669 112
face 0.005379080772399902 648 85 669 112
face 0.005130976438522339 648 85 669 112
face 0.0050911009311676025 648 85 669 112
face 0.005081087350845337 648 85 669 112
face 0.005036354064941406 648 85 669 112
face 0.005002617835998535 648 85 669 112
face 0.004989713430404663 648 85 669 112
face 0.004989206790924072 648 85 669 112
face 0.004841208457946777 648 85 669 112
face 0.004715710878372192 648 85 669 112
face 0.0045948028564453125 648 85 669 112
face 0.004572957754135132 648 85 669 112
face 0.004510253667831421 648 85 669 112
face 0.004441589117050171 648 85 669 112
face 0.004211127758026123 648 85 669 112
face 0.004040896892547607 648 85 669 112
face 0.0040201544761657715 648 85 669 112
face 0.003970235586166382 648 85 669 112
face 0.0038148462772369385 648 85 669 112
face 0.0037628114223480225 648 85 669 112
face 0.003738105297088623 648 85 669 112
face 0.003717571496963501 648 85 669 112
face 0.003715306520462036 648 85 669 112
face 0.0036487579345703125 648 85 669 112
face 0.003635019063949585 648 85 669 112
face 0.0035690665245056152 648 85 669 112
face 0.003514230251312256 648 85 669 112
face 0.003468155860900879 648 85 669 112
face 0.003313213586807251 648 85 669 112
face 0.003291994333267212 648 85 669 112
face 0.003278791904449463 648 85 669 112
face 0.003129243850708008 648 85 669 112
