face 0.9982043504714966 76 98 94 118
face 0.9804904460906982 189 140 204 157
face 0.9803371429443359 250 109 267 128
face 0.8691297769546509 334 128 354 149
face 0.17791295051574707 334 128 354 149
face 0.13829419016838074 334 128 354 149
face 0.11693546175956726 334 128 354 149
face 0.10739827156066895 334 128 354 149
face 0.09895282983779907 334 128 354 149
face 0.08380982279777527 334 128 354 149
face 0.07557705044746399 334 128 354 149
face 0.05838644504547119 334 128 354 149
face 0.04720407724380493 334 128 354 149
face 0.04530751705169678 334 128 354 149
face 0.038878560066223145 334 128 354 149
face 0.037438780069351196 334 128 354 149
face 0.03712299466133118 334 128 354 149
face 0.03361859917640686 334 128 354 149
face 0.033113032579422 334 128 354 149
face 0.02929389476776123 334 128 354 149
face 0.02917543053627014 334 128 354 149
face 0.02902039885520935 334 128 354 149
face 0.02665233612060547 334 128 354 149
face 0.026574790477752686 334 128 354 149
face 0.022086411714553833 334 128 354 149
face 0.021360397338867188 334 128 354 149
face 0.01948729157447815 334 128 354 149
face 0.01919102668762207 334 128 354 149
face 0.01663324236869812 334 128 354 149
face 0.01575314998626709 334 128 354 149
face 0.014300435781478882 334 128 354 149
face 0.014076918363571167 334 128 354 149
face 0.013772189617156982 334 128 354 149
face 0.013595163822174072 334 128 354 149
face 0.012990772724151611 334 128 354 149
face 0.012547701597213745 334 128 354 149
face 0.012313872575759888 334 128 354 149
face 0.012108147144317627 334 128 354 149
face 0.012007713317871094 334 128 354 149
face 0.01175275444984436 334 128 354 149
face 0.011674195528030396 334 128 354 149
face 0.011499732732772827 334 128 354 149
face 0.011339306831359863 334 128 354 149
face 0.011160463094711304 334 128 354 149
face 0.010598570108413696 334 128 354 149
face 0.010261237621307373 334 128 354 149
face 0.01020205020904541 334 128 354 149
face 0.00994044542312622 334 128 354 149
face 0.009925812482833862 334 128 354 149
face 0.009793221950531006 334 128 354 149
face 0.009398162364959717 334 128 354 149
face 0.009365975856781006 334 128 354 149
face 0.008932501077651978 334 128 354 149
face 0.008506149053573608 334 128 354 149
face 0.008401483297348022 334 128 354 149
face 0.008393466472625732 334 128 354 149
face 0.008165329694747925 334 128 354 149
face 0.00782841444015503 334 128 354 149
face 0.007713884115219116 334 128 354 149
face 0.007612377405166626 334 128 354 149
face 0.007451832294464111 334 128 354 149
face 0.007270544767379761 334 128 354 149
face 0.006940096616744995 334 128 354 149
face 0.0069196224212646484 334 128 354 149
face 0.006796807050704956 334 128 354 149
face 0.006718248128890991 334 128 354 149
face 0.0066842734813690186 334 128 354 149
face 0.006608754396438599 334 128 354 149
face 0.006540894508361816 334 128 354 149
face 0.006493210792541504 334 128 354 149
face 0.006325066089630127 334 128 354 149
face 0.006297647953033447 334 128 354 149
face 0.006253957748413086 334 128 354 149
face 0.006189167499542236 334 128 354 149
face 0.0061664581298828125 334 128 354 149
face 0.006034046411514282 334 128 354 149
face 0.005933672189712524 334 128 354 149
face 0.005908370018005371 334 128 354 149
face 0.005772322416305542 334 128 354 149
face 0.005730092525482178 334 128 354 149
face 0.005687326192855835 334 128 354 149
face 0.0055647194385528564 334 128 354 149
face 0.005552083253860474 334 128 354 149
face 0.005452632904052734 334 128 354 149
face 0.005423158407211304 334 128 354 149
face 0.0053262412548065186 334 128 354 149
face 0.0051628053188323975 334 128 354 149
face 0.005139529705047607 334 128 354 149
face 0.0051000118255615234 334 128 354 149
face 0.004989892244338989 334 128 354 149
face 0.004840046167373657 334 128 354 149
face 0.004805028438568115 334 128 354 149
face 0.004746943712234497 334 128 354 149
face 0.0047387778759002686 334 128 354 149
face 0.004731118679046631 334 128 354 149
face 0.0046513378620147705 334 128 354 149
face 0.004594624042510986 334 128 354 149
face 0.004512131214141846 334 128 354 149
face 0.004446178674697876 334 128 354 149
face 0.004444241523742676 334 128 354 149
