face 0.996498167514801 514 121 786 455
face 0.03171500563621521 514 121 786 455
face 0.024960577487945557 514 121 786 455
face 0.022037893533706665 514 121 786 455
face 0.021864742040634155 514 121 786 455
face 0.021559596061706543 514 121 786 455
face 0.02096042037010193 514 121 786 455
face 0.019431322813034058 514 121 786 455
face 0.01909741759300232 514 121 786 455
face 0.017544090747833252 514 121 786 455
face 0.01712512969970703 514 121 786 455
face 0.015860378742218018 514 121 786 455
face 0.015270411968231201 514 121 786 455
face 0.015080541372299194 514 121 786 455
face 0.014558970928192139 514 121 786 455
face 0.014480739831924438 514 121 786 455
face 0.014455139636993408 514 121 786 455
face 0.0124683678150177 514 121 786 455
face 0.01245012879371643 514 121 786 455
face 0.012434273958206177 514 121 786 455
face 0.010628759860992432 514 121 786 455
face 0.010458528995513916 514 121 786 455
face 0.010125309228897095 514 121 786 455
face 0.010111689567565918 514 121 786 455
face 0.01004171371459961 514 121 786 455
face 0.009715378284454346 514 121 786 455
face 0.009627938270568848 514 121 786 455
face 0.00962209701538086 514 121 786 455
face 0.009486764669418335 514 121 786 455
face 0.00926882028579712 514 121 786 455
face 0.009252607822418213 514 121 786 455
face 0.009236425161361694 514 121 786 455
face 0.009175866842269897 514 121 786 455
face 0.009094387292861938 514 121 786 455
face 0.009038209915161133 514 121 786 455
face 0.008716017007827759 514 121 786 455
face 0.008640855550765991 514 121 786 455
face 0.008587658405303955 514 121 786 455
face 0.008335411548614502 514 121 786 455
face 0.008315473794937134 514 121 786 455
face 0.008314967155456543 514 121 786 455
face 0.008273035287857056 514 121 786 455
face 0.008182883262634277 514 121 786 455
face 0.008125752210617065 514 121 786 455
face 0.0080585777759552 514 121 786 455
face 0.008017808198928833 514 121 786 455
face 0.007983475923538208 514 121 786 455
face 0.007964283227920532 514 121 786 455
face 0.007787615060806274 514 121 786 455
face 0.007712125778198242 514 121 786 455
face 0.0075976550579071045 514 121 786 455
face 0.007547825574874878 514 121 786 455
face 0.007519394159317017 514 121 786 455
face 0.007393866777420044 514 121 786 455
face 0.007379472255706787 514 121 786 455
face 0.007378637790679932 514 121 786 455
face 0.007275313138961792 514 121 786 455
face 0.007261186838150024 514 121 786 455
face 0.007240891456604004 514 121 786 455
face 0.00721210241317749 514 121 786 455
face 0.0071527957916259766 514 121 786 455
face 0.0070945024490356445 514 121 786 455
face 0.0070683956146240234 514 121 786 455
face 0.007057517766952515 514 121 786 455
face 0.007036328315734863 514 121 786 455
face 0.006975084543228149 514 121 786 455
face 0.006949782371520996 514 121 786 455
face 0.006862342357635498 514 121 786 455
face 0.006738543510437012 514 121 786 455
face 0.006680220365524292 514 121 786 455
face 0.006636917591094971 514 121 786 455
face 0.006582498550415039 514 121 786 455
face 0.006479024887084961 514 121 786 455
face 0.006347298622131348 514 121 786 455
face 0.006311684846878052 514 121 786 455
face 0.006200999021530151 514 121 786 455
face 0.006103068590164185 514 121 786 455
face 0.006094872951507568 514 121 786 455
face 0.006090432405471802 514 121 786 455
face 0.005881190299987793 514 121 786 455
face 0.005877673625946045 514 121 786 455
face 0.005834072828292847 514 121 786 455
face 0.005725950002670288 514 121 786 455
face 0.00572553277015686 514 121 786 455
face 0.005694061517715454 514 121 786 455
face 0.005682110786437988 514 121 786 455
face 0.005670100450515747 514 121 786 455
face 0.005639970302581787 514 121 786 455
face 0.00563850998878479 514 121 786 455
face 0.005635291337966919 514 121 786 455
face 0.005527466535568237 514 121 786 455
face 0.005492419004440308 514 121 786 455
face 0.0054923295974731445 514 121 786 455
face 0.005484670400619507 514 121 786 455
face 0.005479931831359863 514 121 786 455
face 0.005479186773300171 514 121 786 455
face 0.005453616380691528 514 121 786 455
face 0.0054301917552948 514 121 786 455
face 0.005363553762435913 514 121 786 455
face 0.005355656147003174 514 121 786 455
