face 0.9974768161773682 593 227 637 280
face 0.966913640499115 195 164 235 215
face 0.8189491629600525 420 205 460 257
face 0.07199639081954956 420 205 460 257
face 0.04219818115234375 420 205 460 257
face 0.011269062757492065 420 205 460 257
face 0.010706186294555664 420 205 460 257
face 0.008049100637435913 420 205 460 257
face 0.007297307252883911 420 205 460 257
face 0.0052235424518585205 420 205 460 257
face 0.005166202783584595 420 205 460 257
face 0.004266977310180664 420 205 460 257
face 0.0039764344692230225 420 205 460 257
face 0.0035626590251922607 420 205 460 257
face 0.0035506784915924072 420 205 460 257
face 0.003506958484649658 420 205 460 257
face 0.0034501850605010986 420 205 460 257
face 0.0030993223190307617 420 205 460 257
face 0.0029246509075164795 420 205 460 257
face 0.0028934015426784754 420 205 460 257
face 0.0027303099632263184 420 205 460 257
face 0.002726525068283081 420 205 460 257
face 0.0026339590549468994 420 205 460 257
face 0.0026156604290008545 420 205 460 257
face 0.002604871988296509 420 205 460 257
face 0.0025348663330078125 420 205 460 257
face 0.0024254024028778076 420 205 460 257
face 0.002382606267929077 420 205 460 257
face 0.002363264560699463 420 205 460 257
face 0.002271890640258789 420 205 460 257
face 0.0022037923336029053 420 205 460 257
face 0.002129793167114258 420 205 460 257
face 0.0021132826805114746 420 205 460 257
face 0.0021020472049713135 420 205 460 257
face 0.002002120018005371 420 205 460 257
face 0.0019480586051940918 420 205 460 257
face 0.0019256770610809326 420 205 460 257
face 0.0019249022006988525 420 205 460 257
face 0.0019199252128601074 420 205 460 257
face 0.0019084513187408447 420 205 460 257
face 0.001903831958770752 420 205 460 257
face 0.0018617510795593262 420 205 460 257
face 0.0018563270568847656 420 205 460 257
face 0.0018363893032073975 420 205 460 257
face 0.001832723617553711 420 205 460 257
face 0.0018307864665985107 420 205 460 257
face 0.0017898380756378174 420 205 460 257
face 0.0017782151699066162 420 205 460 257
face 0.0017733871936798096 420 205 460 257
face 0.0017634928226470947 420 205 460 257
face 0.001738518476486206 420 205 460 257
face 0.0017309188842773438 420 205 460 257
face 0.0017065107822418213 420 205 460 257
face 0.0017057955265045166 420 205 460 257
face 0.0016505122184753418 420 205 460 257
face 0.0016394555568695068 420 205 460 257
face 0.0015964210033416748 420 205 460 257
face 0.0015953779220581055 420 205 460 257
face 0.0015909969806671143 420 205 460 257
face 0.0015825629234313965 420 205 460 257
face 0.0015798211097717285 420 205 460 257
face 0.0015716850757598877 420 205 460 257
face 0.0015505552291870117 420 205 460 257
face 0.0015435218811035156 420 205 460 257
face 0.0015403330326080322 420 205 460 257
face 0.00153389573097229 420 205 460 257
face 0.0015293359756469727 420 205 460 257
face 0.0014734268188476562 420 205 460 257
face 0.0014532506465911865 420 205 460 257
face 0.0014519691467285156 420 205 460 257
face 0.0014372169971466064 420 205 460 257
face 0.001436769962310791 420 205 460 257
face 0.001427978277206421 420 205 460 257
face 0.0014210939407348633 420 205 460 257
face 0.0014206767082214355 420 205 460 257
face 0.0014105737209320068 420 205 460 257
face 0.0013841688632965088 420 205 460 257
face 0.0013830959796905518 420 205 460 257
face 0.0013713538646697998 420 205 460 257
face 0.0013588666915893555 420 205 460 257
face 0.0012993812561035156 420 205 460 257
face 0.001280367374420166 420 205 460 257
face 0.0012795031070709229 420 205 460 257
face 0.0012790262699127197 420 205 460 257
face 0.0012761056423187256 420 205 460 257
face 0.0012625157833099365 420 205 460 257
face 0.0012601017951965332 420 205 460 257
face 0.0012513995170593262 420 205 460 257
face 0.001237422227859497 420 205 460 257
face 0.0012362301349639893 420 205 460 257
face 0.0012358129024505615 420 205 460 257
face 0.0012312829494476318 420 205 460 257
face 0.0012302994728088379 420 205 460 257
face 0.0012113749980926514 420 205 460 257
face 0.001207113265991211 420 205 460 257
face 0.0011982619762420654 420 205 460 257
face 0.0011919736862182617 420 205 460 257
face 0.0011918246746063232 420 205 460 257
face 0.0011844336986541748 420 205 460 257
face 0.0011702477931976318 420 205 460 257
