face 0.7181416749954224 326 202 342 220
face 0.35958749055862427 326 202 342 220
face 0.16390860080718994 326 202 342 220
face 0.13780009746551514 326 202 342 220
face 0.12034377455711365 326 202 342 220
face 0.09142926335334778 326 202 342 220
face 0.05405980348587036 326 202 342 220
face 0.04145035147666931 326 202 342 220
face 0.03870740532875061 326 202 342 220
face 0.03166782855987549 326 202 342 220
face 0.030378878116607666 326 202 342 220
face 0.027200639247894287 326 202 342 220
face 0.026672333478927612 326 202 342 220
face 0.020957767963409424 326 202 342 220
face 0.019839823246002197 326 202 342 220
face 0.018064171075820923 326 202 342 220
face 0.017860770225524902 326 202 342 220
face 0.017770826816558838 326 202 342 220
face 0.017735332250595093 326 202 342 220
face 0.017670512199401855 326 202 342 220
face 0.01733127236366272 326 202 342 220
face 0.016841739416122437 326 202 342 220
face 0.016394376754760742 326 202 342 220
face 0.016286343336105347 326 202 342 220
face 0.01500728726387024 326 202 342 220
face 0.014837712049484253 326 202 342 220
face 0.014705181121826172 326 202 342 220
face 0.01456993818283081 326 202 342 220
face 0.014193564653396606 326 202 342 220
face 0.014157652854919434 326 202 342 220
face 0.0140913724899292 326 202 342 220
face 0.014076828956604004 326 202 342 220
face 0.013854920864105225 326 202 342 220
face 0.012881249189376831 326 202 342 220
face 0.012811481952667236 326 202 342 220
face 0.01209878921508789 326 202 342 220
face 0.012044161558151245 326 202 342 220
face 0.011984854936599731 326 202 342 220
face 0.011953383684158325 326 202 342 220
face 0.011519551277160645 326 202 342 220
face 0.011278033256530762 326 202 342 220
face 0.01126861572265625 326 202 342 220
face 0.010961949825286865 326 202 342 220
face 0.01094973087310791 326 202 342 220
face 0.01047903299331665 326 202 342 220
face 0.010264933109283447 326 202 342 220
face 0.009980320930480957 326 202 342 220
face 0.00979524850845337 326 202 342 220
face 0.009556472301483154 326 202 342 220
face 0.009503841400146484 326 202 342 220
face 0.009412288665771484 326 202 342 220
face 0.009110778570175171 326 202 342 220
face 0.008832007646560669 326 202 342 220
face 0.0087471604347229 326 202 342 220
face 0.00827285647392273 326 202 342 220
face 0.008241891860961914 326 202 342 220
face 0.008188962936401367 326 202 342 220
face 0.0081540048122406 326 202 342 220
face 0.008051156997680664 326 202 342 220
face 0.008036017417907715 326 202 342 220
face 0.007933616638183594 326 202 342 220
face 0.007903486490249634 326 202 342 220
face 0.007657676935195923 326 202 342 220
face 0.007479429244995117 326 202 342 220
face 0.007455945014953613 326 202 342 220
face 0.007384568452835083 326 202 342 220
face 0.007342040538787842 326 202 342 220
face 0.0072443485260009766 326 202 342 220
face 0.007214486598968506 326 202 342 220
face 0.007150113582611084 326 202 342 220
face 0.007104545831680298 326 202 342 220
face 0.007050693035125732 326 202 342 220
face 0.007005631923675537 326 202 342 220
face 0.007003068923950195 326 202 342 220
face 0.0069807469844818115 326 202 342 220
face 0.006846874952316284 326 202 342 220
face 0.006731599569320679 326 202 342 220
face 0.006723612546920776 326 202 342 220
face 0.006642431020736694 326 202 342 220
face 0.006513506174087524 326 202 342 220
face 0.0064470767974853516 326 202 342 220
face 0.006399363279342651 326 202 342 220
face 0.006375670433044434 326 202 342 220
face 0.006358891725540161 326 202 342 220
face 0.006334245204925537 326 202 342 220
face 0.006332427263259888 326 202 342 220
face 0.006319493055343628 326 202 342 220
face 0.006252884864807129 326 202 342 220
face 0.006238996982574463 326 202 342 220
face 0.006228238344192505 326 202 342 220
face 0.0062255859375 326 202 342 220
face 0.00617903470993042 326 202 342 220
face 0.0061002373695373535 326 202 342 220
face 0.006055653095245361 326 202 342 220
face 0.006052196025848389 326 202 342 220
face 0.00590100884437561 326 202 342 220
face 0.005847960710525513 326 202 342 220
face 0.005818873643875122 326 202 342 220
face 0.005791664123535156 326 202 342 220
face 0.005785644054412842 326 202 342 220
