face 0.9985842108726501 675 296 704 332
face 0.99797523021698 508 209 537 239
face 0.9950290322303772 248 240 274 272
face 0.993224561214447 393 203 424 237
face 0.9765914082527161 756 296 784 332
face 0.972695529460907 310 185 340 219
face 0.8908607959747314 113 393 142 430
face 0.6488661170005798 533 424 558 463
face 0.4771784543991089 533 424 558 463
face 0.2361764907836914 533 424 558 463
face 0.08400899171829224 533 424 558 463
face 0.07008031010627747 533 424 558 463
face 0.05950465798377991 533 424 558 463
face 0.059155672788619995 533 424 558 463
face 0.05160626769065857 533 424 558 463
face 0.04112127423286438 533 424 558 463
face 0.038727134466171265 533 424 558 463
face 0.0385303795337677 533 424 558 463
face 0.038408637046813965 533 424 558 463
face 0.03375208377838135 533 424 558 463
face 0.029983162879943848 533 424 558 463
face 0.029874831438064575 533 424 558 463
face 0.02882668375968933 533 424 558 463
face 0.027046531438827515 533 424 558 463
face 0.027045875787734985 533 424 558 463
face 0.025603920221328735 533 424 558 463
face 0.025600135326385498 533 424 558 463
face 0.025236159563064575 533 424 558 463
face 0.022439539432525635 533 424 558 463
face 0.021708697080612183 533 424 558 463
face 0.01972481608390808 533 424 558 463
face 0.019195109605789185 533 424 558 463
face 0.019172459840774536 533 424 558 463
face 0.01896950602531433 533 424 558 463
face 0.018961966037750244 533 424 558 463
face 0.016531407833099365 533 424 558 463
face 0.01577848196029663 533 424 558 463
face 0.015209078788757324 533 424 558 463
face 0.013839304447174072 533 424 558 463
face 0.013629436492919922 533 424 558 463
face 0.013604819774627686 533 424 558 463
face 0.01342436671257019 533 424 558 463
face 0.013134956359863281 533 424 558 463
face 0.012863308191299438 533 424 558 463
face 0.012428134679794312 533 424 558 463
face 0.011790245771408081 533 424 558 463
face 0.011650949716567993 533 424 558 463
face 0.01156461238861084 533 424 558 463
face 0.011359214782714844 533 424 558 463
face 0.0110950767993927 533 424 558 463
face 0.01090499758720398 533 424 558 463
face 0.010547250509262085 533 424 558 463
face 0.010528087615966797 533 424 558 463
face 0.010433882474899292 533 424 558 463
face 0.010338038206100464 533 424 558 463
face 0.009818553924560547 533 424 558 463
face 0.009777277708053589 533 424 558 463
face 0.009648114442825317 533 424 558 463
face 0.009432107210159302 533 424 558 463
face 0.00939798355102539 533 424 558 463
face 0.00932323932647705 533 424 558 463
face 0.009266704320907593 533 424 558 463
face 0.009261786937713623 533 424 558 463
face 0.00912293791770935 533 424 558 463
face 0.008577734231948853 533 424 558 463
face 0.008480578660964966 533 424 558 463
face 0.008434683084487915 533 424 558 463
face 0.008273780345916748 533 424 558 463
face 0.008043736219406128 533 424 558 463
face 0.007948428392410278 533 424 558 463
face 0.007890105247497559 533 424 558 463
face 0.007693499326705933 533 424 558 463
face 0.007245510816574097 533 424 558 463
face 0.007219940423965454 533 424 558 463
face 0.0071430206298828125 533 424 558 463
face 0.006936401128768921 533 424 558 463
face 0.006766796112060547 533 424 558 463
face 0.006717711687088013 533 424 558 463
face 0.006668597459793091 533 424 558 463
face 0.006667882204055786 533 424 558 463
face 0.006411910057067871 533 424 558 463
face 0.006379038095474243 533 424 558 463
face 0.006335794925689697 533 424 558 463
face 0.006328463554382324 533 424 558 463
face 0.006300598382949829 533 424 558 463
face 0.0061273276805877686 533 424 558 463
face 0.005904972553253174 533 424 558 463
face 0.005849182605743408 533 424 558 463
face 0.005844086408615112 533 424 558 463
face 0.005834609270095825 533 424 558 463
face 0.005808830261230469 533 424 558 463
face 0.005721151828765869 533 424 558 463
face 0.005670100450515747 533 424 558 463
face 0.005649179220199585 533 424 558 463
face 0.005362749099731445 533 424 558 463
face 0.00532492995262146 533 424 558 463
face 0.005324572324752808 533 424 558 463
face 0.00531458854675293 533 424 558 463
face 0.005312532186508179 533 424 558 463
face 0.005250811576843262 533 424 558 463
