face 0.9267803430557251 500 117 558 185
face 0.0129336416721344 500 117 558 185
face 0.011124074459075928 500 117 558 185
face 0.0110817551612854 500 117 558 185
face 0.010428518056869507 500 117 558 185
face 0.010116547346115112 500 117 558 185
face 0.009287238121032715 500 117 558 185
face 0.008976876735687256 500 117 558 185
face 0.008844524621963501 500 117 558 185
face 0.008831530809402466 500 117 558 185
face 0.008578836917877197 500 117 558 185
face 0.008541226387023926 500 117 558 185
face 0.008446663618087769 500 117 558 185
face 0.008390307426452637 500 117 558 185
face 0.008389949798583984 500 117 558 185
face 0.00814405083656311 500 117 558 185
face 0.008071362972259521 500 117 558 185
face 0.008006483316421509 500 117 558 185
face 0.007669121026992798 500 117 558 185
face 0.007624596357345581 500 117 558 185
face 0.0076112449169158936 500 117 558 185
face 0.007526367902755737 500 117 558 185
face 0.007463425397872925 500 117 558 185
face 0.007357686758041382 500 117 558 185
face 0.007184863090515137 500 117 558 185
face 0.007072240114212036 500 117 558 185
face 0.006744712591171265 500 117 558 185
face 0.006661832332611084 500 117 558 185
face 0.006584376096725464 500 117 558 185
face 0.006556153297424316 500 117 558 185
face 0.006554752588272095 500 117 558 185
face 0.0065492987632751465 500 117 558 185
face 0.006515592336654663 500 117 558 185
face 0.006513714790344238 500 117 558 185
face 0.006477028131484985 500 117 558 185
face 0.006470412015914917 500 117 558 185
face 0.006465047597885132 500 117 558 185
face 0.0062766969203948975 500 117 558 185
face 0.006170600652694702 500 117 558 185
face 0.006140649318695068 500 117 558 185
face 0.006080716848373413 500 117 558 185
face 0.006074011325836182 500 117 558 185
face 0.006069213151931763 500 117 558 185
face 0.0060052573680877686 500 117 558 185
face 0.005968928337097168 500 117 558 185
face 0.005967468023300171 500 117 558 185
face 0.005931675434112549 500 117 558 185
face 0.005729317665100098 500 117 558 185
face 0.005611717700958252 500 117 558 185
face 0.005556941032409668 500 117 558 185
face 0.005488455295562744 500 117 558 185
face 0.005455225706100464 500 117 558 185
face 0.005421280860900879 500 117 558 185
face 0.005417883396148682 500 117 558 185
face 0.005383998155593872 500 117 558 185
face 0.005344361066818237 500 117 558 185
face 0.005273967981338501 500 117 558 185
face 0.00525781512260437 500 117 558 185
face 0.005251884460449219 500 117 558 185
face 0.005242377519607544 500 117 558 185
face 0.005095928907394409 500 117 558 185
face 0.005046755075454712 500 117 558 185
face 0.004943042993545532 500 117 558 185
face 0.004906684160232544 500 117 558 185
face 0.00487971305847168 500 117 558 185
face 0.004874110221862793 500 117 558 185
face 0.004845231771469116 500 117 558 185
face 0.00471767783164978 500 117 558 185
face 0.004699230194091797 500 117 558 185
face 0.004660844802856445 500 117 558 185
face 0.004652500152587891 500 117 558 185
face 0.004647880792617798 500 117 558 185
face 0.004635751247406006 500 117 558 185
face 0.004633694887161255 500 117 558 185
face 0.004626214504241943 500 117 558 185
face 0.004617750644683838 500 117 558 185
face 0.00457879900932312 500 117 558 185
face 0.004552692174911499 500 117 558 185
face 0.004552125930786133 500 117 558 185
face 0.004543006420135498 500 117 558 185
face 0.004532337188720703 500 117 558 185
face 0.004529386758804321 500 117 558 185
face 0.004524409770965576 500 117 558 185
face 0.004478543996810913 500 117 558 185
face 0.004476577043533325 500 117 558 185
face 0.004450559616088867 500 117 558 185
face 0.004391521215438843 500 117 558 185
face 0.004375874996185303 500 117 558 185
face 0.004336506128311157 500 117 558 185
face 0.004323899745941162 500 117 558 185
face 0.004307091236114502 500 117 558 185
face 0.004304170608520508 500 117 558 185
face 0.004292488098144531 500 117 558 185
face 0.004290908575057983 500 117 558 185
face 0.004282832145690918 500 117 558 185
face 0.004280656576156616 500 117 558 185
face 0.00421983003616333 500 117 558 185
face 0.004219681024551392 500 117 558 185
face 0.004214376211166382 500 117 558 185
face 0.0042137205600738525 500 117 558 185
