face 0.9317235946655273 367 451 391 476
face 0.8527369499206543 178 474 204 496
face 0.6664597392082214 462 432 482 456
face 0.5839825868606567 310 341 330 361
face 0.5719619989395142 260 374 280 394
face 0.2687346935272217 260 374 280 394
face 0.22208887338638306 260 374 280 394
face 0.149629145860672 260 374 280 394
face 0.13187935948371887 260 374 280 394
face 0.12088948488235474 260 374 280 394
face 0.10885140299797058 260 374 280 394
face 0.09667554497718811 260 374 280 394
face 0.09604606032371521 260 374 280 394
face 0.08296966552734375 260 374 280 394
face 0.06375753879547119 260 374 280 394
face 0.0631398856639862 260 374 280 394
face 0.06002575159072876 260 374 280 394
face 0.05958816409111023 260 374 280 394
face 0.056278079748153687 260 374 280 394
face 0.052030593156814575 260 374 280 394
face 0.041826456785202026 260 374 280 394
face 0.04097867012023926 260 374 280 394
face 0.03918173909187317 260 374 280 394
face 0.0384293794631958 260 374 280 394
face 0.03768399357795715 260 374 280 394
face 0.03505173325538635 260 374 280 394
face 0.033805906772613525 260 374 280 394
face 0.03313910961151123 260 374 280 394
face 0.029771238565444946 260 374 280 394
face 0.02868342399597168 260 374 280 394
face 0.027869492769241333 260 374 280 394
face 0.02518332004547119 260 374 280 394
face 0.02465638518333435 260 374 280 394
face 0.02456080913543701 260 374 280 394
face 0.023645460605621338 260 374 280 394
face 0.02334827184677124 260 374 280 394
face 0.023266702890396118 260 374 280 394
face 0.02122122049331665 260 374 280 394
face 0.020841330289840698 260 374 280 394
face 0.019988209009170532 260 374 280 394
face 0.019474029541015625 260 374 280 394
face 0.018671661615371704 260 374 280 394
face 0.018482625484466553 260 374 280 394
face 0.01806497573852539 260 374 280 394
face 0.017617732286453247 260 374 280 394
face 0.017035841941833496 260 374 280 394
face 0.016275852918624878 260 374 280 394
face 0.01615011692047119 260 374 280 394
face 0.015999317169189453 260 374 280 394
face 0.015717357397079468 260 374 280 394
face 0.015244990587234497 260 374 280 394
face 0.014535486698150635 260 374 280 394
face 0.014380782842636108 260 374 280 394
face 0.013946354389190674 260 374 280 394
face 0.013754338026046753 260 374 280 394
face 0.013599246740341187 260 374 280 394
face 0.01358911395072937 260 374 280 394
face 0.013308584690093994 260 374 280 394
face 0.013290107250213623 260 374 280 394
face 0.013154715299606323 260 374 280 394
face 0.01297566294670105 260 374 280 394
face 0.012241989374160767 260 374 280 394
face 0.012180924415588379 260 374 280 394
face 0.01186513900756836 260 374 280 394
face 0.011783719062805176 260 374 280 394
face 0.01173335313796997 260 374 280 394
face 0.011672943830490112 260 374 280 394
face 0.011380791664123535 260 374 280 394
face 0.011356621980667114 260 374 280 394
face 0.011257171630859375 260 374 280 394
face 0.01123034954071045 260 374 280 394
face 0.010533779859542847 260 374 280 394
face 0.010477066040039062 260 374 280 394
face 0.010113537311553955 260 374 280 394
face 0.010097533464431763 260 374 280 394
face 0.009818792343139648 260 374 280 394
face 0.009774118661880493 260 374 280 394
face 0.009497731924057007 260 374 280 394
face 0.009441167116165161 260 374 280 394
face 0.009400516748428345 260 374 280 394
face 0.009223490953445435 260 374 280 394
face 0.009167462587356567 260 374 280 394
face 0.00912424921989441 260 374 280 394
face 0.008977055549621582 260 374 280 394
face 0.008876889944076538 260 374 280 394
face 0.008822709321975708 260 374 280 394
face 0.008653581142425537 260 374 280 394
face 0.008346080780029297 260 374 280 394
face 0.008138090372085571 260 374 280 394
face 0.00801357626914978 260 374 280 394
face 0.008005410432815552 260 374 280 394
face 0.00791826844215393 260 374 280 394
face 0.007897555828094482 260 374 280 394
face 0.0076777637004852295 260 374 280 394
face 0.007478624582290649 260 374 280 394
face 0.007353246212005615 260 374 280 394
face 0.0072702765464782715 260 374 280 394
face 0.00718313455581665 260 374 280 394
face 0.007042258977890015 260 374 280 394
face 0.006921678781509399 260 374 280 394
