face 0.9773991703987122 626 248 655 274
face 0.16592735052108765 626 248 655 274
face 0.08869326114654541 626 248 655 274
face 0.020625531673431396 626 248 655 274
face 0.018522262573242188 626 248 655 274
face 0.016190290451049805 626 248 655 274
face 0.015359431505203247 626 248 655 274
face 0.01484769582748413 626 248 655 274
face 0.014731943607330322 626 248 655 274
face 0.013485342264175415 626 248 655 274
face 0.013025671243667603 626 248 655 274
face 0.012766033411026001 626 248 655 274
face 0.01244056224822998 626 248 655 274
face 0.011457681655883789 626 248 655 274
face 0.011396616697311401 626 248 655 274
face 0.011134058237075806 626 248 655 274
face 0.010702162981033325 626 248 655 274
face 0.010580390691757202 626 248 655 274
face 0.010408222675323486 626 248 655 274
face 0.010381251573562622 626 248 655 274
face 0.009869277477264404 626 248 655 274
face 0.009114861488342285 626 248 655 274
face 0.00903049111366272 626 248 655 274
face 0.009006530046463013 626 248 655 274
face 0.008675187826156616 626 248 655 274
face 0.008519023656845093 626 248 655 274
face 0.008163273334503174 626 248 655 274
face 0.008088499307632446 626 248 655 274
face 0.007939934730529785 626 248 655 274
face 0.007900834083557129 626 248 655 274
face 0.007711350917816162 626 248 655 274
face 0.00735020637512207 626 248 655 274
face 0.007297337055206299 626 248 655 274
face 0.007203191518783569 626 248 655 274
face 0.006967216730117798 626 248 655 274
face 0.006924927234649658 626 248 655 274
face 0.006661474704742432 626 248 655 274
face 0.006604373455047607 626 248 655 274
face 0.00645756721496582 626 248 655 274
face 0.006418883800506592 626 248 655 274
face 0.00637286901473999 626 248 655 274
face 0.006356328725814819 626 248 655 274
face 0.006128191947937012 626 248 655 274
face 0.006112843751907349 626 248 655 274
face 0.006094008684158325 626 248 655 274
face 0.006001859903335571 626 248 655 274
face 0.005989432334899902 626 248 655 274
face 0.0059070885181427 626 248 655 274
face 0.005812287330627441 626 248 655 274
face 0.005810737609863281 626 248 655 274
face 0.005751192569732666 626 248 655 274
face 0.005711287260055542 626 248 655 274
face 0.0056989192962646484 626 248 655 274
face 0.005652695894241333 626 248 655 274
face 0.005583405494689941 626 248 655 274
face 0.005451202392578125 626 248 655 274
face 0.005440860986709595 626 248 655 274
face 0.005368053913116455 626 248 655 274
face 0.005355328321456909 626 248 655 274
face 0.0053415000438690186 626 248 655 274
face 0.005303084850311279 626 248 655 274
face 0.005293816328048706 626 248 655 274
face 0.005222290754318237 626 248 655 274
face 0.005179017782211304 626 248 655 274
face 0.005178928375244141 626 248 655 274
face 0.005044907331466675 626 248 655 274
face 0.005032598972320557 626 248 655 274
face 0.005030035972595215 626 248 655 274
face 0.004754185676574707 626 248 655 274
face 0.004730492830276489 626 248 655 274
face 0.004729658365249634 626 248 655 274
face 0.004649937152862549 626 248 655 274
face 0.004648178815841675 626 248 655 274
face 0.004642218351364136 626 248 655 274
face 0.004592001438140869 626 248 655 274
face 0.00456884503364563 626 248 655 274
face 0.0045570433139801025 626 248 655 274
face 0.004554063081741333 626 248 655 274
face 0.00454789400100708 626 248 655 274
face 0.004538148641586304 626 248 655 274
face 0.00452876091003418 626 248 655 274
face 0.00451427698135376 626 248 655 274
face 0.004486650228500366 626 248 655 274
face 0.004468172788619995 626 248 655 274
face 0.004426121711730957 626 248 655 274
face 0.004383683204650879 626 248 655 274
face 0.004366934299468994 626 248 655 274
face 0.004356712102890015 626 248 655 274
face 0.0043381452560424805 626 248 655 274
face 0.00428617000579834 626 248 655 274
face 0.004237949848175049 626 248 655 274
face 0.004216015338897705 626 248 655 274
face 0.004204213619232178 626 248 655 274
face 0.004088282585144043 626 248 655 274
face 0.004063040018081665 626 248 655 274
face 0.004059851169586182 626 248 655 274
face 0.003986626863479614 626 248 655 274
face 0.00390702486038208 626 248 655 274
face 0.003889799118041992 626 248 655 274
face 0.0038757622241973877 626 248 655 274
