face 0.9941986799240112 402 144 430 174
face 0.9940758943557739 497 144 526 174
face 0.8278255462646484 187 158 211 186
face 0.32393065094947815 187 158 211 186
face 0.2770040035247803 187 158 211 186
face 0.19304099678993225 187 158 211 186
face 0.1866208016872406 187 158 211 186
face 0.17582324147224426 187 158 211 186
face 0.1657821536064148 187 158 211 186
face 0.13022899627685547 187 158 211 186
face 0.11116248369216919 187 158 211 186
face 0.10843822360038757 187 158 211 186
face 0.09270977973937988 187 158 211 186
face 0.07712376117706299 187 158 211 186
face 0.06724503636360168 187 158 211 186
face 0.0526408851146698 187 158 211 186
face 0.050114333629608154 187 158 211 186
face 0.04725992679595947 187 158 211 186
face 0.046210676431655884 187 158 211 186
face 0.04472386837005615 187 158 211 186
face 0.04430830478668213 187 158 211 186
face 0.04327806830406189 187 158 211 186
face 0.0416426956653595 187 158 211 186
face 0.041342705488204956 187 158 211 186
face 0.041273534297943115 187 158 211 186
face 0.04066923260688782 187 158 211 186
face 0.04059755802154541 187 158 211 186
face 0.03796163201332092 187 158 211 186
face 0.034793317317962646 187 158 211 186
face 0.0334087610244751 187 158 211 186
face 0.03226524591445923 187 158 211 186
face 0.029709339141845703 187 158 211 186
face 0.029429525136947632 187 158 211 186
face 0.028776884078979492 187 158 211 186
face 0.023075371980667114 187 158 211 186
face 0.02255469560623169 187 158 211 186
face 0.02204972505569458 187 158 211 186
face 0.020144283771514893 187 158 211 186
face 0.020010769367218018 187 158 211 186
face 0.01980668306350708 187 158 211 186
face 0.018309861421585083 187 158 211 186
face 0.0174558162689209 187 158 211 186
face 0.017329037189483643 187 158 211 186
face 0.01702442765235901 187 158 211 186
face 0.016949057579040527 187 158 211 186
face 0.016920626163482666 187 158 211 186
face 0.01686766743659973 187 158 211 186
face 0.01676955819129944 187 158 211 186
face 0.016667157411575317 187 158 211 186
face 0.016413867473602295 187 158 211 186
face 0.016148269176483154 187 158 211 186
face 0.015970349311828613 187 158 211 186
face 0.015905290842056274 187 158 211 186
face 0.015815436840057373 187 158 211 186
face 0.015697956085205078 187 158 211 186
face 0.015291839838027954 187 158 211 186
face 0.01520991325378418 187 158 211 186
face 0.014840573072433472 187 158 211 186
face 0.014801084995269775 187 158 211 186
face 0.014490783214569092 187 158 211 186
face 0.013731688261032104 187 158 211 186
face 0.013669103384017944 187 158 211 186
face 0.013193368911743164 187 158 211 186
face 0.012592345476150513 187 158 211 186
face 0.012493520975112915 187 158 211 186
face 0.011650413274765015 187 158 211 186
face 0.01164710521697998 187 158 211 186
face 0.011559545993804932 187 158 211 186
face 0.011501133441925049 187 158 211 186
face 0.011375725269317627 187 158 211 186
face 0.011101126670837402 187 158 211 186
face 0.011002182960510254 187 158 211 186
face 0.010957807302474976 187 158 211 186
face 0.010633975267410278 187 158 211 186
face 0.010626286268234253 187 158 211 186
face 0.010437071323394775 187 158 211 186
face 0.010366290807723999 187 158 211 186
face 0.009776324033737183 187 158 211 186
face 0.00975888967514038 187 158 211 186
face 0.009307712316513062 187 158 211 186
face 0.009132564067840576 187 158 211 186
face 0.009120315313339233 187 158 211 186
face 0.008857488632202148 187 158 211 186
face 0.008854150772094727 187 158 211 186
face 0.0088023841381073 187 158 211 186
face 0.008715152740478516 187 158 211 186
face 0.008671581745147705 187 158 211 186
face 0.008571594953536987 187 158 211 186
face 0.008402913808822632 187 158 211 186
face 0.008365899324417114 187 158 211 186
face 0.00835224986076355 187 158 211 186
face 0.008333534002304077 187 158 211 186
face 0.008206814527511597 187 158 211 186
face 0.008189558982849121 187 158 211 186
face 0.008176535367965698 187 158 211 186
face 0.008019298315048218 187 158 211 186
face 0.007993519306182861 187 158 211 186
face 0.0079842209815979 187 158 211 186
face 0.007954001426696777 187 158 211 186
face 0.0077540576457977295 187 158 211 186
