face 0.9922008514404297 189 343 209 366
face 0.828217089176178 479 333 505 368
face 0.6515359878540039 286 299 314 328
face 0.10578027367591858 286 299 314 328
face 0.06066057085990906 286 299 314 328
face 0.05919617414474487 286 299 314 328
face 0.030210137367248535 286 299 314 328
face 0.02910846471786499 286 299 314 328
face 0.023036450147628784 286 299 314 328
face 0.022364944219589233 286 299 314 328
face 0.020746469497680664 286 299 314 328
face 0.017543107271194458 286 299 314 328
face 0.01556485891342163 286 299 314 328
face 0.015133649110794067 286 299 314 328
face 0.014522761106491089 286 299 314 328
face 0.014181911945343018 286 299 314 328
face 0.013776421546936035 286 299 314 328
face 0.01325148344039917 286 299 314 328
face 0.012641727924346924 286 299 314 328
face 0.012073040008544922 286 299 314 328
face 0.011882305145263672 286 299 314 328
face 0.011752605438232422 286 299 314 328
face 0.011158794164657593 286 299 314 328
face 0.011095017194747925 286 299 314 328
face 0.010830879211425781 286 299 314 328
face 0.010342001914978027 286 299 314 328
face 0.010064482688903809 286 299 314 328
face 0.009943872690200806 286 299 314 328
face 0.009622395038604736 286 299 314 328
face 0.009427756071090698 286 299 314 328
face 0.008808523416519165 286 299 314 328
face 0.008534550666809082 286 299 314 328
face 0.00809091329574585 286 299 314 328
face 0.00778651237487793 286 299 314 328
face 0.007614821195602417 286 299 314 328
face 0.007412374019622803 286 299 314 328
face 0.007308512926101685 286 299 314 328
face 0.007068812847137451 286 299 314 328
face 0.006934404373168945 286 299 314 328
face 0.006455093622207642 286 299 314 328
face 0.006390690803527832 286 299 314 328
face 0.006388485431671143 286 299 314 328
face 0.005936473608016968 286 299 314 328
face 0.005766123533248901 286 299 314 328
face 0.0057371556758880615 286 299 314 328
face 0.005637526512145996 286 299 314 328
face 0.00557371973991394 286 299 314 328
face 0.005434244871139526 286 299 314 328
face 0.0053559839725494385 286 299 314 328
face 0.005315333604812622 286 299 314 328
face 0.0052006542682647705 286 299 314 328
face 0.005177974700927734 286 299 314 328
face 0.005127549171447754 286 299 314 328
face 0.005028277635574341 286 299 314 328
face 0.0049631595611572266 286 299 314 328
face 0.00489768385887146 286 299 314 328
face 0.004707127809524536 286 299 314 328
face 0.0046539306640625 286 299 314 328
face 0.004567474126815796 286 299 314 328
face 0.004525184631347656 286 299 314 328
face 0.004489541053771973 286 299 314 328
face 0.004444092512130737 286 299 314 328
face 0.004401981830596924 286 299 314 328
face 0.004212617874145508 286 299 314 328
face 0.004211723804473877 286 299 314 328
face 0.004211157560348511 286 299 314 328
face 0.0041255950927734375 286 299 314 328
face 0.004001051187515259 286 299 314 328
face 0.0039463043212890625 286 299 314 328
face 0.003856837749481201 286 299 314 328
face 0.003856450319290161 286 299 314 328
face 0.0038390159606933594 286 299 314 328
face 0.0037986040115356445 286 299 314 328
face 0.003777921199798584 286 299 314 328
face 0.0037345588207244873 286 299 314 328
face 0.0036470890045166016 286 299 314 328
face 0.0036281347274780273 286 299 314 328
face 0.0036063194274902344 286 299 314 328
face 0.0035448074340820312 286 299 314 328
face 0.00350835919380188 286 299 314 328
face 0.0034707486629486084 286 299 314 328
face 0.0034400224685668945 286 299 314 328
face 0.0034183263778686523 286 299 314 328
face 0.003407806158065796 286 299 314 328
face 0.003367185592651367 286 299 314 328
face 0.0033566951751708984 286 299 314 328
face 0.0033179819583892822 286 299 314 328
face 0.0033095479011535645 286 299 314 328
face 0.0032890737056732178 286 299 314 328
face 0.0032882392406463623 286 299 314 328
face 0.003249645233154297 286 299 314 328
face 0.003092437982559204 286 299 314 328
face 0.003090471029281616 286 299 314 328
face 0.0030694007873535156 286 299 314 328
face 0.0030519068241119385 286 299 314 328
face 0.003022909164428711 286 299 314 328
face 0.002989351749420166 286 299 314 328
face 0.002892732620239258 286 299 314 328
face 0.0028901994228363037 286 299 314 328
face 0.002871900796890259 286 299 314 328
