face 0.9805475473403931 256 293 280 326
face 0.02512967586517334 256 293 280 326
face 0.01921340823173523 256 293 280 326
face 0.018641024827957153 256 293 280 326
face 0.015678614377975464 256 293 280 326
face 0.015160530805587769 256 293 280 326
face 0.014573931694030762 256 293 280 326
face 0.014421045780181885 256 293 280 326
face 0.012810289859771729 256 293 280 326
face 0.01227039098739624 256 293 280 326
face 0.010757416486740112 256 293 280 326
face 0.010461419820785522 256 293 280 326
face 0.010089099407196045 256 293 280 326
face 0.009674251079559326 256 293 280 326
face 0.009659677743911743 256 293 280 326
face 0.009233981370925903 256 293 280 326
face 0.008997857570648193 256 293 280 326
face 0.00876474380493164 256 293 280 326
face 0.00866362452507019 256 293 280 326
face 0.008552968502044678 256 293 280 326
face 0.00851699709892273 256 293 280 326
face 0.00822266936302185 256 293 280 326
face 0.008203566074371338 256 293 280 326
face 0.008189558982849121 256 293 280 326
face 0.00816112756729126 256 293 280 326
face 0.008159518241882324 256 293 280 326
face 0.008113563060760498 256 293 280 326
face 0.007951825857162476 256 293 280 326
face 0.007817447185516357 256 293 280 326
face 0.00768435001373291 256 293 280 326
face 0.00760197639465332 256 293 280 326
face 0.0071815550327301025 256 293 280 326
face 0.007085859775543213 256 293 280 326
face 0.006981760263442993 256 293 280 326
face 0.00675511360168457 256 293 280 326
face 0.006623357534408569 256 293 280 326
face 0.0066023170948028564 256 293 280 326
face 0.006257176399230957 256 293 280 326
face 0.006213963031768799 256 293 280 326
face 0.006186097860336304 256 293 280 326
face 0.0061609745025634766 256 293 280 326
face 0.006112039089202881 256 293 280 326
face 0.006088763475418091 256 293 280 326
face 0.00606226921081543 256 293 280 326
face 0.005985885858535767 256 293 280 326
face 0.005809605121612549 256 293 280 326
face 0.005762189626693726 256 293 280 326
face 0.005720168352127075 256 293 280 326
face 0.005692541599273682 256 293 280 326
face 0.005691975355148315 256 293 280 326
face 0.00566864013671875 256 293 280 326
face 0.0056552886962890625 256 293 280 326
face 0.005627721548080444 256 293 280 326
face 0.005613416433334351 256 293 280 326
face 0.005510091781616211 256 293 280 326
face 0.005492031574249268 256 293 280 326
face 0.0054298341274261475 256 293 280 326
face 0.005379676818847656 256 293 280 326
face 0.005347102880477905 256 293 280 326
face 0.005328476428985596 256 293 280 326
face 0.005322962999343872 256 293 280 326
face 0.005306839942932129 256 293 280 326
face 0.005304217338562012 256 293 280 326
face 0.005273640155792236 256 293 280 326
face 0.005210936069488525 256 293 280 326
face 0.0051715075969696045 256 293 280 326
face 0.005082845687866211 256 293 280 326
face 0.004972368478775024 256 293 280 326
face 0.004945129156112671 256 293 280 326
face 0.0049266517162323 256 293 280 326
face 0.004839658737182617 256 293 280 326
face 0.0048326849937438965 256 293 280 326
face 0.004830211400985718 256 293 280 326
face 0.00482669472694397 256 293 280 326
face 0.0047942399978637695 256 293 280 326
face 0.004751712083816528 256 293 280 326
face 0.0047231316566467285 256 293 280 326
face 0.004680216312408447 256 293 280 326
face 0.0046717822551727295 256 293 280 326
face 0.004668742418289185 256 293 280 326
face 0.0046224892139434814 256 293 280 326
face 0.004540294408798218 256 293 280 326
face 0.0045292675495147705 256 293 280 326
face 0.004527151584625244 256 293 280 326
face 0.004467189311981201 256 293 280 326
face 0.004425078630447388 256 293 280 326
face 0.004418790340423584 256 293 280 326
face 0.004418790340423584 256 293 280 326
face 0.004394203424453735 256 293 280 326
face 0.004286855459213257 256 293 280 326
face 0.004244387149810791 256 293 280 326
face 0.004229754209518433 256 293 280 326
face 0.0042175352573394775 256 293 280 326
face 0.004205286502838135 256 293 280 326
face 0.004197478294372559 256 293 280 326
face 0.004193425178527832 256 293 280 326
face 0.004188179969787598 256 293 280 326
face 0.004181653261184692 256 293 280 326
face 0.004157423973083496 256 293 280 326
face 0.0041526854038238525 256 293 280 326
