face 0.9098604917526245 281 181 312 218
face 0.858120322227478 362 168 394 210
face 0.06884965300559998 362 168 394 210
face 0.06262251734733582 362 168 394 210
face 0.057712942361831665 362 168 394 210
face 0.050166964530944824 362 168 394 210
face 0.049240052700042725 362 168 394 210
face 0.04809662699699402 362 168 394 210
face 0.043948590755462646 362 168 394 210
face 0.04200488328933716 362 168 394 210
face 0.04195845127105713 362 168 394 210
face 0.04184907674789429 362 168 394 210
face 0.04102599620819092 362 168 394 210
face 0.039555102586746216 362 168 394 210
face 0.03953176736831665 362 168 394 210
face 0.039084941148757935 362 168 394 210
face 0.0382174551486969 362 168 394 210
face 0.03726884722709656 362 168 394 210
face 0.036613255739212036 362 168 394 210
face 0.03654101490974426 362 168 394 210
face 0.03638610243797302 362 168 394 210
face 0.035950690507888794 362 168 394 210
face 0.03556948900222778 362 168 394 210
face 0.034971415996551514 362 168 394 210
face 0.03482505679130554 362 168 394 210
face 0.03430366516113281 362 168 394 210
face 0.03340786695480347 362 168 394 210
face 0.03284969925880432 362 168 394 210
face 0.032521337270736694 362 168 394 210
face 0.03221064805984497 362 168 394 210
face 0.03214624524116516 362 168 394 210
face 0.031866639852523804 362 168 394 210
face 0.03131869435310364 362 168 394 210
face 0.02968493103981018 362 168 394 210
face 0.029546916484832764 362 168 394 210
face 0.029178738594055176 362 168 394 210
face 0.028648465871810913 362 168 394 210
face 0.028618454933166504 362 168 394 210
face 0.02796238660812378 362 168 394 210
face 0.02744394540786743 362 168 394 210
face 0.027327507734298706 362 168 394 210
face 0.027205616235733032 362 168 394 210
face 0.027183085680007935 362 168 394 210
face 0.02645692229270935 362 168 394 210
face 0.02643507719039917 362 168 394 210
face 0.026104718446731567 362 168 394 210
face 0.025484532117843628 362 168 394 210
face 0.02523544430732727 362 168 394 210
face 0.025110870599746704 362 168 394 210
face 0.025074005126953125 362 168 394 210
face 0.024746239185333252 362 168 394 210
face 0.024532020092010498 362 168 394 210
face 0.024139702320098877 362 168 394 210
face 0.023472458124160767 362 168 394 210
face 0.022888898849487305 362 168 394 210
face 0.022711455821990967 362 168 394 210
face 0.022512763738632202 362 168 394 210
face 0.022201180458068848 362 168 394 210
face 0.02219867706298828 362 168 394 210
face 0.021956712007522583 362 168 394 210
face 0.021474182605743408 362 168 394 210
face 0.021035820245742798 362 168 394 210
face 0.020827442407608032 362 168 394 210
face 0.020556896924972534 362 168 394 210
face 0.020373225212097168 362 168 394 210
face 0.02023005485534668 362 168 394 210
face 0.020152896642684937 362 168 394 210
face 0.020116865634918213 362 168 394 210
face 0.01983344554901123 362 168 394 210
face 0.019555866718292236 362 168 394 210
face 0.01946723461151123 362 168 394 210
face 0.019438594579696655 362 168 394 210
face 0.019288688898086548 362 168 394 210
face 0.01918932795524597 362 168 394 210
face 0.01903548836708069 362 168 394 210
face 0.01894262433052063 362 168 394 210
face 0.018779903650283813 362 168 394 210
face 0.01860448718070984 362 168 394 210
face 0.01857110857963562 362 168 394 210
face 0.01854318380355835 362 168 394 210
face 0.01849314570426941 362 168 394 210
face 0.018121689558029175 362 168 394 210
face 0.01808306574821472 362 168 394 210
face 0.01806008815765381 362 168 394 210
face 0.017832815647125244 362 168 394 210
face 0.017776310443878174 362 168 394 210
face 0.017742276191711426 362 168 394 210
face 0.017287015914916992 362 168 394 210
face 0.017255336046218872 362 168 394 210
face 0.017221540212631226 362 168 394 210
face 0.017155349254608154 362 168 394 210
face 0.01713600754737854 362 168 394 210
face 0.01697254180908203 362 168 394 210
face 0.01696234941482544 362 168 394 210
face 0.016753941774368286 362 168 394 210
face 0.016643792390823364 362 168 394 210
face 0.016549229621887207 362 168 394 210
face 0.016539275646209717 362 168 394 210
face 0.016509026288986206 362 168 394 210
face 0.016247987747192383 362 168 394 210
