face 0.8749486207962036 462 314 575 444
face 0.6257582902908325 659 616 687 659
face 0.10671645402908325 659 616 687 659
face 0.0966218113899231 659 616 687 659
face 0.03228422999382019 659 616 687 659
face 0.02713736891746521 659 616 687 659
face 0.026817888021469116 659 616 687 659
face 0.02364864945411682 659 616 687 659
face 0.02341744303703308 659 616 687 659
face 0.021776437759399414 659 616 687 659
face 0.021312981843948364 659 616 687 659
face 0.019119322299957275 659 616 687 659
face 0.01807546615600586 659 616 687 659
face 0.017636626958847046 659 616 687 659
face 0.01742061972618103 659 616 687 659
face 0.01736965775489807 659 616 687 659
face 0.016915559768676758 659 616 687 659
face 0.016212940216064453 659 616 687 659
face 0.01615011692047119 659 616 687 659
face 0.016145437955856323 659 616 687 659
face 0.01491546630859375 659 616 687 659
face 0.014352291822433472 659 616 687 659
face 0.014108657836914062 659 616 687 659
face 0.013428211212158203 659 616 687 659
face 0.01244691014289856 659 616 687 659
face 0.011630743741989136 659 616 687 659
face 0.011022895574569702 659 616 687 659
face 0.01075926423072815 659 616 687 659
face 0.010504275560379028 659 616 687 659
face 0.010220974683761597 659 616 687 659
face 0.010220050811767578 659 616 687 659
face 0.009864777326583862 659 616 687 659
face 0.009683817625045776 659 616 687 659
face 0.00967356562614441 659 616 687 659
face 0.009632229804992676 659 616 687 659
face 0.00947505235671997 659 616 687 659
face 0.009260326623916626 659 616 687 659
face 0.0091935396194458 659 616 687 659
face 0.009186923503875732 659 616 687 659
face 0.009081274271011353 659 616 687 659
face 0.00888901948928833 659 616 687 659
face 0.008642405271530151 659 616 687 659
face 0.008562743663787842 659 616 687 659
face 0.008413881063461304 659 616 687 659
face 0.008349299430847168 659 616 687 659
face 0.008332937955856323 659 616 687 659
face 0.008234679698944092 659 616 687 659
face 0.008110016584396362 659 616 687 659
face 0.008052945137023926 659 616 687 659
face 0.00801745057106018 659 616 687 659
face 0.007592707872390747 659 616 687 659
face 0.007468372583389282 659 616 687 659
face 0.007227301597595215 659 616 687 659
face 0.007203400135040283 659 616 687 659
face 0.007022827863693237 659 616 687 659
face 0.007016927003860474 659 616 687 659
face 0.006965130567550659 659 616 687 659
face 0.0069596171379089355 659 616 687 659
face 0.006894528865814209 659 616 687 659
face 0.006847649812698364 659 616 687 659
face 0.006799131631851196 659 616 687 659
face 0.006667375564575195 659 616 687 659
face 0.006661504507064819 659 616 687 659
face 0.0065991878509521484 659 616 687 659
face 0.006537944078445435 659 616 687 659
face 0.006502598524093628 659 616 687 659
face 0.006498664617538452 659 616 687 659
face 0.0063967108726501465 659 616 687 659
face 0.0063645243644714355 659 616 687 659
face 0.006337642669677734 659 616 687 659
face 0.006262600421905518 659 616 687 659
face 0.006243288516998291 659 616 687 659
face 0.006235480308532715 659 616 687 659
face 0.0061386823654174805 659 616 687 659
face 0.006093919277191162 659 616 687 659
face 0.006012409925460815 659 616 687 659
face 0.005969047546386719 659 616 687 659
face 0.0059473514556884766 659 616 687 659
face 0.0058991312980651855 659 616 687 659
face 0.005851179361343384 659 616 687 659
face 0.00584942102432251 659 616 687 659
face 0.005783885717391968 659 616 687 659
face 0.005764007568359375 659 616 687 659
face 0.0056858062744140625 659 616 687 659
face 0.0056809186935424805 659 616 687 659
face 0.005676001310348511 659 616 687 659
face 0.005539685487747192 659 616 687 659
face 0.00552058219909668 659 616 687 659
face 0.0054618120193481445 659 616 687 659
face 0.005441218614578247 659 616 687 659
face 0.005392104387283325 659 616 687 659
face 0.005365878343582153 659 616 687 659
face 0.005343019962310791 659 616 687 659
face 0.005325198173522949 659 616 687 659
face 0.0052664875984191895 659 616 687 659
face 0.005221635103225708 659 616 687 659
face 0.0052065253257751465 659 616 687 659
face 0.0051961541175842285 659 616 687 659
face 0.005180478096008301 659 616 687 659
face 0.005117297172546387 659 616 687 659
