face 0.8387541770935059 300 100 318 116
face 0.1110619306564331 300 100 318 116
face 0.08355376124382019 300 100 318 116
face 0.046137094497680664 300 100 318 116
face 0.04019451141357422 300 100 318 116
face 0.0379924476146698 300 100 318 116
face 0.03386172652244568 300 100 318 116
face 0.03278955817222595 300 100 318 116
face 0.030622392892837524 300 100 318 116
face 0.028449594974517822 300 100 318 116
face 0.024618983268737793 300 100 318 116
face 0.02358311414718628 300 100 318 116
face 0.02200809121131897 300 100 318 116
face 0.021635890007019043 300 100 318 116
face 0.021581262350082397 300 100 318 116
face 0.021519601345062256 300 100 318 116
face 0.02130267024040222 300 100 318 116
face 0.020338833332061768 300 100 318 116
face 0.0200803279876709 300 100 318 116
face 0.019958138465881348 300 100 318 116
face 0.019788742065429688 300 100 318 116
face 0.018967807292938232 300 100 318 116
face 0.01866278052330017 300 100 318 116
face 0.018624871969223022 300 100 318 116
face 0.018350541591644287 300 100 318 116
face 0.018272846937179565 300 100 318 116
face 0.018029719591140747 300 100 318 116
face 0.017491936683654785 300 100 318 116
face 0.017261594533920288 300 100 318 116
face 0.017069309949874878 300 100 318 116
face 0.016665339469909668 300 100 318 116
face 0.016485661268234253 300 100 318 116
face 0.016414642333984375 300 100 318 116
face 0.016225159168243408 300 100 318 116
face 0.016205161809921265 300 100 318 116
face 0.016061455011367798 300 100 318 116
face 0.01512819528579712 300 100 318 116
face 0.015086263418197632 300 100 318 116
face 0.015064924955368042 300 100 318 116
face 0.014799505472183228 300 100 318 116
face 0.014560401439666748 300 100 318 116
face 0.014473527669906616 300 100 318 116
face 0.014430880546569824 300 100 318 116
face 0.014337301254272461 300 100 318 116
face 0.014106720685958862 300 100 318 116
face 0.014039039611816406 300 100 318 116
face 0.013988256454467773 300 100 318 116
face 0.013794541358947754 300 100 318 116
face 0.013728976249694824 300 100 318 116
face 0.012584060430526733 300 100 318 116
face 0.012201070785522461 300 100 318 116
face 0.01202210783958435 300 100 318 116
face 0.011978626251220703 300 100 318 116
face 0.011749565601348877 300 100 318 116
face 0.011693388223648071 300 100 318 116
face 0.011669576168060303 300 100 318 116
face 0.011659473180770874 300 100 318 116
face 0.011640071868896484 300 100 318 116
face 0.01142418384552002 300 100 318 116
face 0.011186003684997559 300 100 318 116
face 0.011151999235153198 300 100 318 116
face 0.01084861159324646 300 100 318 116
face 0.010847896337509155 300 100 318 116
face 0.010623574256896973 300 100 318 116
face 0.01061171293258667 300 100 318 116
face 0.010605275630950928 300 100 318 116
face 0.010583311319351196 300 100 318 116
face 0.010574012994766235 300 100 318 116
face 0.010566294193267822 300 100 318 116
face 0.01055416464805603 300 100 318 116
face 0.010467976331710815 300 100 318 116
face 0.010464966297149658 300 100 318 116
face 0.01043391227722168 300 100 318 116
face 0.010274320840835571 300 100 318 116
face 0.010211825370788574 300 100 318 116
face 0.010089486837387085 300 100 318 116
face 0.010025262832641602 300 100 318 116
face 0.00993773341178894 300 100 318 116
face 0.009934991598129272 300 100 318 116
face 0.009816467761993408 300 100 318 116
face 0.00980868935585022 300 100 318 116
face 0.009802073240280151 300 100 318 116
face 0.009773820638656616 300 100 318 116
face 0.009770095348358154 300 100 318 116
face 0.009744495153427124 300 100 318 116
face 0.009694784879684448 300 100 318 116
face 0.009693443775177002 300 100 318 116
face 0.009661108255386353 300 100 318 116
face 0.009600341320037842 300 100 318 116
face 0.0095328688621521 300 100 318 116
face 0.00948411226272583 300 100 318 116
face 0.009441524744033813 300 100 318 116
face 0.009405642747879028 300 100 318 116
face 0.009239166975021362 300 100 318 116
face 0.009219467639923096 300 100 318 116
face 0.009104043245315552 300 100 318 116
face 0.00908699631690979 300 100 318 116
face 0.008968204259872437 300 100 318 116
face 0.008953899145126343 300 100 318 116
face 0.008898138999938965 300 100 318 116
