face 0.9759503602981567 468 364 492 390
face 0.06056314706802368 468 364 492 390
face 0.02482926845550537 468 364 492 390
face 0.024691730737686157 468 364 492 390
face 0.0230083167552948 468 364 492 390
face 0.02258211374282837 468 364 492 390
face 0.01912572979927063 468 364 492 390
face 0.01859748363494873 468 364 492 390
face 0.017359226942062378 468 364 492 390
face 0.015826702117919922 468 364 492 390
face 0.01541680097579956 468 364 492 390
face 0.015243709087371826 468 364 492 390
face 0.01466640830039978 468 364 492 390
face 0.014382094144821167 468 364 492 390
face 0.01351967453956604 468 364 492 390
face 0.013446331024169922 468 364 492 390
face 0.012294977903366089 468 364 492 390
face 0.012048810720443726 468 364 492 390
face 0.011891663074493408 468 364 492 390
face 0.011886686086654663 468 364 492 390
face 0.011376649141311646 468 364 492 390
face 0.010956346988677979 468 364 492 390
face 0.010949552059173584 468 364 492 390
face 0.010764211416244507 468 364 492 390
face 0.010512173175811768 468 364 492 390
face 0.010210901498794556 468 364 492 390
face 0.010144829750061035 468 364 492 390
face 0.010112851858139038 468 364 492 390
face 0.010084390640258789 468 364 492 390
face 0.010008841753005981 468 364 492 390
face 0.009802103042602539 468 364 492 390
face 0.00978204607963562 468 364 492 390
face 0.009695380926132202 468 364 492 390
face 0.009361118078231812 468 364 492 390
face 0.009307324886322021 468 364 492 390
face 0.009262949228286743 468 364 492 390
face 0.00907677412033081 468 364 492 390
face 0.008997857570648193 468 364 492 390
face 0.008935093879699707 468 364 492 390
face 0.008931666612625122 468 364 492 390
face 0.008827775716781616 468 364 492 390
face 0.008703857660293579 468 364 492 390
face 0.00830531120300293 468 364 492 390
face 0.008189648389816284 468 364 492 390
face 0.008098393678665161 468 364 492 390
face 0.007865309715270996 468 364 492 390
face 0.00784599781036377 468 364 492 390
face 0.007844150066375732 468 364 492 390
face 0.007843881845474243 468 364 492 390
face 0.00782051682472229 468 364 492 390
face 0.007579892873764038 468 364 492 390
face 0.0074836015701293945 468 364 492 390
face 0.007391870021820068 468 364 492 390
face 0.007183283567428589 468 364 492 390
face 0.007178246974945068 468 364 492 390
face 0.007115542888641357 468 364 492 390
face 0.007050842046737671 468 364 492 390
face 0.0070476531982421875 468 364 492 390
face 0.0070375800132751465 468 364 492 390
face 0.006984829902648926 468 364 492 390
face 0.006948947906494141 468 364 492 390
face 0.006776630878448486 468 364 492 390
face 0.006686270236968994 468 364 492 390
face 0.0066834986209869385 468 364 492 390
face 0.006612300872802734 468 364 492 390
face 0.006587862968444824 468 364 492 390
face 0.006489157676696777 468 364 492 390
face 0.006458401679992676 468 364 492 390
face 0.006386756896972656 468 364 492 390
face 0.00627589225769043 468 364 492 390
face 0.006188929080963135 468 364 492 390
face 0.0060318708419799805 468 364 492 390
face 0.006009489297866821 468 364 492 390
face 0.005947738885879517 468 364 492 390
face 0.005898624658584595 468 364 492 390
face 0.0058675408363342285 468 364 492 390
face 0.005852609872817993 468 364 492 390
face 0.005792051553726196 468 364 492 390
face 0.005769789218902588 468 364 492 390
face 0.005756467580795288 468 364 492 390
face 0.005733489990234375 468 364 492 390
face 0.005694538354873657 468 364 492 390
face 0.005666404962539673 468 364 492 390
face 0.005630552768707275 468 364 492 390
face 0.005615174770355225 468 364 492 390
face 0.005491971969604492 468 364 492 390
face 0.0054472386837005615 468 364 492 390
face 0.005393296480178833 468 364 492 390
face 0.005355238914489746 468 364 492 390
face 0.0053487420082092285 468 364 492 390
face 0.005337953567504883 468 364 492 390
face 0.00531342625617981 468 364 492 390
face 0.005312502384185791 468 364 492 390
face 0.0053047239780426025 468 364 492 390
face 0.005277693271636963 468 364 492 390
face 0.005220890045166016 468 364 492 390
face 0.005219370126724243 468 364 492 390
face 0.00520932674407959 468 364 492 390
face 0.0052030086517333984 468 364 492 390
face 0.00519600510597229 468 364 492 390
