face 0.8875290155410767 949 254 966 278
face 0.8740930557250977 323 72 340 96
face 0.727409839630127 824 266 842 289
face 0.5647233128547668 184 50 195 63
face 0.49755600094795227 184 50 195 63
face 0.48985743522644043 184 50 195 63
face 0.47138097882270813 184 50 195 63
face 0.2805517315864563 184 50 195 63
face 0.2541400194168091 184 50 195 63
face 0.246541827917099 184 50 195 63
face 0.1798020899295807 184 50 195 63
face 0.17956024408340454 184 50 195 63
face 0.16267216205596924 184 50 195 63
face 0.14964452385902405 184 50 195 63
face 0.14243465662002563 184 50 195 63
face 0.13024675846099854 184 50 195 63
face 0.12379768490791321 184 50 195 63
face 0.11713403463363647 184 50 195 63
face 0.10942679643630981 184 50 195 63
face 0.10086241364479065 184 50 195 63
face 0.09993085265159607 184 50 195 63
face 0.09965881705284119 184 50 195 63
face 0.09716132283210754 184 50 195 63
face 0.08471989631652832 184 50 195 63
face 0.08225616812705994 184 50 195 63
face 0.08033919334411621 184 50 195 63
face 0.07898885011672974 184 50 195 63
face 0.07799288630485535 184 50 195 63
face 0.07472261786460876 184 50 195 63
face 0.07317456603050232 184 50 195 63
face 0.0716070830821991 184 50 195 63
face 0.0659925639629364 184 50 195 63
face 0.06472983956336975 184 50 195 63
face 0.06355005502700806 184 50 195 63
face 0.06010317802429199 184 50 195 63
face 0.05877599120140076 184 50 195 63
face 0.057554692029953 184 50 195 63
face 0.05676382780075073 184 50 195 63
face 0.05633556842803955 184 50 195 63
face 0.0549275279045105 184 50 195 63
face 0.050946325063705444 184 50 195 63
face 0.05058091878890991 184 50 195 63
face 0.04748252034187317 184 50 195 63
face 0.047283053398132324 184 50 195 63
face 0.045955777168273926 184 50 195 63
face 0.04348841309547424 184 50 195 63
face 0.04260161519050598 184 50 195 63
face 0.04247114062309265 184 50 195 63
face 0.04179501533508301 184 50 195 63
face 0.04021090269088745 184 50 195 63
face 0.039755165576934814 184 50 195 63
face 0.03970494866371155 184 50 195 63
face 0.03887876868247986 184 50 195 63
face 0.03823643922805786 184 50 195 63
face 0.0372643768787384 184 50 195 63
face 0.036924898624420166 184 50 195 63
face 0.036233752965927124 184 50 195 63
face 0.036097317934036255 184 50 195 63
face 0.03606826066970825 184 50 195 63
face 0.03530648350715637 184 50 195 63
face 0.03409510850906372 184 50 195 63
face 0.03351390361785889 184 50 195 63
face 0.03244960308074951 184 50 195 63
face 0.03230166435241699 184 50 195 63
face 0.032259732484817505 184 50 195 63
face 0.030975699424743652 184 50 195 63
face 0.030794262886047363 184 50 195 63
face 0.03018435835838318 184 50 195 63
face 0.02892974019050598 184 50 195 63
face 0.02879241108894348 184 50 195 63
face 0.028727978467941284 184 50 195 63
face 0.02840331196784973 184 50 195 63
face 0.027944952249526978 184 50 195 63
face 0.027643859386444092 184 50 195 63
face 0.027496010065078735 184 50 195 63
face 0.026898115873336792 184 50 195 63
face 0.026579231023788452 184 50 195 63
face 0.026393026113510132 184 50 195 63
face 0.02564471960067749 184 50 195 63
face 0.025081992149353027 184 50 195 63
face 0.024855494499206543 184 50 195 63
face 0.024821847677230835 184 50 195 63
face 0.024626463651657104 184 50 195 63
face 0.024492889642715454 184 50 195 63
face 0.02436712384223938 184 50 195 63
face 0.023985356092453003 184 50 195 63
face 0.023680150508880615 184 50 195 63
face 0.023420065641403198 184 50 195 63
face 0.02338045835494995 184 50 195 63
face 0.022930681705474854 184 50 195 63
face 0.022034823894500732 184 50 195 63
face 0.021417856216430664 184 50 195 63
face 0.02078765630722046 184 50 195 63
face 0.02061593532562256 184 50 195 63
face 0.02048391103744507 184 50 195 63
face 0.020151972770690918 184 50 195 63
face 0.019848376512527466 184 50 195 63
face 0.0192452073097229 184 50 195 63
face 0.01912704110145569 184 50 195 63
face 0.019015222787857056 184 50 195 63
