face 0.9759186506271362 264 32 348 154
face 0.6705408096313477 719 69 788 164
face 0.09798595309257507 719 69 788 164
face 0.019168198108673096 719 69 788 164
face 0.011569827795028687 719 69 788 164
face 0.011032521724700928 719 69 788 164
face 0.010752946138381958 719 69 788 164
face 0.009238392114639282 719 69 788 164
face 0.008973240852355957 719 69 788 164
face 0.008574753999710083 719 69 788 164
face 0.008410781621932983 719 69 788 164
face 0.007985949516296387 719 69 788 164
face 0.007984191179275513 719 69 788 164
face 0.0070590972900390625 719 69 788 164
face 0.006679326295852661 719 69 788 164
face 0.006678521633148193 719 69 788 164
face 0.006499588489532471 719 69 788 164
face 0.006331324577331543 719 69 788 164
face 0.006181955337524414 719 69 788 164
face 0.0061161816120147705 719 69 788 164
face 0.005861371755599976 719 69 788 164
face 0.005810290575027466 719 69 788 164
face 0.005695909261703491 719 69 788 164
face 0.005073636770248413 719 69 788 164
face 0.005041211843490601 719 69 788 164
face 0.005008727312088013 719 69 788 164
face 0.004944115877151489 719 69 788 164
face 0.004939287900924683 719 69 788 164
face 0.004931449890136719 719 69 788 164
face 0.004871726036071777 719 69 788 164
face 0.004754513502120972 719 69 788 164
face 0.004439175128936768 719 69 788 164
face 0.004292517900466919 719 69 788 164
face 0.0041370689868927 719 69 788 164
face 0.004074901342391968 719 69 788 164
face 0.004025816917419434 719 69 788 164
face 0.003998607397079468 719 69 788 164
face 0.003914207220077515 719 69 788 164
face 0.0038577616214752197 719 69 788 164
face 0.003857046365737915 719 69 788 164
face 0.0036443769931793213 719 69 788 164
face 0.003611952066421509 719 69 788 164
face 0.003606647253036499 719 69 788 164
face 0.003595978021621704 719 69 788 164
face 0.003506183624267578 719 69 788 164
face 0.0034908950328826904 719 69 788 164
face 0.0034592151641845703 719 69 788 164
face 0.003390967845916748 719 69 788 164
face 0.0033133625984191895 719 69 788 164
face 0.0033105015754699707 719 69 788 164
face 0.003301769495010376 719 69 788 164
face 0.00324973464012146 719 69 788 164
face 0.0032493174076080322 719 69 788 164
face 0.0032471418380737305 719 69 788 164
face 0.0032233595848083496 719 69 788 164
face 0.003214925527572632 719 69 788 164
face 0.003195643424987793 719 69 788 164
face 0.003161132335662842 719 69 788 164
face 0.0031423568725585938 719 69 788 164
face 0.003104090690612793 719 69 788 164
face 0.003058195114135742 719 69 788 164
face 0.003057718276977539 719 69 788 164
face 0.003054380416870117 719 69 788 164
face 0.003026723861694336 719 69 788 164
face 0.0030189454555511475 719 69 788 164
face 0.0030142664909362793 719 69 788 164
face 0.0029620230197906494 719 69 788 164
face 0.0029532015323638916 719 69 788 164
face 0.0029223859310150146 719 69 788 164
face 0.002874135971069336 719 69 788 164
face 0.002873927354812622 719 69 788 164
face 0.002856016159057617 719 69 788 164
face 0.0028401315212249756 719 69 788 164
face 0.0028355419635772705 719 69 788 164
face 0.0028155744075775146 719 69 788 164
face 0.0027891695499420166 719 69 788 164
face 0.0027853846549987793 719 69 788 164
face 0.0027174651622772217 719 69 788 164
face 0.0027059316635131836 719 69 788 164
face 0.0026935040950775146 719 69 788 164
face 0.002663224935531616 719 69 788 164
face 0.002656489610671997 719 69 788 164
face 0.0026131868362426758 719 69 788 164
face 0.0025917887687683105 719 69 788 164
face 0.0025871694087982178 719 69 788 164
face 0.0025756359100341797 719 69 788 164
face 0.0025247931480407715 719 69 788 164
face 0.002492368221282959 719 69 788 164
face 0.0024919211864471436 719 69 788 164
face 0.0024805665016174316 719 69 788 164
face 0.0024715065956115723 719 69 788 164
face 0.0024704337120056152 719 69 788 164
face 0.002446472644805908 719 69 788 164
face 0.0024394690990448 719 69 788 164
face 0.0024329423904418945 719 69 788 164
face 0.0024240314960479736 719 69 788 164
face 0.0024187862873077393 719 69 788 164
face 0.0024149715900421143 719 69 788 164
face 0.0024019181728363037 719 69 788 164
face 0.0023935139179229736 719 69 788 164
