face 0.9741086363792419 171 252 211 294
face 0.6537879705429077 486 204 526 246
face 0.2034321129322052 486 204 526 246
face 0.0657230019569397 486 204 526 246
face 0.05428111553192139 486 204 526 246
face 0.04823392629623413 486 204 526 246
face 0.044059574604034424 486 204 526 246
face 0.04206255078315735 486 204 526 246
face 0.040406376123428345 486 204 526 246
face 0.0388970673084259 486 204 526 246
face 0.03882327675819397 486 204 526 246
face 0.03854289650917053 486 204 526 246
face 0.038370996713638306 486 204 526 246
face 0.03625166416168213 486 204 526 246
face 0.034814536571502686 486 204 526 246
face 0.03399097919464111 486 204 526 246
face 0.03370797634124756 486 204 526 246
face 0.03322950005531311 486 204 526 246
face 0.03291797637939453 486 204 526 246
face 0.03201413154602051 486 204 526 246
face 0.03006228804588318 486 204 526 246
face 0.029971927404403687 486 204 526 246
face 0.029836386442184448 486 204 526 246
face 0.028839796781539917 486 204 526 246
face 0.028154075145721436 486 204 526 246
face 0.02761256694793701 486 204 526 246
face 0.02722078561782837 486 204 526 246
face 0.027016252279281616 486 204 526 246
face 0.02658182382583618 486 204 526 246
face 0.026053398847579956 486 204 526 246
face 0.025223374366760254 486 204 526 246
face 0.02438938617706299 486 204 526 246
face 0.02387741208076477 486 204 526 246
face 0.023668646812438965 486 204 526 246
face 0.02315467596054077 486 204 526 246
face 0.02314203977584839 486 204 526 246
face 0.023106485605239868 486 204 526 246
face 0.022755086421966553 486 204 526 246
face 0.022536158561706543 486 204 526 246
face 0.021934151649475098 486 204 526 246
face 0.021892070770263672 486 204 526 246
face 0.02186495065689087 486 204 526 246
face 0.021624892950057983 486 204 526 246
face 0.021115601062774658 486 204 526 246
face 0.020938634872436523 486 204 526 246
face 0.02066338062286377 486 204 526 246
face 0.020539581775665283 486 204 526 246
face 0.020502984523773193 486 204 526 246
face 0.020482540130615234 486 204 526 246
face 0.02011728286743164 486 204 526 246
face 0.02005574107170105 486 204 526 246
face 0.019388973712921143 486 204 526 246
face 0.01934710144996643 486 204 526 246
face 0.019197523593902588 486 204 526 246
face 0.019004911184310913 486 204 526 246
face 0.01875200867652893 486 204 526 246
face 0.018579423427581787 486 204 526 246
face 0.01854124665260315 486 204 526 246
face 0.01815474033355713 486 204 526 246
face 0.018113315105438232 486 204 526 246
face 0.017985671758651733 486 204 526 246
face 0.017726749181747437 486 204 526 246
face 0.017495840787887573 486 204 526 246
face 0.017352193593978882 486 204 526 246
face 0.01729068160057068 486 204 526 246
face 0.017129838466644287 486 204 526 246
face 0.01689782738685608 486 204 526 246
face 0.01672932505607605 486 204 526 246
face 0.016669899225234985 486 204 526 246
face 0.01666027307510376 486 204 526 246
face 0.01644718647003174 486 204 526 246
face 0.0164182186126709 486 204 526 246
face 0.016399532556533813 486 204 526 246
face 0.01633259654045105 486 204 526 246
face 0.016330182552337646 486 204 526 246
face 0.01628929376602173 486 204 526 246
face 0.016255199909210205 486 204 526 246
face 0.016251951456069946 486 204 526 246
face 0.016006529331207275 486 204 526 246
face 0.015953809022903442 486 204 526 246
face 0.015847444534301758 486 204 526 246
face 0.015812724828720093 486 204 526 246
face 0.015803396701812744 486 204 526 246
face 0.015801042318344116 486 204 526 246
face 0.015778958797454834 486 204 526 246
face 0.01577773690223694 486 204 526 246
face 0.015759825706481934 486 204 526 246
face 0.015706270933151245 486 204 526 246
face 0.015656709671020508 486 204 526 246
face 0.015575826168060303 486 204 526 246
face 0.015220165252685547 486 204 526 246
face 0.015151619911193848 486 204 526 246
face 0.015093833208084106 486 204 526 246
face 0.01502498984336853 486 204 526 246
face 0.014926999807357788 486 204 526 246
face 0.01486864686012268 486 204 526 246
face 0.014827728271484375 486 204 526 246
face 0.014811992645263672 486 204 526 246
face 0.014801740646362305 486 204 526 246
face 0.014699876308441162 486 204 526 246
