face 0.7378154993057251 296 157 560 500
face 0.03155556321144104 296 157 560 500
face 0.021875381469726562 296 157 560 500
face 0.021657675504684448 296 157 560 500
face 0.014910727739334106 296 157 560 500
face 0.01186099648475647 296 157 560 500
face 0.01130521297454834 296 157 560 500
face 0.010349005460739136 296 157 560 500
face 0.010064393281936646 296 157 560 500
face 0.0077644288539886475 296 157 560 500
face 0.007021844387054443 296 157 560 500
face 0.0068603456020355225 296 157 560 500
face 0.0065000951290130615 296 157 560 500
face 0.006455123424530029 296 157 560 500
face 0.006358116865158081 296 157 560 500
face 0.006328403949737549 296 157 560 500
face 0.0062638819217681885 296 157 560 500
face 0.006245315074920654 296 157 560 500
face 0.0061678290367126465 296 157 560 500
face 0.006049782037734985 296 157 560 500
face 0.0059296488761901855 296 157 560 500
face 0.005914241075515747 296 157 560 500
face 0.005906045436859131 296 157 560 500
face 0.005798310041427612 296 157 560 500
face 0.005765467882156372 296 157 560 500
face 0.005685716867446899 296 157 560 500
face 0.005448341369628906 296 157 560 500
face 0.005390912294387817 296 157 560 500
face 0.005376964807510376 296 157 560 500
face 0.005311757326126099 296 157 560 500
face 0.005162715911865234 296 157 560 500
face 0.0051163434982299805 296 157 560 500
face 0.005108267068862915 296 157 560 500
face 0.005069553852081299 296 157 560 500
face 0.005025207996368408 296 157 560 500
face 0.004987776279449463 296 157 560 500
face 0.004983752965927124 296 157 560 500
face 0.004964858293533325 296 157 560 500
face 0.004932790994644165 296 157 560 500
face 0.004867851734161377 296 157 560 500
face 0.004809200763702393 296 157 560 500
face 0.004726886749267578 296 157 560 500
face 0.004708647727966309 296 157 560 500
face 0.004686921834945679 296 157 560 500
face 0.004686683416366577 296 157 560 500
face 0.004555612802505493 296 157 560 500
face 0.004540055990219116 296 157 560 500
face 0.00453716516494751 296 157 560 500
face 0.004532665014266968 296 157 560 500
face 0.004421979188919067 296 157 560 500
face 0.004327148199081421 296 157 560 500
face 0.0043197572231292725 296 157 560 500
face 0.004299283027648926 296 157 560 500
face 0.004274249076843262 296 157 560 500
face 0.004250973463058472 296 157 560 500
face 0.004179894924163818 296 157 560 500
face 0.004129558801651001 296 157 560 500
face 0.004115104675292969 296 157 560 500
face 0.004107266664505005 296 157 560 500
face 0.0040125250816345215 296 157 560 500
face 0.003795117139816284 296 157 560 500
face 0.0037834346294403076 296 157 560 500
face 0.003706127405166626 296 157 560 500
face 0.003681868314743042 296 157 560 500
face 0.0036647021770477295 296 157 560 500
face 0.0035850107669830322 296 157 560 500
face 0.0035361647605895996 296 157 560 500
face 0.003469496965408325 296 157 560 500
face 0.003434896469116211 296 157 560 500
face 0.0033671557903289795 296 157 560 500
face 0.0033540427684783936 296 157 560 500
face 0.003288745880126953 296 157 560 500
face 0.0032459497451782227 296 157 560 500
face 0.0032394826412200928 296 157 560 500
face 0.0032074451446533203 296 157 560 500
face 0.0031767189502716064 296 157 560 500
face 0.003166407346725464 296 157 560 500
face 0.003147810697555542 296 157 560 500
face 0.0031414031982421875 296 157 560 500
face 0.003124028444290161 296 157 560 500
face 0.003085613250732422 296 157 560 500
face 0.003079444169998169 296 157 560 500
face 0.0030488669872283936 296 157 560 500
face 0.0030301809310913086 296 157 560 500
face 0.0030059516429901123 296 157 560 500
face 0.0030042529106140137 296 157 560 500
face 0.0029214024543762207 296 157 560 500
face 0.0029173195362091064 296 157 560 500
face 0.0029042959213256836 296 157 560 500
face 0.002859741449356079 296 157 560 500
face 0.002828449010848999 296 157 560 500
face 0.002818286418914795 296 157 560 500
face 0.0027879178524017334 296 157 560 500
face 0.0027720630168914795 296 157 560 500
face 0.0027653872966766357 296 157 560 500
face 0.0027583539485931396 296 157 560 500
face 0.0027507245540618896 296 157 560 500
face 0.002749502658843994 296 157 560 500
face 0.002706855535507202 296 157 560 500
face 0.002700626850128174 296 157 560 500
