face 0.9771296977996826 575 355 663 492
face 0.8274556398391724 284 310 373 440
face 0.014569103717803955 284 310 373 440
face 0.010901987552642822 284 310 373 440
face 0.010696500539779663 284 310 373 440
face 0.00916638970375061 284 310 373 440
face 0.008312076330184937 284 310 373 440
face 0.006882578134536743 284 310 373 440
face 0.00677075982093811 284 310 373 440
face 0.006668567657470703 284 310 373 440
face 0.006654590368270874 284 310 373 440
face 0.006355166435241699 284 310 373 440
face 0.0061227381229400635 284 310 373 440
face 0.006094574928283691 284 310 373 440
face 0.006008327007293701 284 310 373 440
face 0.00598713755607605 284 310 373 440
face 0.005700618028640747 284 310 373 440
face 0.005444556474685669 284 310 373 440
face 0.005401015281677246 284 310 373 440
face 0.005331456661224365 284 310 373 440
face 0.005153775215148926 284 310 373 440
face 0.005153387784957886 284 310 373 440
face 0.005130738019943237 284 310 373 440
face 0.005114555358886719 284 310 373 440
face 0.005081266164779663 284 310 373 440
face 0.005068004131317139 284 310 373 440
face 0.005010515451431274 284 310 373 440
face 0.004983991384506226 284 310 373 440
face 0.004875153303146362 284 310 373 440
face 0.004853546619415283 284 310 373 440
face 0.0048375725746154785 284 310 373 440
face 0.004810601472854614 284 310 373 440
face 0.004697442054748535 284 310 373 440
face 0.00469401478767395 284 310 373 440
face 0.0046042799949646 284 310 373 440
face 0.004603862762451172 284 310 373 440
face 0.0045250654220581055 284 310 373 440
face 0.0044603049755096436 284 310 373 440
face 0.00434112548828125 284 310 373 440
face 0.004268467426300049 284 310 373 440
face 0.004130005836486816 284 310 373 440
face 0.004088878631591797 284 310 373 440
face 0.004083961248397827 284 310 373 440
face 0.0040624141693115234 284 310 373 440
face 0.004025936126708984 284 310 373 440
face 0.003997713327407837 284 310 373 440
face 0.003918737173080444 284 310 373 440
face 0.003911614418029785 284 310 373 440
face 0.0038712918758392334 284 310 373 440
face 0.0038546621799468994 284 310 373 440
face 0.0038491785526275635 284 310 373 440
face 0.003678232431411743 284 310 373 440
face 0.003624171018600464 284 310 373 440
face 0.003617405891418457 284 310 373 440
face 0.0035677552223205566 284 310 373 440
face 0.0035606324672698975 284 310 373 440
face 0.0035469233989715576 284 310 373 440
face 0.0035373270511627197 284 310 373 440
face 0.003428220748901367 284 310 373 440
face 0.0033254623413085938 284 310 373 440
face 0.0033014416694641113 284 310 373 440
face 0.003206878900527954 284 310 373 440
face 0.0031997859477996826 284 310 373 440
face 0.003199458122253418 284 310 373 440
face 0.003173530101776123 284 310 373 440
face 0.003171592950820923 284 310 373 440
face 0.003155916929244995 284 310 373 440
face 0.003146946430206299 284 310 373 440
face 0.0031364858150482178 284 310 373 440
face 0.0031291544437408447 284 310 373 440
face 0.0031148195266723633 284 310 373 440
face 0.0031061768531799316 284 310 373 440
face 0.0030792653560638428 284 310 373 440
face 0.0030654966831207275 284 310 373 440
face 0.0030586421489715576 284 310 373 440
face 0.003044724464416504 284 310 373 440
face 0.0030414462089538574 284 310 373 440
face 0.003037750720977783 284 310 373 440
face 0.0030044913291931152 284 310 373 440
face 0.002969413995742798 284 310 373 440
face 0.002960115671157837 284 310 373 440
face 0.0029198825359344482 284 310 373 440
face 0.0029108524322509766 284 310 373 440
face 0.0028696656227111816 284 310 373 440
face 0.002819061279296875 284 310 373 440
face 0.0028190016746520996 284 310 373 440
face 0.0027790963649749756 284 310 373 440
face 0.0027774274349212646 284 310 373 440
face 0.002756178379058838 284 310 373 440
face 0.0027322471141815186 284 310 373 440
face 0.0027159154415130615 284 310 373 440
face 0.0026959478855133057 284 310 373 440
face 0.0026379823684692383 284 310 373 440
face 0.0026334524154663086 284 310 373 440
face 0.0026085078716278076 284 310 373 440
face 0.002578258514404297 284 310 373 440
face 0.0025764405727386475 284 310 373 440
face 0.002567768096923828 284 310 373 440
face 0.002548128366470337 284 310 373 440
face 0.002491593360900879 284 310 373 440
