face 0.9969102740287781 810 52 858 114
face 0.927272617816925 660 166 689 199
face 0.9119599461555481 366 139 404 188
face 0.847718358039856 516 137 544 179
face 0.6654959917068481 132 40 195 107
face 0.23804333806037903 132 40 195 107
face 0.10162308812141418 132 40 195 107
face 0.09627354145050049 132 40 195 107
face 0.05152028799057007 132 40 195 107
face 0.03125506639480591 132 40 195 107
face 0.028478562831878662 132 40 195 107
face 0.025013834238052368 132 40 195 107
face 0.024994581937789917 132 40 195 107
face 0.023211568593978882 132 40 195 107
face 0.022433340549468994 132 40 195 107
face 0.021181046962738037 132 40 195 107
face 0.02111068367958069 132 40 195 107
face 0.020361125469207764 132 40 195 107
face 0.020190536975860596 132 40 195 107
face 0.01975226402282715 132 40 195 107
face 0.019298255443572998 132 40 195 107
face 0.01743781566619873 132 40 195 107
face 0.01621091365814209 132 40 195 107
face 0.01526939868927002 132 40 195 107
face 0.015062987804412842 132 40 195 107
face 0.014388799667358398 132 40 195 107
face 0.014359921216964722 132 40 195 107
face 0.014095067977905273 132 40 195 107
face 0.013936281204223633 132 40 195 107
face 0.01364278793334961 132 40 195 107
face 0.013312071561813354 132 40 195 107
face 0.013220429420471191 132 40 195 107
face 0.01293531060218811 132 40 195 107
face 0.012906074523925781 132 40 195 107
face 0.01211017370223999 132 40 195 107
face 0.012084037065505981 132 40 195 107
face 0.010588079690933228 132 40 195 107
face 0.010227322578430176 132 40 195 107
face 0.010034799575805664 132 40 195 107
face 0.009630590677261353 132 40 195 107
face 0.00922250747680664 132 40 195 107
face 0.009166061878204346 132 40 195 107
face 0.008831262588500977 132 40 195 107
face 0.008693873882293701 132 40 195 107
face 0.008652180433273315 132 40 195 107
face 0.008631139993667603 132 40 195 107
face 0.008300721645355225 132 40 195 107
face 0.007629483938217163 132 40 195 107
face 0.007285565137863159 132 40 195 107
face 0.0071502625942230225 132 40 195 107
face 0.007035404443740845 132 40 195 107
face 0.006831645965576172 132 40 195 107
face 0.006676524877548218 132 40 195 107
face 0.006575196981430054 132 40 195 107
face 0.006464600563049316 132 40 195 107
face 0.006434142589569092 132 40 195 107
face 0.006306320428848267 132 40 195 107
face 0.006125599145889282 132 40 195 107
face 0.006020903587341309 132 40 195 107
face 0.005988895893096924 132 40 195 107
face 0.00589326024055481 132 40 195 107
face 0.005856424570083618 132 40 195 107
face 0.005669116973876953 132 40 195 107
face 0.0056171715259552 132 40 195 107
face 0.005389481782913208 132 40 195 107
face 0.005353987216949463 132 40 195 107
face 0.005250334739685059 132 40 195 107
face 0.005202174186706543 132 40 195 107
face 0.005126744508743286 132 40 195 107
face 0.005120962858200073 132 40 195 107
face 0.005028784275054932 132 40 195 107
face 0.004975408315658569 132 40 195 107
face 0.004941225051879883 132 40 195 107
face 0.004867464303970337 132 40 195 107
face 0.0048570334911346436 132 40 195 107
face 0.004845112562179565 132 40 195 107
face 0.004830062389373779 132 40 195 107
face 0.0048129260540008545 132 40 195 107
face 0.00476682186126709 132 40 195 107
face 0.004596501588821411 132 40 195 107
face 0.004562705755233765 132 40 195 107
face 0.0045271217823028564 132 40 195 107
face 0.004498004913330078 132 40 195 107
face 0.0044245123863220215 132 40 195 107
face 0.004331320524215698 132 40 195 107
face 0.004274994134902954 132 40 195 107
face 0.004221886396408081 132 40 195 107
face 0.004218041896820068 132 40 195 107
face 0.004148632287979126 132 40 195 107
face 0.004094451665878296 132 40 195 107
face 0.004088312387466431 132 40 195 107
face 0.0040585994720458984 132 40 195 107
face 0.00403478741645813 132 40 195 107
face 0.004026174545288086 132 40 195 107
face 0.0039980411529541016 132 40 195 107
face 0.003921985626220703 132 40 195 107
face 0.003891080617904663 132 40 195 107
face 0.003886401653289795 132 40 195 107
face 0.0038306117057800293 132 40 195 107
face 0.003701627254486084 132 40 195 107
