face 0.9729820489883423 254 60 282 98
face 0.6777759790420532 905 58 932 88
face 0.5753821134567261 561 77 615 145
face 0.5361456274986267 716 38 748 67
face 0.5156115293502808 114 86 147 132
face 0.27867391705513 114 86 147 132
face 0.17823612689971924 114 86 147 132
face 0.1617031991481781 114 86 147 132
face 0.10547226667404175 114 86 147 132
face 0.09474259614944458 114 86 147 132
face 0.07241004705429077 114 86 147 132
face 0.07101306319236755 114 86 147 132
face 0.06823781132698059 114 86 147 132
face 0.06126299500465393 114 86 147 132
face 0.05867764353752136 114 86 147 132
face 0.05681127309799194 114 86 147 132
face 0.054188549518585205 114 86 147 132
face 0.05249661207199097 114 86 147 132
face 0.045276790857315063 114 86 147 132
face 0.04390472173690796 114 86 147 132
face 0.04275232553482056 114 86 147 132
face 0.039138197898864746 114 86 147 132
face 0.03860548138618469 114 86 147 132
face 0.038496822118759155 114 86 147 132
face 0.03680354356765747 114 86 147 132
face 0.034115880727767944 114 86 147 132
face 0.033099085092544556 114 86 147 132
face 0.0314655601978302 114 86 147 132
face 0.030236482620239258 114 86 147 132
face 0.029868125915527344 114 86 147 132
face 0.029366493225097656 114 86 147 132
face 0.027503639459609985 114 86 147 132
face 0.027422070503234863 114 86 147 132
face 0.02657034993171692 114 86 147 132
face 0.02599012851715088 114 86 147 132
face 0.024868637323379517 114 86 147 132
face 0.02466106414794922 114 86 147 132
face 0.02376207709312439 114 86 147 132
face 0.023168087005615234 114 86 147 132
face 0.023128598928451538 114 86 147 132
face 0.02281859517097473 114 86 147 132
face 0.021743178367614746 114 86 147 132
face 0.02173939347267151 114 86 147 132
face 0.02089276909828186 114 86 147 132
face 0.020616084337234497 114 86 147 132
face 0.020526736974716187 114 86 147 132
face 0.019299596548080444 114 86 147 132
face 0.019115447998046875 114 86 147 132
face 0.018936842679977417 114 86 147 132
face 0.018682867288589478 114 86 147 132
face 0.01828595995903015 114 86 147 132
face 0.017706722021102905 114 86 147 132
face 0.017401427030563354 114 86 147 132
face 0.017398029565811157 114 86 147 132
face 0.016942501068115234 114 86 147 132
face 0.016698718070983887 114 86 147 132
face 0.016475379467010498 114 86 147 132
face 0.016218841075897217 114 86 147 132
face 0.016180485486984253 114 86 147 132
face 0.01602587103843689 114 86 147 132
face 0.015515714883804321 114 86 147 132
face 0.0154801607131958 114 86 147 132
face 0.01544797420501709 114 86 147 132
face 0.015429407358169556 114 86 147 132
face 0.015149950981140137 114 86 147 132
face 0.014855802059173584 114 86 147 132
face 0.014730095863342285 114 86 147 132
face 0.014556825160980225 114 86 147 132
face 0.014345824718475342 114 86 147 132
face 0.014169633388519287 114 86 147 132
face 0.01371544599533081 114 86 147 132
face 0.013395100831985474 114 86 147 132
face 0.012858539819717407 114 86 147 132
face 0.012572228908538818 114 86 147 132
face 0.01255062222480774 114 86 147 132
face 0.01236310601234436 114 86 147 132
face 0.012096047401428223 114 86 147 132
face 0.012039393186569214 114 86 147 132
face 0.011851221323013306 114 86 147 132
face 0.011775285005569458 114 86 147 132
face 0.011238902807235718 114 86 147 132
face 0.011187195777893066 114 86 147 132
face 0.011120378971099854 114 86 147 132
face 0.010992616415023804 114 86 147 132
face 0.010823249816894531 114 86 147 132
face 0.010634303092956543 114 86 147 132
face 0.010330766439437866 114 86 147 132
face 0.01020723581314087 114 86 147 132
face 0.010056525468826294 114 86 147 132
face 0.009965837001800537 114 86 147 132
face 0.00991356372833252 114 86 147 132
face 0.009875506162643433 114 86 147 132
face 0.009830981492996216 114 86 147 132
face 0.009787261486053467 114 86 147 132
face 0.009647399187088013 114 86 147 132
face 0.009641706943511963 114 86 147 132
face 0.009634077548980713 114 86 147 132
face 0.009562373161315918 114 86 147 132
face 0.009554654359817505 114 86 147 132
face 0.009262681007385254 114 86 147 132
