face 0.9673584699630737 241 91 377 275
face 0.8247897028923035 524 158 631 268
face 0.43774500489234924 524 158 631 268
face 0.34861794114112854 524 158 631 268
face 0.29880398511886597 524 158 631 268
face 0.23725950717926025 524 158 631 268
face 0.19644182920455933 524 158 631 268
face 0.11221635341644287 524 158 631 268
face 0.11113229393959045 524 158 631 268
face 0.10136622190475464 524 158 631 268
face 0.0989040732383728 524 158 631 268
face 0.09501123428344727 524 158 631 268
face 0.05273905396461487 524 158 631 268
face 0.050852835178375244 524 158 631 268
face 0.04912486672401428 524 158 631 268
face 0.04768788814544678 524 158 631 268
face 0.04748189449310303 524 158 631 268
face 0.04392370581626892 524 158 631 268
face 0.043050020933151245 524 158 631 268
face 0.04209110140800476 524 158 631 268
face 0.040176719427108765 524 158 631 268
face 0.03907078504562378 524 158 631 268
face 0.03743979334831238 524 158 631 268
face 0.03644636273384094 524 158 631 268
face 0.035406261682510376 524 158 631 268
face 0.031637370586395264 524 158 631 268
face 0.03158670663833618 524 158 631 268
face 0.029439687728881836 524 158 631 268
face 0.029187411069869995 524 158 631 268
face 0.02879577875137329 524 158 631 268
face 0.028717130422592163 524 158 631 268
face 0.027836859226226807 524 158 631 268
face 0.027668654918670654 524 158 631 268
face 0.027583807706832886 524 158 631 268
face 0.027344167232513428 524 158 631 268
face 0.026937097311019897 524 158 631 268
face 0.02681910991668701 524 158 631 268
face 0.02664002776145935 524 158 631 268
face 0.026293843984603882 524 158 631 268
face 0.02620387077331543 524 158 631 268
face 0.025465190410614014 524 158 631 268
face 0.025132358074188232 524 158 631 268
face 0.024979770183563232 524 158 631 268
face 0.024746209383010864 524 158 631 268
face 0.024743765592575073 524 158 631 268
face 0.024677932262420654 524 158 631 268
face 0.0241701602935791 524 158 631 268
face 0.02370390295982361 524 158 631 268
face 0.02343931794166565 524 158 631 268
face 0.023392468690872192 524 158 631 268
face 0.023389458656311035 524 158 631 268
face 0.023370981216430664 524 158 631 268
face 0.023289859294891357 524 158 631 268
face 0.022847235202789307 524 158 631 268
face 0.02278953790664673 524 158 631 268
face 0.022121042013168335 524 158 631 268
face 0.021975070238113403 524 158 631 268
face 0.021919608116149902 524 158 631 268
face 0.021777451038360596 524 158 631 268
face 0.021378695964813232 524 158 631 268
face 0.02089393138885498 524 158 631 268
face 0.020798206329345703 524 158 631 268
face 0.020654797554016113 524 158 631 268
face 0.020392298698425293 524 158 631 268
face 0.02021273970603943 524 158 631 268
face 0.01992213726043701 524 158 631 268
face 0.01942276954650879 524 158 631 268
face 0.019265860319137573 524 158 631 268
face 0.01910880208015442 524 158 631 268
face 0.019081681966781616 524 158 631 268
face 0.019055187702178955 524 158 631 268
face 0.018682122230529785 524 158 631 268
face 0.018485575914382935 524 158 631 268
face 0.01819586753845215 524 158 631 268
face 0.018038570880889893 524 158 631 268
face 0.017835229635238647 524 158 631 268
face 0.017701804637908936 524 158 631 268
face 0.01759660243988037 524 158 631 268
face 0.017452329397201538 524 158 631 268
face 0.0173911452293396 524 158 631 268
face 0.01732763648033142 524 158 631 268
face 0.01701056957244873 524 158 631 268
face 0.01678943634033203 524 158 631 268
face 0.01653805375099182 524 158 631 268
face 0.016517966985702515 524 158 631 268
face 0.016508132219314575 524 158 631 268
face 0.016332268714904785 524 158 631 268
face 0.01618945598602295 524 158 631 268
face 0.015971332788467407 524 158 631 268
face 0.01592034101486206 524 158 631 268
face 0.015686511993408203 524 158 631 268
face 0.015254348516464233 524 158 631 268
face 0.01519349217414856 524 158 631 268
face 0.015131205320358276 524 158 631 268
face 0.014955610036849976 524 158 631 268
face 0.014894992113113403 524 158 631 268
face 0.014860451221466064 524 158 631 268
face 0.014856785535812378 524 158 631 268
face 0.014787405729293823 524 158 631 268
face 0.014747768640518188 524 158 631 268
