face 0.773521900177002 182 195 257 289
face 0.016163557767868042 182 195 257 289
face 0.015233129262924194 182 195 257 289
face 0.013215690851211548 182 195 257 289
face 0.012008845806121826 182 195 257 289
face 0.008923351764678955 182 195 257 289
face 0.00822758674621582 182 195 257 289
face 0.008146524429321289 182 195 257 289
face 0.007458031177520752 182 195 257 289
face 0.007216513156890869 182 195 257 289
face 0.00696524977684021 182 195 257 289
face 0.006912738084793091 182 195 257 289
face 0.0061262547969818115 182 195 257 289
face 0.006076008081436157 182 195 257 289
face 0.005953848361968994 182 195 257 289
face 0.00595131516456604 182 195 257 289
face 0.005586534738540649 182 195 257 289
face 0.005301177501678467 182 195 257 289
face 0.005290120840072632 182 195 257 289
face 0.0050141215324401855 182 195 257 289
face 0.004933655261993408 182 195 257 289
face 0.004902869462966919 182 195 257 289
face 0.004770517349243164 182 195 257 289
face 0.004654824733734131 182 195 257 289
face 0.004648447036743164 182 195 257 289
face 0.0046479105949401855 182 195 257 289
face 0.004556208848953247 182 195 257 289
face 0.004541128873825073 182 195 257 289
face 0.004505157470703125 182 195 257 289
face 0.004409193992614746 182 195 257 289
face 0.004377484321594238 182 195 257 289
face 0.004283338785171509 182 195 257 289
face 0.0042469799518585205 182 195 257 289
face 0.004184365272521973 182 195 257 289
face 0.004084408283233643 182 195 257 289
face 0.0040718913078308105 182 195 257 289
face 0.00406724214553833 182 195 257 289
face 0.00391051173210144 182 195 257 289
face 0.0039038658142089844 182 195 257 289
face 0.003892272710800171 182 195 257 289
face 0.003802776336669922 182 195 257 289
face 0.0037989020347595215 182 195 257 289
face 0.003778517246246338 182 195 257 289
face 0.0037745535373687744 182 195 257 289
face 0.003752768039703369 182 195 257 289
face 0.0037236809730529785 182 195 257 289
face 0.0037204623222351074 182 195 257 289
face 0.0036542415618896484 182 195 257 289
face 0.003568023443222046 182 195 257 289
face 0.0035111606121063232 182 195 257 289
face 0.003508955240249634 182 195 257 289
face 0.0034852921962738037 182 195 257 289
face 0.0034709572792053223 182 195 257 289
face 0.003459542989730835 182 195 257 289
face 0.0034572184085845947 182 195 257 289
face 0.003434509038925171 182 195 257 289
face 0.0034269988536834717 182 195 257 289
face 0.003356039524078369 182 195 257 289
face 0.003350883722305298 182 195 257 289
face 0.0033272504806518555 182 195 257 289
face 0.003299623727798462 182 195 257 289
face 0.003297865390777588 182 195 257 289
face 0.0032840967178344727 182 195 257 289
face 0.0032715797424316406 182 195 257 289
face 0.0032685399055480957 182 195 257 289
face 0.0032438039779663086 182 195 257 289
face 0.0032435059547424316 182 195 257 289
face 0.003187328577041626 182 195 257 289
face 0.0031870603561401367 182 195 257 289
face 0.003187030553817749 182 195 257 289
face 0.003180205821990967 182 195 257 289
face 0.0031421780586242676 182 195 257 289
face 0.003140687942504883 182 195 257 289
face 0.0031211376190185547 182 195 257 289
face 0.0031018853187561035 182 195 257 289
face 0.00308835506439209 182 195 257 289
face 0.003074079751968384 182 195 257 289
face 0.0030707120895385742 182 195 257 289
face 0.00305214524269104 182 195 257 289
face 0.0030456483364105225 182 195 257 289
face 0.0030404627323150635 182 195 257 289
face 0.0030346810817718506 182 195 257 289
face 0.0030297935009002686 182 195 257 289
face 0.0030175447463989258 182 195 257 289
face 0.0030083954334259033 182 195 257 289
face 0.002995789051055908 182 195 257 289
face 0.002983778715133667 182 195 257 289
face 0.002983182668685913 182 195 257 289
face 0.002979665994644165 182 195 257 289
face 0.0029576122760772705 182 195 257 289
face 0.002950340509414673 182 195 257 289
face 0.002941220998764038 182 195 257 289
face 0.0029405951499938965 182 195 257 289
face 0.002922624349594116 182 195 257 289
face 0.0029030144214630127 182 195 257 289
face 0.0028917789459228516 182 195 257 289
face 0.002875596284866333 182 195 257 289
face 0.0028664767742156982 182 195 257 289
face 0.002836853265762329 182 195 257 289
face 0.0027795732021331787 182 195 257 289
