face 0.9993147850036621 350 237 716 631
face 0.005765378475189209 350 237 716 631
face 0.00548282265663147 350 237 716 631
face 0.005227386951446533 350 237 716 631
face 0.0045951902866363525 350 237 716 631
face 0.004562050104141235 350 237 716 631
face 0.004436284303665161 350 237 716 631
face 0.004254430532455444 350 237 716 631
face 0.004018813371658325 350 237 716 631
face 0.0039007067680358887 350 237 716 631
face 0.0037912726402282715 350 237 716 631
face 0.0036496520042419434 350 237 716 631
face 0.003647714853286743 350 237 716 631
face 0.0035715997219085693 350 237 716 631
face 0.003501325845718384 350 237 716 631
face 0.0034508109092712402 350 237 716 631
face 0.003414154052734375 350 237 716 631
face 0.0033861398696899414 350 237 716 631
face 0.0031203031539916992 350 237 716 631
face 0.0027806758880615234 350 237 716 631
face 0.002757519483566284 350 237 716 631
face 0.0027393102645874023 350 237 716 631
face 0.002735137939453125 350 237 716 631
face 0.002693474292755127 350 237 716 631
face 0.002659529447555542 350 237 716 631
face 0.0025661587715148926 350 237 716 631
face 0.002436816692352295 350 237 716 631
face 0.0023678243160247803 350 237 716 631
face 0.002365618944168091 350 237 716 631
face 0.002360999584197998 350 237 716 631
face 0.0023505687713623047 350 237 716 631
face 0.002346217632293701 350 237 716 631
face 0.002333611249923706 350 237 716 631
face 0.002297639846801758 350 237 716 631
face 0.0022218525409698486 350 237 716 631
face 0.002193838357925415 350 237 716 631
face 0.0021632015705108643 350 237 716 631
face 0.0021295547485351562 350 237 716 631
face 0.002122342586517334 350 237 716 631
face 0.0021094977855682373 350 237 716 631
face 0.0021091699600219727 350 237 716 631
face 0.002080768346786499 350 237 716 631
face 0.0020791292190551758 350 237 716 631
face 0.002070128917694092 350 237 716 631
face 0.0020577311515808105 350 237 716 631
face 0.002024054527282715 350 237 716 631
face 0.002020895481109619 350 237 716 631
face 0.0019937455654144287 350 237 716 631
face 0.0019927024841308594 350 237 716 631
face 0.00197795033454895 350 237 716 631
face 0.0019691884517669678 350 237 716 631
face 0.0019650161266326904 350 237 716 631
face 0.0019137263298034668 350 237 716 631
face 0.001881718635559082 350 237 716 631
face 0.0018647313117980957 350 237 716 631
face 0.0018540918827056885 350 237 716 631
face 0.0018434524536132812 350 237 716 631
face 0.001841813325881958 350 237 716 631
face 0.0018205046653747559 350 237 716 631
face 0.0018009841442108154 350 237 716 631
face 0.001777738332748413 350 237 716 631
face 0.0017720162868499756 350 237 716 631
face 0.0017704665660858154 350 237 716 631
face 0.0017621815204620361 350 237 716 631
face 0.0017594695091247559 350 237 716 631
face 0.0017486810684204102 350 237 716 631
face 0.001737833023071289 350 237 716 631
face 0.0017298460006713867 350 237 716 631
face 0.0017083585262298584 350 237 716 631
face 0.001699894666671753 350 237 716 631
face 0.0016887187957763672 350 237 716 631
face 0.0016886591911315918 350 237 716 631
face 0.0016835331916809082 350 237 716 631
face 0.0016807615756988525 350 237 716 631
face 0.0016793310642242432 350 237 716 631
face 0.0016790032386779785 350 237 716 631
face 0.0016678571701049805 350 237 716 631
face 0.0016252994537353516 350 237 716 631
face 0.0016147494316101074 350 237 716 631
face 0.0016144812107086182 350 237 716 631
face 0.0016055703163146973 350 237 716 631
face 0.0016043782234191895 350 237 716 631
face 0.001593470573425293 350 237 716 631
face 0.0015916228294372559 350 237 716 631
face 0.0015904009342193604 350 237 716 631
face 0.001577824354171753 350 237 716 631
face 0.0015746653079986572 350 237 716 631
face 0.0015499889850616455 350 237 716 631
face 0.0015265345573425293 350 237 716 631
face 0.0015175342559814453 350 237 716 631
face 0.0015159845352172852 350 237 716 631
face 0.00149613618850708 350 237 716 631
face 0.0014899671077728271 350 237 716 631
face 0.00148773193359375 350 237 716 631
face 0.0014819800853729248 350 237 716 631
face 0.0014816522598266602 350 237 716 631
face 0.001480787992477417 350 237 716 631
face 0.0014789402484893799 350 237 716 631
face 0.0014779269695281982 350 237 716 631
face 0.0014661848545074463 350 237 716 631
