face 0.9959064722061157 204 170 374 386
face 0.9944025874137878 643 145 786 317
face 0.006060659885406494 643 145 786 317
face 0.0058526694774627686 643 145 786 317
face 0.005701124668121338 643 145 786 317
face 0.00481337308883667 643 145 786 317
face 0.004537254571914673 643 145 786 317
face 0.0044727325439453125 643 145 786 317
face 0.0043288469314575195 643 145 786 317
face 0.0042997002601623535 643 145 786 317
face 0.004201352596282959 643 145 786 317
face 0.004121303558349609 643 145 786 317
face 0.003983825445175171 643 145 786 317
face 0.003918498754501343 643 145 786 317
face 0.003855288028717041 643 145 786 317
face 0.003644794225692749 643 145 786 317
face 0.0034438669681549072 643 145 786 317
face 0.003337860107421875 643 145 786 317
face 0.003218144178390503 643 145 786 317
face 0.003211110830307007 643 145 786 317
face 0.003194838762283325 643 145 786 317
face 0.00315895676612854 643 145 786 317
face 0.0031359195709228516 643 145 786 317
face 0.003015458583831787 643 145 786 317
face 0.002873450517654419 643 145 786 317
face 0.002827256917953491 643 145 786 317
face 0.002820253372192383 643 145 786 317
face 0.0027206242084503174 643 145 786 317
face 0.002640068531036377 643 145 786 317
face 0.0025750398635864258 643 145 786 317
face 0.002556920051574707 643 145 786 317
face 0.002503126859664917 643 145 786 317
face 0.0024891197681427 643 145 786 317
face 0.002473503351211548 643 145 786 317
face 0.0024692416191101074 643 145 786 317
face 0.0024494528770446777 643 145 786 317
face 0.0023787319660186768 643 145 786 317
face 0.0023643076419830322 643 145 786 317
face 0.002360910177230835 643 145 786 317
face 0.0023363828659057617 643 145 786 317
face 0.0023254752159118652 643 145 786 317
face 0.0022700130939483643 643 145 786 317
face 0.0022470057010650635 643 145 786 317
face 0.002193540334701538 643 145 786 317
face 0.0021815598011016846 643 145 786 317
face 0.002122431993484497 643 145 786 317
face 0.002064734697341919 643 145 786 317
face 0.002042531967163086 643 145 786 317
face 0.0019965171813964844 643 145 786 317
face 0.0019904673099517822 643 145 786 317
face 0.001985698938369751 643 145 786 317
face 0.0019840598106384277 643 145 786 317
face 0.0019692182540893555 643 145 786 317
face 0.0019680261611938477 643 145 786 317
face 0.001962810754776001 643 145 786 317
face 0.0019397735595703125 643 145 786 317
face 0.0019264817237854004 643 145 786 317
face 0.001923203468322754 643 145 786 317
face 0.0019171535968780518 643 145 786 317
face 0.0019131004810333252 643 145 786 317
face 0.001884162425994873 643 145 786 317
face 0.0018809735774993896 643 145 786 317
face 0.0018712282180786133 643 145 786 317
face 0.0018580257892608643 643 145 786 317
face 0.0018505454063415527 643 145 786 317
face 0.0018411576747894287 643 145 786 317
face 0.0018253922462463379 643 145 786 317
face 0.0018232762813568115 643 145 786 317
face 0.0018182992935180664 643 145 786 317
face 0.0018097758293151855 643 145 786 317
face 0.0017981231212615967 643 145 786 317
face 0.001753389835357666 643 145 786 317
face 0.0017505884170532227 643 145 786 317
face 0.0017479658126831055 643 145 786 317
face 0.0017404258251190186 643 145 786 317
face 0.001734316349029541 643 145 786 317
face 0.0017111003398895264 643 145 786 317
face 0.001704394817352295 643 145 786 317
face 0.001684725284576416 643 145 786 317
face 0.0016701817512512207 643 145 786 317
face 0.0016668736934661865 643 145 786 317
face 0.0016338825225830078 643 145 786 317
face 0.0016269385814666748 643 145 786 317
face 0.001620858907699585 643 145 786 317
face 0.0016150474548339844 643 145 786 317
face 0.0016135871410369873 643 145 786 317
face 0.0016031265258789062 643 145 786 317
face 0.0015973150730133057 643 145 786 317
face 0.0015971362590789795 643 145 786 317
face 0.001589447259902954 643 145 786 317
face 0.0015755891799926758 643 145 786 317
face 0.0015600323677062988 643 145 786 317
face 0.0015470683574676514 643 145 786 317
face 0.0015353262424468994 643 145 786 317
face 0.0015323162078857422 643 145 786 317
face 0.0015214085578918457 643 145 786 317
face 0.0015073120594024658 643 145 786 317
face 0.0014975965023040771 643 145 786 317
face 0.0014958679676055908 643 145 786 317
face 0.0014954805374145508 643 145 786 317
