face 0.8437801599502563 90 114 158 183
face 0.738523006439209 524 198 574 253
face 0.6145598888397217 699 49 788 159
face 0.5133171081542969 359 215 408 272
face 0.08950474858283997 359 215 408 272
face 0.035889387130737305 359 215 408 272
face 0.03422024846076965 359 215 408 272
face 0.030841082334518433 359 215 408 272
face 0.02875065803527832 359 215 408 272
face 0.028407692909240723 359 215 408 272
face 0.027079135179519653 359 215 408 272
face 0.02538996934890747 359 215 408 272
face 0.01957416534423828 359 215 408 272
face 0.01909780502319336 359 215 408 272
face 0.017557740211486816 359 215 408 272
face 0.015933752059936523 359 215 408 272
face 0.015836119651794434 359 215 408 272
face 0.0143260657787323 359 215 408 272
face 0.013615161180496216 359 215 408 272
face 0.012705773115158081 359 215 408 272
face 0.012012511491775513 359 215 408 272
face 0.010819315910339355 359 215 408 272
face 0.010608583688735962 359 215 408 272
face 0.010329782962799072 359 215 408 272
face 0.010054916143417358 359 215 408 272
face 0.010054260492324829 359 215 408 272
face 0.009979456663131714 359 215 408 272
face 0.009947806596755981 359 215 408 272
face 0.00974532961845398 359 215 408 272
face 0.009165465831756592 359 215 408 272
face 0.008873969316482544 359 215 408 272
face 0.008712172508239746 359 215 408 272
face 0.008517146110534668 359 215 408 272
face 0.008330315351486206 359 215 408 272
face 0.007750272750854492 359 215 408 272
face 0.007655918598175049 359 215 408 272
face 0.007347047328948975 359 215 408 272
face 0.0073281824588775635 359 215 408 272
face 0.007224977016448975 359 215 408 272
face 0.007163107395172119 359 215 408 272
face 0.007118046283721924 359 215 408 272
face 0.007114797830581665 359 215 408 272
face 0.006814748048782349 359 215 408 272
face 0.00671115517616272 359 215 408 272
face 0.006593048572540283 359 215 408 272
face 0.006452471017837524 359 215 408 272
face 0.006401747465133667 359 215 408 272
face 0.0060957372188568115 359 215 408 272
face 0.0060898661613464355 359 215 408 272
face 0.005977928638458252 359 215 408 272
face 0.005974411964416504 359 215 408 272
face 0.005648374557495117 359 215 408 272
face 0.0053415000438690186 359 215 408 272
face 0.005235433578491211 359 215 408 272
face 0.005181252956390381 359 215 408 272
face 0.00510716438293457 359 215 408 272
face 0.0050618648529052734 359 215 408 272
face 0.005030035972595215 359 215 408 272
face 0.005002796649932861 359 215 408 272
face 0.004977285861968994 359 215 408 272
face 0.004971742630004883 359 215 408 272
face 0.004848092794418335 359 215 408 272
face 0.004793345928192139 359 215 408 272
face 0.004743099212646484 359 215 408 272
face 0.00470966100692749 359 215 408 272
face 0.004678487777709961 359 215 408 272
face 0.004669845104217529 359 215 408 272
face 0.004645228385925293 359 215 408 272
face 0.0046350955963134766 359 215 408 272
face 0.004615813493728638 359 215 408 272
face 0.004587084054946899 359 215 408 272
face 0.004521876573562622 359 215 408 272
face 0.004448235034942627 359 215 408 272
face 0.0044317543506622314 359 215 408 272
face 0.004427731037139893 359 215 408 272
face 0.004426091909408569 359 215 408 272
face 0.0044231414794921875 359 215 408 272
face 0.004402905702590942 359 215 408 272
face 0.004394650459289551 359 215 408 272
face 0.004265487194061279 359 215 408 272
face 0.004258483648300171 359 215 408 272
face 0.004227548837661743 359 215 408 272
face 0.004204839468002319 359 215 408 272
face 0.004154324531555176 359 215 408 272
face 0.004110515117645264 359 215 408 272
face 0.004108428955078125 359 215 408 272
face 0.0040954649448394775 359 215 408 272
face 0.00408625602722168 359 215 408 272
face 0.004055768251419067 359 215 408 272
face 0.003996133804321289 359 215 408 272
face 0.0039907097816467285 359 215 408 272
face 0.003988295793533325 359 215 408 272
face 0.003946483135223389 359 215 408 272
face 0.003938496112823486 359 215 408 272
face 0.0038891732692718506 359 215 408 272
face 0.003832578659057617 359 215 408 272
face 0.003825545310974121 359 215 408 272
face 0.003777056932449341 359 215 408 272
face 0.0037666261196136475 359 215 408 272
face 0.003759145736694336 359 215 408 272
