face 0.594171941280365 458 246 643 439
face 0.08082935214042664 458 246 643 439
face 0.028307437896728516 458 246 643 439
face 0.02202191948890686 458 246 643 439
face 0.02154594659805298 458 246 643 439
face 0.019062310457229614 458 246 643 439
face 0.018279939889907837 458 246 643 439
face 0.01734071969985962 458 246 643 439
face 0.01549789309501648 458 246 643 439
face 0.014630109071731567 458 246 643 439
face 0.014328688383102417 458 246 643 439
face 0.013693153858184814 458 246 643 439
face 0.013435721397399902 458 246 643 439
face 0.012959718704223633 458 246 643 439
face 0.01283445954322815 458 246 643 439
face 0.012778282165527344 458 246 643 439
face 0.01223793625831604 458 246 643 439
face 0.011783093214035034 458 246 643 439
face 0.01175275444984436 458 246 643 439
face 0.010398715734481812 458 246 643 439
face 0.009969502687454224 458 246 643 439
face 0.009521573781967163 458 246 643 439
face 0.00933113694190979 458 246 643 439
face 0.008924931287765503 458 246 643 439
face 0.00885075330734253 458 246 643 439
face 0.008838951587677002 458 246 643 439
face 0.008730292320251465 458 246 643 439
face 0.008306056261062622 458 246 643 439
face 0.007927924394607544 458 246 643 439
face 0.007908046245574951 458 246 643 439
face 0.0076292455196380615 458 246 643 439
face 0.007606685161590576 458 246 643 439
face 0.007592260837554932 458 246 643 439
face 0.00758025050163269 458 246 643 439
face 0.007578223943710327 458 246 643 439
face 0.007384747266769409 458 246 643 439
face 0.00735783576965332 458 246 643 439
face 0.00733301043510437 458 246 643 439
face 0.007311135530471802 458 246 643 439
face 0.00718960165977478 458 246 643 439
face 0.0070462822914123535 458 246 643 439
face 0.007041037082672119 458 246 643 439
face 0.006997019052505493 458 246 643 439
face 0.006963282823562622 458 246 643 439
face 0.006941735744476318 458 246 643 439
face 0.006908118724822998 458 246 643 439
face 0.006848007440567017 458 246 643 439
face 0.00677800178527832 458 246 643 439
face 0.006767481565475464 458 246 643 439
face 0.0066394805908203125 458 246 643 439
face 0.006633400917053223 458 246 643 439
face 0.0066149234771728516 458 246 643 439
face 0.006411254405975342 458 246 643 439
face 0.006293684244155884 458 246 643 439
face 0.006221204996109009 458 246 643 439
face 0.00615537166595459 458 246 643 439
face 0.006049841642379761 458 246 643 439
face 0.005977630615234375 458 246 643 439
face 0.005945116281509399 458 246 643 439
face 0.005903750658035278 458 246 643 439
face 0.005832374095916748 458 246 643 439
face 0.00582200288772583 458 246 643 439
face 0.005759209394454956 458 246 643 439
face 0.005669265985488892 458 246 643 439
face 0.005654960870742798 458 246 643 439
face 0.005650073289871216 458 246 643 439
face 0.005575060844421387 458 246 643 439
face 0.005534052848815918 458 246 643 439
face 0.005497753620147705 458 246 643 439
face 0.00544583797454834 458 246 643 439
face 0.005398005247116089 458 246 643 439
face 0.005340397357940674 458 246 643 439
face 0.005312561988830566 458 246 643 439
face 0.005285024642944336 458 246 643 439
face 0.005207091569900513 458 246 643 439
face 0.005192577838897705 458 246 643 439
face 0.005158364772796631 458 246 643 439
face 0.005156368017196655 458 246 643 439
face 0.005120813846588135 458 246 643 439
face 0.0050916969776153564 458 246 643 439
face 0.005089610815048218 458 246 643 439
face 0.005010068416595459 458 246 643 439
face 0.004898935556411743 458 246 643 439
face 0.004854172468185425 458 246 643 439
face 0.00468859076499939 458 246 643 439
face 0.004624217748641968 458 246 643 439
face 0.004610002040863037 458 246 643 439
face 0.004591584205627441 458 246 643 439
face 0.004532754421234131 458 246 643 439
face 0.0044817328453063965 458 246 643 439
face 0.004450410604476929 458 246 643 439
face 0.004446953535079956 458 246 643 439
face 0.004379212856292725 458 246 643 439
face 0.004377394914627075 458 246 643 439
face 0.0043718814849853516 458 246 643 439
face 0.004364669322967529 458 246 643 439
face 0.004338055849075317 458 246 643 439
face 0.004330456256866455 458 246 643 439
face 0.004328787326812744 458 246 643 439
face 0.004290729761123657 458 246 643 439
