face 0.2626221179962158 486 204 526 246
face 0.1736394762992859 486 204 526 246
face 0.11200982332229614 486 204 526 246
face 0.09952330589294434 486 204 526 246
face 0.08723190426826477 486 204 526 246
face 0.08546030521392822 486 204 526 246
face 0.076445072889328 486 204 526 246
face 0.0630703866481781 486 204 526 246
face 0.05807977914810181 486 204 526 246
face 0.05689778923988342 486 204 526 246
face 0.052658528089523315 486 204 526 246
face 0.04834932088851929 486 204 526 246
face 0.04752281308174133 486 204 526 246
face 0.04454800486564636 486 204 526 246
face 0.04160073399543762 486 204 526 246
face 0.03569674491882324 486 204 526 246
face 0.03537508845329285 486 204 526 246
face 0.03362363576889038 486 204 526 246
face 0.03128868341445923 486 204 526 246
face 0.030082255601882935 486 204 526 246
face 0.029278099536895752 486 204 526 246
face 0.028102397918701172 486 204 526 246
face 0.028026878833770752 486 204 526 246
face 0.028009504079818726 486 204 526 246
face 0.02616018056869507 486 204 526 246
face 0.025300055742263794 486 204 526 246
face 0.024522721767425537 486 204 526 246
face 0.024491429328918457 486 204 526 246
face 0.024310410022735596 486 204 526 246
face 0.024020880460739136 486 204 526 246
face 0.02304619550704956 486 204 526 246
face 0.022769153118133545 486 204 526 246
face 0.022598981857299805 486 204 526 246
face 0.020485341548919678 486 204 526 246
face 0.01999342441558838 486 204 526 246
face 0.0199507474899292 486 204 526 246
face 0.019816964864730835 486 204 526 246
face 0.019298702478408813 486 204 526 246
face 0.018750399351119995 486 204 526 246
face 0.01848900318145752 486 204 526 246
face 0.018264859914779663 486 204 526 246
face 0.017890065908432007 486 204 526 246
face 0.017688393592834473 486 204 526 246
face 0.017108798027038574 486 204 526 246
face 0.016767889261245728 486 204 526 246
face 0.016468942165374756 486 204 526 246
face 0.01592692732810974 486 204 526 246
face 0.01585620641708374 486 204 526 246
face 0.015764355659484863 486 204 526 246
face 0.01575416326522827 486 204 526 246
face 0.01571112871170044 486 204 526 246
face 0.015200704336166382 486 204 526 246
face 0.015087813138961792 486 204 526 246
face 0.014989107847213745 486 204 526 246
face 0.014814615249633789 486 204 526 246
face 0.014396101236343384 486 204 526 246
face 0.014305680990219116 486 204 526 246
face 0.01428985595703125 486 204 526 246
face 0.014228343963623047 486 204 526 246
face 0.014072299003601074 486 204 526 246
face 0.013853311538696289 486 204 526 246
face 0.013834148645401001 486 204 526 246
face 0.013706952333450317 486 204 526 246
face 0.013612806797027588 486 204 526 246
face 0.013463020324707031 486 204 526 246
face 0.013394951820373535 486 204 526 246
face 0.013313621282577515 486 204 526 246
face 0.01326286792755127 486 204 526 246
face 0.013220280408859253 486 204 526 246
face 0.013096898794174194 486 204 526 246
face 0.012932151556015015 486 204 526 246
face 0.012791037559509277 486 204 526 246
face 0.012720584869384766 486 204 526 246
face 0.012570321559906006 486 204 526 246
face 0.012514650821685791 486 204 526 246
face 0.012360960245132446 486 204 526 246
face 0.012349337339401245 486 204 526 246
face 0.01200142502784729 486 204 526 246
face 0.011893033981323242 486 204 526 246
face 0.01187831163406372 486 204 526 246
face 0.011865586042404175 486 204 526 246
face 0.011837810277938843 486 204 526 246
face 0.011771559715270996 486 204 526 246
face 0.011626631021499634 486 204 526 246
face 0.011371225118637085 486 204 526 246
face 0.011325150728225708 486 204 526 246
face 0.011246681213378906 486 204 526 246
face 0.01123383641242981 486 204 526 246
face 0.011214792728424072 486 204 526 246
face 0.011187046766281128 486 204 526 246
face 0.011145681142807007 486 204 526 246
face 0.011102229356765747 486 204 526 246
face 0.010968148708343506 486 204 526 246
face 0.010962992906570435 486 204 526 246
face 0.010946869850158691 486 204 526 246
face 0.010656237602233887 486 204 526 246
face 0.010646671056747437 486 204 526 246
face 0.010480344295501709 486 204 526 246
face 0.010364681482315063 486 204 526 246
face 0.010310530662536621 486 204 526 246
