face 0.3113079071044922 726 466 796 617
face 0.07494613528251648 726 466 796 617
face 0.04683372378349304 726 466 796 617
face 0.035190314054489136 726 466 796 617
face 0.02946096658706665 726 466 796 617
face 0.022686034440994263 726 466 796 617
face 0.01989951729774475 726 466 796 617
face 0.013826906681060791 726 466 796 617
face 0.012982755899429321 726 466 796 617
face 0.010341167449951172 726 466 796 617
face 0.008556783199310303 726 466 796 617
face 0.008069902658462524 726 466 796 617
face 0.007014930248260498 726 466 796 617
face 0.006852000951766968 726 466 796 617
face 0.006286144256591797 726 466 796 617
face 0.0062035322189331055 726 466 796 617
face 0.006202399730682373 726 466 796 617
face 0.006067097187042236 726 466 796 617
face 0.005947858095169067 726 466 796 617
face 0.005768388509750366 726 466 796 617
face 0.005670398473739624 726 466 796 617
face 0.005669265985488892 726 466 796 617
face 0.005535781383514404 726 466 796 617
face 0.005389899015426636 726 466 796 617
face 0.005315810441970825 726 466 796 617
face 0.004932433366775513 726 466 796 617
face 0.00490039587020874 726 466 796 617
face 0.004727661609649658 726 466 796 617
face 0.004712581634521484 726 466 796 617
face 0.004625469446182251 726 466 796 617
face 0.00461164116859436 726 466 796 617
face 0.004602551460266113 726 466 796 617
face 0.004365295171737671 726 466 796 617
face 0.004183530807495117 726 466 796 617
face 0.004173785448074341 726 466 796 617
face 0.003850877285003662 726 466 796 617
face 0.003838151693344116 726 466 796 617
face 0.0038236379623413086 726 466 796 617
face 0.0035741329193115234 726 466 796 617
face 0.0035466253757476807 726 466 796 617
face 0.0035369396209716797 726 466 796 617
face 0.0034933090209960938 726 466 796 617
face 0.003491044044494629 726 466 796 617
face 0.00347176194190979 726 466 796 617
face 0.0033814311027526855 726 466 796 617
face 0.003366440534591675 726 466 796 617
face 0.003290802240371704 726 466 796 617
face 0.003222912549972534 726 466 796 617
face 0.003219693899154663 726 466 796 617
face 0.00318869948387146 726 466 796 617
face 0.003164947032928467 726 466 796 617
face 0.00316426157951355 726 466 796 617
face 0.003152787685394287 726 466 796 617
face 0.0031440556049346924 726 466 796 617
face 0.0031095147132873535 726 466 796 617
face 0.003106355667114258 726 466 796 617
face 0.003054499626159668 726 466 796 617
face 0.0030302107334136963 726 466 796 617
face 0.003017425537109375 726 466 796 617
face 0.0030081570148468018 726 466 796 617
face 0.0029410123825073242 726 466 796 617
face 0.0028970837593078613 726 466 796 617
face 0.00289076566696167 726 466 796 617
face 0.002857893705368042 726 466 796 617
face 0.00283658504486084 726 466 796 617
face 0.0028280913829803467 726 466 796 617
face 0.0028087198734283447 726 466 796 617
face 0.002790093421936035 726 466 796 617
face 0.0027888715267181396 726 466 796 617
face 0.0027520954608917236 726 466 796 617
face 0.0027471184730529785 726 466 796 617
face 0.002717822790145874 726 466 796 617
face 0.0026884377002716064 726 466 796 617
face 0.0025686025619506836 726 466 796 617
face 0.00255778431892395 726 466 796 617
face 0.002510666847229004 726 466 796 617
face 0.0025023818016052246 726 466 796 617
face 0.0024987757205963135 726 466 796 617
face 0.002428382635116577 726 466 796 617
face 0.0024147629737854004 726 466 796 617
face 0.0023768246173858643 726 466 796 617
face 0.002370178699493408 726 466 796 617
face 0.0023676156997680664 726 466 796 617
face 0.002347111701965332 726 466 796 617
face 0.0023401975631713867 726 466 796 617
face 0.0023367106914520264 726 466 796 617
face 0.002308875322341919 726 466 796 617
face 0.0023028552532196045 726 466 796 617
face 0.00229799747467041 726 466 796 617
face 0.0022899508476257324 726 466 796 617
face 0.002268761396408081 726 466 796 617
face 0.002239704132080078 726 466 796 617
face 0.002230346202850342 726 466 796 617
face 0.0022232234477996826 726 466 796 617
face 0.0022153258323669434 726 466 796 617
face 0.0022149085998535156 726 466 796 617
face 0.002195417881011963 726 466 796 617
face 0.00219157338142395 726 466 796 617
face 0.0021779537200927734 726 466 796 617
face 0.0021643340587615967 726 466 796 617
