face 0.9989659786224365 434 408 502 490
face 0.996146559715271 726 408 803 497
face 0.9763962030410767 537 443 608 519
face 0.9611719250679016 542 838 617 922
face 0.9134727716445923 389 821 459 915
face 0.8385494947433472 291 517 360 602
face 0.04175400733947754 291 517 360 602
face 0.04109412431716919 291 517 360 602
face 0.0402107834815979 291 517 360 602
face 0.036860764026641846 291 517 360 602
face 0.03024470806121826 291 517 360 602
face 0.0286807119846344 291 517 360 602
face 0.028056353330612183 291 517 360 602
face 0.02382764220237732 291 517 360 602
face 0.022112756967544556 291 517 360 602
face 0.015225589275360107 291 517 360 602
face 0.014494240283966064 291 517 360 602
face 0.01352757215499878 291 517 360 602
face 0.012401074171066284 291 517 360 602
face 0.012092769145965576 291 517 360 602
face 0.01194944977760315 291 517 360 602
face 0.011562436819076538 291 517 360 602
face 0.011192113161087036 291 517 360 602
face 0.010874956846237183 291 517 360 602
face 0.010223627090454102 291 517 360 602
face 0.009980559349060059 291 517 360 602
face 0.009368717670440674 291 517 360 602
face 0.009098798036575317 291 517 360 602
face 0.008797496557235718 291 517 360 602
face 0.008511662483215332 291 517 360 602
face 0.008503973484039307 291 517 360 602
face 0.008453160524368286 291 517 360 602
face 0.007748335599899292 291 517 360 602
face 0.007455378770828247 291 517 360 602
face 0.007161349058151245 291 517 360 602
face 0.007146745920181274 291 517 360 602
face 0.007040172815322876 291 517 360 602
face 0.006897389888763428 291 517 360 602
face 0.006723493337631226 291 517 360 602
face 0.0067005455493927 291 517 360 602
face 0.0066058337688446045 291 517 360 602
face 0.006507784128189087 291 517 360 602
face 0.006492495536804199 291 517 360 602
face 0.00618407130241394 291 517 360 602
face 0.005882918834686279 291 517 360 602
face 0.005875349044799805 291 517 360 602
face 0.005803704261779785 291 517 360 602
face 0.005753993988037109 291 517 360 602
face 0.005750775337219238 291 517 360 602
face 0.0057479143142700195 291 517 360 602
face 0.005737662315368652 291 517 360 602
face 0.005716532468795776 291 517 360 602
face 0.005541622638702393 291 517 360 602
face 0.005524933338165283 291 517 360 602
face 0.0054343342781066895 291 517 360 602
face 0.005381941795349121 291 517 360 602
face 0.005306243896484375 291 517 360 602
face 0.005289286375045776 291 517 360 602
face 0.00527605414390564 291 517 360 602
face 0.005247175693511963 291 517 360 602
face 0.005165010690689087 291 517 360 602
face 0.00511506199836731 291 517 360 602
face 0.005099385976791382 291 517 360 602
face 0.005084395408630371 291 517 360 602
face 0.005063354969024658 291 517 360 602
face 0.005032151937484741 291 517 360 602
face 0.004947930574417114 291 517 360 602
face 0.0049460530281066895 291 517 360 602
face 0.004895925521850586 291 517 360 602
face 0.00486716628074646 291 517 360 602
face 0.004800885915756226 291 517 360 602
face 0.004791140556335449 291 517 360 602
face 0.0046856701374053955 291 517 360 602
face 0.004651516675949097 291 517 360 602
face 0.004620641469955444 291 517 360 602
face 0.004606455564498901 291 517 360 602
face 0.004445016384124756 291 517 360 602
face 0.004423171281814575 291 517 360 602
face 0.004416346549987793 291 517 360 602
face 0.004342943429946899 291 517 360 602
face 0.004325568675994873 291 517 360 602
face 0.004294008016586304 291 517 360 602
face 0.004293560981750488 291 517 360 602
face 0.00427737832069397 291 517 360 602
face 0.0042574405670166016 291 517 360 602
face 0.004205226898193359 291 517 360 602
face 0.004185587167739868 291 517 360 602
face 0.004150301218032837 291 517 360 602
face 0.004149496555328369 291 517 360 602
face 0.004120558500289917 291 517 360 602
face 0.004092901945114136 291 517 360 602
face 0.00408482551574707 291 517 360 602
face 0.004024237394332886 291 517 360 602
face 0.004023939371109009 291 517 360 602
face 0.003989189863204956 291 517 360 602
face 0.003972500562667847 291 517 360 602
face 0.003943353891372681 291 517 360 602
face 0.003918707370758057 291 517 360 602
face 0.003903418779373169 291 517 360 602
face 0.0038584768772125244 291 517 360 602
