face 0.9942880868911743 820 212 855 254
face 0.966474175453186 181 207 204 239
face 0.700349748134613 624 180 642 198
face 0.6200407147407532 295 196 324 233
face 0.5545282959938049 585 182 605 204
face 0.42644360661506653 585 182 605 204
face 0.37062743306159973 585 182 605 204
face 0.3706217408180237 585 182 605 204
face 0.30735135078430176 585 182 605 204
face 0.1842123568058014 585 182 605 204
face 0.18064698576927185 585 182 605 204
face 0.1389622986316681 585 182 605 204
face 0.1272410750389099 585 182 605 204
face 0.10197755694389343 585 182 605 204
face 0.0883159339427948 585 182 605 204
face 0.07683512568473816 585 182 605 204
face 0.0765167772769928 585 182 605 204
face 0.061982423067092896 585 182 605 204
face 0.06113496422767639 585 182 605 204
face 0.05387181043624878 585 182 605 204
face 0.05233451724052429 585 182 605 204
face 0.051990628242492676 585 182 605 204
face 0.04669910669326782 585 182 605 204
face 0.037676841020584106 585 182 605 204
face 0.034036338329315186 585 182 605 204
face 0.033351778984069824 585 182 605 204
face 0.026244521141052246 585 182 605 204
face 0.022608160972595215 585 182 605 204
face 0.022540360689163208 585 182 605 204
face 0.021043717861175537 585 182 605 204
face 0.017330437898635864 585 182 605 204
face 0.016730129718780518 585 182 605 204
face 0.016361922025680542 585 182 605 204
face 0.01622036099433899 585 182 605 204
face 0.014524340629577637 585 182 605 204
face 0.013714045286178589 585 182 605 204
face 0.013491243124008179 585 182 605 204
face 0.01347494125366211 585 182 605 204
face 0.013460487127304077 585 182 605 204
face 0.013142883777618408 585 182 605 204
face 0.012822955846786499 585 182 605 204
face 0.012421488761901855 585 182 605 204
face 0.012420088052749634 585 182 605 204
face 0.012080103158950806 585 182 605 204
face 0.011717945337295532 585 182 605 204
face 0.010965228080749512 585 182 605 204
face 0.01038593053817749 585 182 605 204
face 0.010306239128112793 585 182 605 204
face 0.00968596339225769 585 182 605 204
face 0.009675383567810059 585 182 605 204
face 0.00942954421043396 585 182 605 204
face 0.009272754192352295 585 182 605 204
face 0.009261369705200195 585 182 605 204
face 0.00905415415763855 585 182 605 204
face 0.008880764245986938 585 182 605 204
face 0.008864790201187134 585 182 605 204
face 0.008762389421463013 585 182 605 204
face 0.008405119180679321 585 182 605 204
face 0.008335977792739868 585 182 605 204
face 0.008310258388519287 585 182 605 204
face 0.008105993270874023 585 182 605 204
face 0.007741034030914307 585 182 605 204
face 0.007678717374801636 585 182 605 204
face 0.007610201835632324 585 182 605 204
face 0.007550925016403198 585 182 605 204
face 0.007472395896911621 585 182 605 204
face 0.007024049758911133 585 182 605 204
face 0.007012605667114258 585 182 605 204
face 0.006917834281921387 585 182 605 204
face 0.006869137287139893 585 182 605 204
face 0.006856411695480347 585 182 605 204
face 0.006783813238143921 585 182 605 204
face 0.0067095160484313965 585 182 605 204
face 0.006701946258544922 585 182 605 204
face 0.006662636995315552 585 182 605 204
face 0.006566852331161499 585 182 605 204
face 0.006533950567245483 585 182 605 204
face 0.0063973069190979 585 182 605 204
face 0.006389647722244263 585 182 605 204
face 0.006377041339874268 585 182 605 204
face 0.006348937749862671 585 182 605 204
face 0.006303548812866211 585 182 605 204
face 0.005954086780548096 585 182 605 204
face 0.005917847156524658 585 182 605 204
face 0.00589442253112793 585 182 605 204
face 0.005775034427642822 585 182 605 204
face 0.005769520998001099 585 182 605 204
face 0.005655527114868164 585 182 605 204
face 0.005626201629638672 585 182 605 204
face 0.005602061748504639 585 182 605 204
face 0.005552172660827637 585 182 605 204
face 0.005534559488296509 585 182 605 204
face 0.005463659763336182 585 182 605 204
face 0.005401521921157837 585 182 605 204
face 0.0052491724491119385 585 182 605 204
face 0.005226939916610718 585 182 605 204
face 0.005098223686218262 585 182 605 204
face 0.005097478628158569 585 182 605 204
face 0.005066901445388794 585 182 605 204
face 0.005054682493209839 585 182 605 204
