face 0.9987565279006958 416 383 491 480
face 0.9971473813056946 527 389 617 514
face 0.4162440896034241 527 389 617 514
face 0.3563975691795349 527 389 617 514
face 0.06807336211204529 527 389 617 514
face 0.06637313961982727 527 389 617 514
face 0.05947953462600708 527 389 617 514
face 0.05695745348930359 527 389 617 514
face 0.04695090651512146 527 389 617 514
face 0.04526200890541077 527 389 617 514
face 0.04293090105056763 527 389 617 514
face 0.028399407863616943 527 389 617 514
face 0.025925368070602417 527 389 617 514
face 0.022909194231033325 527 389 617 514
face 0.02053549885749817 527 389 617 514
face 0.020432651042938232 527 389 617 514
face 0.019124120473861694 527 389 617 514
face 0.016317278146743774 527 389 617 514
face 0.015833556652069092 527 389 617 514
face 0.015600353479385376 527 389 617 514
face 0.015575408935546875 527 389 617 514
face 0.01496073603630066 527 389 617 514
face 0.014791369438171387 527 389 617 514
face 0.014296799898147583 527 389 617 514
face 0.013572365045547485 527 389 617 514
face 0.013519853353500366 527 389 617 514
face 0.013368368148803711 527 389 617 514
face 0.012986540794372559 527 389 617 514
face 0.01296195387840271 527 389 617 514
face 0.012551486492156982 527 389 617 514
face 0.012479603290557861 527 389 617 514
face 0.011476188898086548 527 389 617 514
face 0.010721743106842041 527 389 617 514
face 0.0107058584690094 527 389 617 514
face 0.009222567081451416 527 389 617 514
face 0.008703023195266724 527 389 617 514
face 0.008549660444259644 527 389 617 514
face 0.008033514022827148 527 389 617 514
face 0.0077856481075286865 527 389 617 514
face 0.007749408483505249 527 389 617 514
face 0.007704943418502808 527 389 617 514
face 0.007630974054336548 527 389 617 514
face 0.007417082786560059 527 389 617 514
face 0.0073479413986206055 527 389 617 514
face 0.007130831480026245 527 389 617 514
face 0.007053196430206299 527 389 617 514
face 0.006989479064941406 527 389 617 514
face 0.006905019283294678 527 389 617 514
face 0.006739526987075806 527 389 617 514
face 0.006703794002532959 527 389 617 514
face 0.0066130757331848145 527 389 617 514
face 0.006496846675872803 527 389 617 514
face 0.006439268589019775 527 389 617 514
face 0.006393492221832275 527 389 617 514
face 0.006134837865829468 527 389 617 514
face 0.006106585264205933 527 389 617 514
face 0.005913287401199341 527 389 617 514
face 0.005712687969207764 527 389 617 514
face 0.00567290186882019 527 389 617 514
face 0.005628347396850586 527 389 617 514
face 0.005618959665298462 527 389 617 514
face 0.005178272724151611 527 389 617 514
face 0.005102068185806274 527 389 617 514
face 0.005093514919281006 527 389 617 514
face 0.004995942115783691 527 389 617 514
face 0.004946649074554443 527 389 617 514
face 0.004851222038269043 527 389 617 514
face 0.0048299431800842285 527 389 617 514
face 0.004697978496551514 527 389 617 514
face 0.004624903202056885 527 389 617 514
face 0.004598498344421387 527 389 617 514
face 0.004579365253448486 527 389 617 514
face 0.004530727863311768 527 389 617 514
face 0.004391908645629883 527 389 617 514
face 0.00432509183883667 527 389 617 514
face 0.004225045442581177 527 389 617 514
face 0.004218995571136475 527 389 617 514
face 0.004215151071548462 527 389 617 514
face 0.004186809062957764 527 389 617 514
face 0.0041228532791137695 527 389 617 514
face 0.004013359546661377 527 389 617 514
face 0.003967374563217163 527 389 617 514
face 0.003947645425796509 527 389 617 514
face 0.0038485825061798096 527 389 617 514
face 0.0037416815757751465 527 389 617 514
face 0.0037305355072021484 527 389 617 514
face 0.0037116706371307373 527 389 617 514
face 0.0036347508430480957 527 389 617 514
face 0.00360262393951416 527 389 617 514
face 0.003574579954147339 527 389 617 514
face 0.003558129072189331 527 389 617 514
face 0.0035085678100585938 527 389 617 514
face 0.003467857837677002 527 389 617 514
face 0.0034153759479522705 527 389 617 514
face 0.0034148991107940674 527 389 617 514
face 0.003397345542907715 527 389 617 514
face 0.0033809542655944824 527 389 617 514
face 0.0033280253410339355 527 389 617 514
face 0.003326624631881714 527 389 617 514
face 0.0033134818077087402 527 389 617 514
