face 0.9951914548873901 723 332 747 362
face 0.9948945641517639 777 288 807 325
face 0.9868230819702148 147 341 165 363
face 0.9471639394760132 336 343 360 376
face 0.9446884393692017 557 316 581 348
face 0.933602511882782 4 312 41 362
face 0.8406338691711426 421 317 461 369
face 0.46327412128448486 421 317 461 369
face 0.18060821294784546 421 317 461 369
face 0.1178939938545227 421 317 461 369
face 0.08925879001617432 421 317 461 369
face 0.08860653638839722 421 317 461 369
face 0.059405386447906494 421 317 461 369
face 0.05401521921157837 421 317 461 369
face 0.04479888081550598 421 317 461 369
face 0.03891816735267639 421 317 461 369
face 0.036860495805740356 421 317 461 369
face 0.03189706802368164 421 317 461 369
face 0.02322104573249817 421 317 461 369
face 0.021650344133377075 421 317 461 369
face 0.021466702222824097 421 317 461 369
face 0.01993805170059204 421 317 461 369
face 0.019412606954574585 421 317 461 369
face 0.019215136766433716 421 317 461 369
face 0.015562295913696289 421 317 461 369
face 0.015132725238800049 421 317 461 369
face 0.014445006847381592 421 317 461 369
face 0.013976365327835083 421 317 461 369
face 0.01333734393119812 421 317 461 369
face 0.012834608554840088 421 317 461 369
face 0.012385666370391846 421 317 461 369
face 0.01228436827659607 421 317 461 369
face 0.011952757835388184 421 317 461 369
face 0.01175612211227417 421 317 461 369
face 0.011718004941940308 421 317 461 369
face 0.011432230472564697 421 317 461 369
face 0.011359840631484985 421 317 461 369
face 0.01115909218788147 421 317 461 369
face 0.009984761476516724 421 317 461 369
face 0.009818106889724731 421 317 461 369
face 0.009767919778823853 421 317 461 369
face 0.009376853704452515 421 317 461 369
face 0.009184867143630981 421 317 461 369
face 0.009144455194473267 421 317 461 369
face 0.009137332439422607 421 317 461 369
face 0.009026974439620972 421 317 461 369
face 0.008598506450653076 421 317 461 369
face 0.007907480001449585 421 317 461 369
face 0.007851898670196533 421 317 461 369
face 0.007620960474014282 421 317 461 369
face 0.007521599531173706 421 317 461 369
face 0.007425099611282349 421 317 461 369
face 0.0073864758014678955 421 317 461 369
face 0.007348984479904175 421 317 461 369
face 0.007169365882873535 421 317 461 369
face 0.007146567106246948 421 317 461 369
face 0.007049500942230225 421 317 461 369
face 0.00698968768119812 421 317 461 369
face 0.00698620080947876 421 317 461 369
face 0.006945431232452393 421 317 461 369
face 0.006773263216018677 421 317 461 369
face 0.0067081451416015625 421 317 461 369
face 0.006628125905990601 421 317 461 369
face 0.006600499153137207 421 317 461 369
face 0.006226569414138794 421 317 461 369
face 0.006222248077392578 421 317 461 369
face 0.006174951791763306 421 317 461 369
face 0.006155282258987427 421 317 461 369
face 0.0061487555503845215 421 317 461 369
face 0.006028592586517334 421 317 461 369
face 0.006020963191986084 421 317 461 369
face 0.005996614694595337 421 317 461 369
face 0.005841344594955444 421 317 461 369
face 0.005685269832611084 421 317 461 369
face 0.005622953176498413 421 317 461 369
face 0.005463272333145142 421 317 461 369
face 0.005460411310195923 421 317 461 369
face 0.005369275808334351 421 317 461 369
face 0.005300283432006836 421 317 461 369
face 0.005291759967803955 421 317 461 369
face 0.005271792411804199 421 317 461 369
face 0.005249083042144775 421 317 461 369
face 0.005220234394073486 421 317 461 369
face 0.004969865083694458 421 317 461 369
face 0.004730105400085449 421 317 461 369
face 0.004636317491531372 421 317 461 369
face 0.0046242475509643555 421 317 461 369
face 0.004601269960403442 421 317 461 369
face 0.004597693681716919 421 317 461 369
face 0.004564076662063599 421 317 461 369
face 0.004456430673599243 421 317 461 369
face 0.004450470209121704 421 317 461 369
face 0.004201054573059082 421 317 461 369
face 0.004165321588516235 421 317 461 369
face 0.004109886474907398 421 317 461 369
face 0.004056423902511597 421 317 461 369
face 0.004015445709228516 421 317 461 369
face 0.003981649875640869 421 317 461 369
face 0.003966957330703735 421 317 461 369
face 0.003955721855163574 421 317 461 369
