face 0.9796243906021118 444 216 652 531
face 0.05282551050186157 444 216 652 531
face 0.030666708946228027 444 216 652 531
face 0.028867989778518677 444 216 652 531
face 0.027674585580825806 444 216 652 531
face 0.024460524320602417 444 216 652 531
face 0.02019035816192627 444 216 652 531
face 0.01727372407913208 444 216 652 531
face 0.016258299350738525 444 216 652 531
face 0.01615971326828003 444 216 652 531
face 0.014395415782928467 444 216 652 531
face 0.01398429274559021 444 216 652 531
face 0.013165682554244995 444 216 652 531
face 0.012596726417541504 444 216 652 531
face 0.012090623378753662 444 216 652 531
face 0.012074261903762817 444 216 652 531
face 0.011603593826293945 444 216 652 531
face 0.01159927248954773 444 216 652 531
face 0.011528819799423218 444 216 652 531
face 0.01146000623703003 444 216 652 531
face 0.011327147483825684 444 216 652 531
face 0.011217385530471802 444 216 652 531
face 0.011194169521331787 444 216 652 531
face 0.011051535606384277 444 216 652 531
face 0.010798275470733643 444 216 652 531
face 0.010692745447158813 444 216 652 531
face 0.010550171136856079 444 216 652 531
face 0.010200172662734985 444 216 652 531
face 0.010131895542144775 444 216 652 531
face 0.010013282299041748 444 216 652 531
face 0.009895771741867065 444 216 652 531
face 0.009893745183944702 444 216 652 531
face 0.009798049926757812 444 216 652 531
face 0.009679526090621948 444 216 652 531
face 0.009354591369628906 444 216 652 531
face 0.009292185306549072 444 216 652 531
face 0.00923725962638855 444 216 652 531
face 0.0091933012008667 444 216 652 531
face 0.00905454158782959 444 216 652 531
face 0.008958965539932251 444 216 652 531
face 0.008876770734786987 444 216 652 531
face 0.008648991584777832 444 216 652 531
face 0.00839322805404663 444 216 652 531
face 0.008381575345993042 444 216 652 531
face 0.008350223302841187 444 216 652 531
face 0.008308351039886475 444 216 652 531
face 0.008261561393737793 444 216 652 531
face 0.008209288120269775 444 216 652 531
face 0.008127331733703613 444 216 652 531
face 0.008113205432891846 444 216 652 531
face 0.008050709962844849 444 216 652 531
face 0.00803491473197937 444 216 652 531
face 0.007988125085830688 444 216 652 531
face 0.00798732042312622 444 216 652 531
face 0.0079403817653656 444 216 652 531
face 0.007621496915817261 444 216 652 531
face 0.007591933012008667 444 216 652 531
face 0.007577806711196899 444 216 652 531
face 0.007534801959991455 444 216 652 531
face 0.007531911134719849 444 216 652 531
face 0.00746607780456543 444 216 652 531
face 0.007420867681503296 444 216 652 531
face 0.007383972406387329 444 216 652 531
face 0.007362663745880127 444 216 652 531
face 0.007289022207260132 444 216 652 531
face 0.007253140211105347 444 216 652 531
face 0.00715404748916626 444 216 652 531
face 0.007122844457626343 444 216 652 531
face 0.007111549377441406 444 216 652 531
face 0.006997436285018921 444 216 652 531
face 0.006932765245437622 444 216 652 531
face 0.006924062967300415 444 216 652 531
face 0.006892800331115723 444 216 652 531
face 0.006878197193145752 444 216 652 531
face 0.006806492805480957 444 216 652 531
face 0.006802678108215332 444 216 652 531
face 0.006783664226531982 444 216 652 531
face 0.006767928600311279 444 216 652 531
face 0.006673872470855713 444 216 652 531
face 0.006664276123046875 444 216 652 531
face 0.006608307361602783 444 216 652 531
face 0.006583601236343384 444 216 652 531
face 0.006569117307662964 444 216 652 531
face 0.006559848785400391 444 216 652 531
face 0.006546676158905029 444 216 652 531
face 0.006392151117324829 444 216 652 531
face 0.006382793188095093 444 216 652 531
face 0.006347388029098511 444 216 652 531
face 0.00632593035697937 444 216 652 531
face 0.00627860426902771 444 216 652 531
face 0.0062444210052490234 444 216 652 531
face 0.006204009056091309 444 216 652 531
face 0.006121724843978882 444 216 652 531
face 0.006096988916397095 444 216 652 531
face 0.006078541278839111 444 216 652 531
face 0.006045103073120117 444 216 652 531
face 0.006016373634338379 444 216 652 531
face 0.006005823612213135 444 216 652 531
face 0.005991756916046143 444 216 652 531
face 0.0059851109981536865 444 216 652 531
