face 0.9608919620513916 569 76 735 314
face 0.04740455746650696 569 76 735 314
face 0.030093789100646973 569 76 735 314
face 0.02998378872871399 569 76 735 314
face 0.02791917324066162 569 76 735 314
face 0.021410077810287476 569 76 735 314
face 0.0211145281791687 569 76 735 314
face 0.020449966192245483 569 76 735 314
face 0.019528090953826904 569 76 735 314
face 0.015769660472869873 569 76 735 314
face 0.015399068593978882 569 76 735 314
face 0.014292865991592407 569 76 735 314
face 0.013700217008590698 569 76 735 314
face 0.013514220714569092 569 76 735 314
face 0.012646377086639404 569 76 735 314
face 0.012175798416137695 569 76 735 314
face 0.011705249547958374 569 76 735 314
face 0.011599957942962646 569 76 735 314
face 0.011545896530151367 569 76 735 314
face 0.010931640863418579 569 76 735 314
face 0.010759174823760986 569 76 735 314
face 0.010258853435516357 569 76 735 314
face 0.01024407148361206 569 76 735 314
face 0.009620249271392822 569 76 735 314
face 0.009500205516815186 569 76 735 314
face 0.008903980255126953 569 76 735 314
face 0.008893102407455444 569 76 735 314
face 0.008673936128616333 569 76 735 314
face 0.008108943700790405 569 76 735 314
face 0.008054167032241821 569 76 735 314
face 0.007886648178100586 569 76 735 314
face 0.007802248001098633 569 76 735 314
face 0.0077619850635528564 569 76 735 314
face 0.007643252611160278 569 76 735 314
face 0.0074829161167144775 569 76 735 314
face 0.007189005613327026 569 76 735 314
face 0.007170677185058594 569 76 735 314
face 0.007166624069213867 569 76 735 314
face 0.007085293531417847 569 76 735 314
face 0.007030844688415527 569 76 735 314
face 0.006911426782608032 569 76 735 314
face 0.00688624382019043 569 76 735 314
face 0.006839066743850708 569 76 735 314
face 0.006619781255722046 569 76 735 314
face 0.0063974857330322266 569 76 735 314
face 0.0063453614711761475 569 76 735 314
face 0.006316334009170532 569 76 735 314
face 0.006237983703613281 569 76 735 314
face 0.0061175525188446045 569 76 735 314
face 0.006104409694671631 569 76 735 314
face 0.006082475185394287 569 76 735 314
face 0.006063193082809448 569 76 735 314
face 0.006020605564117432 569 76 735 314
face 0.006003230810165405 569 76 735 314
face 0.005879819393157959 569 76 735 314
face 0.005857557058334351 569 76 735 314
face 0.005721628665924072 569 76 735 314
face 0.005696684122085571 569 76 735 314
face 0.005625814199447632 569 76 735 314
face 0.005610734224319458 569 76 735 314
face 0.005504041910171509 569 76 735 314
face 0.005484670400619507 569 76 735 314
face 0.005476564168930054 569 76 735 314
face 0.00545695424079895 569 76 735 314
face 0.0053910017013549805 569 76 735 314
face 0.005354881286621094 569 76 735 314
face 0.005295306444168091 569 76 735 314
face 0.005236834287643433 569 76 735 314
face 0.004987537860870361 569 76 735 314
face 0.004933059215545654 569 76 735 314
face 0.004888445138931274 569 76 735 314
face 0.004831641912460327 569 76 735 314
face 0.004828929901123047 569 76 735 314
face 0.004660874605178833 569 76 735 314
face 0.0045018792152404785 569 76 735 314
face 0.004477322101593018 569 76 735 314
face 0.004453688859939575 569 76 735 314
face 0.004407703876495361 569 76 735 314
face 0.004404038190841675 569 76 735 314
face 0.004390537738800049 569 76 735 314
face 0.004346638917922974 569 76 735 314
face 0.00434449315071106 569 76 735 314
face 0.004274249076843262 569 76 735 314
face 0.004264652729034424 569 76 735 314
face 0.004257470369338989 569 76 735 314
face 0.004246413707733154 569 76 735 314
face 0.0042067766189575195 569 76 735 314
face 0.004205495119094849 569 76 735 314
face 0.004203140735626221 569 76 735 314
face 0.004190355539321899 569 76 735 314
face 0.004175782203674316 569 76 735 314
face 0.004163891077041626 569 76 735 314
face 0.004150509834289551 569 76 735 314
face 0.004114359617233276 569 76 735 314
face 0.004102170467376709 569 76 735 314
face 0.004098236560821533 569 76 735 314
face 0.004078924655914307 569 76 735 314
face 0.004046410787850618 569 76 735 314
face 0.003972768783569336 569 76 735 314
face 0.003954499959945679 569 76 735 314
