face 0.902069628238678 558 338 571 358
face 0.7370556592941284 465 347 475 363
face 0.24406805634498596 465 347 475 363
face 0.20424947142601013 465 347 475 363
face 0.16771182417869568 465 347 475 363
face 0.11938163638114929 465 347 475 363
face 0.07240480184555054 465 347 475 363
face 0.05934301018714905 465 347 475 363
face 0.050143539905548096 465 347 475 363
face 0.026496857404708862 465 347 475 363
face 0.02217230200767517 465 347 475 363
face 0.021820396184921265 465 347 475 363
face 0.021181225776672363 465 347 475 363
face 0.020839035511016846 465 347 475 363
face 0.018656492233276367 465 347 475 363
face 0.01735040545463562 465 347 475 363
face 0.01615804433822632 465 347 475 363
face 0.014612376689910889 465 347 475 363
face 0.013910740613937378 465 347 475 363
face 0.01032605767250061 465 347 475 363
face 0.009838849306106567 465 347 475 363
face 0.009538888931274414 465 347 475 363
face 0.00952717661857605 465 347 475 363
face 0.009199857711791992 465 347 475 363
face 0.008588522672653198 465 347 475 363
face 0.008037567138671875 465 347 475 363
face 0.007376939058303833 465 347 475 363
face 0.007034599781036377 465 347 475 363
face 0.006543010473251343 465 347 475 363
face 0.0065288245677948 465 347 475 363
face 0.006323307752609253 465 347 475 363
face 0.00629955530166626 465 347 475 363
face 0.005980581045150757 465 347 475 363
face 0.0058453381061553955 465 347 475 363
face 0.005334645509719849 465 347 475 363
face 0.005262941122055054 465 347 475 363
face 0.00515177845954895 465 347 475 363
face 0.005124896764755249 465 347 475 363
face 0.0048677027225494385 465 347 475 363
face 0.004848450422286987 465 347 475 363
face 0.004689574241638184 465 347 475 363
face 0.004670858383178711 465 347 475 363
face 0.004602164030075073 465 347 475 363
face 0.004542261362075806 465 347 475 363
face 0.004514485597610474 465 347 475 363
face 0.0043930113315582275 465 347 475 363
face 0.00437551736831665 465 347 475 363
face 0.0043541789054870605 465 347 475 363
face 0.00429689884185791 465 347 475 363
face 0.004248619079589844 465 347 475 363
face 0.0042088329792022705 465 347 475 363
face 0.004149496555328369 465 347 475 363
face 0.004125535488128662 465 347 475 363
face 0.004066526889801025 465 347 475 363
face 0.004051476716995239 465 347 475 363
face 0.004012197256088257 465 347 475 363
face 0.0038913488388061523 465 347 475 363
face 0.0038855373859405518 465 347 475 363
face 0.0038424432277679443 465 347 475 363
face 0.0037668943405151367 465 347 475 363
face 0.0036631226539611816 465 347 475 363
face 0.0036525726318359375 465 347 475 363
face 0.0036390721797943115 465 347 475 363
face 0.003542602062225342 465 347 475 363
face 0.003322124481201172 465 347 475 363
face 0.0033180415630340576 465 347 475 363
face 0.0033172965049743652 465 347 475 363
face 0.003147304058074951 465 347 475 363
face 0.003046572208404541 465 347 475 363
face 0.003038555383682251 465 347 475 363
face 0.002938687801361084 465 347 475 363
face 0.002881944179534912 465 347 475 363
face 0.002876788377761841 465 347 475 363
face 0.002846956253051758 465 347 475 363
face 0.0028004050254821777 465 347 475 363
face 0.002787858247756958 465 347 475 363
face 0.002758800983428955 465 347 475 363
face 0.002722829580307007 465 347 475 363
face 0.002703547477722168 465 347 475 363
face 0.0026818513870239258 465 347 475 363
face 0.0026814639568328857 465 347 475 363
face 0.0026563405990600586 465 347 475 363
face 0.0026523470878601074 465 347 475 363
face 0.0026480555534362793 465 347 475 363
face 0.002628713846206665 465 347 475 363
face 0.002577841281890869 465 347 475 363
face 0.0025401711463928223 465 347 475 363
face 0.002532482147216797 465 347 475 363
face 0.002527594566345215 465 347 475 363
face 0.0025233328342437744 465 347 475 363
face 0.002521537011489272 465 347 475 363
face 0.002509772777557373 465 347 475 363
face 0.0025083720684051514 465 347 475 363
face 0.002488374710083008 465 347 475 363
face 0.002468317747116089 465 347 475 363
face 0.0023889541625976562 465 347 475 363
face 0.0023426413536071777 465 347 475 363
face 0.0023301243782043457 465 347 475 363
face 0.0023293793201446533 465 347 475 363
face 0.0022902488708496094 465 347 475 363
