face 0.5792909860610962 469 287 726 642
face 0.04605361819267273 469 287 726 642
face 0.036450326442718506 469 287 726 642
face 0.024986237287521362 469 287 726 642
face 0.020316272974014282 469 287 726 642
face 0.01860201358795166 469 287 726 642
face 0.017941057682037354 469 287 726 642
face 0.01714804768562317 469 287 726 642
face 0.016506493091583252 469 287 726 642
face 0.016505539417266846 469 287 726 642
face 0.01623702049255371 469 287 726 642
face 0.015840142965316772 469 287 726 642
face 0.015688598155975342 469 287 726 642
face 0.014968961477279663 469 287 726 642
face 0.014289796352386475 469 287 726 642
face 0.014228641986846924 469 287 726 642
face 0.013783752918243408 469 287 726 642
face 0.013657093048095703 469 287 726 642
face 0.013509988784790039 469 287 726 642
face 0.013044387102127075 469 287 726 642
face 0.012589305639266968 469 287 726 642
face 0.01238936185836792 469 287 726 642
face 0.011631995439529419 469 287 726 642
face 0.011593014001846313 469 287 726 642
face 0.01125231385231018 469 287 726 642
face 0.011218547821044922 469 287 726 642
face 0.010541051626205444 469 287 726 642
face 0.010315090417861938 469 287 726 642
face 0.010137975215911865 469 287 726 642
face 0.009988367557525635 469 287 726 642
face 0.009656131267547607 469 287 726 642
face 0.009525060653686523 469 287 726 642
face 0.009295880794525146 469 287 726 642
face 0.009216070175170898 469 287 726 642
face 0.009208500385284424 469 287 726 642
face 0.009128808975219727 469 287 726 642
face 0.008874982595443726 469 287 726 642
face 0.00887376070022583 469 287 726 642
face 0.008706063032150269 469 287 726 642
face 0.00869259238243103 469 287 726 642
face 0.008661031723022461 469 287 726 642
face 0.008590757846832275 469 287 726 642
face 0.008561581373214722 469 287 726 642
face 0.008462309837341309 469 287 726 642
face 0.008421540260314941 469 287 726 642
face 0.008307605981826782 469 287 726 642
face 0.008283793926239014 469 287 726 642
face 0.00825914740562439 469 287 726 642
face 0.008020013570785522 469 287 726 642
face 0.007989078760147095 469 287 726 642
face 0.007888823747634888 469 287 726 642
face 0.007858097553253174 469 287 726 642
face 0.007668167352676392 469 287 726 642
face 0.007661312818527222 469 287 726 642
face 0.0074835121631622314 469 287 726 642
face 0.007474362850189209 469 287 726 642
face 0.007374018430709839 469 287 726 642
face 0.007368147373199463 469 287 726 642
face 0.007318824529647827 469 287 726 642
face 0.00715222954750061 469 287 726 642
face 0.007144272327423096 469 287 726 642
face 0.007104784250259399 469 287 726 642
face 0.006819993257522583 469 287 726 642
face 0.006788700819015503 469 287 726 642
face 0.006675511598587036 469 287 726 642
face 0.006669461727142334 469 287 726 642
face 0.006579607725143433 469 287 726 642
face 0.006504148244857788 469 287 726 642
face 0.006495743989944458 469 287 726 642
face 0.0063121020793914795 469 287 726 642
face 0.006258219480514526 469 287 726 642
face 0.006138831377029419 469 287 726 642
face 0.006130635738372803 469 287 726 642
face 0.006067514419555664 469 287 726 642
face 0.0059233903884887695 469 287 726 642
face 0.005906522274017334 469 287 726 642
face 0.005886882543563843 469 287 726 642
face 0.005799591541290283 469 287 726 642
face 0.00576406717300415 469 287 726 642
face 0.005744844675064087 469 287 726 642
face 0.00573807954788208 469 287 726 642
face 0.005702942609786987 469 287 726 642
face 0.005693346261978149 469 287 726 642
face 0.005683720111846924 469 287 726 642
face 0.005641371011734009 469 287 726 642
face 0.005613982677459717 469 287 726 642
face 0.00560915470123291 469 287 726 642
face 0.005569964647293091 469 287 726 642
face 0.005513608455657959 469 287 726 642
face 0.005508482456207275 469 287 726 642
face 0.005502939224243164 469 287 726 642
face 0.005498170852661133 469 287 726 642
face 0.005429178476333618 469 287 726 642
face 0.0054077208042144775 469 287 726 642
face 0.005356878042221069 469 287 726 642
face 0.005276769399642944 469 287 726 642
face 0.005236595869064331 469 287 726 642
face 0.005189776420593262 469 287 726 642
face 0.005165308713912964 469 287 726 642
face 0.005158483982086182 469 287 726 642
