face 0.9949121475219727 245 179 383 329
face 0.8747907876968384 107 136 153 207
face 0.5299614071846008 752 162 827 266
face 0.107169508934021 752 162 827 266
face 0.09585818648338318 752 162 827 266
face 0.0747518539428711 752 162 827 266
face 0.05162477493286133 752 162 827 266
face 0.0494653582572937 752 162 827 266
face 0.04284206032752991 752 162 827 266
face 0.040803730487823486 752 162 827 266
face 0.03751695156097412 752 162 827 266
face 0.03368949890136719 752 162 827 266
face 0.03251546621322632 752 162 827 266
face 0.03180593252182007 752 162 827 266
face 0.030519574880599976 752 162 827 266
face 0.030308544635772705 752 162 827 266
face 0.029457688331604004 752 162 827 266
face 0.02907472848892212 752 162 827 266
face 0.027748584747314453 752 162 827 266
face 0.027077913284301758 752 162 827 266
face 0.026788771152496338 752 162 827 266
face 0.026732653379440308 752 162 827 266
face 0.0260506272315979 752 162 827 266
face 0.025637686252593994 752 162 827 266
face 0.02523443102836609 752 162 827 266
face 0.02315017580986023 752 162 827 266
face 0.023092687129974365 752 162 827 266
face 0.02300688624382019 752 162 827 266
face 0.022175192832946777 752 162 827 266
face 0.021908551454544067 752 162 827 266
face 0.021233826875686646 752 162 827 266
face 0.019540488719940186 752 162 827 266
face 0.018876969814300537 752 162 827 266
face 0.01870599389076233 752 162 827 266
face 0.017718493938446045 752 162 827 266
face 0.017655372619628906 752 162 827 266
face 0.01757735013961792 752 162 827 266
face 0.017575442790985107 752 162 827 266
face 0.016759365797042847 752 162 827 266
face 0.016671031713485718 752 162 827 266
face 0.016271919012069702 752 162 827 266
face 0.01617354154586792 752 162 827 266
face 0.0159895122051239 752 162 827 266
face 0.015698760747909546 752 162 827 266
face 0.015427231788635254 752 162 827 266
face 0.01541164517402649 752 162 827 266
face 0.015257924795150757 752 162 827 266
face 0.015163004398345947 752 162 827 266
face 0.015075713396072388 752 162 827 266
face 0.015027880668640137 752 162 827 266
face 0.014996588230133057 752 162 827 266
face 0.014807373285293579 752 162 827 266
face 0.014697819948196411 752 162 827 266
face 0.014651864767074585 752 162 827 266
face 0.014531224966049194 752 162 827 266
face 0.014457166194915771 752 162 827 266
face 0.014349788427352905 752 162 827 266
face 0.014204174280166626 752 162 827 266
face 0.013915300369262695 752 162 827 266
face 0.013797223567962646 752 162 827 266
face 0.013687610626220703 752 162 827 266
face 0.013676822185516357 752 162 827 266
face 0.013668566942214966 752 162 827 266
face 0.013635128736495972 752 162 827 266
face 0.01324644684791565 752 162 827 266
face 0.013005226850509644 752 162 827 266
face 0.012777149677276611 752 162 827 266
face 0.012767106294631958 752 162 827 266
face 0.012549012899398804 752 162 827 266
face 0.011893302202224731 752 162 827 266
face 0.01179206371307373 752 162 827 266
face 0.011692315340042114 752 162 827 266
face 0.01159733533859253 752 162 827 266
face 0.011439919471740723 752 162 827 266
face 0.011413276195526123 752 162 827 266
face 0.011335760354995728 752 162 827 266
face 0.011318594217300415 752 162 827 266
face 0.011238545179367065 752 162 827 266
face 0.01119723916053772 752 162 827 266
face 0.011113494634628296 752 162 827 266
face 0.01109430193901062 752 162 827 266
face 0.010849148035049438 752 162 827 266
face 0.01057693362236023 752 162 827 266
face 0.01053270697593689 752 162 827 266
face 0.010346293449401855 752 162 827 266
face 0.010309845209121704 752 162 827 266
face 0.010218173265457153 752 162 827 266
face 0.01007455587387085 752 162 827 266
face 0.010040283203125 752 162 827 266
face 0.010035276412963867 752 162 827 266
face 0.010004937648773193 752 162 827 266
face 0.009938657283782959 752 162 827 266
face 0.00978696346282959 752 162 827 266
face 0.009715020656585693 752 162 827 266
face 0.009697437286376953 752 162 827 266
face 0.00969243049621582 752 162 827 266
face 0.009606152772903442 752 162 827 266
face 0.009386986494064331 752 162 827 266
face 0.009373098611831665 752 162 827 266
face 0.009329169988632202 752 162 827 266
