face 0.9988446831703186 126 370 163 413
face 0.9980222582817078 580 238 607 272
face 0.997728705406189 277 209 306 245
face 0.9963345527648926 277 327 309 366
face 0.9962592720985413 727 375 762 415
face 0.9949646592140198 836 357 866 395
face 0.9948898553848267 461 280 488 315
face 0.9935284852981567 762 284 788 319
face 0.993087649345398 817 237 843 272
face 0.9903849959373474 654 249 681 282
face 0.9903761148452759 187 238 218 276
face 0.9875655174255371 464 220 493 255
face 0.9782274961471558 839 300 866 335
face 0.9748853445053101 790 317 819 356
face 0.9612191915512085 282 294 313 329
face 0.9569259881973267 495 355 526 394
face 0.9476161599159241 606 375 640 421
face 0.9458258152008057 690 222 715 253
face 0.940576434135437 355 393 384 430
face 0.9364970326423645 187 311 219 347
face 0.9222973585128784 709 336 737 372
face 0.9162554740905762 733 235 758 267
face 0.873982846736908 237 390 273 432
face 0.8171905875205994 907 360 941 400
face 0.7280240058898926 557 377 586 413
face 0.7201293706893921 410 353 439 389
face 0.6489579677581787 454 379 489 420
face 0.5418216586112976 874 289 898 321
face 0.5305032134056091 534 234 560 267
face 0.5155062079429626 191 379 223 417
face 0.4851159155368805 191 379 223 417
face 0.46152690052986145 191 379 223 417
face 0.4293667674064636 191 379 223 417
face 0.4272543787956238 191 379 223 417
face 0.3878783583641052 191 379 223 417
face 0.371792733669281 191 379 223 417
face 0.31539857387542725 191 379 223 417
face 0.2746502757072449 191 379 223 417
face 0.2593117952346802 191 379 223 417
face 0.2175559103488922 191 379 223 417
face 0.18590503931045532 191 379 223 417
face 0.1731538474559784 191 379 223 417
face 0.1546548306941986 191 379 223 417
face 0.12703588604927063 191 379 223 417
face 0.12618210911750793 191 379 223 417
face 0.1164456307888031 191 379 223 417
face 0.09407615661621094 191 379 223 417
face 0.08597755432128906 191 379 223 417
face 0.07358205318450928 191 379 223 417
face 0.07311597466468811 191 379 223 417
face 0.06361988186836243 191 379 223 417
face 0.059993743896484375 191 379 223 417
face 0.04859474301338196 191 379 223 417
face 0.04625549912452698 191 379 223 417
face 0.04567527770996094 191 379 223 417
face 0.03645595908164978 191 379 223 417
face 0.03527340292930603 191 379 223 417
face 0.029912948608398438 191 379 223 417
face 0.029582709074020386 191 379 223 417
face 0.02608850598335266 191 379 223 417
face 0.024753928184509277 191 379 223 417
face 0.024522900581359863 191 379 223 417
face 0.02403700351715088 191 379 223 417
face 0.02226942777633667 191 379 223 417
face 0.019878536462783813 191 379 223 417
face 0.01943206787109375 191 379 223 417
face 0.019001394510269165 191 379 223 417
face 0.015285700559616089 191 379 223 417
face 0.013673484325408936 191 379 223 417
face 0.013409942388534546 191 379 223 417
face 0.013211280107498169 191 379 223 417
face 0.012789517641067505 191 379 223 417
face 0.012757569551467896 191 379 223 417
face 0.012720227241516113 191 379 223 417
face 0.01164206862449646 191 379 223 417
face 0.0116177499294281 191 379 223 417
face 0.011529296636581421 191 379 223 417
face 0.010627776384353638 191 379 223 417
face 0.010532885789871216 191 379 223 417
face 0.010524332523345947 191 379 223 417
face 0.00967097282409668 191 379 223 417
face 0.009492486715316772 191 379 223 417
face 0.009316235780715942 191 379 223 417
face 0.008929520845413208 191 379 223 417
face 0.008854389190673828 191 379 223 417
face 0.008655369281768799 191 379 223 417
face 0.00849112868309021 191 379 223 417
face 0.008346378803253174 191 379 223 417
face 0.008115142583847046 191 379 223 417
face 0.00781664252281189 191 379 223 417
face 0.007692784070968628 191 379 223 417
face 0.007447659969329834 191 379 223 417
face 0.007439941167831421 191 379 223 417
face 0.006758898496627808 191 379 223 417
face 0.006606966257095337 191 379 223 417
face 0.006429076194763184 191 379 223 417
face 0.006319552659988403 191 379 223 417
face 0.005854010581970215 191 379 223 417
face 0.005813956260681152 191 379 223 417
face 0.005721151828765869 191 379 223 417
