face 0.9947385787963867 143 163 458 625
face 0.05700558423995972 143 163 458 625
face 0.03271600604057312 143 163 458 625
face 0.02067473530769348 143 163 458 625
face 0.019639253616333008 143 163 458 625
face 0.018010318279266357 143 163 458 625
face 0.01636233925819397 143 163 458 625
face 0.015497952699661255 143 163 458 625
face 0.014816880226135254 143 163 458 625
face 0.01379406452178955 143 163 458 625
face 0.01300060749053955 143 163 458 625
face 0.011994510889053345 143 163 458 625
face 0.011826127767562866 143 163 458 625
face 0.011635243892669678 143 163 458 625
face 0.011182606220245361 143 163 458 625
face 0.010942667722702026 143 163 458 625
face 0.010775268077850342 143 163 458 625
face 0.010582804679870605 143 163 458 625
face 0.010358184576034546 143 163 458 625
face 0.010341554880142212 143 163 458 625
face 0.010313987731933594 143 163 458 625
face 0.010285645723342896 143 163 458 625
face 0.010272353887557983 143 163 458 625
face 0.010206073522567749 143 163 458 625
face 0.010002076625823975 143 163 458 625
face 0.009958833456039429 143 163 458 625
face 0.009948194026947021 143 163 458 625
face 0.009919285774230957 143 163 458 625
face 0.009592115879058838 143 163 458 625
face 0.009501218795776367 143 163 458 625
face 0.009273111820220947 143 163 458 625
face 0.00920918583869934 143 163 458 625
face 0.0090789794921875 143 163 458 625
face 0.00902467966079712 143 163 458 625
face 0.009021908044815063 143 163 458 625
face 0.008864521980285645 143 163 458 625
face 0.008843809366226196 143 163 458 625
face 0.008805394172668457 143 163 458 625
face 0.008796393871307373 143 163 458 625
face 0.008768975734710693 143 163 458 625
face 0.008753955364227295 143 163 458 625
face 0.008647322654724121 143 163 458 625
face 0.00859534740447998 143 163 458 625
face 0.00858539342880249 143 163 458 625
face 0.0085371732711792 143 163 458 625
face 0.008457601070404053 143 163 458 625
face 0.00837796926498413 143 163 458 625
face 0.00834435224533081 143 163 458 625
face 0.008292168378829956 143 163 458 625
face 0.008228957653045654 143 163 458 625
face 0.008174985647201538 143 163 458 625
face 0.008151084184646606 143 163 458 625
face 0.008133262395858765 143 163 458 625
face 0.008078217506408691 143 163 458 625
face 0.007893472909927368 143 163 458 625
face 0.007777690887451172 143 163 458 625
face 0.007494419813156128 143 163 458 625
face 0.0074732303619384766 143 163 458 625
face 0.007450133562088013 143 163 458 625
face 0.007421135902404785 143 163 458 625
face 0.0072785913944244385 143 163 458 625
face 0.007227957248687744 143 163 458 625
face 0.007169663906097412 143 163 458 625
face 0.007134884595870972 143 163 458 625
face 0.0071205198764801025 143 163 458 625
face 0.007098585367202759 143 163 458 625
face 0.007093578577041626 143 163 458 625
face 0.006936013698577881 143 163 458 625
face 0.006873399019241333 143 163 458 625
face 0.006869584321975708 143 163 458 625
face 0.006814330816268921 143 163 458 625
face 0.006803721189498901 143 163 458 625
face 0.006690680980682373 143 163 458 625
face 0.0066367387771606445 143 163 458 625
face 0.006624758243560791 143 163 458 625
face 0.006606936454772949 143 163 458 625
face 0.006561785936355591 143 163 458 625
face 0.006560772657394409 143 163 458 625
face 0.006557196378707886 143 163 458 625
face 0.006542086601257324 143 163 458 625
face 0.0065299272537231445 143 163 458 625
face 0.006482988595962524 143 163 458 625
face 0.006472527980804443 143 163 458 625
face 0.006434142589569092 143 163 458 625
face 0.0063238441944122314 143 163 458 625
face 0.006296724081039429 143 163 458 625
face 0.006268739700317383 143 163 458 625
face 0.006200909614562988 143 163 458 625
face 0.0061334967613220215 143 163 458 625
face 0.0061324238777160645 143 163 458 625
face 0.006127893924713135 143 163 458 625
face 0.006043463945388794 143 163 458 625
face 0.005959212779998779 143 163 458 625
face 0.005953848361968994 143 163 458 625
face 0.0059379637241363525 143 163 458 625
face 0.005931854248046875 143 163 458 625
face 0.005922436714172363 143 163 458 625
face 0.005897819995880127 143 163 458 625
face 0.005897223949432373 143 163 458 625
face 0.005838513374328613 143 163 458 625
