face 0.854604959487915 314 637 331 665
face 0.7427974343299866 161 636 178 663
face 0.4513053596019745 161 636 178 663
face 0.41232573986053467 161 636 178 663
face 0.39597076177597046 161 636 178 663
face 0.35255712270736694 161 636 178 663
face 0.32800203561782837 161 636 178 663
face 0.28801316022872925 161 636 178 663
face 0.25680989027023315 161 636 178 663
face 0.25367194414138794 161 636 178 663
face 0.2513844668865204 161 636 178 663
face 0.24947896599769592 161 636 178 663
face 0.24929264187812805 161 636 178 663
face 0.22592207789421082 161 636 178 663
face 0.21754494309425354 161 636 178 663
face 0.2092823088169098 161 636 178 663
face 0.19935211539268494 161 636 178 663
face 0.17046481370925903 161 636 178 663
face 0.1682797372341156 161 636 178 663
face 0.15112906694412231 161 636 178 663
face 0.1403537094593048 161 636 178 663
face 0.1378905177116394 161 636 178 663
face 0.13014847040176392 161 636 178 663
face 0.12489533424377441 161 636 178 663
face 0.12390166521072388 161 636 178 663
face 0.12373685836791992 161 636 178 663
face 0.1199338436126709 161 636 178 663
face 0.11525589227676392 161 636 178 663
face 0.09645441174507141 161 636 178 663
face 0.09275767207145691 161 636 178 663
face 0.09268993139266968 161 636 178 663
face 0.0905231237411499 161 636 178 663
face 0.08957979083061218 161 636 178 663
face 0.08777347207069397 161 636 178 663
face 0.0861702561378479 161 636 178 663
face 0.08418816328048706 161 636 178 663
face 0.08374235033988953 161 636 178 663
face 0.08080750703811646 161 636 178 663
face 0.08009147644042969 161 636 178 663
face 0.07591629028320312 161 636 178 663
face 0.07205834984779358 161 636 178 663
face 0.07177788019180298 161 636 178 663
face 0.07077562808990479 161 636 178 663
face 0.0675959587097168 161 636 178 663
face 0.06641364097595215 161 636 178 663
face 0.06184744834899902 161 636 178 663
face 0.05998498201370239 161 636 178 663
face 0.05648419260978699 161 636 178 663
face 0.055668026208877563 161 636 178 663
face 0.0536673367023468 161 636 178 663
face 0.053420305252075195 161 636 178 663
face 0.05186295509338379 161 636 178 663
face 0.05136212706565857 161 636 178 663
face 0.050617367029190063 161 636 178 663
face 0.05000630021095276 161 636 178 663
face 0.048795998096466064 161 636 178 663
face 0.047245144844055176 161 636 178 663
face 0.04713141918182373 161 636 178 663
face 0.04677361249923706 161 636 178 663
face 0.04548853635787964 161 636 178 663
face 0.0449085533618927 161 636 178 663
face 0.040713876485824585 161 636 178 663
face 0.04045385122299194 161 636 178 663
face 0.0386938750743866 161 636 178 663
face 0.0370805561542511 161 636 178 663
face 0.034532248973846436 161 636 178 663
face 0.034530431032180786 161 636 178 663
face 0.03416794538497925 161 636 178 663
face 0.03320324420928955 161 636 178 663
face 0.032627612352371216 161 636 178 663
face 0.03256678581237793 161 636 178 663
face 0.029753506183624268 161 636 178 663
face 0.02911171317100525 161 636 178 663
face 0.028830915689468384 161 636 178 663
face 0.028803586959838867 161 636 178 663
face 0.02841871976852417 161 636 178 663
face 0.02804732322692871 161 636 178 663
face 0.027695178985595703 161 636 178 663
face 0.02752789855003357 161 636 178 663
face 0.027521193027496338 161 636 178 663
face 0.0273514986038208 161 636 178 663
face 0.027262955904006958 161 636 178 663
face 0.027096986770629883 161 636 178 663
face 0.026003479957580566 161 636 178 663
face 0.024694710969924927 161 636 178 663
face 0.0241643488407135 161 636 178 663
face 0.024120420217514038 161 636 178 663
face 0.022513598203659058 161 636 178 663
face 0.02198168635368347 161 636 178 663
face 0.021424412727355957 161 636 178 663
face 0.02095666527748108 161 636 178 663
face 0.020443618297576904 161 636 178 663
face 0.02019059658050537 161 636 178 663
face 0.01985710859298706 161 636 178 663
face 0.019273966550827026 161 636 178 663
face 0.018589377403259277 161 636 178 663
face 0.01851370930671692 161 636 178 663
face 0.017768800258636475 161 636 178 663
face 0.017724335193634033 161 636 178 663
face 0.017623037099838257 161 636 178 663
