face 0.9963576793670654 475 272 541 349
face 0.9786053895950317 651 274 725 346
face 0.9253191947937012 541 229 618 322
face 0.7489244937896729 718 374 794 458
face 0.654967188835144 281 229 361 316
face 0.023231089115142822 281 229 361 316
face 0.022958755493164062 281 229 361 316
face 0.02197486162185669 281 229 361 316
face 0.021836191415786743 281 229 361 316
face 0.021301746368408203 281 229 361 316
face 0.017542600631713867 281 229 361 316
face 0.016308456659317017 281 229 361 316
face 0.016289889812469482 281 229 361 316
face 0.015694737434387207 281 229 361 316
face 0.015337765216827393 281 229 361 316
face 0.015140682458877563 281 229 361 316
face 0.013672709465026855 281 229 361 316
face 0.013633966445922852 281 229 361 316
face 0.01347234845161438 281 229 361 316
face 0.012967824935913086 281 229 361 316
face 0.011810779571533203 281 229 361 316
face 0.011741995811462402 281 229 361 316
face 0.011046022176742554 281 229 361 316
face 0.010591566562652588 281 229 361 316
face 0.010363757610321045 281 229 361 316
face 0.009991198778152466 281 229 361 316
face 0.009959787130355835 281 229 361 316
face 0.009876906871795654 281 229 361 316
face 0.009720295667648315 281 229 361 316
face 0.009224355220794678 281 229 361 316
face 0.009172946214675903 281 229 361 316
face 0.009071886539459229 281 229 361 316
face 0.008947759866714478 281 229 361 316
face 0.00867345929145813 281 229 361 316
face 0.008654475212097168 281 229 361 316
face 0.008418649435043335 281 229 361 316
face 0.008397191762924194 281 229 361 316
face 0.008216410875320435 281 229 361 316
face 0.008192718029022217 281 229 361 316
face 0.007962822914123535 281 229 361 316
face 0.007962226867675781 281 229 361 316
face 0.007608264684677124 281 229 361 316
face 0.00759926438331604 281 229 361 316
face 0.00747254490852356 281 229 361 316
face 0.0074610114097595215 281 229 361 316
face 0.007331639528274536 281 229 361 316
face 0.007263898849487305 281 229 361 316
face 0.007176399230957031 281 229 361 316
face 0.0068846046924591064 281 229 361 316
face 0.0066849589347839355 281 229 361 316
face 0.006406605243682861 281 229 361 316
face 0.006393700838088989 281 229 361 316
face 0.006374269723892212 281 229 361 316
face 0.006310641765594482 281 229 361 316
face 0.006255626678466797 281 229 361 316
face 0.006076067686080933 281 229 361 316
face 0.00603938102722168 281 229 361 316
face 0.006034761667251587 281 229 361 316
face 0.005999207496643066 281 229 361 316
face 0.0057218074798583984 281 229 361 316
face 0.005720913410186768 281 229 361 316
face 0.00554540753364563 281 229 361 316
face 0.0055329203605651855 281 229 361 316
face 0.0055155158042907715 281 229 361 316
face 0.005472838878631592 281 229 361 316
face 0.005292832851409912 281 229 361 316
face 0.005229175090789795 281 229 361 316
face 0.005224257707595825 281 229 361 316
face 0.005192309617996216 281 229 361 316
face 0.0051912665367126465 281 229 361 316
face 0.005183368921279907 281 229 361 316
face 0.0050972700119018555 281 229 361 316
face 0.0050820112228393555 281 229 361 316
face 0.005055427551269531 281 229 361 316
face 0.005013525485992432 281 229 361 316
face 0.005009710788726807 281 229 361 316
face 0.0049842000007629395 281 229 361 316
face 0.004972785711288452 281 229 361 316
face 0.00493544340133667 281 229 361 316
face 0.004909396171569824 281 229 361 316
face 0.004899770021438599 281 229 361 316
face 0.004873514175415039 281 229 361 316
face 0.004858285188674927 281 229 361 316
face 0.004855811595916748 281 229 361 316
face 0.004807233810424805 281 229 361 316
face 0.004662364721298218 281 229 361 316
face 0.004659861326217651 281 229 361 316
face 0.004614323377609253 281 229 361 316
face 0.004527062177658081 281 229 361 316
face 0.004517912864685059 281 229 361 316
face 0.004505664110183716 281 229 361 316
face 0.0044561028480529785 281 229 361 316
face 0.004438251256942749 281 229 361 316
face 0.004427462816238403 281 229 361 316
face 0.004375368356704712 281 229 361 316
face 0.004293769598007202 281 229 361 316
face 0.004289150238037109 281 229 361 316
face 0.004258185625076294 281 229 361 316
face 0.0042279064655303955 281 229 361 316
face 0.00418737530708313 281 229 361 316
