face 0.8745530843734741 825 736 847 764
face 0.7240331768989563 679 730 694 756
face 0.6878572106361389 904 710 916 727
face 0.6524657607078552 73 719 86 738
face 0.6394186615943909 957 719 968 736
face 0.5913758277893066 422 138 491 228
face 0.5903207063674927 588 734 602 756
face 0.557996392250061 788 716 799 730
face 0.5559091567993164 857 719 868 734
face 0.5474444627761841 515 740 532 759
face 0.5212637782096863 401 718 413 731
face 0.4494905173778534 401 718 413 731
face 0.44836103916168213 401 718 413 731
face 0.41220274567604065 401 718 413 731
face 0.39785462617874146 401 718 413 731
face 0.3835245966911316 401 718 413 731
face 0.3479864001274109 401 718 413 731
face 0.3029036819934845 401 718 413 731
face 0.29332298040390015 401 718 413 731
face 0.2892470359802246 401 718 413 731
face 0.28816312551498413 401 718 413 731
face 0.2501220405101776 401 718 413 731
face 0.250104159116745 401 718 413 731
face 0.23589622974395752 401 718 413 731
face 0.2140955924987793 401 718 413 731
face 0.20373636484146118 401 718 413 731
face 0.19799408316612244 401 718 413 731
face 0.19102218747138977 401 718 413 731
face 0.17542701959609985 401 718 413 731
face 0.17163360118865967 401 718 413 731
face 0.15920135378837585 401 718 413 731
face 0.1511625051498413 401 718 413 731
face 0.14872309565544128 401 718 413 731
face 0.12693265080451965 401 718 413 731
face 0.0854543149471283 401 718 413 731
face 0.06792742013931274 401 718 413 731
face 0.05745503306388855 401 718 413 731
face 0.05630400776863098 401 718 413 731
face 0.04996299743652344 401 718 413 731
face 0.04390272498130798 401 718 413 731
face 0.042389482259750366 401 718 413 731
face 0.039219170808792114 401 718 413 731
face 0.03615289926528931 401 718 413 731
face 0.03390723466873169 401 718 413 731
face 0.033633291721343994 401 718 413 731
face 0.03349563479423523 401 718 413 731
face 0.03336033225059509 401 718 413 731
face 0.032881736755371094 401 718 413 731
face 0.03264471888542175 401 718 413 731
face 0.03258925676345825 401 718 413 731
face 0.032044798135757446 401 718 413 731
face 0.030742406845092773 401 718 413 731
face 0.030284583568572998 401 718 413 731
face 0.028825759887695312 401 718 413 731
face 0.027188509702682495 401 718 413 731
face 0.02590078115463257 401 718 413 731
face 0.025726616382598877 401 718 413 731
face 0.024792790412902832 401 718 413 731
face 0.024605870246887207 401 718 413 731
face 0.02445361018180847 401 718 413 731
face 0.023930013179779053 401 718 413 731
face 0.02392202615737915 401 718 413 731
face 0.023915618658065796 401 718 413 731
face 0.023196488618850708 401 718 413 731
face 0.021915167570114136 401 718 413 731
face 0.02163282036781311 401 718 413 731
face 0.021166682243347168 401 718 413 731
face 0.020959913730621338 401 718 413 731
face 0.020476430654525757 401 718 413 731
face 0.020351529121398926 401 718 413 731
face 0.019905835390090942 401 718 413 731
face 0.019118815660476685 401 718 413 731
face 0.019096553325653076 401 718 413 731
face 0.018461942672729492 401 718 413 731
face 0.018420428037643433 401 718 413 731
face 0.018411993980407715 401 718 413 731
face 0.01833665370941162 401 718 413 731
face 0.01827603578567505 401 718 413 731
face 0.018231302499771118 401 718 413 731
face 0.018171697854995728 401 718 413 731
face 0.018066346645355225 401 718 413 731
face 0.017670929431915283 401 718 413 731
face 0.017525523900985718 401 718 413 731
face 0.017212718725204468 401 718 413 731
face 0.017193526029586792 401 718 413 731
face 0.01710832118988037 401 718 413 731
face 0.016736894845962524 401 718 413 731
face 0.016601234674453735 401 718 413 731
face 0.016540855169296265 401 718 413 731
face 0.016482144594192505 401 718 413 731
face 0.016374409198760986 401 718 413 731
face 0.01618349552154541 401 718 413 731
face 0.016141563653945923 401 718 413 731
face 0.016059905290603638 401 718 413 731
face 0.01584470272064209 401 718 413 731
face 0.015840917825698853 401 718 413 731
face 0.015738099813461304 401 718 413 731
face 0.015736281871795654 401 718 413 731
face 0.01570776104927063 401 718 413 731
face 0.015608370304107666 401 718 413 731
