face 0.41818302869796753 408 245 635 530
face 0.03946778178215027 408 245 635 530
face 0.014377802610397339 408 245 635 530
face 0.009775489568710327 408 245 635 530
face 0.00880122184753418 408 245 635 530
face 0.008543640375137329 408 245 635 530
face 0.008004575967788696 408 245 635 530
face 0.007994115352630615 408 245 635 530
face 0.007892042398452759 408 245 635 530
face 0.007863849401473999 408 245 635 530
face 0.00764620304107666 408 245 635 530
face 0.007608652114868164 408 245 635 530
face 0.007589071989059448 408 245 635 530
face 0.007371634244918823 408 245 635 530
face 0.007349342107772827 408 245 635 530
face 0.0073184967041015625 408 245 635 530
face 0.007277846336364746 408 245 635 530
face 0.006868034601211548 408 245 635 530
face 0.006699919700622559 408 245 635 530
face 0.006440162658691406 408 245 635 530
face 0.006338655948638916 408 245 635 530
face 0.0061869025230407715 408 245 635 530
face 0.006150871515274048 408 245 635 530
face 0.006145775318145752 408 245 635 530
face 0.0061109066009521484 408 245 635 530
face 0.006095021963119507 408 245 635 530
face 0.006094992160797119 408 245 635 530
face 0.005853086709976196 408 245 635 530
face 0.005623430013656616 408 245 635 530
face 0.005568891763687134 408 245 635 530
face 0.00556221604347229 408 245 635 530
face 0.005485445261001587 408 245 635 530
face 0.00527992844581604 408 245 635 530
face 0.0051097869873046875 408 245 635 530
face 0.0050973594188690186 408 245 635 530
face 0.005003392696380615 408 245 635 530
face 0.00499039888381958 408 245 635 530
face 0.004966914653778076 408 245 635 530
face 0.0049664974212646484 408 245 635 530
face 0.004966229200363159 408 245 635 530
face 0.0049085915088653564 408 245 635 530
face 0.004902541637420654 408 245 635 530
face 0.004885315895080566 408 245 635 530
face 0.004731237888336182 408 245 635 530
face 0.0046624839305877686 408 245 635 530
face 0.004634588956832886 408 245 635 530
face 0.004604429006576538 408 245 635 530
face 0.0045788586139678955 408 245 635 530
face 0.004491448402404785 408 245 635 530
face 0.0044426023960113525 408 245 635 530
face 0.004423290491104126 408 245 635 530
face 0.004336625337600708 408 245 635 530
face 0.004332631826400757 408 245 635 530
face 0.00424569845199585 408 245 635 530
face 0.004240870475769043 408 245 635 530
face 0.004195481538772583 408 245 635 530
face 0.004193156957626343 408 245 635 530
face 0.00417366623878479 408 245 635 530
face 0.004150122404098511 408 245 635 530
face 0.004141390323638916 408 245 635 530
face 0.004140228033065796 408 245 635 530
face 0.0040960609912872314 408 245 635 530
face 0.004078567028045654 408 245 635 530
face 0.0039816200733184814 408 245 635 530
face 0.003902643918991089 408 245 635 530
face 0.0039017796516418457 408 245 635 530
face 0.0039013326168060303 408 245 635 530
face 0.003899693489074707 408 245 635 530
face 0.003838777542114258 408 245 635 530
face 0.0038057267665863037 408 245 635 530
face 0.0037699639797210693 408 245 635 530
face 0.0037559866905212402 408 245 635 530
face 0.003656446933746338 408 245 635 530
face 0.003638744354248047 408 245 635 530
face 0.003638237714767456 408 245 635 530
face 0.0036358535289764404 408 245 635 530
face 0.003602832555770874 408 245 635 530
face 0.003552377223968506 408 245 635 530
face 0.003548532724380493 408 245 635 530
face 0.003524690866470337 408 245 635 530
face 0.0035008788108825684 408 245 635 530
face 0.0035008490085601807 408 245 635 530
face 0.003497302532196045 408 245 635 530
face 0.003494769334793091 408 245 635 530
face 0.003492593765258789 408 245 635 530
face 0.0034640729427337646 408 245 635 530
face 0.0034377574920654297 408 245 635 530
face 0.0034370124340057373 408 245 635 530
face 0.0034267008304595947 408 245 635 530
face 0.0034179091453552246 408 245 635 530
face 0.0034095048904418945 408 245 635 530
face 0.0034049153327941895 408 245 635 530
face 0.0033941566944122314 408 245 635 530
face 0.003340989351272583 408 245 635 530
face 0.003322601318359375 408 245 635 530
face 0.003278881311416626 408 245 635 530
face 0.003271043300628662 408 245 635 530
face 0.003259032964706421 408 245 635 530
face 0.0032258331775665283 408 245 635 530
face 0.0032249391078948975 408 245 635 530
