face 0.9991912841796875 660 361 698 405
face 0.9988865852355957 484 333 522 379
face 0.9978718161582947 409 167 442 205
face 0.9972409605979919 344 334 379 381
face 0.9943975806236267 220 334 253 379
face 0.9935785531997681 857 344 897 395
face 0.992496907711029 707 145 744 190
face 0.9897129535675049 521 153 552 191
face 0.9842978715896606 807 130 842 174
face 0.9626410007476807 216 141 246 176
face 0.884588897228241 605 137 645 181
face 0.7728174924850464 104 350 137 394
face 0.6891478896141052 314 153 343 190
face 0.050898343324661255 314 153 343 190
face 0.04465597867965698 314 153 343 190
face 0.040026456117630005 314 153 343 190
face 0.021330058574676514 314 153 343 190
face 0.019305288791656494 314 153 343 190
face 0.0187971293926239 314 153 343 190
face 0.0181882381439209 314 153 343 190
face 0.016338378190994263 314 153 343 190
face 0.016201794147491455 314 153 343 190
face 0.015277713537216187 314 153 343 190
face 0.01431882381439209 314 153 343 190
face 0.014121919870376587 314 153 343 190
face 0.013555198907852173 314 153 343 190
face 0.012732386589050293 314 153 343 190
face 0.012203693389892578 314 153 343 190
face 0.011852532625198364 314 153 343 190
face 0.011602550745010376 314 153 343 190
face 0.01001197099685669 314 153 343 190
face 0.009444057941436768 314 153 343 190
face 0.008152693510055542 314 153 343 190
face 0.007904022932052612 314 153 343 190
face 0.007755875587463379 314 153 343 190
face 0.006760895252227783 314 153 343 190
face 0.006402462720870972 314 153 343 190
face 0.006319642066955566 314 153 343 190
face 0.006159186363220215 314 153 343 190
face 0.00613674521446228 314 153 343 190
face 0.006100565195083618 314 153 343 190
face 0.005893439054489136 314 153 343 190
face 0.005197435617446899 314 153 343 190
face 0.004959523677825928 314 153 343 190
face 0.0049405694007873535 314 153 343 190
face 0.0046964287757873535 314 153 343 190
face 0.004671663045883179 314 153 343 190
face 0.004476308822631836 314 153 343 190
face 0.004165381193161011 314 153 343 190
face 0.004162490367889404 314 153 343 190
face 0.003928154706954956 314 153 343 190
face 0.003922790288925171 314 153 343 190
face 0.0035407543182373047 314 153 343 190
face 0.003530353307723999 314 153 343 190
face 0.0034902989864349365 314 153 343 190
face 0.003460794687271118 314 153 343 190
face 0.0033243894577026367 314 153 343 190
face 0.003248453140258789 314 153 343 190
face 0.003211110830307007 314 153 343 190
face 0.003182739019393921 314 153 343 190
face 0.0031234323978424072 314 153 343 190
face 0.00309714674949646 314 153 343 190
face 0.003040999174118042 314 153 343 190
face 0.003031224012374878 314 153 343 190
face 0.0030119717121124268 314 153 343 190
face 0.0028187334537506104 314 153 343 190
face 0.0028035342693328857 314 153 343 190
face 0.002779632806777954 314 153 343 190
face 0.002766817808151245 314 153 343 190
face 0.0027494430541992188 314 153 343 190
face 0.0027482807636260986 314 153 343 190
face 0.0027243196964263916 314 153 343 190
face 0.0027181506156921387 314 153 343 190
face 0.002707928419113159 314 153 343 190
face 0.0027000010013580322 314 153 343 190
face 0.0026362836360931396 314 153 343 190
face 0.002562791109085083 314 153 343 190
face 0.00250813364982605 314 153 343 190
face 0.0024951398372650146 314 153 343 190
face 0.00247955322265625 314 153 343 190
face 0.0024772286415100098 314 153 343 190
face 0.002472788095474243 314 153 343 190
face 0.00244709849357605 314 153 343 190
face 0.00242045521736145 314 153 343 190
face 0.002405703067779541 314 153 343 190
face 0.002399355173110962 314 153 343 190
face 0.0023979544639587402 314 153 343 190
face 0.0023765265941619873 314 153 343 190
face 0.002374112606048584 314 153 343 190
face 0.0023619532585144043 314 153 343 190
face 0.002338409423828125 314 153 343 190
face 0.002273470163345337 314 153 343 190
face 0.002253323793411255 314 153 343 190
face 0.002250969409942627 314 153 343 190
face 0.0022227466106414795 314 153 343 190
face 0.002170354127883911 314 153 343 190
face 0.002165079116821289 314 153 343 190
face 0.0021649599075317383 314 153 343 190
face 0.0021438300609588623 314 153 343 190
face 0.002139538526535034 314 153 343 190
