face 0.9997258186340332 411 243 472 326
face 0.9983233213424683 301 244 363 335
face 0.9528260231018066 555 228 618 314
face 0.6405197978019714 651 234 703 312
face 0.0939580500125885 651 234 703 312
face 0.0887821614742279 651 234 703 312
face 0.07309439778327942 651 234 703 312
face 0.05860871076583862 651 234 703 312
face 0.043367981910705566 651 234 703 312
face 0.04063957929611206 651 234 703 312
face 0.03788048028945923 651 234 703 312
face 0.03783419728279114 651 234 703 312
face 0.02255702018737793 651 234 703 312
face 0.022237718105316162 651 234 703 312
face 0.016733944416046143 651 234 703 312
face 0.014123529195785522 651 234 703 312
face 0.014116525650024414 651 234 703 312
face 0.01252475380897522 651 234 703 312
face 0.011229395866394043 651 234 703 312
face 0.011198550462722778 651 234 703 312
face 0.010886460542678833 651 234 703 312
face 0.010668069124221802 651 234 703 312
face 0.010626047849655151 651 234 703 312
face 0.01005825400352478 651 234 703 312
face 0.00987917184829712 651 234 703 312
face 0.009874582290649414 651 234 703 312
face 0.009496122598648071 651 234 703 312
face 0.009461075067520142 651 234 703 312
face 0.009415954351425171 651 234 703 312
face 0.009237885475158691 651 234 703 312
face 0.008999794721603394 651 234 703 312
face 0.008824557065963745 651 234 703 312
face 0.008779793977737427 651 234 703 312
face 0.008165091276168823 651 234 703 312
face 0.007950693368911743 651 234 703 312
face 0.007407426834106445 651 234 703 312
face 0.00734594464302063 651 234 703 312
face 0.007281452417373657 651 234 703 312
face 0.007224291563034058 651 234 703 312
face 0.007176309823989868 651 234 703 312
face 0.006983518600463867 651 234 703 312
face 0.0065462589263916016 651 234 703 312
face 0.006291419267654419 651 234 703 312
face 0.006244242191314697 651 234 703 312
face 0.006212294101715088 651 234 703 312
face 0.006208300590515137 651 234 703 312
face 0.006051003932952881 651 234 703 312
face 0.006041228771209717 651 234 703 312
face 0.005829870700836182 651 234 703 312
face 0.0056445300579071045 651 234 703 312
face 0.00555872917175293 651 234 703 312
face 0.005349278450012207 651 234 703 312
face 0.005255252122879028 651 234 703 312
face 0.005078494548797607 651 234 703 312
face 0.005040287971496582 651 234 703 312
face 0.00501638650894165 651 234 703 312
face 0.004904270172119141 651 234 703 312
face 0.004836022853851318 651 234 703 312
face 0.004786670207977295 651 234 703 312
face 0.004767775535583496 651 234 703 312
face 0.004665017127990723 651 234 703 312
face 0.004618823528289795 651 234 703 312
face 0.004557669162750244 651 234 703 312
face 0.004528939723968506 651 234 703 312
face 0.004411429166793823 651 234 703 312
face 0.004347562789916992 651 234 703 312
face 0.004319638013839722 651 234 703 312
face 0.004251658916473389 651 234 703 312
face 0.004232734441757202 651 234 703 312
face 0.0042258501052856445 651 234 703 312
face 0.004148572683334351 651 234 703 312
face 0.004123598337173462 651 234 703 312
face 0.004067510366439819 651 234 703 312
face 0.004050552845001221 651 234 703 312
face 0.00396806001663208 651 234 703 312
face 0.003953129053115845 651 234 703 312
face 0.003910452127456665 651 234 703 312
face 0.0038503706455230713 651 234 703 312
face 0.0037417709827423096 651 234 703 312
face 0.003696054220199585 651 234 703 312
face 0.0036600232124328613 651 234 703 312
face 0.0036155283451080322 651 234 703 312
face 0.0035998523235321045 651 234 703 312
face 0.0035691261291503906 651 234 703 312
face 0.0035671889781951904 651 234 703 312
face 0.003513902425765991 651 234 703 312
face 0.0035043954849243164 651 234 703 312
face 0.0034265220165252686 651 234 703 312
face 0.0033853352069854736 651 234 703 312
face 0.0033791661262512207 651 234 703 312
face 0.0033654868602752686 651 234 703 312
face 0.0033426284790039062 651 234 703 312
face 0.003313004970550537 651 234 703 312
face 0.003292679786682129 651 234 703 312
face 0.0032407641410827637 651 234 703 312
face 0.0032025575637817383 651 234 703 312
face 0.003178149461746216 651 234 703 312
face 0.003093242645263672 651 234 703 312
face 0.003089308738708496 651 234 703 312
face 0.0030762553215026855 651 234 703 312
