face 0.9966241121292114 414 192 511 319
face 0.0511833131313324 414 192 511 319
face 0.049303293228149414 414 192 511 319
face 0.03496912121772766 414 192 511 319
face 0.030720114707946777 414 192 511 319
face 0.029783576726913452 414 192 511 319
face 0.028004437685012817 414 192 511 319
face 0.027579456567764282 414 192 511 319
face 0.025365889072418213 414 192 511 319
face 0.02317109704017639 414 192 511 319
face 0.023038536310195923 414 192 511 319
face 0.018299341201782227 414 192 511 319
face 0.016337811946868896 414 192 511 319
face 0.016041159629821777 414 192 511 319
face 0.016005247831344604 414 192 511 319
face 0.013978153467178345 414 192 511 319
face 0.01367044448852539 414 192 511 319
face 0.013357937335968018 414 192 511 319
face 0.013129353523254395 414 192 511 319
face 0.013112694025039673 414 192 511 319
face 0.013006001710891724 414 192 511 319
face 0.012456119060516357 414 192 511 319
face 0.012236565351486206 414 192 511 319
face 0.012016147375106812 414 192 511 319
face 0.011770635843276978 414 192 511 319
face 0.011494606733322144 414 192 511 319
face 0.01141810417175293 414 192 511 319
face 0.011270284652709961 414 192 511 319
face 0.010793507099151611 414 192 511 319
face 0.01079300045967102 414 192 511 319
face 0.010571837425231934 414 192 511 319
face 0.010394841432571411 414 192 511 319
face 0.010003447532653809 414 192 511 319
face 0.009739130735397339 414 192 511 319
face 0.009584397077560425 414 192 511 319
face 0.00953558087348938 414 192 511 319
face 0.008910268545150757 414 192 511 319
face 0.008841067552566528 414 192 511 319
face 0.008611410856246948 414 192 511 319
face 0.00855979323387146 414 192 511 319
face 0.008557289838790894 414 192 511 319
face 0.008462369441986084 414 192 511 319
face 0.008354216814041138 414 192 511 319
face 0.008287817239761353 414 192 511 319
face 0.00828501582145691 414 192 511 319
face 0.00813397765159607 414 192 511 319
face 0.008119672536849976 414 192 511 319
face 0.008093863725662231 414 192 511 319
face 0.00808897614479065 414 192 511 319
face 0.008041292428970337 414 192 511 319
face 0.008037418127059937 414 192 511 319
face 0.007964342832565308 414 192 511 319
face 0.007855772972106934 414 192 511 319
face 0.007757365703582764 414 192 511 319
face 0.007748305797576904 414 192 511 319
face 0.007721364498138428 414 192 511 319
face 0.007578909397125244 414 192 511 319
face 0.007312148809432983 414 192 511 319
face 0.007174879312515259 414 192 511 319
face 0.00705292820930481 414 192 511 319
face 0.006956726312637329 414 192 511 319
face 0.00693666934967041 414 192 511 319
face 0.00687253475189209 414 192 511 319
face 0.006796300411224365 414 192 511 319
face 0.006782799959182739 414 192 511 319
face 0.006706207990646362 414 192 511 319
face 0.006647765636444092 414 192 511 319
face 0.0065704286098480225 414 192 511 319
face 0.006475776433944702 414 192 511 319
face 0.006442040205001831 414 192 511 319
face 0.006413251161575317 414 192 511 319
face 0.006360352039337158 414 192 511 319
face 0.006276041269302368 414 192 511 319
face 0.006263822317123413 414 192 511 319
face 0.006180435419082642 414 192 511 319
face 0.006160140037536621 414 192 511 319
face 0.0061196982860565186 414 192 511 319
face 0.006035596132278442 414 192 511 319
face 0.006000697612762451 414 192 511 319
face 0.005985885858535767 414 192 511 319
face 0.005977720022201538 414 192 511 319
face 0.005940049886703491 414 192 511 319
face 0.005892962217330933 414 192 511 319
face 0.005867660045623779 414 192 511 319
face 0.005845457315444946 414 192 511 319
face 0.005838453769683838 414 192 511 319
face 0.0058227479457855225 414 192 511 319
face 0.005764752626419067 414 192 511 319
face 0.005712002515792847 414 192 511 319
face 0.005692481994628906 414 192 511 319
face 0.005645245313644409 414 192 511 319
face 0.005635648965835571 414 192 511 319
face 0.005577832460403442 414 192 511 319
face 0.0054978132247924805 414 192 511 319
face 0.005491882562637329 414 192 511 319
face 0.005471915006637573 414 192 511 319
face 0.00547143816947937 414 192 511 319
face 0.005456447601318359 414 192 511 319
face 0.00545009970664978 414 192 511 319
face 0.005408525466918945 414 192 511 319
