face 0.9959321618080139 428 117 502 206
face 0.04855296015739441 428 117 502 206
face 0.034026652574539185 428 117 502 206
face 0.025015980005264282 428 117 502 206
face 0.021817445755004883 428 117 502 206
face 0.021120131015777588 428 117 502 206
face 0.02086770534515381 428 117 502 206
face 0.019918709993362427 428 117 502 206
face 0.01896435022354126 428 117 502 206
face 0.01889568567276001 428 117 502 206
face 0.01796191930770874 428 117 502 206
face 0.017431944608688354 428 117 502 206
face 0.016947835683822632 428 117 502 206
face 0.016882240772247314 428 117 502 206
face 0.016672223806381226 428 117 502 206
face 0.01608884334564209 428 117 502 206
face 0.014804095029830933 428 117 502 206
face 0.014787673950195312 428 117 502 206
face 0.014610916376113892 428 117 502 206
face 0.01441606879234314 428 117 502 206
face 0.014096319675445557 428 117 502 206
face 0.013910353183746338 428 117 502 206
face 0.01376083493232727 428 117 502 206
face 0.013474971055984497 428 117 502 206
face 0.013454645872116089 428 117 502 206
face 0.013218700885772705 428 117 502 206
face 0.013164669275283813 428 117 502 206
face 0.012745410203933716 428 117 502 206
face 0.011719286441802979 428 117 502 206
face 0.011578559875488281 428 117 502 206
face 0.011578500270843506 428 117 502 206
face 0.011463254690170288 428 117 502 206
face 0.011010020971298218 428 117 502 206
face 0.010852217674255371 428 117 502 206
face 0.010623067617416382 428 117 502 206
face 0.010450094938278198 428 117 502 206
face 0.010433882474899292 428 117 502 206
face 0.010112583637237549 428 117 502 206
face 0.00981101393699646 428 117 502 206
face 0.009737968444824219 428 117 502 206
face 0.00957140326499939 428 117 502 206
face 0.00951230525970459 428 117 502 206
face 0.009369194507598877 428 117 502 206
face 0.009323179721832275 428 117 502 206
face 0.009201586246490479 428 117 502 206
face 0.008966952562332153 428 117 502 206
face 0.008953273296356201 428 117 502 206
face 0.008928775787353516 428 117 502 206
face 0.008905470371246338 428 117 502 206
face 0.00882062315940857 428 117 502 206
face 0.008749336004257202 428 117 502 206
face 0.00874638557434082 428 117 502 206
face 0.008733034133911133 428 117 502 206
face 0.00870358943939209 428 117 502 206
face 0.00856974720954895 428 117 502 206
face 0.008518874645233154 428 117 502 206
face 0.00847741961479187 428 117 502 206
face 0.00845867395401001 428 117 502 206
face 0.008257895708084106 428 117 502 206
face 0.0081254243850708 428 117 502 206
face 0.008103430271148682 428 117 502 206
face 0.007998943328857422 428 117 502 206
face 0.00799649953842163 428 117 502 206
face 0.007835477590560913 428 117 502 206
face 0.0078029632568359375 428 117 502 206
face 0.007786303758621216 428 117 502 206
face 0.007732987403869629 428 117 502 206
face 0.0075081586837768555 428 117 502 206
face 0.007477164268493652 428 117 502 206
face 0.007471293210983276 428 117 502 206
face 0.007428616285324097 428 117 502 206
face 0.007409979589283466 428 117 502 206
face 0.007311820983886719 428 117 502 206
face 0.0073029398918151855 428 117 502 206
face 0.007236897945404053 428 117 502 206
face 0.0071833133697509766 428 117 502 206
face 0.007086753845214844 428 117 502 206
face 0.007057994604110718 428 117 502 206
face 0.007041603326797485 428 117 502 206
face 0.007008790969848633 428 117 502 206
face 0.006865799427032471 428 117 502 206
face 0.006823062896728516 428 117 502 206
face 0.006821721792221069 428 117 502 206
face 0.00675809383392334 428 117 502 206
face 0.0067482590675354 428 117 502 206
face 0.006744801998138428 428 117 502 206
face 0.006727159023284912 428 117 502 206
face 0.006644904613494873 428 117 502 206
face 0.0065979063510894775 428 117 502 206
face 0.006497383117675781 428 117 502 206
face 0.0064667463302612305 428 117 502 206
face 0.006456583738327026 428 117 502 206
face 0.006435126066207886 428 117 502 206
face 0.006365090608596802 428 117 502 206
face 0.006357401609420776 428 117 502 206
face 0.006331443786621094 428 117 502 206
face 0.00627937912940979 428 117 502 206
face 0.006268590688705444 428 117 502 206
face 0.006261378526687622 428 117 502 206
face 0.006248414516448975 428 117 502 206
