face 0.9874722957611084 825 164 952 321
face 0.0285319983959198 825 164 952 321
face 0.022533059120178223 825 164 952 321
face 0.01718229055404663 825 164 952 321
face 0.01648271083831787 825 164 952 321
face 0.015913337469100952 825 164 952 321
face 0.01448795199394226 825 164 952 321
face 0.014194399118423462 825 164 952 321
face 0.013328909873962402 825 164 952 321
face 0.013065725564956665 825 164 952 321
face 0.012292057275772095 825 164 952 321
face 0.011757433414459229 825 164 952 321
face 0.01114627718925476 825 164 952 321
face 0.010340750217437744 825 164 952 321
face 0.010103881359100342 825 164 952 321
face 0.00996747612953186 825 164 952 321
face 0.009798556566238403 825 164 952 321
face 0.00973367691040039 825 164 952 321
face 0.009571969509124756 825 164 952 321
face 0.009317725896835327 825 164 952 321
face 0.009246110916137695 825 164 952 321
face 0.008915841579437256 825 164 952 321
face 0.008915543556213379 825 164 952 321
face 0.008903712034225464 825 164 952 321
face 0.008738785982131958 825 164 952 321
face 0.008657097816467285 825 164 952 321
face 0.00860258936882019 825 164 952 321
face 0.008599638938903809 825 164 952 321
face 0.008457958698272705 825 164 952 321
face 0.008229583501815796 825 164 952 321
face 0.007865309715270996 825 164 952 321
face 0.007856011390686035 825 164 952 321
face 0.007794409990310669 825 164 952 321
face 0.0077384114265441895 825 164 952 321
face 0.0077291131019592285 825 164 952 321
face 0.007599771022796631 825 164 952 321
face 0.007555186748504639 825 164 952 321
face 0.007552832365036011 825 164 952 321
face 0.007358193397521973 825 164 952 321
face 0.007257252931594849 825 164 952 321
face 0.007210761308670044 825 164 952 321
face 0.007069230079650879 825 164 952 321
face 0.006941944360733032 825 164 952 321
face 0.006929934024810791 825 164 952 321
face 0.006920307874679565 825 164 952 321
face 0.0069044530391693115 825 164 952 321
face 0.006847500801086426 825 164 952 321
face 0.006803601980209351 825 164 952 321
face 0.006772398948669434 825 164 952 321
face 0.006741851568222046 825 164 952 321
face 0.006545066833496094 825 164 952 321
face 0.006542891263961792 825 164 952 321
face 0.006514221429824829 825 164 952 321
face 0.006445586681365967 825 164 952 321
face 0.006329476833343506 825 164 952 321
face 0.006184101104736328 825 164 952 321
face 0.006152510643005371 825 164 952 321
face 0.006058037281036377 825 164 952 321
face 0.006054520606994629 825 164 952 321
face 0.005992472171783447 825 164 952 321
face 0.005877107381820679 825 164 952 321
face 0.00586313009262085 825 164 952 321
face 0.0057762861251831055 825 164 952 321
face 0.005765378475189209 825 164 952 321
face 0.005757242441177368 825 164 952 321
face 0.00569722056388855 825 164 952 321
face 0.0056844353675842285 825 164 952 321
face 0.005647540092468262 825 164 952 321
face 0.0055863261222839355 825 164 952 321
face 0.005573958158493042 825 164 952 321
face 0.005551129579544067 825 164 952 321
face 0.005511224269866943 825 164 952 321
face 0.0055075883865356445 825 164 952 321
face 0.005427241325378418 825 164 952 321
face 0.005419045686721802 825 164 952 321
face 0.005412757396697998 825 164 952 321
face 0.005281686782836914 825 164 952 321
face 0.005280882120132446 825 164 952 321
face 0.005176186561584473 825 164 952 321
face 0.005175113677978516 825 164 952 321
face 0.005145609378814697 825 164 952 321
face 0.005144447088241577 825 164 952 321
face 0.005126655101776123 825 164 952 321
face 0.005107611417770386 825 164 952 321
face 0.005038946866989136 825 164 952 321
face 0.005015969276428223 825 164 952 321
face 0.005006909370422363 825 164 952 321
face 0.00500643253326416 825 164 952 321
face 0.004991382360458374 825 164 952 321
face 0.004964351654052734 825 164 952 321
face 0.0049544572830200195 825 164 952 321
face 0.00495186448097229 825 164 952 321
face 0.004872500896453857 825 164 952 321
face 0.004852890968322754 825 164 952 321
face 0.00468289852142334 825 164 952 321
face 0.0046825110912323 825 164 952 321
face 0.00465884804725647 825 164 952 321
face 0.004603564739227295 825 164 952 321
face 0.004454165697097778 825 164 952 321
face 0.004436194896697998 825 164 952 321
