face 0.9515731930732727 186 46 862 506
face 0.23718947172164917 186 46 862 506
face 0.10698461532592773 186 46 862 506
face 0.1054421067237854 186 46 862 506
face 0.09358376264572144 186 46 862 506
face 0.08962410688400269 186 46 862 506
face 0.08380633592605591 186 46 862 506
face 0.08124452829360962 186 46 862 506
face 0.07507482171058655 186 46 862 506
face 0.06443208456039429 186 46 862 506
face 0.0602889358997345 186 46 862 506
face 0.05956199765205383 186 46 862 506
face 0.05866020917892456 186 46 862 506
face 0.05861732363700867 186 46 862 506
face 0.05533704161643982 186 46 862 506
face 0.055242717266082764 186 46 862 506
face 0.053805649280548096 186 46 862 506
face 0.053496748208999634 186 46 862 506
face 0.053413987159729004 186 46 862 506
face 0.052524030208587646 186 46 862 506
face 0.051190853118896484 186 46 862 506
face 0.047907471656799316 186 46 862 506
face 0.04736638069152832 186 46 862 506
face 0.04617196321487427 186 46 862 506
face 0.04576876759529114 186 46 862 506
face 0.04562994837760925 186 46 862 506
face 0.04321005940437317 186 46 862 506
face 0.042683929204940796 186 46 862 506
face 0.042209118604660034 186 46 862 506
face 0.04125151038169861 186 46 862 506
face 0.04100075364112854 186 46 862 506
face 0.04064154624938965 186 46 862 506
face 0.040513426065444946 186 46 862 506
face 0.04048871994018555 186 46 862 506
face 0.039570778608322144 186 46 862 506
face 0.03911098837852478 186 46 862 506
face 0.03727307915687561 186 46 862 506
face 0.036745041608810425 186 46 862 506
face 0.03527161478996277 186 46 862 506
face 0.03515985608100891 186 46 862 506
face 0.034964531660079956 186 46 862 506
face 0.03284838795661926 186 46 862 506
face 0.03278529644012451 186 46 862 506
face 0.030819714069366455 186 46 862 506
face 0.030757009983062744 186 46 862 506
face 0.030558794736862183 186 46 862 506
face 0.030355453491210938 186 46 862 506
face 0.030212819576263428 186 46 862 506
face 0.029108673334121704 186 46 862 506
face 0.027881115674972534 186 46 862 506
face 0.027404099702835083 186 46 862 506
face 0.027122020721435547 186 46 862 506
face 0.026620090007781982 186 46 862 506
face 0.02645421028137207 186 46 862 506
face 0.02644336223602295 186 46 862 506
face 0.026397138833999634 186 46 862 506
face 0.026126444339752197 186 46 862 506
face 0.02553597092628479 186 46 862 506
face 0.025322943925857544 186 46 862 506
face 0.025116711854934692 186 46 862 506
face 0.02425798773765564 186 46 862 506
face 0.02423146367073059 186 46 862 506
face 0.0241411030292511 186 46 862 506
face 0.023917585611343384 186 46 862 506
face 0.02376452088356018 186 46 862 506
face 0.02357044816017151 186 46 862 506
face 0.022802233695983887 186 46 862 506
face 0.02259787917137146 186 46 862 506
face 0.022534191608428955 186 46 862 506
face 0.022503942251205444 186 46 862 506
face 0.02225854992866516 186 46 862 506
face 0.021571069955825806 186 46 862 506
face 0.021518588066101074 186 46 862 506
face 0.021378934383392334 186 46 862 506
face 0.020214736461639404 186 46 862 506
face 0.020110994577407837 186 46 862 506
face 0.02002429962158203 186 46 862 506
face 0.019676804542541504 186 46 862 506
face 0.01937839388847351 186 46 862 506
face 0.01891830563545227 186 46 862 506
face 0.018905282020568848 186 46 862 506
face 0.017908364534378052 186 46 862 506
face 0.01787388324737549 186 46 862 506
face 0.0177270770072937 186 46 862 506
face 0.01771724224090576 186 46 862 506
face 0.017323046922683716 186 46 862 506
face 0.017321884632110596 186 46 862 506
face 0.017094671726226807 186 46 862 506
face 0.01682952046394348 186 46 862 506
face 0.01668184995651245 186 46 862 506
face 0.016673952341079712 186 46 862 506
face 0.01664695143699646 186 46 862 506
face 0.016478240489959717 186 46 862 506
face 0.016096532344818115 186 46 862 506
face 0.016043126583099365 186 46 862 506
face 0.015837818384170532 186 46 862 506
face 0.01576441526412964 186 46 862 506
face 0.015206456184387207 186 46 862 506
face 0.015076547861099243 186 46 862 506
face 0.015032202005386353 186 46 862 506
