face 0.2508124113082886 239 125 399 359
face 0.24453651905059814 239 125 399 359
face 0.08989447355270386 239 125 399 359
face 0.084719717502594 239 125 399 359
face 0.05203711986541748 239 125 399 359
face 0.05030465126037598 239 125 399 359
face 0.03042331337928772 239 125 399 359
face 0.02859857678413391 239 125 399 359
face 0.02265569567680359 239 125 399 359
face 0.022655010223388672 239 125 399 359
face 0.022486507892608643 239 125 399 359
face 0.022258728742599487 239 125 399 359
face 0.021206319332122803 239 125 399 359
face 0.020845502614974976 239 125 399 359
face 0.019670754671096802 239 125 399 359
face 0.019144445657730103 239 125 399 359
face 0.01910078525543213 239 125 399 359
face 0.016934305429458618 239 125 399 359
face 0.016810238361358643 239 125 399 359
face 0.016700178384780884 239 125 399 359
face 0.016460031270980835 239 125 399 359
face 0.016397088766098022 239 125 399 359
face 0.01606738567352295 239 125 399 359
face 0.015851736068725586 239 125 399 359
face 0.015631377696990967 239 125 399 359
face 0.015363365411758423 239 125 399 359
face 0.015294522047042847 239 125 399 359
face 0.014705836772918701 239 125 399 359
face 0.01408010721206665 239 125 399 359
face 0.012707561254501343 239 125 399 359
face 0.012621045112609863 239 125 399 359
face 0.012410670518875122 239 125 399 359
face 0.012317061424255371 239 125 399 359
face 0.011854618787765503 239 125 399 359
face 0.011776149272918701 239 125 399 359
face 0.01175418496131897 239 125 399 359
face 0.01144835352897644 239 125 399 359
face 0.011383414268493652 239 125 399 359
face 0.011285543441772461 239 125 399 359
face 0.011148810386657715 239 125 399 359
face 0.011144638061523438 239 125 399 359
face 0.011105656623840332 239 125 399 359
face 0.010908544063568115 239 125 399 359
face 0.01090356707572937 239 125 399 359
face 0.010707288980484009 239 125 399 359
face 0.010674864053726196 239 125 399 359
face 0.010519921779632568 239 125 399 359
face 0.01051473617553711 239 125 399 359
face 0.010368943214416504 239 125 399 359
face 0.010326355695724487 239 125 399 359
face 0.010284453630447388 239 125 399 359
face 0.010222107172012329 239 125 399 359
face 0.01016247272491455 239 125 399 359
face 0.010052740573883057 239 125 399 359
face 0.009994268417358398 239 125 399 359
face 0.009930461645126343 239 125 399 359
face 0.009917229413986206 239 125 399 359
face 0.009820550680160522 239 125 399 359
face 0.009629756212234497 239 125 399 359
face 0.009521812200546265 239 125 399 359
face 0.009515166282653809 239 125 399 359
face 0.009432941675186157 239 125 399 359
face 0.009408384561538696 239 125 399 359
face 0.009359389543533325 239 125 399 359
face 0.009320467710494995 239 125 399 359
face 0.0093136727809906 239 125 399 359
face 0.009257882833480835 239 125 399 359
face 0.00915992259979248 239 125 399 359
face 0.009121060371398926 239 125 399 359
face 0.009067028760910034 239 125 399 359
face 0.00906631350517273 239 125 399 359
face 0.008984655141830444 239 125 399 359
face 0.008974254131317139 239 125 399 359
face 0.008949816226959229 239 125 399 359
face 0.00886198878288269 239 125 399 359
face 0.008848816156387329 239 125 399 359
face 0.008772134780883789 239 125 399 359
face 0.0087490975856781 239 125 399 359
face 0.008732199668884277 239 125 399 359
face 0.008601129055023193 239 125 399 359
face 0.008581101894378662 239 125 399 359
face 0.008498400449752808 239 125 399 359
face 0.008417576551437378 239 125 399 359
face 0.008411020040512085 239 125 399 359
face 0.008300364017486572 239 125 399 359
face 0.008199512958526611 239 125 399 359
face 0.008115321397781372 239 125 399 359
face 0.008062660694122314 239 125 399 359
face 0.008050411939620972 239 125 399 359
face 0.008015483617782593 239 125 399 359
face 0.007953077554702759 239 125 399 359
face 0.007949233055114746 239 125 399 359
face 0.00793367624282837 239 125 399 359
face 0.00792771577835083 239 125 399 359
face 0.007913976907730103 239 125 399 359
face 0.007580608129501343 239 125 399 359
face 0.007574945688247681 239 125 399 359
face 0.00754934549331665 239 125 399 359
face 0.007474571466445923 239 125 399 359
face 0.007473081350326538 239 125 399 359
