face 0.33599916100502014 479 30 590 193
face 0.26210588216781616 479 30 590 193
face 0.04350993037223816 479 30 590 193
face 0.03728148341178894 479 30 590 193
face 0.027704298496246338 479 30 590 193
face 0.027226537466049194 479 30 590 193
face 0.026456892490386963 479 30 590 193
face 0.02613455057144165 479 30 590 193
face 0.02334579825401306 479 30 590 193
face 0.02272549271583557 479 30 590 193
face 0.022562235593795776 479 30 590 193
face 0.022332429885864258 479 30 590 193
face 0.022049427032470703 479 30 590 193
face 0.02173289656639099 479 30 590 193
face 0.02130088210105896 479 30 590 193
face 0.021266549825668335 479 30 590 193
face 0.02078723907470703 479 30 590 193
face 0.02063426375389099 479 30 590 193
face 0.02061709761619568 479 30 590 193
face 0.020475029945373535 479 30 590 193
face 0.020206689834594727 479 30 590 193
face 0.019629329442977905 479 30 590 193
face 0.018829286098480225 479 30 590 193
face 0.018626689910888672 479 30 590 193
face 0.018344402313232422 479 30 590 193
face 0.017235219478607178 479 30 590 193
face 0.0171034038066864 479 30 590 193
face 0.01708841323852539 479 30 590 193
face 0.016226351261138916 479 30 590 193
face 0.0161324143409729 479 30 590 193
face 0.015684932470321655 479 30 590 193
face 0.015598118305206299 479 30 590 193
face 0.015312552452087402 479 30 590 193
face 0.01526576280593872 479 30 590 193
face 0.015088260173797607 479 30 590 193
face 0.014754891395568848 479 30 590 193
face 0.014490216970443726 479 30 590 193
face 0.014458537101745605 479 30 590 193
face 0.014441221952438354 479 30 590 193
face 0.014409065246582031 479 30 590 193
face 0.014330148696899414 479 30 590 193
face 0.014235466718673706 479 30 590 193
face 0.01412820816040039 479 30 590 193
face 0.013877838850021362 479 30 590 193
face 0.013626396656036377 479 30 590 193
face 0.013549178838729858 479 30 590 193
face 0.01344752311706543 479 30 590 193
face 0.0131683349609375 479 30 590 193
face 0.013149559497833252 479 30 590 193
face 0.012896329164505005 479 30 590 193
face 0.012882053852081299 479 30 590 193
face 0.01231810450553894 479 30 590 193
face 0.012210726737976074 479 30 590 193
face 0.01218414306640625 479 30 590 193
face 0.01206710934638977 479 30 590 193
face 0.012049615383148193 479 30 590 193
face 0.012009590864181519 479 30 590 193
face 0.011901021003723145 479 30 590 193
face 0.01178768277168274 479 30 590 193
face 0.01166960597038269 479 30 590 193
face 0.011553466320037842 479 30 590 193
face 0.0114956796169281 479 30 590 193
face 0.011408686637878418 479 30 590 193
face 0.011394679546356201 479 30 590 193
face 0.011353850364685059 479 30 590 193
face 0.011281311511993408 479 30 590 193
face 0.011275827884674072 479 30 590 193
face 0.010653138160705566 479 30 590 193
face 0.010587304830551147 479 30 590 193
face 0.010426193475723267 479 30 590 193
face 0.010425269603729248 479 30 590 193
face 0.010347098112106323 479 30 590 193
face 0.01033097505569458 479 30 590 193
face 0.010306388139724731 479 30 590 193
face 0.01012963056564331 479 30 590 193
face 0.009900152683258057 479 30 590 193
face 0.009713023900985718 479 30 590 193
face 0.009682506322860718 479 30 590 193
face 0.009658902883529663 479 30 590 193
face 0.009639769792556763 479 30 590 193
face 0.009589612483978271 479 30 590 193
face 0.009460926055908203 479 30 590 193
face 0.009452462196350098 479 30 590 193
face 0.009355425834655762 479 30 590 193
face 0.009129643440246582 479 30 590 193
face 0.00911983847618103 479 30 590 193
face 0.00908312201499939 479 30 590 193
face 0.00894656777381897 479 30 590 193
face 0.008921921253204346 479 30 590 193
face 0.008913308382034302 479 30 590 193
face 0.008897900581359863 479 30 590 193
face 0.008699893951416016 479 30 590 193
face 0.008618772029876709 479 30 590 193
face 0.008574098348617554 479 30 590 193
face 0.00849655270576477 479 30 590 193
face 0.008448749780654907 479 30 590 193
face 0.00843656063079834 479 30 590 193
face 0.008406192064285278 479 30 590 193
face 0.008357912302017212 479 30 590 193
face 0.008287131786346436 479 30 590 193
