face 0.9778696298599243 490 167 539 235
face 0.03157266974449158 490 167 539 235
face 0.015768051147460938 490 167 539 235
face 0.01431739330291748 490 167 539 235
face 0.014012545347213745 490 167 539 235
face 0.01383829116821289 490 167 539 235
face 0.01283419132232666 490 167 539 235
face 0.011857479810714722 490 167 539 235
face 0.010184913873672485 490 167 539 235
face 0.009846419095993042 490 167 539 235
face 0.009494423866271973 490 167 539 235
face 0.009089291095733643 490 167 539 235
face 0.00890609622001648 490 167 539 235
face 0.007873713970184326 490 167 539 235
face 0.00783449411392212 490 167 539 235
face 0.007736831903457642 490 167 539 235
face 0.007726579904556274 490 167 539 235
face 0.0076742470264434814 490 167 539 235
face 0.007522702217102051 490 167 539 235
face 0.00733599066734314 490 167 539 235
face 0.0072717368602752686 490 167 539 235
face 0.007055789232254028 490 167 539 235
face 0.00699576735496521 490 167 539 235
face 0.006761223077774048 490 167 539 235
face 0.0067078471183776855 490 167 539 235
face 0.0066950321197509766 490 167 539 235
face 0.006694674491882324 490 167 539 235
face 0.006616771221160889 490 167 539 235
face 0.00656282901763916 490 167 539 235
face 0.0065528154373168945 490 167 539 235
face 0.0062826573848724365 490 167 539 235
face 0.0062220096588134766 490 167 539 235
face 0.0061439573764801025 490 167 539 235
face 0.005992382764816284 490 167 539 235
face 0.0059899091720581055 490 167 539 235
face 0.005989819765090942 490 167 539 235
face 0.005981147289276123 490 167 539 235
face 0.005956113338470459 490 167 539 235
face 0.0059386491775512695 490 167 539 235
face 0.005845099687576294 490 167 539 235
face 0.005824416875839233 490 167 539 235
face 0.005788624286651611 490 167 539 235
face 0.005746632814407349 490 167 539 235
face 0.005554527044296265 490 167 539 235
face 0.005514591932296753 490 167 539 235
face 0.005483865737915039 490 167 539 235
face 0.005448460578918457 490 167 539 235
face 0.005403429269790649 490 167 539 235
face 0.005392402410507202 490 167 539 235
face 0.005378425121307373 490 167 539 235
face 0.005202651023864746 490 167 539 235
face 0.005163311958312988 490 167 539 235
face 0.0051562488079071045 490 167 539 235
face 0.005154013633728027 490 167 539 235
face 0.0051409900188446045 490 167 539 235
face 0.005024731159210205 490 167 539 235
face 0.004984825849533081 490 167 539 235
face 0.0049810707569122314 490 167 539 235
face 0.004935204982757568 490 167 539 235
face 0.004912853240966797 490 167 539 235
face 0.004897475242614746 490 167 539 235
face 0.004835665225982666 490 167 539 235
face 0.004834473133087158 490 167 539 235
face 0.004811525344848633 490 167 539 235
face 0.00475621223449707 490 167 539 235
face 0.004755556583404541 490 167 539 235
face 0.004745364189147949 490 167 539 235
face 0.004714906215667725 490 167 539 235
face 0.004700392484664917 490 167 539 235
face 0.004598885774612427 490 167 539 235
face 0.004575908184051514 490 167 539 235
face 0.00456160306930542 490 167 539 235
face 0.004549175500869751 490 167 539 235
face 0.0045479536056518555 490 167 539 235
face 0.0045410096645355225 490 167 539 235
face 0.004522770643234253 490 167 539 235
face 0.004507660865783691 490 167 539 235
face 0.004499584436416626 490 167 539 235
face 0.004433125257492065 490 167 539 235
face 0.004404664039611816 490 167 539 235
face 0.004390120506286621 490 167 539 235
face 0.004379630088806152 490 167 539 235
face 0.0043756961822509766 490 167 539 235
face 0.004374474287033081 490 167 539 235
face 0.004366040229797363 490 167 539 235
face 0.004356086254119873 490 167 539 235
face 0.004348933696746826 490 167 539 235
face 0.004344671964645386 490 167 539 235
face 0.0043083131313323975 490 167 539 235
face 0.004304230213165283 490 167 539 235
face 0.004297018051147461 490 167 539 235
face 0.0042969584465026855 490 167 539 235
face 0.004295170307159424 490 167 539 235
face 0.004243075847625732 490 167 539 235
face 0.004228115081787109 490 167 539 235
face 0.004225552082061768 490 167 539 235
face 0.004135191440582275 490 167 539 235
face 0.004097104072570801 490 167 539 235
face 0.004077285528182983 490 167 539 235
face 0.00405612587928772 490 167 539 235
