face 0.966084897518158 464 114 501 154
face 0.8429657220840454 782 394 807 423
face 0.4866229295730591 782 394 807 423
face 0.2092747986316681 782 394 807 423
face 0.18153485655784607 782 394 807 423
face 0.11535945534706116 782 394 807 423
face 0.09944078326225281 782 394 807 423
face 0.07470595836639404 782 394 807 423
face 0.06233230233192444 782 394 807 423
face 0.060872048139572144 782 394 807 423
face 0.05832386016845703 782 394 807 423
face 0.056863486766815186 782 394 807 423
face 0.05622485280036926 782 394 807 423
face 0.05440002679824829 782 394 807 423
face 0.05251583456993103 782 394 807 423
face 0.050028473138809204 782 394 807 423
face 0.04894855618476868 782 394 807 423
face 0.04837214946746826 782 394 807 423
face 0.04542592167854309 782 394 807 423
face 0.04514846205711365 782 394 807 423
face 0.04140481352806091 782 394 807 423
face 0.04068765044212341 782 394 807 423
face 0.039609044790267944 782 394 807 423
face 0.03808137774467468 782 394 807 423
face 0.0374300479888916 782 394 807 423
face 0.02871224284172058 782 394 807 423
face 0.026741892099380493 782 394 807 423
face 0.025641649961471558 782 394 807 423
face 0.024993211030960083 782 394 807 423
face 0.024899303913116455 782 394 807 423
face 0.024777919054031372 782 394 807 423
face 0.024699419736862183 782 394 807 423
face 0.022751152515411377 782 394 807 423
face 0.01992321014404297 782 394 807 423
face 0.018563270568847656 782 394 807 423
face 0.017515569925308228 782 394 807 423
face 0.0173376202583313 782 394 807 423
face 0.01697540283203125 782 394 807 423
face 0.01679205894470215 782 394 807 423
face 0.016448229551315308 782 394 807 423
face 0.015651971101760864 782 394 807 423
face 0.015293896198272705 782 394 807 423
face 0.01505783200263977 782 394 807 423
face 0.014512181282043457 782 394 807 423
face 0.014444202184677124 782 394 807 423
face 0.014064162969589233 782 394 807 423
face 0.01302221417427063 782 394 807 423
face 0.01249837875366211 782 394 807 423
face 0.01219320297241211 782 394 807 423
face 0.011790156364440918 782 394 807 423
face 0.011651843786239624 782 394 807 423
face 0.011181563138961792 782 394 807 423
face 0.010428458452224731 782 394 807 423
face 0.010300099849700928 782 394 807 423
face 0.010266035795211792 782 394 807 423
face 0.010096043348312378 782 394 807 423
face 0.009991437196731567 782 394 807 423
face 0.009601801633834839 782 394 807 423
face 0.00956621766090393 782 394 807 423
face 0.009297549724578857 782 394 807 423
face 0.008819341659545898 782 394 807 423
face 0.008807659149169922 782 394 807 423
face 0.007994383573532104 782 394 807 423
face 0.0078046321868896484 782 394 807 423
face 0.007672667503356934 782 394 807 423
face 0.007636398077011108 782 394 807 423
face 0.007546573877334595 782 394 807 423
face 0.007534772157669067 782 394 807 423
face 0.007522761821746826 782 394 807 423
face 0.007456302642822266 782 394 807 423
face 0.0074006617069244385 782 394 807 423
face 0.00738939642906189 782 394 807 423
face 0.007086306810379028 782 394 807 423
face 0.007042944431304932 782 394 807 423
face 0.0068128108978271484 782 394 807 423
face 0.006801903247833252 782 394 807 423
face 0.006795436143875122 782 394 807 423
face 0.006724148988723755 782 394 807 423
face 0.006695091724395752 782 394 807 423
face 0.00640907883644104 782 394 807 423
face 0.0063939690589904785 782 394 807 423
face 0.006381034851074219 782 394 807 423
face 0.0063211917877197266 782 394 807 423
face 0.006238013505935669 782 394 807 423
face 0.006103068590164185 782 394 807 423
face 0.005933582782745361 782 394 807 423
face 0.005870342254638672 782 394 807 423
face 0.005823999643325806 782 394 807 423
face 0.0057942867279052734 782 394 807 423
face 0.005734354257583618 782 394 807 423
face 0.005713999271392822 782 394 807 423
face 0.005705893039703369 782 394 807 423
face 0.00556519627571106 782 394 807 423
face 0.005561769008636475 782 394 807 423
face 0.005453944206237793 782 394 807 423
face 0.005431652069091797 782 394 807 423
face 0.005322694778442383 782 394 807 423
face 0.005241274833679199 782 394 807 423
face 0.005228936672210693 782 394 807 423
