face 0.9993393421173096 776 138 818 188
face 0.9992201328277588 813 226 859 283
face 0.999056339263916 556 242 599 293
face 0.9989767670631409 611 66 646 110
face 0.9989144802093506 208 139 248 187
face 0.9988906383514404 168 241 210 291
face 0.9985573291778564 335 121 375 169
face 0.9978189468383789 518 72 553 114
face 0.994935154914856 494 183 531 226
face 0.9897867441177368 436 248 479 303
face 0.9890568852424622 678 234 720 286
face 0.9600974321365356 902 128 943 183
face 0.9344528913497925 791 55 825 101
face 0.9123597145080566 693 67 728 110
face 0.9079620838165283 337 43 373 90
face 0.7464107275009155 419 74 458 119
face 0.6455504894256592 631 146 671 194
face 0.5597285628318787 221 49 257 98
face 0.44826585054397583 221 49 257 98
face 0.36441147327423096 221 49 257 98
face 0.33849388360977173 221 49 257 98
face 0.30679184198379517 221 49 257 98
face 0.24819546937942505 221 49 257 98
face 0.10303539037704468 221 49 257 98
face 0.0733124315738678 221 49 257 98
face 0.06391781568527222 221 49 257 98
face 0.05776774883270264 221 49 257 98
face 0.05246272683143616 221 49 257 98
face 0.05185931921005249 221 49 257 98
face 0.05060005187988281 221 49 257 98
face 0.04742586612701416 221 49 257 98
face 0.03823480010032654 221 49 257 98
face 0.03436058759689331 221 49 257 98
face 0.03232544660568237 221 49 257 98
face 0.03231820464134216 221 49 257 98
face 0.028045713901519775 221 49 257 98
face 0.022896379232406616 221 49 257 98
face 0.021344274282455444 221 49 257 98
face 0.020437955856323242 221 49 257 98
face 0.02021273970603943 221 49 257 98
face 0.019375115633010864 221 49 257 98
face 0.015441089868545532 221 49 257 98
face 0.015204966068267822 221 49 257 98
face 0.014924436807632446 221 49 257 98
face 0.013524025678634644 221 49 257 98
face 0.012936025857925415 221 49 257 98
face 0.011648178100585938 221 49 257 98
face 0.011537671089172363 221 49 257 98
face 0.011242687702178955 221 49 257 98
face 0.011102885007858276 221 49 257 98
face 0.011091232299804688 221 49 257 98
face 0.011079609394073486 221 49 257 98
face 0.01093059778213501 221 49 257 98
face 0.01040273904800415 221 49 257 98
face 0.010149657726287842 221 49 257 98
face 0.009918898344039917 221 49 257 98
face 0.009730041027069092 221 49 257 98
face 0.009677857160568237 221 49 257 98
face 0.009267747402191162 221 49 257 98
face 0.009200334548950195 221 49 257 98
face 0.008898764848709106 221 49 257 98
face 0.008676022291183472 221 49 257 98
face 0.008201181888580322 221 49 257 98
face 0.008173346519470215 221 49 257 98
face 0.007896840572357178 221 49 257 98
face 0.007707655429840088 221 49 257 98
face 0.0073438286781311035 221 49 257 98
face 0.007126569747924805 221 49 257 98
face 0.0069058239459991455 221 49 257 98
face 0.006877779960632324 221 49 257 98
face 0.00677451491355896 221 49 257 98
face 0.0066238343715667725 221 49 257 98
face 0.006581813097000122 221 49 257 98
face 0.006564408540725708 221 49 257 98
face 0.006349503993988037 221 49 257 98
face 0.0062066614627838135 221 49 257 98
face 0.006139874458312988 221 49 257 98
face 0.006107032299041748 221 49 257 98
face 0.005919307470321655 221 49 257 98
face 0.00584980845451355 221 49 257 98
face 0.005781680345535278 221 49 257 98
face 0.005775660276412964 221 49 257 98
face 0.005697786808013916 221 49 257 98
face 0.005478888750076294 221 49 257 98
face 0.005330413579940796 221 49 257 98
face 0.0052224695682525635 221 49 257 98
face 0.005216389894485474 221 49 257 98
face 0.005172073841094971 221 49 257 98
face 0.0051555633544921875 221 49 257 98
face 0.005087912082672119 221 49 257 98
face 0.0050859153270721436 221 49 257 98
face 0.005063295364379883 221 49 257 98
face 0.004874736070632935 221 49 257 98
face 0.004731416702270508 221 49 257 98
face 0.004716992378234863 221 49 257 98
face 0.004696905612945557 221 49 257 98
face 0.004577457904815674 221 49 257 98
face 0.004444926977157593 221 49 257 98
face 0.004424363374710083 221 49 257 98
face 0.004413396120071411 221 49 257 98
