face 0.8254196047782898 959 111 997 158
face 0.7697023153305054 642 63 678 105
face 0.7175384163856506 757 117 828 199
face 0.6190037727355957 535 46 575 98
face 0.25624531507492065 535 46 575 98
face 0.24053415656089783 535 46 575 98
face 0.13476648926734924 535 46 575 98
face 0.133431077003479 535 46 575 98
face 0.11976489424705505 535 46 575 98
face 0.11653062701225281 535 46 575 98
face 0.06497526168823242 535 46 575 98
face 0.05699872970581055 535 46 575 98
face 0.055723339319229126 535 46 575 98
face 0.04982632398605347 535 46 575 98
face 0.043216973543167114 535 46 575 98
face 0.04174530506134033 535 46 575 98
face 0.040692269802093506 535 46 575 98
face 0.037490129470825195 535 46 575 98
face 0.03702971339225769 535 46 575 98
face 0.03462862968444824 535 46 575 98
face 0.028889596462249756 535 46 575 98
face 0.027498513460159302 535 46 575 98
face 0.02671673893928528 535 46 575 98
face 0.024817675352096558 535 46 575 98
face 0.023974061012268066 535 46 575 98
face 0.022829800844192505 535 46 575 98
face 0.022100210189819336 535 46 575 98
face 0.021528810262680054 535 46 575 98
face 0.020743101835250854 535 46 575 98
face 0.020350128412246704 535 46 575 98
face 0.019387155771255493 535 46 575 98
face 0.019191980361938477 535 46 575 98
face 0.01856711506843567 535 46 575 98
face 0.018176615238189697 535 46 575 98
face 0.017852693796157837 535 46 575 98
face 0.017673075199127197 535 46 575 98
face 0.01757928729057312 535 46 575 98
face 0.01668146252632141 535 46 575 98
face 0.01650071144104004 535 46 575 98
face 0.016071677207946777 535 46 575 98
face 0.016016900539398193 535 46 575 98
face 0.015986114740371704 535 46 575 98
face 0.015823155641555786 535 46 575 98
face 0.015708237886428833 535 46 575 98
face 0.014812946319580078 535 46 575 98
face 0.01379653811454773 535 46 575 98
face 0.013682007789611816 535 46 575 98
face 0.013599485158920288 535 46 575 98
face 0.01333993673324585 535 46 575 98
face 0.013016581535339355 535 46 575 98
face 0.012469291687011719 535 46 575 98
face 0.012139976024627686 535 46 575 98
face 0.012032628059387207 535 46 575 98
face 0.011871784925460815 535 46 575 98
face 0.011528223752975464 535 46 575 98
face 0.011501699686050415 535 46 575 98
face 0.011475533246994019 535 46 575 98
face 0.011218249797821045 535 46 575 98
face 0.011075049638748169 535 46 575 98
face 0.010920912027359009 535 46 575 98
face 0.010872244834899902 535 46 575 98
face 0.010717242956161499 535 46 575 98
face 0.01043352484703064 535 46 575 98
face 0.010367363691329956 535 46 575 98
face 0.010274410247802734 535 46 575 98
face 0.010245054960250854 535 46 575 98
face 0.010241717100143433 535 46 575 98
face 0.010186642408370972 535 46 575 98
face 0.010180860757827759 535 46 575 98
face 0.010104775428771973 535 46 575 98
face 0.010076791048049927 535 46 575 98
face 0.009691029787063599 535 46 575 98
face 0.009535789489746094 535 46 575 98
face 0.009255439043045044 535 46 575 98
face 0.009244769811630249 535 46 575 98
face 0.009120583534240723 535 46 575 98
face 0.008927196264266968 535 46 575 98
face 0.008853286504745483 535 46 575 98
face 0.008731693029403687 535 46 575 98
face 0.008587747812271118 535 46 575 98
face 0.008522748947143555 535 46 575 98
face 0.008508682250976562 535 46 575 98
face 0.008448004722595215 535 46 575 98
face 0.008419334888458252 535 46 575 98
face 0.008391201496124268 535 46 575 98
face 0.008268147706985474 535 46 575 98
face 0.008255422115325928 535 46 575 98
face 0.008247345685958862 535 46 575 98
face 0.008098036050796509 535 46 575 98
face 0.007872432470321655 535 46 575 98
face 0.007831960916519165 535 46 575 98
face 0.007796674966812134 535 46 575 98
face 0.007731020450592041 535 46 575 98
face 0.0076749324798583984 535 46 575 98
face 0.007671982049942017 535 46 575 98
face 0.00764194130897522 535 46 575 98
face 0.007589101791381836 535 46 575 98
face 0.007505208253860474 535 46 575 98
face 0.007401168346405029 535 46 575 98
face 0.007304668426513672 535 46 575 98
