face 0.981484055519104 677 118 692 135
face 0.9750241041183472 531 122 546 140
face 0.972885251045227 693 54 707 73
face 0.9659973382949829 836 92 849 109
face 0.9579087495803833 740 85 754 102
face 0.9578193426132202 895 46 908 65
face 0.9553208351135254 891 90 904 107
face 0.95317542552948 786 83 800 100
face 0.9505085945129395 780 130 794 146
face 0.948215126991272 623 118 636 134
face 0.9393927454948425 845 50 857 67
face 0.9269287586212158 947 45 962 64
face 0.9230866432189941 260 87 271 100
face 0.9197695255279541 583 52 595 68
face 0.919510006904602 803 50 815 68
face 0.9191464185714722 731 52 744 70
face 0.9187620878219604 636 53 648 69
face 0.9171936511993408 582 124 597 141
face 0.8945721983909607 412 96 424 112
face 0.887017548084259 686 81 700 99
face 0.8810350894927979 722 126 737 142
face 0.87856125831604 75 93 82 102
face 0.8718644976615906 558 82 572 99
face 0.8695844411849976 840 7 852 23
face 0.8685396909713745 639 9 651 26
face 0.8674185872077942 783 8 795 25
face 0.860826849937439 423 168 444 189
face 0.8599947690963745 957 80 971 98
face 0.8593978881835938 470 112 485 130
face 0.8581788539886475 202 91 210 101
face 0.8564988374710083 625 86 638 103
face 0.856088399887085 310 84 321 98
face 0.8490926027297974 840 121 854 137
face 0.8475563526153564 539 81 551 98
face 0.8384287357330322 472 93 484 110
face 0.8374707698822021 845 165 857 178
face 0.8304612636566162 728 4 741 20
face 0.8291047811508179 250 124 260 136
face 0.8238065242767334 574 141 593 163
face 0.8097388744354248 415 120 428 136
face 0.801621675491333 1006 80 1019 99
face 0.7916616201400757 682 2 694 17
face 0.777660608291626 153 90 160 99
face 0.7732411623001099 897 116 910 131
face 0.7697914838790894 511 55 523 71
face 0.7693293690681458 579 6 591 20
face 0.7682294845581055 80 133 88 142
face 0.7591140270233154 903 1 915 16
face 0.7543563842773438 306 125 317 138
face 0.741182804107666 52 50 60 61
face 0.7301952838897705 518 1 529 17
face 0.7189421653747559 887 190 901 203
face 0.7146459817886353 953 114 967 131
face 0.7132993936538696 202 133 211 143
face 0.7115027904510498 355 113 367 127
face 0.6825640201568604 147 134 155 142
face 0.6761159896850586 72 4 82 16
face 0.6549695730209351 15 95 23 105
face 0.6512187123298645 861 190 872 202
face 0.6152364015579224 965 2 978 18
face 0.5934030413627625 402 57 413 72
face 0.5895708203315735 137 2 148 17
face 0.5780543088912964 1000 53 1013 72
face 0.5734028220176697 367 87 378 101
face 0.5713658928871155 14 130 22 140
face 0.5680672526359558 204 4 214 18
face 0.5678847432136536 807 164 820 177
face 0.5469843745231628 905 163 918 176
face 0.51601642370224 1004 5 1016 23
face 0.5111033916473389 469 0 481 14
face 0.5085597634315491 414 0 425 13
face 0.49285489320755005 414 0 425 13
face 0.4865935742855072 414 0 425 13
face 0.464221328496933 414 0 425 13
face 0.4034121632575989 414 0 425 13
face 0.40331166982650757 414 0 425 13
face 0.3863828778266907 414 0 425 13
face 0.3755342364311218 414 0 425 13
face 0.34863680601119995 414 0 425 13
face 0.33609116077423096 414 0 425 13
face 0.3296692967414856 414 0 425 13
face 0.3167996108531952 414 0 425 13
face 0.2915601432323456 414 0 425 13
face 0.27815163135528564 414 0 425 13
face 0.27739962935447693 414 0 425 13
face 0.27664458751678467 414 0 425 13
face 0.2696908116340637 414 0 425 13
face 0.2677411139011383 414 0 425 13
face 0.24781328439712524 414 0 425 13
face 0.24592816829681396 414 0 425 13
face 0.2389380931854248 414 0 425 13
face 0.23580986261367798 414 0 425 13
face 0.21238836646080017 414 0 425 13
face 0.2031976878643036 414 0 425 13
face 0.19267234206199646 414 0 425 13
face 0.18555966019630432 414 0 425 13
face 0.18327370285987854 414 0 425 13
face 0.1775502860546112 414 0 425 13
face 0.17706355452537537 414 0 425 13
face 0.17624494433403015 414 0 425 13
