face 0.7679653167724609 516 336 558 396
face 0.49715369939804077 516 336 558 396
face 0.38808920979499817 516 336 558 396
face 0.3171849250793457 516 336 558 396
face 0.29107075929641724 516 336 558 396
face 0.27428826689720154 516 336 558 396
face 0.2579241096973419 516 336 558 396
face 0.22619304060935974 516 336 558 396
face 0.18236738443374634 516 336 558 396
face 0.16830867528915405 516 336 558 396
face 0.14713960886001587 516 336 558 396
face 0.14481034874916077 516 336 558 396
face 0.12305387854576111 516 336 558 396
face 0.10344883799552917 516 336 558 396
face 0.08163607120513916 516 336 558 396
face 0.0785214900970459 516 336 558 396
face 0.07593849301338196 516 336 558 396
face 0.07518702745437622 516 336 558 396
face 0.06844624876976013 516 336 558 396
face 0.06621009111404419 516 336 558 396
face 0.05904379487037659 516 336 558 396
face 0.04737696051597595 516 336 558 396
face 0.04678407311439514 516 336 558 396
face 0.03871271014213562 516 336 558 396
face 0.03773844242095947 516 336 558 396
face 0.036125391721725464 516 336 558 396
face 0.028711706399917603 516 336 558 396
face 0.026528596878051758 516 336 558 396
face 0.026357799768447876 516 336 558 396
face 0.02615588903427124 516 336 558 396
face 0.026044845581054688 516 336 558 396
face 0.024830728769302368 516 336 558 396
face 0.023337721824645996 516 336 558 396
face 0.022990167140960693 516 336 558 396
face 0.021712571382522583 516 336 558 396
face 0.020971685647964478 516 336 558 396
face 0.02055451273918152 516 336 558 396
face 0.01866951584815979 516 336 558 396
face 0.01839292049407959 516 336 558 396
face 0.018204599618911743 516 336 558 396
face 0.01780909299850464 516 336 558 396
face 0.017278194427490234 516 336 558 396
face 0.01701316237449646 516 336 558 396
face 0.01478990912437439 516 336 558 396
face 0.014552861452102661 516 336 558 396
face 0.013866245746612549 516 336 558 396
face 0.013278573751449585 516 336 558 396
face 0.01321345567703247 516 336 558 396
face 0.013212472200393677 516 336 558 396
face 0.013195514678955078 516 336 558 396
face 0.012969762086868286 516 336 558 396
face 0.012693971395492554 516 336 558 396
face 0.011700421571731567 516 336 558 396
face 0.011303991079330444 516 336 558 396
face 0.010974764823913574 516 336 558 396
face 0.010904312133789062 516 336 558 396
face 0.010887086391448975 516 336 558 396
face 0.010546743869781494 516 336 558 396
face 0.010372042655944824 516 336 558 396
face 0.010303258895874023 516 336 558 396
face 0.010254502296447754 516 336 558 396
face 0.009950369596481323 516 336 558 396
face 0.009858667850494385 516 336 558 396
face 0.009537845849990845 516 336 558 396
face 0.009329080581665039 516 336 558 396
face 0.009321928024291992 516 336 558 396
face 0.009083449840545654 516 336 558 396
face 0.009045809507369995 516 336 558 396
face 0.008749008178710938 516 336 558 396
face 0.00863724946975708 516 336 558 396
face 0.008595317602157593 516 336 558 396
face 0.008475691080093384 516 336 558 396
face 0.007953077554702759 516 336 558 396
face 0.007634192705154419 516 336 558 396
face 0.007506310939788818 516 336 558 396
face 0.0073414146900177 516 336 558 396
face 0.007289022207260132 516 336 558 396
face 0.0072692930698394775 516 336 558 396
face 0.007198721170425415 516 336 558 396
face 0.006937772035598755 516 336 558 396
face 0.006862729787826538 516 336 558 396
face 0.006851285696029663 516 336 558 396
face 0.006782591342926025 516 336 558 396
face 0.00667417049407959 516 336 558 396
face 0.006650656461715698 516 336 558 396
face 0.006622016429901123 516 336 558 396
face 0.006509006023406982 516 336 558 396
face 0.00638049840927124 516 336 558 396
face 0.006179749965667725 516 336 558 396
face 0.0059559643268585205 516 336 558 396
face 0.005905568599700928 516 336 558 396
face 0.005592852830886841 516 336 558 396
face 0.0053415000438690186 516 336 558 396
face 0.0052564144134521484 516 336 558 396
face 0.005222827196121216 516 336 558 396
face 0.0052213966846466064 516 336 558 396
face 0.005218774080276489 516 336 558 396
face 0.005030393600463867 516 336 558 396
face 0.005028963088989258 516 336 558 396
face 0.004929572343826294 516 336 558 396
