face 0.9985716342926025 160 11 694 690
face 0.015061348676681519 160 11 694 690
face 0.014391869306564331 160 11 694 690
face 0.009981662034988403 160 11 694 690
face 0.00959363579750061 160 11 694 690
face 0.009181290864944458 160 11 694 690
face 0.008902281522750854 160 11 694 690
face 0.008313745260238647 160 11 694 690
face 0.007974356412887573 160 11 694 690
face 0.007382124662399292 160 11 694 690
face 0.007091879844665527 160 11 694 690
face 0.0069596171379089355 160 11 694 690
face 0.0066964030265808105 160 11 694 690
face 0.006460696458816528 160 11 694 690
face 0.006379127502441406 160 11 694 690
face 0.006352156400680542 160 11 694 690
face 0.006291449069976807 160 11 694 690
face 0.0062319934368133545 160 11 694 690
face 0.006185472011566162 160 11 694 690
face 0.006117135286331177 160 11 694 690
face 0.006093710660934448 160 11 694 690
face 0.005968242883682251 160 11 694 690
face 0.005924612283706665 160 11 694 690
face 0.005774796009063721 160 11 694 690
face 0.005716949701309204 160 11 694 690
face 0.005637437105178833 160 11 694 690
face 0.005486130714416504 160 11 694 690
face 0.004958838224411011 160 11 694 690
face 0.004910111427307129 160 11 694 690
face 0.004908204078674316 160 11 694 690
face 0.004898488521575928 160 11 694 690
face 0.004867076873779297 160 11 694 690
face 0.004860341548919678 160 11 694 690
face 0.004832446575164795 160 11 694 690
face 0.004680603742599487 160 11 694 690
face 0.004572182893753052 160 11 694 690
face 0.004542440176010132 160 11 694 690
face 0.00450560450553894 160 11 694 690
face 0.004488199949264526 160 11 694 690
face 0.004316508769989014 160 11 694 690
face 0.004231542348861694 160 11 694 690
face 0.004193544387817383 160 11 694 690
face 0.004137665033340454 160 11 694 690
face 0.00402909517288208 160 11 694 690
face 0.003920406103134155 160 11 694 690
face 0.003881007432937622 160 11 694 690
face 0.003865152597427368 160 11 694 690
face 0.0038225948810577393 160 11 694 690
face 0.0038017630577087402 160 11 694 690
face 0.0037875771522521973 160 11 694 690
face 0.0037764906883239746 160 11 694 690
face 0.003733217716217041 160 11 694 690
face 0.0036965906620025635 160 11 694 690
face 0.0036731362342834473 160 11 694 690
face 0.003569096326828003 160 11 694 690
face 0.003519207239151001 160 11 694 690
face 0.0035179555416107178 160 11 694 690
face 0.0035130679607391357 160 11 694 690
face 0.0034880340099334717 160 11 694 690
face 0.00347292423248291 160 11 694 690
face 0.0033925771713256836 160 11 694 690
face 0.003373444080352783 160 11 694 690
face 0.003367185592651367 160 11 694 690
face 0.0033642947673797607 160 11 694 690
face 0.003352910280227661 160 11 694 690
face 0.003347039222717285 160 11 694 690
face 0.0033105015754699707 160 11 694 690
face 0.003283381462097168 160 11 694 690
face 0.003265380859375 160 11 694 690
face 0.0032629668712615967 160 11 694 690
face 0.003252089023590088 160 11 694 690
face 0.0032503902912139893 160 11 694 690
face 0.0032495856285095215 160 11 694 690
face 0.0032141506671905518 160 11 694 690
face 0.0031658709049224854 160 11 694 690
face 0.0031235814094543457 160 11 694 690
face 0.003113865852355957 160 11 694 690
face 0.0030565261840820312 160 11 694 690
face 0.0030545592308044434 160 11 694 690
face 0.0030485689640045166 160 11 694 690
face 0.0029883980751037598 160 11 694 690
face 0.0029781460762023926 160 11 694 690
face 0.0029335618019104004 160 11 694 690
face 0.002882659435272217 160 11 694 690
face 0.0028694570064544678 160 11 694 690
face 0.0028685331344604492 160 11 694 690
face 0.002858757972717285 160 11 694 690
face 0.0028333663940429688 160 11 694 690
face 0.0028333067893981934 160 11 694 690
face 0.0027927160263061523 160 11 694 690
face 0.002775251865386963 160 11 694 690
face 0.0027705729007720947 160 11 694 690
face 0.002768218517303467 160 11 694 690
face 0.002740323543548584 160 11 694 690
face 0.0027254819869995117 160 11 694 690
face 0.0027159154415130615 160 11 694 690
face 0.0026715099811553955 160 11 694 690
face 0.00267106294631958 160 11 694 690
face 0.0026693344116210938 160 11 694 690
face 0.0026226043701171875 160 11 694 690
