face 0.30000507831573486 383 131 396 151
face 0.1537284553050995 383 131 396 151
face 0.14091849327087402 383 131 396 151
face 0.12765446305274963 383 131 396 151
face 0.11459147930145264 383 131 396 151
face 0.10543829202651978 383 131 396 151
face 0.09756231307983398 383 131 396 151
face 0.08271220326423645 383 131 396 151
face 0.06272727251052856 383 131 396 151
face 0.05976995825767517 383 131 396 151
face 0.05721798539161682 383 131 396 151
face 0.05124616622924805 383 131 396 151
face 0.04256579279899597 383 131 396 151
face 0.04121291637420654 383 131 396 151
face 0.040595829486846924 383 131 396 151
face 0.03989225625991821 383 131 396 151
face 0.03925800323486328 383 131 396 151
face 0.03906413912773132 383 131 396 151
face 0.03816580772399902 383 131 396 151
face 0.03772720694541931 383 131 396 151
face 0.034286707639694214 383 131 396 151
face 0.03382173180580139 383 131 396 151
face 0.0331231951713562 383 131 396 151
face 0.03238481283187866 383 131 396 151
face 0.03179788589477539 383 131 396 151
face 0.028915852308273315 383 131 396 151
face 0.028875917196273804 383 131 396 151
face 0.028861433267593384 383 131 396 151
face 0.028259247541427612 383 131 396 151
face 0.027985692024230957 383 131 396 151
face 0.027922064065933228 383 131 396 151
face 0.027270913124084473 383 131 396 151
face 0.02726873755455017 383 131 396 151
face 0.02725929021835327 383 131 396 151
face 0.026948124170303345 383 131 396 151
face 0.02693769335746765 383 131 396 151
face 0.02691340446472168 383 131 396 151
face 0.026903927326202393 383 131 396 151
face 0.026480764150619507 383 131 396 151
face 0.02511700987815857 383 131 396 151
face 0.02478933334350586 383 131 396 151
face 0.024507254362106323 383 131 396 151
face 0.024429291486740112 383 131 396 151
face 0.024379312992095947 383 131 396 151
face 0.023024767637252808 383 131 396 151
face 0.022757112979888916 383 131 396 151
face 0.022680163383483887 383 131 396 151
face 0.022671878337860107 383 131 396 151
face 0.022403329610824585 383 131 396 151
face 0.022335708141326904 383 131 396 151
face 0.022077560424804688 383 131 396 151
face 0.021986842155456543 383 131 396 151
face 0.021801143884658813 383 131 396 151
face 0.021792739629745483 383 131 396 151
face 0.02174803614616394 383 131 396 151
face 0.021740764379501343 383 131 396 151
face 0.021674424409866333 383 131 396 151
face 0.021631509065628052 383 131 396 151
face 0.02161988615989685 383 131 396 151
face 0.02150776982307434 383 131 396 151
face 0.02149099111557007 383 131 396 151
face 0.021456867456436157 383 131 396 151
face 0.020981192588806152 383 131 396 151
face 0.020686864852905273 383 131 396 151
face 0.020513564348220825 383 131 396 151
face 0.02033248543739319 383 131 396 151
face 0.020184308290481567 383 131 396 151
face 0.020043522119522095 383 131 396 151
face 0.020034730434417725 383 131 396 151
face 0.01998800039291382 383 131 396 151
face 0.01987096667289734 383 131 396 151
face 0.019825786352157593 383 131 396 151
face 0.019780248403549194 383 131 396 151
face 0.019672363996505737 383 131 396 151
face 0.019550710916519165 383 131 396 151
face 0.019439607858657837 383 131 396 151
face 0.019062131643295288 383 131 396 151
face 0.01905718445777893 383 131 396 151
face 0.019033074378967285 383 131 396 151
face 0.019001662731170654 383 131 396 151
face 0.01894471049308777 383 131 396 151
face 0.01884058117866516 383 131 396 151
face 0.018784761428833008 383 131 396 151
face 0.018193811178207397 383 131 396 151
face 0.018187224864959717 383 131 396 151
face 0.018107324838638306 383 131 396 151
face 0.017941981554031372 383 131 396 151
face 0.01794058084487915 383 131 396 151
face 0.01788344979286194 383 131 396 151
face 0.017765313386917114 383 131 396 151
face 0.01768624782562256 383 131 396 151
face 0.01767522096633911 383 131 396 151
face 0.017554819583892822 383 131 396 151
face 0.017538636922836304 383 131 396 151
face 0.017279118299484253 383 131 396 151
face 0.017252832651138306 383 131 396 151
face 0.01722806692123413 383 131 396 151
face 0.017129331827163696 383 131 396 151
face 0.016963541507720947 383 131 396 151
face 0.016767531633377075 383 131 396 151
