face 0.8591291904449463 427 78 601 334
face 0.028662770986557007 427 78 601 334
face 0.024057358503341675 427 78 601 334
face 0.02111971378326416 427 78 601 334
face 0.01740667223930359 427 78 601 334
face 0.013221144676208496 427 78 601 334
face 0.012370169162750244 427 78 601 334
face 0.010066568851470947 427 78 601 334
face 0.00888243317604065 427 78 601 334
face 0.008166104555130005 427 78 601 334
face 0.008023053407669067 427 78 601 334
face 0.007719367742538452 427 78 601 334
face 0.007599383592605591 427 78 601 334
face 0.0074076056480407715 427 78 601 334
face 0.007335156202316284 427 78 601 334
face 0.007298886775970459 427 78 601 334
face 0.0061373114585876465 427 78 601 334
face 0.006124347448348999 427 78 601 334
face 0.005849570035934448 427 78 601 334
face 0.005495160818099976 427 78 601 334
face 0.005488961935043335 427 78 601 334
face 0.005321115255355835 427 78 601 334
face 0.005310714244842529 427 78 601 334
face 0.005235165357589722 427 78 601 334
face 0.005180627107620239 427 78 601 334
face 0.005045026540756226 427 78 601 334
face 0.004960507154464722 427 78 601 334
face 0.004854649305343628 427 78 601 334
face 0.004789233207702637 427 78 601 334
face 0.004660576581954956 427 78 601 334
face 0.004520820453763008 427 78 601 334
face 0.004422187805175781 427 78 601 334
face 0.004248976707458496 427 78 601 334
face 0.004207342863082886 427 78 601 334
face 0.004170715808868408 427 78 601 334
face 0.004141569137573242 427 78 601 334
face 0.004141122102737427 427 78 601 334
face 0.0040850043296813965 427 78 601 334
face 0.004075229167938232 427 78 601 334
face 0.004029899835586548 427 78 601 334
face 0.003992021083831787 427 78 601 334
face 0.0039764344692230225 427 78 601 334
face 0.003936558961868286 427 78 601 334
face 0.0038894712924957275 427 78 601 334
face 0.0038872361183166504 427 78 601 334
face 0.003849595785140991 427 78 601 334
face 0.003793001174926758 427 78 601 334
face 0.0037858188152313232 427 78 601 334
face 0.003751218318939209 427 78 601 334
face 0.00366133451461792 427 78 601 334
face 0.0036596357822418213 427 78 601 334
face 0.0036582648754119873 427 78 601 334
face 0.0035513639450073242 427 78 601 334
face 0.003535151481628418 427 78 601 334
face 0.0034918487071990967 427 78 601 334
face 0.003472566604614258 427 78 601 334
face 0.003469794988632202 427 78 601 334
face 0.0034567713737487793 427 78 601 334
face 0.0034371018409729004 427 78 601 334
face 0.0034319162368774414 427 78 601 334
face 0.0033559203147888184 427 78 601 334
face 0.0033378303050994873 427 78 601 334
face 0.00332564115524292 427 78 601 334
face 0.0033163130283355713 427 78 601 334
face 0.0032986998558044434 427 78 601 334
face 0.0032660961151123047 427 78 601 334
face 0.0032644271850585938 427 78 601 334
face 0.0031995773315429688 427 78 601 334
face 0.0031159818172454834 427 78 601 334
face 0.0030927658081054688 427 78 601 334
face 0.0030547380447387695 427 78 601 334
face 0.0030482709407806396 427 78 601 334
face 0.0030454397201538086 427 78 601 334
face 0.0030401945114135742 427 78 601 334
face 0.0030063390731811523 427 78 601 334
face 0.003004729747772217 427 78 601 334
face 0.0030012130737304688 427 78 601 334
face 0.002990245819091797 427 78 601 334
face 0.002973794937133789 427 78 601 334
face 0.0029470622539520264 427 78 601 334
face 0.0029002130031585693 427 78 601 334
face 0.002879112958908081 427 78 601 334
face 0.0028767287731170654 427 78 601 334
face 0.0028659701347351074 427 78 601 334
face 0.0028560757637023926 427 78 601 334
face 0.0028111040592193604 427 78 601 334
face 0.0027761459350585938 427 78 601 334
face 0.0027730166912078857 427 78 601 334
face 0.0027459561824798584 427 78 601 334
face 0.002740025520324707 427 78 601 334
face 0.0027291476726531982 427 78 601 334
face 0.0026964545249938965 427 78 601 334
face 0.0026812851428985596 427 78 601 334
face 0.0026719272136688232 427 78 601 334
face 0.0026658475399017334 427 78 601 334
face 0.0026330649852752686 427 78 601 334
face 0.0026307106018066406 427 78 601 334
face 0.0026297569274902344 427 78 601 334
face 0.0026190578937530518 427 78 601 334
face 0.0026018619537353516 427 78 601 334
