face 0.8838220834732056 244 182 262 203
face 0.8545877933502197 351 177 370 199
face 0.8254317045211792 307 189 325 209
face 0.7992345690727234 76 128 93 150
face 0.7688367366790771 179 150 196 170
face 0.6475043296813965 4 147 18 168
face 0.6199313402175903 743 191 764 215
face 0.4743300974369049 743 191 764 215
face 0.46903300285339355 743 191 764 215
face 0.46178334951400757 743 191 764 215
face 0.4509119987487793 743 191 764 215
face 0.41415101289749146 743 191 764 215
face 0.3208657205104828 743 191 764 215
face 0.2954481542110443 743 191 764 215
face 0.2736334502696991 743 191 764 215
face 0.24418774247169495 743 191 764 215
face 0.19182223081588745 743 191 764 215
face 0.16842800378799438 743 191 764 215
face 0.16015803813934326 743 191 764 215
face 0.1392565667629242 743 191 764 215
face 0.1263779103755951 743 191 764 215
face 0.11623537540435791 743 191 764 215
face 0.10953712463378906 743 191 764 215
face 0.10869923233985901 743 191 764 215
face 0.09144136309623718 743 191 764 215
face 0.08627897500991821 743 191 764 215
face 0.08188527822494507 743 191 764 215
face 0.08143043518066406 743 191 764 215
face 0.08067205548286438 743 191 764 215
face 0.07264292240142822 743 191 764 215
face 0.06894245743751526 743 191 764 215
face 0.0525975227355957 743 191 764 215
face 0.050218433141708374 743 191 764 215
face 0.04881402850151062 743 191 764 215
face 0.04437220096588135 743 191 764 215
face 0.04129117727279663 743 191 764 215
face 0.039827585220336914 743 191 764 215
face 0.03917717933654785 743 191 764 215
face 0.036662012338638306 743 191 764 215
face 0.03468075394630432 743 191 764 215
face 0.03415074944496155 743 191 764 215
face 0.032114624977111816 743 191 764 215
face 0.032063454389572144 743 191 764 215
face 0.030914753675460815 743 191 764 215
face 0.03049159049987793 743 191 764 215
face 0.029661178588867188 743 191 764 215
face 0.029224306344985962 743 191 764 215
face 0.028120875358581543 743 191 764 215
face 0.027861744165420532 743 191 764 215
face 0.026602089405059814 743 191 764 215
face 0.02613207697868347 743 191 764 215
face 0.025046944618225098 743 191 764 215
face 0.02501043677330017 743 191 764 215
face 0.024857789278030396 743 191 764 215
face 0.02418580651283264 743 191 764 215
face 0.02418169379234314 743 191 764 215
face 0.0234338641166687 743 191 764 215
face 0.023296654224395752 743 191 764 215
face 0.02283918857574463 743 191 764 215
face 0.022401541471481323 743 191 764 215
face 0.020643293857574463 743 191 764 215
face 0.02055874466896057 743 191 764 215
face 0.018169552087783813 743 191 764 215
face 0.018107950687408447 743 191 764 215
face 0.017120778560638428 743 191 764 215
face 0.016611248254776 743 191 764 215
face 0.016258686780929565 743 191 764 215
face 0.015632808208465576 743 191 764 215
face 0.014847874641418457 743 191 764 215
face 0.014783650636672974 743 191 764 215
face 0.014166176319122314 743 191 764 215
face 0.013952285051345825 743 191 764 215
face 0.013781726360321045 743 191 764 215
face 0.01298600435256958 743 191 764 215
face 0.012702584266662598 743 191 764 215
face 0.012571275234222412 743 191 764 215
face 0.01253923773765564 743 191 764 215
face 0.012370258569717407 743 191 764 215
face 0.011726558208465576 743 191 764 215
face 0.011625140905380249 743 191 764 215
face 0.011028498411178589 743 191 764 215
face 0.011003702878952026 743 191 764 215
face 0.010948032140731812 743 191 764 215
face 0.010767906904220581 743 191 764 215
face 0.010543256998062134 743 191 764 215
face 0.010030508041381836 743 191 764 215
face 0.009976804256439209 743 191 764 215
face 0.009545505046844482 743 191 764 215
face 0.009444445371627808 743 191 764 215
face 0.009243577718734741 743 191 764 215
face 0.009060025215148926 743 191 764 215
face 0.009044408798217773 743 191 764 215
face 0.008733391761779785 743 191 764 215
face 0.008712828159332275 743 191 764 215
face 0.008587926626205444 743 191 764 215
face 0.008475780487060547 743 191 764 215
face 0.008287906646728516 743 191 764 215
face 0.007912904024124146 743 191 764 215
face 0.007629692554473877 743 191 764 215
face 0.007494240999221802 743 191 764 215
