face 0.9487653374671936 433 350 576 455
face 0.04387634992599487 433 350 576 455
face 0.029335975646972656 433 350 576 455
face 0.02718082070350647 433 350 576 455
face 0.019943565130233765 433 350 576 455
face 0.014979779720306396 433 350 576 455
face 0.014015644788742065 433 350 576 455
face 0.013608485460281372 433 350 576 455
face 0.013583660125732422 433 350 576 455
face 0.01265677809715271 433 350 576 455
face 0.01249021291732788 433 350 576 455
face 0.011849790811538696 433 350 576 455
face 0.011254280805587769 433 350 576 455
face 0.011055618524551392 433 350 576 455
face 0.01083037257194519 433 350 576 455
face 0.010146886110305786 433 350 576 455
face 0.009899616241455078 433 350 576 455
face 0.009868353605270386 433 350 576 455
face 0.009660154581069946 433 350 576 455
face 0.008957237005233765 433 350 576 455
face 0.008816689252853394 433 350 576 455
face 0.008787721395492554 433 350 576 455
face 0.008563041687011719 433 350 576 455
face 0.008490711450576782 433 350 576 455
face 0.00847586989402771 433 350 576 455
face 0.00839880108833313 433 350 576 455
face 0.008316129446029663 433 350 576 455
face 0.007447391748428345 433 350 576 455
face 0.007346689701080322 433 350 576 455
face 0.007267087697982788 433 350 576 455
face 0.007251620292663574 433 350 576 455
face 0.007016927003860474 433 350 576 455
face 0.006948292255401611 433 350 576 455
face 0.006919175386428833 433 350 576 455
face 0.006790816783905029 433 350 576 455
face 0.006512552499771118 433 350 576 455
face 0.006512552499771118 433 350 576 455
face 0.006256043910980225 433 350 576 455
face 0.0062524378299713135 433 350 576 455
face 0.006158888339996338 433 350 576 455
face 0.00609898567199707 433 350 576 455
face 0.005721390247344971 433 350 576 455
face 0.005687117576599121 433 350 576 455
face 0.005658984184265137 433 350 576 455
face 0.00560489296913147 433 350 576 455
face 0.0054039061069488525 433 350 576 455
face 0.005394846200942993 433 350 576 455
face 0.005228370428085327 433 350 576 455
face 0.005155771970748901 433 350 576 455
face 0.0051454901695251465 433 350 576 455
face 0.005120813846588135 433 350 576 455
face 0.005057185888290405 433 350 576 455
face 0.005034595727920532 433 350 576 455
face 0.005010932683944702 433 350 576 455
face 0.004990428686141968 433 350 576 455
face 0.004978060722351074 433 350 576 455
face 0.004927992820739746 433 350 576 455
face 0.004900544881820679 433 350 576 455
face 0.004856288433074951 433 350 576 455
face 0.004645168781280518 433 350 576 455
face 0.0046340227127075195 433 350 576 455
face 0.004577904939651489 433 350 576 455
face 0.004524290561676025 433 350 576 455
face 0.0045150816440582275 433 350 576 455
face 0.004472196102142334 433 350 576 455
face 0.004450470209121704 433 350 576 455
face 0.0044449567794799805 433 350 576 455
face 0.004422932863235474 433 350 576 455
face 0.004420965909957886 433 350 576 455
face 0.004400968551635742 433 350 576 455
face 0.004400104284286499 433 350 576 455
face 0.0043179988861083984 433 350 576 455
face 0.004121959209442139 433 350 576 455
face 0.004108548164367676 433 350 576 455
face 0.004103422164916992 433 350 576 455
face 0.00408211350440979 433 350 576 455
face 0.003977090120315552 433 350 576 455
face 0.003926575183868408 433 350 576 455
face 0.003834635019302368 433 350 576 455
face 0.003808438777923584 433 350 576 455
face 0.0037769973278045654 433 350 576 455
face 0.0037612617015838623 433 350 576 455
face 0.0037550032138824463 433 350 576 455
face 0.003741741180419922 433 350 576 455
face 0.0037415921688079834 433 350 576 455
face 0.003718048334121704 433 350 576 455
face 0.0037108659744262695 433 350 576 455
face 0.003710508346557617 433 350 576 455
face 0.0036553144454956055 433 350 576 455
face 0.00361517071723938 433 350 576 455
face 0.003614187240600586 433 350 576 455
face 0.003603726625442505 433 350 576 455
face 0.003603726625442505 433 350 576 455
face 0.0035873353481292725 433 350 576 455
face 0.0035133659839630127 433 350 576 455
face 0.003506392240524292 433 350 576 455
face 0.003496110439300537 433 350 576 455
face 0.003483593463897705 433 350 576 455
face 0.0034644007682800293 433 350 576 455
face 0.0034442245960235596 433 350 576 455
