face 0.7042801380157471 589 164 632 219
face 0.09687304496765137 589 164 632 219
face 0.05776500701904297 589 164 632 219
face 0.048724353313446045 589 164 632 219
face 0.038059383630752563 589 164 632 219
face 0.027725130319595337 589 164 632 219
face 0.027311474084854126 589 164 632 219
face 0.02636820077896118 589 164 632 219
face 0.025593161582946777 589 164 632 219
face 0.024161040782928467 589 164 632 219
face 0.022475838661193848 589 164 632 219
face 0.021436601877212524 589 164 632 219
face 0.019887030124664307 589 164 632 219
face 0.018302947282791138 589 164 632 219
face 0.01768636703491211 589 164 632 219
face 0.017373114824295044 589 164 632 219
face 0.016969501972198486 589 164 632 219
face 0.016908913850784302 589 164 632 219
face 0.016179770231246948 589 164 632 219
face 0.015035688877105713 589 164 632 219
face 0.014977186918258667 589 164 632 219
face 0.01452907919883728 589 164 632 219
face 0.014133572578430176 589 164 632 219
face 0.0137825608253479 589 164 632 219
face 0.012729495763778687 589 164 632 219
face 0.012603521347045898 589 164 632 219
face 0.012265324592590332 589 164 632 219
face 0.012165367603302002 589 164 632 219
face 0.011900871992111206 589 164 632 219
face 0.011753499507904053 589 164 632 219
face 0.011257737874984741 589 164 632 219
face 0.011159539222717285 589 164 632 219
face 0.011131376028060913 589 164 632 219
face 0.010803669691085815 589 164 632 219
face 0.010497242212295532 589 164 632 219
face 0.010160446166992188 589 164 632 219
face 0.009733974933624268 589 164 632 219
face 0.009556204080581665 589 164 632 219
face 0.009350419044494629 589 164 632 219
face 0.008996158838272095 589 164 632 219
face 0.008896827697753906 589 164 632 219
face 0.008668631315231323 589 164 632 219
face 0.00861784815788269 589 164 632 219
face 0.008616030216217041 589 164 632 219
face 0.008261054754257202 589 164 632 219
face 0.008194029331207275 589 164 632 219
face 0.008169591426849365 589 164 632 219
face 0.007866254076361656 589 164 632 219
face 0.007460951805114746 589 164 632 219
face 0.0074433982372283936 589 164 632 219
face 0.007433831691741943 589 164 632 219
face 0.007236301898956299 589 164 632 219
face 0.007159590721130371 589 164 632 219
face 0.007074594497680664 589 164 632 219
face 0.007072478532791138 589 164 632 219
face 0.0070303380489349365 589 164 632 219
face 0.006940126419067383 589 164 632 219
face 0.006919503211975098 589 164 632 219
face 0.006875276565551758 589 164 632 219
face 0.006802886724472046 589 164 632 219
face 0.006734311580657959 589 164 632 219
face 0.006580352783203125 589 164 632 219
face 0.0064430832862854 589 164 632 219
face 0.006433844566345215 589 164 632 219
face 0.0062996745109558105 589 164 632 219
face 0.0062933266162872314 589 164 632 219
face 0.006223082542419434 589 164 632 219
face 0.006220906972885132 589 164 632 219
face 0.00621148943901062 589 164 632 219
face 0.006202131509780884 589 164 632 219
face 0.006155818700790405 589 164 632 219
face 0.006141096353530884 589 164 632 219
face 0.006111443042755127 589 164 632 219
face 0.005914479494094849 589 164 632 219
face 0.00590178370475769 589 164 632 219
face 0.005861401557922363 589 164 632 219
face 0.00583803653717041 589 164 632 219
face 0.005779176950454712 589 164 632 219
face 0.0057312846183776855 589 164 632 219
face 0.005704522132873535 589 164 632 219
face 0.005548298358917236 589 164 632 219
face 0.005535691976547241 589 164 632 219
face 0.005518138408660889 589 164 632 219
face 0.005465418100357056 589 164 632 219
face 0.00542217493057251 589 164 632 219
face 0.005400568246841431 589 164 632 219
face 0.005235940217971802 589 164 632 219
face 0.005201101303100586 589 164 632 219
face 0.005124777555465698 589 164 632 219
face 0.0051088035106658936 589 164 632 219
face 0.005063056945800781 589 164 632 219
face 0.005048513412475586 589 164 632 219
face 0.005048185586929321 589 164 632 219
face 0.005030304193496704 589 164 632 219
face 0.004934430122375488 589 164 632 219
face 0.004927009344100952 589 164 632 219
face 0.004887610673904419 589 164 632 219
face 0.0048507750034332275 589 164 632 219
face 0.004809528589248657 589 164 632 219
face 0.0047882795333862305 589 164 632 219
