face 0.9472017288208008 714 56 773 118
face 0.07709851861000061 714 56 773 118
face 0.04236322641372681 714 56 773 118
face 0.030679374933242798 714 56 773 118
face 0.022874027490615845 714 56 773 118
face 0.016864478588104248 714 56 773 118
face 0.01666778326034546 714 56 773 118
face 0.01624143123626709 714 56 773 118
face 0.01623675227165222 714 56 773 118
face 0.015576779842376709 714 56 773 118
face 0.014822721481323242 714 56 773 118
face 0.013630598783493042 714 56 773 118
face 0.012872755527496338 714 56 773 118
face 0.01247262954711914 714 56 773 118
face 0.012051135301589966 714 56 773 118
face 0.008826076984405518 714 56 773 118
face 0.008784294128417969 714 56 773 118
face 0.008242934942245483 714 56 773 118
face 0.0079268217086792 714 56 773 118
face 0.00774383544921875 714 56 773 118
face 0.007596015930175781 714 56 773 118
face 0.007540464401245117 714 56 773 118
face 0.007258355617523193 714 56 773 118
face 0.0072449445724487305 714 56 773 118
face 0.007151365280151367 714 56 773 118
face 0.007014840841293335 714 56 773 118
face 0.006826341152191162 714 56 773 118
face 0.006628692150115967 714 56 773 118
face 0.006600320339202881 714 56 773 118
face 0.006581425666809082 714 56 773 118
face 0.006578296422958374 714 56 773 118
face 0.006511777639389038 714 56 773 118
face 0.006247520446777344 714 56 773 118
face 0.006211638450622559 714 56 773 118
face 0.006190299987792969 714 56 773 118
face 0.006000399589538574 714 56 773 118
face 0.005916088819503784 714 56 773 118
face 0.0057975053787231445 714 56 773 118
face 0.0057489871978759766 714 56 773 118
face 0.0057482123374938965 714 56 773 118
face 0.005698472261428833 714 56 773 118
face 0.00568389892578125 714 56 773 118
face 0.005541622638702393 714 56 773 118
face 0.005497276782989502 714 56 773 118
face 0.005439043045043945 714 56 773 118
face 0.005429178476333618 714 56 773 118
face 0.005414217710494995 714 56 773 118
face 0.005388766527175903 714 56 773 118
face 0.005382418632507324 714 56 773 118
face 0.005320876836776733 714 56 773 118
face 0.005144327878952026 714 56 773 118
face 0.005124121904373169 714 56 773 118
face 0.0050376057624816895 714 56 773 118
face 0.005031019449234009 714 56 773 118
face 0.005011528730392456 714 56 773 118
face 0.004949510097503662 714 56 773 118
face 0.0048639774322509766 714 56 773 118
face 0.00470733642578125 714 56 773 118
face 0.004568040370941162 714 56 773 118
face 0.004546672105789185 714 56 773 118
face 0.004505634307861328 714 56 773 118
face 0.004441440105438232 714 56 773 118
face 0.004429608583450317 714 56 773 118
face 0.004384428262710571 714 56 773 118
face 0.004379749298095703 714 56 773 118
face 0.004348546266555786 714 56 773 118
face 0.004337579011917114 714 56 773 118
face 0.0042916834354400635 714 56 773 118
face 0.004251331090927124 714 56 773 118
face 0.00422021746635437 714 56 773 118
face 0.004184633493423462 714 56 773 118
face 0.004105597734451294 714 56 773 118
face 0.004092186689376831 714 56 773 118
face 0.004086315631866455 714 56 773 118
face 0.004030555486679077 714 56 773 118
face 0.003998368978500366 714 56 773 118
face 0.003989189863204956 714 56 773 118
face 0.00398784875869751 714 56 773 118
face 0.003938913345336914 714 56 773 118
face 0.0039247870445251465 714 56 773 118
face 0.0039055347442626953 714 56 773 118
face 0.0038930773735046387 714 56 773 118
face 0.0038677453994750977 714 56 773 118
face 0.0038498640060424805 714 56 773 118
face 0.0038143694400787354 714 56 773 118
face 0.0038101375102996826 714 56 773 118
face 0.003806084394454956 714 56 773 118
face 0.003803074359893799 714 56 773 118
face 0.0037987232208251953 714 56 773 118
face 0.003792017698287964 714 56 773 118
face 0.0037141144275665283 714 56 773 118
face 0.003701925277709961 714 56 773 118
face 0.003681361675262451 714 56 773 118
face 0.003674715757369995 714 56 773 118
face 0.0036705434322357178 714 56 773 118
face 0.0036118626594543457 714 56 773 118
face 0.0035747289657592773 714 56 773 118
face 0.0035733282566070557 714 56 773 118
face 0.0035557448863983154 714 56 773 118
face 0.0035505592823028564 714 56 773 118
