face 0.4847186803817749 1001 462 1021 497
face 0.030400246381759644 1001 462 1021 497
face 0.02664092183113098 1001 462 1021 497
face 0.026043683290481567 1001 462 1021 497
face 0.02329164743423462 1001 462 1021 497
face 0.019283026456832886 1001 462 1021 497
face 0.019261866807937622 1001 462 1021 497
face 0.017253011465072632 1001 462 1021 497
face 0.016885370016098022 1001 462 1021 497
face 0.015977531671524048 1001 462 1021 497
face 0.015180855989456177 1001 462 1021 497
face 0.014862656593322754 1001 462 1021 497
face 0.014857470989227295 1001 462 1021 497
face 0.013294875621795654 1001 462 1021 497
face 0.01290363073348999 1001 462 1021 497
face 0.012852132320404053 1001 462 1021 497
face 0.01204216480255127 1001 462 1021 497
face 0.011948883533477783 1001 462 1021 497
face 0.01185595989227295 1001 462 1021 497
face 0.011854082345962524 1001 462 1021 497
face 0.011255502700805664 1001 462 1021 497
face 0.011040300130844116 1001 462 1021 497
face 0.010615736246109009 1001 462 1021 497
face 0.010213375091552734 1001 462 1021 497
face 0.009747684001922607 1001 462 1021 497
face 0.009682834148406982 1001 462 1021 497
face 0.009640544652938843 1001 462 1021 497
face 0.009482145309448242 1001 462 1021 497
face 0.009347766637802124 1001 462 1021 497
face 0.00929763913154602 1001 462 1021 497
face 0.009240299463272095 1001 462 1021 497
face 0.00909048318862915 1001 462 1021 497
face 0.009026110172271729 1001 462 1021 497
face 0.008986830711364746 1001 462 1021 497
face 0.00874677300453186 1001 462 1021 497
face 0.008517295122146606 1001 462 1021 497
face 0.008419454097747803 1001 462 1021 497
face 0.008311033248901367 1001 462 1021 497
face 0.008226066827774048 1001 462 1021 497
face 0.008133172988891602 1001 462 1021 497
face 0.00793987512588501 1001 462 1021 497
face 0.007678300142288208 1001 462 1021 497
face 0.007553666830062866 1001 462 1021 497
face 0.0074881911277771 1001 462 1021 497
face 0.0072641074657440186 1001 462 1021 497
face 0.007250666618347168 1001 462 1021 497
face 0.007132619619369507 1001 462 1021 497
face 0.006871819496154785 1001 462 1021 497
face 0.006862670183181763 1001 462 1021 497
face 0.006708979606628418 1001 462 1021 497
face 0.0066963136196136475 1001 462 1021 497
face 0.006631404161453247 1001 462 1021 497
face 0.006450235843658447 1001 462 1021 497
face 0.006290823221206665 1001 462 1021 497
face 0.00614580512046814 1001 462 1021 497
face 0.00612187385559082 1001 462 1021 497
face 0.006109803915023804 1001 462 1021 497
face 0.006013840436935425 1001 462 1021 497
face 0.0059788525104522705 1001 462 1021 497
face 0.005938798189163208 1001 462 1021 497
face 0.005923658609390259 1001 462 1021 497
face 0.005910634994506836 1001 462 1021 497
face 0.005849659442901611 1001 462 1021 497
face 0.005746275186538696 1001 462 1021 497
face 0.005724966526031494 1001 462 1021 497
face 0.005653887987136841 1001 462 1021 497
face 0.005609333515167236 1001 462 1021 497
face 0.005606502294540405 1001 462 1021 497
face 0.005493879318237305 1001 462 1021 497
face 0.005450904369354248 1001 462 1021 497
face 0.005418896675109863 1001 462 1021 497
face 0.00536617636680603 1001 462 1021 497
face 0.005363106727600098 1001 462 1021 497
face 0.005267441272735596 1001 462 1021 497
face 0.005260646343231201 1001 462 1021 497
face 0.005224138498306274 1001 462 1021 497
face 0.005206674337387085 1001 462 1021 497
face 0.0051653385162353516 1001 462 1021 497
face 0.005152344703674316 1001 462 1021 497
face 0.005092144012451172 1001 462 1021 497
face 0.00509035587310791 1001 462 1021 497
face 0.005089312791824341 1001 462 1021 497
face 0.005034089088439941 1001 462 1021 497
face 0.004981964826583862 1001 462 1021 497
face 0.004917263984680176 1001 462 1021 497
face 0.004914402961730957 1001 462 1021 497
face 0.004884779453277588 1001 462 1021 497
face 0.004850327968597412 1001 462 1021 497
face 0.004799604415893555 1001 462 1021 497
face 0.004788100719451904 1001 462 1021 497
face 0.004778534173965454 1001 462 1021 497
face 0.004776477813720703 1001 462 1021 497
face 0.004745274782180786 1001 462 1021 497
face 0.004714339971542358 1001 462 1021 497
face 0.004669547080993652 1001 462 1021 497
face 0.0046243369579315186 1001 462 1021 497
face 0.004576295614242554 1001 462 1021 497
face 0.004517316818237305 1001 462 1021 497
face 0.0044329166412353516 1001 462 1021 497
face 0.004429996013641357 1001 462 1021 497
