face 0.9760109186172485 626 272 649 305
face 0.960795521736145 338 274 356 304
face 0.9456030130386353 474 319 497 355
face 0.933867335319519 402 202 420 229
face 0.8347642421722412 962 338 982 365
face 0.7686353921890259 533 303 555 336
face 0.7142465710639954 771 285 790 308
face 0.6819489002227783 894 338 912 364
face 0.640615701675415 463 261 481 288
face 0.61052006483078 848 200 865 222
face 0.6074450016021729 78 200 91 220
face 0.5432077646255493 397 257 414 285
face 0.5235839486122131 678 269 697 297
face 0.47773250937461853 678 269 697 297
face 0.47478386759757996 678 269 697 297
face 0.4446861743927002 678 269 697 297
face 0.4244990348815918 678 269 697 297
face 0.3753710091114044 678 269 697 297
face 0.37052732706069946 678 269 697 297
face 0.33764582872390747 678 269 697 297
face 0.31316816806793213 678 269 697 297
face 0.2834688425064087 678 269 697 297
face 0.2310471534729004 678 269 697 297
face 0.2127278745174408 678 269 697 297
face 0.19433775544166565 678 269 697 297
face 0.1762504279613495 678 269 697 297
face 0.1759209930896759 678 269 697 297
face 0.17452043294906616 678 269 697 297
face 0.16808396577835083 678 269 697 297
face 0.1395990550518036 678 269 697 297
face 0.12070801854133606 678 269 697 297
face 0.11893469095230103 678 269 697 297
face 0.10097932815551758 678 269 697 297
face 0.09594118595123291 678 269 697 297
face 0.09364005923271179 678 269 697 297
face 0.092038094997406 678 269 697 297
face 0.09190067648887634 678 269 697 297
face 0.06216105818748474 678 269 697 297
face 0.05816134810447693 678 269 697 297
face 0.053408294916152954 678 269 697 297
face 0.05289134383201599 678 269 697 297
face 0.046590328216552734 678 269 697 297
face 0.04581111669540405 678 269 697 297
face 0.04342427849769592 678 269 697 297
face 0.04130744934082031 678 269 697 297
face 0.040446311235427856 678 269 697 297
face 0.040434449911117554 678 269 697 297
face 0.03807440400123596 678 269 697 297
face 0.03343251347541809 678 269 697 297
face 0.03308898210525513 678 269 697 297
face 0.0326046347618103 678 269 697 297
face 0.03063225746154785 678 269 697 297
face 0.028903692960739136 678 269 697 297
face 0.028718680143356323 678 269 697 297
face 0.024519413709640503 678 269 697 297
face 0.023442238569259644 678 269 697 297
face 0.02337270975112915 678 269 697 297
face 0.022378206253051758 678 269 697 297
face 0.021977514028549194 678 269 697 297
face 0.02167239785194397 678 269 697 297
face 0.020316094160079956 678 269 697 297
face 0.018761664628982544 678 269 697 297
face 0.018605798482894897 678 269 697 297
face 0.01701986789703369 678 269 697 297
face 0.016255944967269897 678 269 697 297
face 0.015499770641326904 678 269 697 297
face 0.014513075351715088 678 269 697 297
face 0.012512028217315674 678 269 697 297
face 0.012337297201156616 678 269 697 297
face 0.012320637702941895 678 269 697 297
face 0.011985808610916138 678 269 697 297
face 0.011949390172958374 678 269 697 297
face 0.011826485395431519 678 269 697 297
face 0.011767029762268066 678 269 697 297
face 0.011118501424789429 678 269 697 297
face 0.010782748460769653 678 269 697 297
face 0.010682404041290283 678 269 697 297
face 0.010585159063339233 678 269 697 297
face 0.010494887828826904 678 269 697 297
face 0.010284096002578735 678 269 697 297
face 0.010091155767440796 678 269 697 297
face 0.010069847106933594 678 269 697 297
face 0.00962132215499878 678 269 697 297
face 0.009441226720809937 678 269 697 297
face 0.009215176105499268 678 269 697 297
face 0.009103566408157349 678 269 697 297
face 0.009082794189453125 678 269 697 297
face 0.00896596908569336 678 269 697 297
face 0.008787423372268677 678 269 697 297
face 0.008433401584625244 678 269 697 297
face 0.008373022079467773 678 269 697 297
face 0.008281171321868896 678 269 697 297
face 0.007640659809112549 678 269 697 297
face 0.0076024532318115234 678 269 697 297
face 0.0075990259647369385 678 269 697 297
face 0.00751081109046936 678 269 697 297
face 0.007469058036804199 678 269 697 297
face 0.007124453783035278 678 269 697 297
face 0.007110714912414551 678 269 697 297
face 0.007001161575317383 678 269 697 297
