face 0.832550048828125 231 28 261 54
face 0.6079714894294739 75 1 105 30
face 0.29794082045555115 75 1 105 30
face 0.23622176051139832 75 1 105 30
face 0.18227380514144897 75 1 105 30
face 0.1277453899383545 75 1 105 30
face 0.11027508974075317 75 1 105 30
face 0.08262783288955688 75 1 105 30
face 0.07784226536750793 75 1 105 30
face 0.04990240931510925 75 1 105 30
face 0.040335655212402344 75 1 105 30
face 0.021983176469802856 75 1 105 30
face 0.01975443959236145 75 1 105 30
face 0.019215375185012817 75 1 105 30
face 0.017148464918136597 75 1 105 30
face 0.016311585903167725 75 1 105 30
face 0.01608818769454956 75 1 105 30
face 0.015827953815460205 75 1 105 30
face 0.015225261449813843 75 1 105 30
face 0.014471828937530518 75 1 105 30
face 0.013217121362686157 75 1 105 30
face 0.0129774808883667 75 1 105 30
face 0.012764304876327515 75 1 105 30
face 0.012651592493057251 75 1 105 30
face 0.012523889541625977 75 1 105 30
face 0.012347549200057983 75 1 105 30
face 0.012240439653396606 75 1 105 30
face 0.01200297474861145 75 1 105 30
face 0.011835604906082153 75 1 105 30
face 0.011632651090621948 75 1 105 30
face 0.0107821524143219 75 1 105 30
face 0.010608077049255371 75 1 105 30
face 0.010577678680419922 75 1 105 30
face 0.01049792766571045 75 1 105 30
face 0.010467082262039185 75 1 105 30
face 0.010267406702041626 75 1 105 30
face 0.01022389531135559 75 1 105 30
face 0.010196954011917114 75 1 105 30
face 0.0101795494556427 75 1 105 30
face 0.010152220726013184 75 1 105 30
face 0.010001271963119507 75 1 105 30
face 0.009892076253890991 75 1 105 30
face 0.009755194187164307 75 1 105 30
face 0.009682893753051758 75 1 105 30
face 0.009626418352127075 75 1 105 30
face 0.009430766105651855 75 1 105 30
face 0.009131163358688354 75 1 105 30
face 0.009001374244689941 75 1 105 30
face 0.008772552013397217 75 1 105 30
face 0.008767426013946533 75 1 105 30
face 0.008738607168197632 75 1 105 30
face 0.008625626564025879 75 1 105 30
face 0.00857454538345337 75 1 105 30
face 0.008511066436767578 75 1 105 30
face 0.008495450019836426 75 1 105 30
face 0.008395850658416748 75 1 105 30
face 0.008335769176483154 75 1 105 30
face 0.008197218179702759 75 1 105 30
face 0.008003652095794678 75 1 105 30
face 0.0078102052211761475 75 1 105 30
face 0.007752537727355957 75 1 105 30
face 0.0077055394649505615 75 1 105 30
face 0.007694154977798462 75 1 105 30
face 0.007691442966461182 75 1 105 30
face 0.007444649934768677 75 1 105 30
face 0.0073562562465667725 75 1 105 30
face 0.007350564002990723 75 1 105 30
face 0.007297724485397339 75 1 105 30
face 0.00728943943977356 75 1 105 30
face 0.007277190685272217 75 1 105 30
face 0.007230818271636963 75 1 105 30
face 0.007131099700927734 75 1 105 30
face 0.0070903003215789795 75 1 105 30
face 0.0069124698638916016 75 1 105 30
face 0.006837904453277588 75 1 105 30
face 0.006834954023361206 75 1 105 30
face 0.006786972284317017 75 1 105 30
face 0.006765216588973999 75 1 105 30
face 0.006735742092132568 75 1 105 30
face 0.0066304802894592285 75 1 105 30
face 0.006546378135681152 75 1 105 30
face 0.0064356327056884766 75 1 105 30
face 0.0064047276973724365 75 1 105 30
face 0.006360352039337158 75 1 105 30
face 0.006294459104537964 75 1 105 30
face 0.006274700164794922 75 1 105 30
face 0.006263941526412964 75 1 105 30
face 0.00626179575920105 75 1 105 30
face 0.006249517202377319 75 1 105 30
face 0.006227701902389526 75 1 105 30
face 0.006211400032043457 75 1 105 30
face 0.006169915199279785 75 1 105 30
face 0.006160140037536621 75 1 105 30
face 0.006090790033340454 75 1 105 30
face 0.006026417016983032 75 1 105 30
face 0.006016194820404053 75 1 105 30
face 0.005986303091049194 75 1 105 30
face 0.005908995866775513 75 1 105 30
face 0.005855143070220947 75 1 105 30
face 0.005845516920089722 75 1 105 30
