face 0.7550146579742432 438 98 486 162
face 0.6898865699768066 618 74 659 128
face 0.2999657988548279 618 74 659 128
face 0.21837171912193298 618 74 659 128
face 0.21589672565460205 618 74 659 128
face 0.18266674876213074 618 74 659 128
face 0.12388905882835388 618 74 659 128
face 0.11791643500328064 618 74 659 128
face 0.10865908861160278 618 74 659 128
face 0.1077311635017395 618 74 659 128
face 0.10263332724571228 618 74 659 128
face 0.09531760215759277 618 74 659 128
face 0.08723148703575134 618 74 659 128
face 0.08572700619697571 618 74 659 128
face 0.07132607698440552 618 74 659 128
face 0.05579760670661926 618 74 659 128
face 0.05332955718040466 618 74 659 128
face 0.05188915133476257 618 74 659 128
face 0.048861801624298096 618 74 659 128
face 0.04691368341445923 618 74 659 128
face 0.046536773443222046 618 74 659 128
face 0.04143550992012024 618 74 659 128
face 0.039141833782196045 618 74 659 128
face 0.038608700037002563 618 74 659 128
face 0.03802970051765442 618 74 659 128
face 0.034967780113220215 618 74 659 128
face 0.033984094858169556 618 74 659 128
face 0.03366732597351074 618 74 659 128
face 0.03278467059135437 618 74 659 128
face 0.0301874577999115 618 74 659 128
face 0.029100775718688965 618 74 659 128
face 0.02861383557319641 618 74 659 128
face 0.027525275945663452 618 74 659 128
face 0.02637767791748047 618 74 659 128
face 0.026259899139404297 618 74 659 128
face 0.02410373091697693 618 74 659 128
face 0.024073898792266846 618 74 659 128
face 0.02377086877822876 618 74 659 128
face 0.023753315210342407 618 74 659 128
face 0.023204803466796875 618 74 659 128
face 0.02287009358406067 618 74 659 128
face 0.02262178063392639 618 74 659 128
face 0.022126585245132446 618 74 659 128
face 0.021997958421707153 618 74 659 128
face 0.021766304969787598 618 74 659 128
face 0.019777953624725342 618 74 659 128
face 0.019754081964492798 618 74 659 128
face 0.019550323486328125 618 74 659 128
face 0.01937142014503479 618 74 659 128
face 0.018597304821014404 618 74 659 128
face 0.01851975917816162 618 74 659 128
face 0.018500924110412598 618 74 659 128
face 0.01812484860420227 618 74 659 128
face 0.017578303813934326 618 74 659 128
face 0.017472565174102783 618 74 659 128
face 0.01743072271347046 618 74 659 128
face 0.016997694969177246 618 74 659 128
face 0.01695007085800171 618 74 659 128
face 0.016822397708892822 618 74 659 128
face 0.016750991344451904 618 74 659 128
face 0.016665935516357422 618 74 659 128
face 0.016602009534835815 618 74 659 128
face 0.016579031944274902 618 74 659 128
face 0.01655179262161255 618 74 659 128
face 0.016050100326538086 618 74 659 128
face 0.015974968671798706 618 74 659 128
face 0.015835493803024292 618 74 659 128
face 0.01583060622215271 618 74 659 128
face 0.015658408403396606 618 74 659 128
face 0.01564258337020874 618 74 659 128
face 0.015430659055709839 618 74 659 128
face 0.01483607292175293 618 74 659 128
face 0.014768362045288086 618 74 659 128
face 0.014583706855773926 618 74 659 128
face 0.014488935470581055 618 74 659 128
face 0.01425132155418396 618 74 659 128
face 0.014248460531234741 618 74 659 128
face 0.014199614524841309 618 74 659 128
face 0.01413300633430481 618 74 659 128
face 0.014105677604675293 618 74 659 128
face 0.014077931642532349 618 74 659 128
face 0.01404505968093872 618 74 659 128
face 0.01396244764328003 618 74 659 128
face 0.013754546642303467 618 74 659 128
face 0.013735145330429077 618 74 659 128
face 0.013689249753952026 618 74 659 128
face 0.013377249240875244 618 74 659 128
face 0.013343125581741333 618 74 659 128
face 0.013241976499557495 618 74 659 128
face 0.01311686635017395 618 74 659 128
face 0.012991666793823242 618 74 659 128
face 0.01288023591041565 618 74 659 128
face 0.0125199556350708 618 74 659 128
face 0.012476682662963867 618 74 659 128
face 0.01244807243347168 618 74 659 128
face 0.012426167726516724 618 74 659 128
face 0.012381941080093384 618 74 659 128
face 0.012378454208374023 618 74 659 128
face 0.012342214584350586 618 74 659 128
face 0.01228979229927063 618 74 659 128
