face 0.6743363738059998 725 82 763 145
face 0.1777040660381317 725 82 763 145
face 0.14495053887367249 725 82 763 145
face 0.1280781626701355 725 82 763 145
face 0.12050917744636536 725 82 763 145
face 0.1085379421710968 725 82 763 145
face 0.10519403219223022 725 82 763 145
face 0.10221847891807556 725 82 763 145
face 0.09443461894989014 725 82 763 145
face 0.09319546818733215 725 82 763 145
face 0.08741530776023865 725 82 763 145
face 0.08390319347381592 725 82 763 145
face 0.07492655515670776 725 82 763 145
face 0.07485240697860718 725 82 763 145
face 0.06632691621780396 725 82 763 145
face 0.06538558006286621 725 82 763 145
face 0.0639713704586029 725 82 763 145
face 0.061222463846206665 725 82 763 145
face 0.06093567609786987 725 82 763 145
face 0.05832543969154358 725 82 763 145
face 0.05660530924797058 725 82 763 145
face 0.047998666763305664 725 82 763 145
face 0.046630531549453735 725 82 763 145
face 0.04413458704948425 725 82 763 145
face 0.039787620306015015 725 82 763 145
face 0.03713560104370117 725 82 763 145
face 0.035629481077194214 725 82 763 145
face 0.03345426917076111 725 82 763 145
face 0.03271365165710449 725 82 763 145
face 0.032333195209503174 725 82 763 145
face 0.030536174774169922 725 82 763 145
face 0.030373454093933105 725 82 763 145
face 0.028938591480255127 725 82 763 145
face 0.028724074363708496 725 82 763 145
face 0.027722448110580444 725 82 763 145
face 0.027214646339416504 725 82 763 145
face 0.02685198187828064 725 82 763 145
face 0.026509493589401245 725 82 763 145
face 0.025889813899993896 725 82 763 145
face 0.025058984756469727 725 82 763 145
face 0.024318844079971313 725 82 763 145
face 0.023949384689331055 725 82 763 145
face 0.023592054843902588 725 82 763 145
face 0.02336794137954712 725 82 763 145
face 0.023219764232635498 725 82 763 145
face 0.02313956618309021 725 82 763 145
face 0.02282637357711792 725 82 763 145
face 0.02273857593536377 725 82 763 145
face 0.02177417278289795 725 82 763 145
face 0.02160465717315674 725 82 763 145
face 0.020382314920425415 725 82 763 145
face 0.020086199045181274 725 82 763 145
face 0.02005869150161743 725 82 763 145
face 0.020028293132781982 725 82 763 145
face 0.01999610662460327 725 82 763 145
face 0.019831329584121704 725 82 763 145
face 0.019536495208740234 725 82 763 145
face 0.019359350204467773 725 82 763 145
face 0.01881343126296997 725 82 763 145
face 0.01815733313560486 725 82 763 145
face 0.01797500252723694 725 82 763 145
face 0.01791149377822876 725 82 763 145
face 0.01763153076171875 725 82 763 145
face 0.017426401376724243 725 82 763 145
face 0.017208784818649292 725 82 763 145
face 0.01710665225982666 725 82 763 145
face 0.017103880643844604 725 82 763 145
face 0.016048401594161987 725 82 763 145
face 0.01600855588912964 725 82 763 145
face 0.015771329402923584 725 82 763 145
face 0.015361964702606201 725 82 763 145
face 0.015011072158813477 725 82 763 145
face 0.014921367168426514 725 82 763 145
face 0.014842689037322998 725 82 763 145
face 0.014442980289459229 725 82 763 145
face 0.014312744140625 725 82 763 145
face 0.014070600271224976 725 82 763 145
face 0.01399734616279602 725 82 763 145
face 0.01392623782157898 725 82 763 145
face 0.01380997896194458 725 82 763 145
face 0.013492584228515625 725 82 763 145
face 0.013385355472564697 725 82 763 145
face 0.013365596532821655 725 82 763 145
face 0.013047486543655396 725 82 763 145
face 0.013038188219070435 725 82 763 145
face 0.01275414228439331 725 82 763 145
face 0.012738317251205444 725 82 763 145
face 0.01265406608581543 725 82 763 145
face 0.012538403272628784 725 82 763 145
face 0.012347549200057983 725 82 763 145
face 0.012301743030548096 725 82 763 145
face 0.012300878763198853 725 82 763 145
face 0.012293398380279541 725 82 763 145
face 0.012117564678192139 725 82 763 145
face 0.012062907218933105 725 82 763 145
face 0.011853545904159546 725 82 763 145
face 0.011709034442901611 725 82 763 145
face 0.01164388656616211 725 82 763 145
face 0.011530816555023193 725 82 763 145
face 0.011488527059555054 725 82 763 145
