face 0.49663180112838745 714 56 773 118
face 0.021296143531799316 714 56 773 118
face 0.021192431449890137 714 56 773 118
face 0.02069169282913208 714 56 773 118
face 0.020582765340805054 714 56 773 118
face 0.017575204372406006 714 56 773 118
face 0.016292601823806763 714 56 773 118
face 0.016032159328460693 714 56 773 118
face 0.015500515699386597 714 56 773 118
face 0.015049636363983154 714 56 773 118
face 0.014845430850982666 714 56 773 118
face 0.014687806367874146 714 56 773 118
face 0.014543801546096802 714 56 773 118
face 0.013337284326553345 714 56 773 118
face 0.013290196657180786 714 56 773 118
face 0.013242155313491821 714 56 773 118
face 0.013187974691390991 714 56 773 118
face 0.01311028003692627 714 56 773 118
face 0.012421220541000366 714 56 773 118
face 0.012291133403778076 714 56 773 118
face 0.011950761079788208 714 56 773 118
face 0.010950624942779541 714 56 773 118
face 0.010616719722747803 714 56 773 118
face 0.010483890771865845 714 56 773 118
face 0.010453343391418457 714 56 773 118
face 0.010438472032546997 714 56 773 118
face 0.010358959436416626 714 56 773 118
face 0.009968310594558716 714 56 773 118
face 0.00986519455909729 714 56 773 118
face 0.009736835956573486 714 56 773 118
face 0.009420841932296753 714 56 773 118
face 0.00907808542251587 714 56 773 118
face 0.008597195148468018 714 56 773 118
face 0.008465290069580078 714 56 773 118
face 0.008410632610321045 714 56 773 118
face 0.00819125771522522 714 56 773 118
face 0.008083254098892212 714 56 773 118
face 0.008022844791412354 714 56 773 118
face 0.008018344640731812 714 56 773 118
face 0.007889926433563232 714 56 773 118
face 0.007880985736846924 714 56 773 118
face 0.007825762033462524 714 56 773 118
face 0.0077342689037323 714 56 773 118
face 0.007609695196151733 714 56 773 118
face 0.007524341344833374 714 56 773 118
face 0.00749891996383667 714 56 773 118
face 0.007430553436279297 714 56 773 118
face 0.007365167140960693 714 56 773 118
face 0.007342398166656494 714 56 773 118
face 0.007303774356842041 714 56 773 118
face 0.007177591323852539 714 56 773 118
face 0.007016092538833618 714 56 773 118
face 0.00698930025100708 714 56 773 118
face 0.006983637809753418 714 56 773 118
face 0.006940960884094238 714 56 773 118
face 0.006808161735534668 714 56 773 118
face 0.006800442934036255 714 56 773 118
face 0.006707221269607544 714 56 773 118
face 0.006477981805801392 714 56 773 118
face 0.006416797637939453 714 56 773 118
face 0.006382554769515991 714 56 773 118
face 0.006379753351211548 714 56 773 118
face 0.006358116865158081 714 56 773 118
face 0.006305664777755737 714 56 773 118
face 0.00625300407409668 714 56 773 118
face 0.006150007247924805 714 56 773 118
face 0.006052196025848389 714 56 773 118
face 0.005942046642303467 714 56 773 118
face 0.005939006805419922 714 56 773 118
face 0.005929440259933472 714 56 773 118
face 0.005811542272567749 714 56 773 118
face 0.0057818591594696045 714 56 773 118
face 0.005771279335021973 714 56 773 118
face 0.005696505308151245 714 56 773 118
face 0.005643993616104126 714 56 773 118
face 0.005616605281829834 714 56 773 118
face 0.005616217851638794 714 56 773 118
face 0.0055664777755737305 714 56 773 118
face 0.0055325329303741455 714 56 773 118
face 0.005433857440948486 714 56 773 118
face 0.005426466464996338 714 56 773 118
face 0.005387157201766968 714 56 773 118
face 0.005309969186782837 714 56 773 118
face 0.005309760570526123 714 56 773 118
face 0.005272865295410156 714 56 773 118
face 0.005254149436950684 714 56 773 118
face 0.005245327949523926 714 56 773 118
face 0.005208522081375122 714 56 773 118
face 0.00519561767578125 714 56 773 118
face 0.005165040493011475 714 56 773 118
face 0.005154341459274292 714 56 773 118
face 0.005151718854904175 714 56 773 118
face 0.005143880844116211 714 56 773 118
face 0.005129754543304443 714 56 773 118
face 0.0050598084926605225 714 56 773 118
face 0.005057245492935181 714 56 773 118
face 0.00504457950592041 714 56 773 118
face 0.005010008811950684 714 56 773 118
face 0.004989832639694214 714 56 773 118
face 0.004909604787826538 714 56 773 118
