face 0.9861559867858887 448 127 501 191
face 0.024239271879196167 448 127 501 191
face 0.020974963903427124 448 127 501 191
face 0.015317976474761963 448 127 501 191
face 0.014981120824813843 448 127 501 191
face 0.01445859670639038 448 127 501 191
face 0.014454811811447144 448 127 501 191
face 0.014438062906265259 448 127 501 191
face 0.013891279697418213 448 127 501 191
face 0.013649225234985352 448 127 501 191
face 0.012780547142028809 448 127 501 191
face 0.011845529079437256 448 127 501 191
face 0.0116710364818573 448 127 501 191
face 0.011080056428909302 448 127 501 191
face 0.01085922122001648 448 127 501 191
face 0.010538846254348755 448 127 501 191
face 0.010435700416564941 448 127 501 191
face 0.010368883609771729 448 127 501 191
face 0.010184288024902344 448 127 501 191
face 0.009932756423950195 448 127 501 191
face 0.009892284870147705 448 127 501 191
face 0.009599655866622925 448 127 501 191
face 0.00956648588180542 448 127 501 191
face 0.009487062692642212 448 127 501 191
face 0.0093136727809906 448 127 501 191
face 0.00889962911605835 448 127 501 191
face 0.008737802505493164 448 127 501 191
face 0.008678346872329712 448 127 501 191
face 0.008660316467285156 448 127 501 191
face 0.008508890867233276 448 127 501 191
face 0.008455157279968262 448 127 501 191
face 0.008451253175735474 448 127 501 191
face 0.008349090814590454 448 127 501 191
face 0.008067101240158081 448 127 501 191
face 0.007959753274917603 448 127 501 191
face 0.00789216160774231 448 127 501 191
face 0.0077922046184539795 448 127 501 191
face 0.0077543556690216064 448 127 501 191
face 0.007674068212509155 448 127 501 191
face 0.007578998804092407 448 127 501 191
face 0.007488995790481567 448 127 501 191
face 0.007340669631958008 448 127 501 191
face 0.007151991128921509 448 127 501 191
face 0.006974577903747559 448 127 501 191
face 0.006781041622161865 448 127 501 191
face 0.0067709386348724365 448 127 501 191
face 0.006680488586425781 448 127 501 191
face 0.006622523069381714 448 127 501 191
face 0.006616503000259399 448 127 501 191
face 0.0065822601318359375 448 127 501 191
face 0.006528258323669434 448 127 501 191
face 0.006443500518798828 448 127 501 191
face 0.006323873996734619 448 127 501 191
face 0.006284564733505249 448 127 501 191
face 0.006163448095321655 448 127 501 191
face 0.006151556968688965 448 127 501 191
face 0.006088167428970337 448 127 501 191
face 0.0060845911502838135 448 127 501 191
face 0.0060596466064453125 448 127 501 191
face 0.006031721830368042 448 127 501 191
face 0.006017506122589111 448 127 501 191
face 0.00599244236946106 448 127 501 191
face 0.005986243486404419 448 127 501 191
face 0.00590166449546814 448 127 501 191
face 0.005713313817977905 448 127 501 191
face 0.00564199686050415 448 127 501 191
face 0.0056028664112091064 448 127 501 191
face 0.00557282567024231 448 127 501 191
face 0.005567640066146851 448 127 501 191
face 0.005566030740737915 448 127 501 191
face 0.005411773920059204 448 127 501 191
face 0.005399197340011597 448 127 501 191
face 0.00516432523727417 448 127 501 191
face 0.005104422569274902 448 127 501 191
face 0.005091249942779541 448 127 501 191
face 0.005082279443740845 448 127 501 191
face 0.005071789026260376 448 127 501 191
face 0.005061626434326172 448 127 501 191
face 0.005055099725723267 448 127 501 191
face 0.005048960447311401 448 127 501 191
face 0.005038470029830933 448 127 501 191
face 0.005009889602661133 448 127 501 191
face 0.004983395338058472 448 127 501 191
face 0.0048551857471466064 448 127 501 191
face 0.004854172468185425 448 127 501 191
face 0.004785627126693726 448 127 501 191
face 0.004740387201309204 448 127 501 191
face 0.004700779914855957 448 127 501 191
face 0.004619419574737549 448 127 501 191
face 0.0045279860496521 448 127 501 191
face 0.004477798938751221 448 127 501 191
face 0.004444152116775513 448 127 501 191
face 0.004428356885910034 448 127 501 191
face 0.004379332065582275 448 127 501 191
face 0.004316121339797974 448 127 501 191
face 0.004286229610443115 448 127 501 191
face 0.004255771636962891 448 127 501 191
face 0.004141628742218018 448 127 501 191
face 0.004134267568588257 448 127 501 191
face 0.0041168928146362305 448 127 501 191
