face 0.9901214241981506 431 362 508 472
face 0.11347824335098267 431 362 508 472
face 0.07493561506271362 431 362 508 472
face 0.06117981672286987 431 362 508 472
face 0.0496802031993866 431 362 508 472
face 0.038064539432525635 431 362 508 472
face 0.03311780095100403 431 362 508 472
face 0.026424288749694824 431 362 508 472
face 0.025131940841674805 431 362 508 472
face 0.023317456245422363 431 362 508 472
face 0.021007567644119263 431 362 508 472
face 0.020431190729141235 431 362 508 472
face 0.01770678162574768 431 362 508 472
face 0.01679667830467224 431 362 508 472
face 0.01620614528656006 431 362 508 472
face 0.016082167625427246 431 362 508 472
face 0.015776485204696655 431 362 508 472
face 0.015585094690322876 431 362 508 472
face 0.01537466049194336 431 362 508 472
face 0.015116691589355469 431 362 508 472
face 0.014915704727172852 431 362 508 472
face 0.01455417275428772 431 362 508 472
face 0.014210522174835205 431 362 508 472
face 0.014110207557678223 431 362 508 472
face 0.01402658224105835 431 362 508 472
face 0.014026135206222534 431 362 508 472
face 0.013638317584991455 431 362 508 472
face 0.013508915901184082 431 362 508 472
face 0.013389289379119873 431 362 508 472
face 0.013274401426315308 431 362 508 472
face 0.01309022307395935 431 362 508 472
face 0.013044893741607666 431 362 508 472
face 0.011981397867202759 431 362 508 472
face 0.011903822422027588 431 362 508 472
face 0.011613249778747559 431 362 508 472
face 0.01131296157836914 431 362 508 472
face 0.01105576753616333 431 362 508 472
face 0.010719627141952515 431 362 508 472
face 0.01049959659576416 431 362 508 472
face 0.010328024625778198 431 362 508 472
face 0.010285705327987671 431 362 508 472
face 0.010232359170913696 431 362 508 472
face 0.010200470685958862 431 362 508 472
face 0.010076403617858887 431 362 508 472
face 0.009780406951904297 431 362 508 472
face 0.009581029415130615 431 362 508 472
face 0.009040594100952148 431 362 508 472
face 0.008944720029830933 431 362 508 472
face 0.008934110403060913 431 362 508 472
face 0.008810251951217651 431 362 508 472
face 0.008736014366149902 431 362 508 472
face 0.008575767278671265 431 362 508 472
face 0.008456051349639893 431 362 508 472
face 0.008408576250076294 431 362 508 472
face 0.008377492427825928 431 362 508 472
face 0.008246302604675293 431 362 508 472
face 0.008117377758026123 431 362 508 472
face 0.007918059825897217 431 362 508 472
face 0.007764071226119995 431 362 508 472
face 0.00773349404335022 431 362 508 472
face 0.007707446813583374 431 362 508 472
face 0.00766262412071228 431 362 508 472
face 0.007638484239578247 431 362 508 472
face 0.007415711879730225 431 362 508 472
face 0.007326602935791016 431 362 508 472
face 0.007325202226638794 431 362 508 472
face 0.007215261459350586 431 362 508 472
face 0.007121533155441284 431 362 508 472
face 0.007023841142654419 431 362 508 472
face 0.0068180859088897705 431 362 508 472
face 0.006774157285690308 431 362 508 472
face 0.006640493869781494 431 362 508 472
face 0.006623983383178711 431 362 508 472
face 0.00651666522026062 431 362 508 472
face 0.006498068571090698 431 362 508 472
face 0.006491184234619141 431 362 508 472
face 0.006346553564071655 431 362 508 472
face 0.006322115659713745 431 362 508 472
face 0.006265044212341309 431 362 508 472
face 0.006141215562820435 431 362 508 472
face 0.006110727787017822 431 362 508 472
face 0.00611037015914917 431 362 508 472
face 0.00608217716217041 431 362 508 472
face 0.00606653094291687 431 362 508 472
face 0.006035357713699341 431 362 508 472
face 0.005979716777801514 431 362 508 472
face 0.005735933780670166 431 362 508 472
face 0.00573575496673584 431 362 508 472
face 0.005733907222747803 431 362 508 472
face 0.0057190656661987305 431 362 508 472
face 0.005714625120162964 431 362 508 472
face 0.005631476640701294 431 362 508 472
face 0.0056129395961761475 431 362 508 472
face 0.005599260330200195 431 362 508 472
face 0.005552530288696289 431 362 508 472
face 0.005510598421096802 431 362 508 472
face 0.005468279123306274 431 362 508 472
face 0.005226433277130127 431 362 508 472
face 0.005007922649383545 431 362 508 472
face 0.004993140697479248 431 362 508 472
