face 0.9912527203559875 341 88 466 252
face 0.014706254005432129 341 88 466 252
face 0.006776660680770874 341 88 466 252
face 0.005545258522033691 341 88 466 252
face 0.005043327808380127 341 88 466 252
face 0.0049752891063690186 341 88 466 252
face 0.004724740982055664 341 88 466 252
face 0.004605412483215332 341 88 466 252
face 0.004243820905685425 341 88 466 252
face 0.0041987597942352295 341 88 466 252
face 0.004186391830444336 341 88 466 252
face 0.003925502300262451 341 88 466 252
face 0.0038486123085021973 341 88 466 252
face 0.00371590256690979 341 88 466 252
face 0.003596752882003784 341 88 466 252
face 0.0035420358180999756 341 88 466 252
face 0.003494352102279663 341 88 466 252
face 0.0034304559230804443 341 88 466 252
face 0.003413558006286621 341 88 466 252
face 0.0032855570316314697 341 88 466 252
face 0.00317421555519104 341 88 466 252
face 0.0031697452068328857 341 88 466 252
face 0.0031544864177703857 341 88 466 252
face 0.0031454861164093018 341 88 466 252
face 0.0031273066997528076 341 88 466 252
face 0.003093719482421875 341 88 466 252
face 0.003053128719329834 341 88 466 252
face 0.003010958433151245 341 88 466 252
face 0.002922654151916504 341 88 466 252
face 0.0029066801071166992 341 88 466 252
face 0.002898871898651123 341 88 466 252
face 0.002890855073928833 341 88 466 252
face 0.0027399063110351562 341 88 466 252
face 0.0026916861534118652 341 88 466 252
face 0.002622544765472412 341 88 466 252
face 0.002620309591293335 341 88 466 252
face 0.002583831548690796 341 88 466 252
face 0.0024854838848114014 341 88 466 252
face 0.0024394690990448 341 88 466 252
face 0.0024276673793792725 341 88 466 252
face 0.0024092793464660645 341 88 466 252
face 0.002393484115600586 341 88 466 252
face 0.002383798360824585 341 88 466 252
face 0.0023400485515594482 341 88 466 252
face 0.0023116767406463623 341 88 466 252
face 0.002296745777130127 341 88 466 252
face 0.0022675395011901855 341 88 466 252
face 0.002264648675918579 341 88 466 252
face 0.0022585690021514893 341 88 466 252
face 0.002224177122116089 341 88 466 252
face 0.0022088587284088135 341 88 466 252
face 0.0021925270557403564 341 88 466 252
face 0.0021787285804748535 341 88 466 252
face 0.0021736621856689453 341 88 466 252
face 0.0021508634090423584 341 88 466 252
face 0.00214192271232605 341 88 466 252
face 0.0021177828311920166 341 88 466 252
face 0.0021138787269592285 341 88 466 252
face 0.00208437442779541 341 88 466 252
face 0.0020535290241241455 341 88 466 252
face 0.0020408928394317627 341 88 466 252
face 0.0020374953746795654 341 88 466 252
face 0.0020347237586975098 341 88 466 252
face 0.002025216817855835 341 88 466 252
face 0.002004295587539673 341 88 466 252
face 0.001994520425796509 341 88 466 252
face 0.001990020275115967 341 88 466 252
face 0.0019896328449249268 341 88 466 252
face 0.0019865334033966064 341 88 466 252
face 0.001962035894393921 341 88 466 252
face 0.0019486546516418457 341 88 466 252
face 0.0019228160381317139 341 88 466 252
face 0.0019127130508422852 341 88 466 252
face 0.001893848180770874 341 88 466 252
face 0.0018720924854278564 341 88 466 252
face 0.0018665194511413574 341 88 466 252
face 0.0018581748008728027 341 88 466 252
face 0.0018412470817565918 341 88 466 252
face 0.0017889142036437988 341 88 466 252
face 0.0017829537391662598 341 88 466 252
face 0.0017789900302886963 341 88 466 252
face 0.0017772018909454346 341 88 466 252
face 0.001775592565536499 341 88 466 252
face 0.0017708837985992432 341 88 466 252
face 0.0017662346363067627 341 88 466 252
face 0.0017650425434112549 341 88 466 252
face 0.001756221055984497 341 88 466 252
face 0.001750946044921875 341 88 466 252
face 0.0017469227313995361 341 88 466 252
face 0.0017423033714294434 341 88 466 252
face 0.0017236769199371338 341 88 466 252
face 0.0017048120498657227 341 88 466 252
face 0.001695781946182251 341 88 466 252
face 0.0016930103302001953 341 88 466 252
face 0.0016838014125823975 341 88 466 252
face 0.001666337251663208 341 88 466 252
face 0.0016523897647857666 341 88 466 252
face 0.0016461610794067383 341 88 466 252
face 0.0016410648822784424 341 88 466 252
face 0.001626521348953247 341 88 466 252
