face 0.9157719612121582 403 173 616 482
face 0.30709385871887207 403 173 616 482
face 0.13287177681922913 403 173 616 482
face 0.0880301296710968 403 173 616 482
face 0.03956359624862671 403 173 616 482
face 0.03684347867965698 403 173 616 482
face 0.030251115560531616 403 173 616 482
face 0.028500020503997803 403 173 616 482
face 0.028121650218963623 403 173 616 482
face 0.02755722403526306 403 173 616 482
face 0.02660384774208069 403 173 616 482
face 0.025551527738571167 403 173 616 482
face 0.023715466260910034 403 173 616 482
face 0.022499918937683105 403 173 616 482
face 0.022066891193389893 403 173 616 482
face 0.021575510501861572 403 173 616 482
face 0.02069568634033203 403 173 616 482
face 0.020643949508666992 403 173 616 482
face 0.020516544580459595 403 173 616 482
face 0.01943141222000122 403 173 616 482
face 0.01830163598060608 403 173 616 482
face 0.01813030242919922 403 173 616 482
face 0.017954528331756592 403 173 616 482
face 0.01779279112815857 403 173 616 482
face 0.017364859580993652 403 173 616 482
face 0.017071276903152466 403 173 616 482
face 0.016594350337982178 403 173 616 482
face 0.016526520252227783 403 173 616 482
face 0.016259819269180298 403 173 616 482
face 0.01590561866760254 403 173 616 482
face 0.015737056732177734 403 173 616 482
face 0.014810532331466675 403 173 616 482
face 0.014804154634475708 403 173 616 482
face 0.014687061309814453 403 173 616 482
face 0.014396339654922485 403 173 616 482
face 0.0142001211643219 403 173 616 482
face 0.014191478490829468 403 173 616 482
face 0.014123588800430298 403 173 616 482
face 0.014047682285308838 403 173 616 482
face 0.013897240161895752 403 173 616 482
face 0.013744533061981201 403 173 616 482
face 0.013474375009536743 403 173 616 482
face 0.013378560543060303 403 173 616 482
face 0.01333281397819519 403 173 616 482
face 0.012877970933914185 403 173 616 482
face 0.012848526239395142 403 173 616 482
face 0.01283198595046997 403 173 616 482
face 0.012714564800262451 403 173 616 482
face 0.012678354978561401 403 173 616 482
face 0.012303560972213745 403 173 616 482
face 0.012227922677993774 403 173 616 482
face 0.01196947693824768 403 173 616 482
face 0.011927634477615356 403 173 616 482
face 0.011838018894195557 403 173 616 482
face 0.011829257011413574 403 173 616 482
face 0.011537313461303711 403 173 616 482
face 0.01138952374458313 403 173 616 482
face 0.011343836784362793 403 173 616 482
face 0.01103222370147705 403 173 616 482
face 0.010960429906845093 403 173 616 482
face 0.010879099369049072 403 173 616 482
face 0.010718435049057007 403 173 616 482
face 0.010498225688934326 403 173 616 482
face 0.010448426008224487 403 173 616 482
face 0.010436385869979858 403 173 616 482
face 0.010429412126541138 403 173 616 482
face 0.010305345058441162 403 173 616 482
face 0.010201752185821533 403 173 616 482
face 0.010059901513159275 403 173 616 482
face 0.010035008192062378 403 173 616 482
face 0.009875982999801636 403 173 616 482
face 0.009819895029067993 403 173 616 482
face 0.009722799062728882 403 173 616 482
face 0.009573698043823242 403 173 616 482
face 0.009545385837554932 403 173 616 482
face 0.009539276361465454 403 173 616 482
face 0.009371817111968994 403 173 616 482
face 0.009230881929397583 403 173 616 482
face 0.00905659794807434 403 173 616 482
face 0.0089874267578125 403 173 616 482
face 0.008841216564178467 403 173 616 482
face 0.00884103775024414 403 173 616 482
face 0.008839815855026245 403 173 616 482
face 0.008797913789749146 403 173 616 482
face 0.008765965700149536 403 173 616 482
face 0.00871017575263977 403 173 616 482
face 0.008690327405929565 403 173 616 482
face 0.008670896291732788 403 173 616 482
face 0.008667349815368652 403 173 616 482
face 0.008541405200958252 403 173 616 482
face 0.008537620306015015 403 173 616 482
face 0.008491277694702148 403 173 616 482
face 0.00844871997833252 403 173 616 482
face 0.00842323899269104 403 173 616 482
face 0.008298754692077637 403 173 616 482
face 0.008270800113677979 403 173 616 482
face 0.00826418399810791 403 173 616 482
face 0.0081251859664917 403 173 616 482
face 0.008079051971435547 403 173 616 482
face 0.008077353239059448 403 173 616 482
