face 0.998996376991272 172 293 211 328
face 0.9944013357162476 613 323 642 353
face 0.9941548109054565 58 320 86 351
face 0.9880699515342712 849 296 866 319
face 0.9859245419502258 473 293 494 322
face 0.9838361144065857 338 281 360 313
face 0.981071949005127 942 300 960 322
face 0.9755373597145081 800 299 817 322
face 0.9566715359687805 891 304 909 327
face 0.9388591051101685 413 287 430 315
face 0.931549072265625 250 281 279 313
face 0.7932185530662537 563 270 580 294
face 0.7730172872543335 1005 298 1019 318
face 0.7406242489814758 691 286 709 311
face 0.7317627668380737 110 326 139 354
face 0.6611317992210388 751 297 770 322
face 0.6049153208732605 13 303 39 331
face 0.3128165006637573 13 303 39 331
face 0.25735557079315186 13 303 39 331
face 0.2454548478126526 13 303 39 331
face 0.22349396347999573 13 303 39 331
face 0.21810299158096313 13 303 39 331
face 0.21091270446777344 13 303 39 331
face 0.17212259769439697 13 303 39 331
face 0.17195463180541992 13 303 39 331
face 0.16735681891441345 13 303 39 331
face 0.14915570616722107 13 303 39 331
face 0.1348111629486084 13 303 39 331
face 0.1248130202293396 13 303 39 331
face 0.11009493470191956 13 303 39 331
face 0.108430415391922 13 303 39 331
face 0.09312927722930908 13 303 39 331
face 0.08303111791610718 13 303 39 331
face 0.07909852266311646 13 303 39 331
face 0.07567286491394043 13 303 39 331
face 0.0727306604385376 13 303 39 331
face 0.0678068995475769 13 303 39 331
face 0.06585222482681274 13 303 39 331
face 0.062144964933395386 13 303 39 331
face 0.05823114514350891 13 303 39 331
face 0.054461389780044556 13 303 39 331
face 0.05407676100730896 13 303 39 331
face 0.05286887288093567 13 303 39 331
face 0.05144214630126953 13 303 39 331
face 0.04940590262413025 13 303 39 331
face 0.04498067498207092 13 303 39 331
face 0.04474255442619324 13 303 39 331
face 0.04348763823509216 13 303 39 331
face 0.040244340896606445 13 303 39 331
face 0.040225088596343994 13 303 39 331
face 0.03852298855781555 13 303 39 331
face 0.03303307294845581 13 303 39 331
face 0.031032443046569824 13 303 39 331
face 0.030475765466690063 13 303 39 331
face 0.029164254665374756 13 303 39 331
face 0.028879016637802124 13 303 39 331
face 0.028775721788406372 13 303 39 331
face 0.028157144784927368 13 303 39 331
face 0.027059048414230347 13 303 39 331
face 0.026712775230407715 13 303 39 331
face 0.02637466788291931 13 303 39 331
face 0.02457636594772339 13 303 39 331
face 0.02232608199119568 13 303 39 331
face 0.021496117115020752 13 303 39 331
face 0.021274715662002563 13 303 39 331
face 0.02078300714492798 13 303 39 331
face 0.019084453582763672 13 303 39 331
face 0.018832296133041382 13 303 39 331
face 0.01879328489303589 13 303 39 331
face 0.018742144107818604 13 303 39 331
face 0.01860100030899048 13 303 39 331
face 0.018167197704315186 13 303 39 331
face 0.01787915825843811 13 303 39 331
face 0.017072677612304688 13 303 39 331
face 0.014721274375915527 13 303 39 331
face 0.014616131782531738 13 303 39 331
face 0.014570802450180054 13 303 39 331
face 0.013944476842880249 13 303 39 331
face 0.012859731912612915 13 303 39 331
face 0.012357115745544434 13 303 39 331
face 0.012308776378631592 13 303 39 331
face 0.01210874319076538 13 303 39 331
face 0.01180538535118103 13 303 39 331
face 0.011782914400100708 13 303 39 331
face 0.01178133487701416 13 303 39 331
face 0.011358052492141724 13 303 39 331
face 0.010783106088638306 13 303 39 331
face 0.010303258895874023 13 303 39 331
face 0.010216236114501953 13 303 39 331
face 0.010130703449249268 13 303 39 331
face 0.010096132755279541 13 303 39 331
face 0.009207755327224731 13 303 39 331
face 0.008993983268737793 13 303 39 331
face 0.008950620889663696 13 303 39 331
face 0.008898228406906128 13 303 39 331
face 0.008662521839141846 13 303 39 331
face 0.008435457944869995 13 303 39 331
face 0.00829172134399414 13 303 39 331
face 0.008246570825576782 13 303 39 331
face 0.008200854063034058 13 303 39 331
