face 0.9865894317626953 640 307 701 379
face 0.4757392704486847 640 307 701 379
face 0.08161643147468567 640 307 701 379
face 0.06507104635238647 640 307 701 379
face 0.05467873811721802 640 307 701 379
face 0.05169939994812012 640 307 701 379
face 0.04925352334976196 640 307 701 379
face 0.039414405822753906 640 307 701 379
face 0.037874817848205566 640 307 701 379
face 0.036313265562057495 640 307 701 379
face 0.03578707575798035 640 307 701 379
face 0.03520891070365906 640 307 701 379
face 0.031943440437316895 640 307 701 379
face 0.029472291469573975 640 307 701 379
face 0.026651859283447266 640 307 701 379
face 0.02593216300010681 640 307 701 379
face 0.02547544240951538 640 307 701 379
face 0.02466827630996704 640 307 701 379
face 0.023977845907211304 640 307 701 379
face 0.02389863133430481 640 307 701 379
face 0.021543443202972412 640 307 701 379
face 0.021214008331298828 640 307 701 379
face 0.020486950874328613 640 307 701 379
face 0.019939899444580078 640 307 701 379
face 0.019524991512298584 640 307 701 379
face 0.01919075846672058 640 307 701 379
face 0.019086003303527832 640 307 701 379
face 0.018896281719207764 640 307 701 379
face 0.018891602754592896 640 307 701 379
face 0.018611997365951538 640 307 701 379
face 0.018402427434921265 640 307 701 379
face 0.018023580312728882 640 307 701 379
face 0.017528057098388672 640 307 701 379
face 0.0175151526927948 640 307 701 379
face 0.017018139362335205 640 307 701 379
face 0.016933441162109375 640 307 701 379
face 0.016669481992721558 640 307 701 379
face 0.016533464193344116 640 307 701 379
face 0.016309751197695732 640 307 701 379
face 0.015332728624343872 640 307 701 379
face 0.01523125171661377 640 307 701 379
face 0.015032172203063965 640 307 701 379
face 0.014911532402038574 640 307 701 379
face 0.01482689380645752 640 307 701 379
face 0.014479100704193115 640 307 701 379
face 0.013650864362716675 640 307 701 379
face 0.013645440340042114 640 307 701 379
face 0.013380289077758789 640 307 701 379
face 0.01337394118309021 640 307 701 379
face 0.01334187388420105 640 307 701 379
face 0.012547403573989868 640 307 701 379
face 0.012400120496749878 640 307 701 379
face 0.012396126985549927 640 307 701 379
face 0.01232263445854187 640 307 701 379
face 0.012216269969940186 640 307 701 379
face 0.01218634843826294 640 307 701 379
face 0.01215943694114685 640 307 701 379
face 0.012046486139297485 640 307 701 379
face 0.01182699203491211 640 307 701 379
face 0.01164865493774414 640 307 701 379
face 0.01153874397277832 640 307 701 379
face 0.011140197515487671 640 307 701 379
face 0.011070936918258667 640 307 701 379
face 0.010955244302749634 640 307 701 379
face 0.010726898908615112 640 307 701 379
face 0.010596096515655518 640 307 701 379
face 0.01053851842880249 640 307 701 379
face 0.010506272315979004 640 307 701 379
face 0.01040300726890564 640 307 701 379
face 0.010383188724517822 640 307 701 379
face 0.01038283109664917 640 307 701 379
face 0.010360866785049438 640 307 701 379
face 0.010355323553085327 640 307 701 379
face 0.010259926319122314 640 307 701 379
face 0.010097920894622803 640 307 701 379
face 0.009815633296966553 640 307 701 379
face 0.009766757488250732 640 307 701 379
face 0.00976574420928955 640 307 701 379
face 0.009669214487075806 640 307 701 379
face 0.009642302989959717 640 307 701 379
face 0.009607315063476562 640 307 701 379
face 0.009399354457855225 640 307 701 379
face 0.009364455938339233 640 307 701 379
face 0.009344369173049927 640 307 701 379
face 0.009288430213928223 640 307 701 379
face 0.009179294109344482 640 307 701 379
face 0.009143203496932983 640 307 701 379
face 0.00911375880241394 640 307 701 379
face 0.00906306505203247 640 307 701 379
face 0.008994221687316895 640 307 701 379
face 0.008879274129867554 640 307 701 379
face 0.008878737688064575 640 307 701 379
face 0.008870095014572144 640 307 701 379
face 0.008802622556686401 640 307 701 379
face 0.008781135082244873 640 307 701 379
face 0.008756637573242188 640 307 701 379
face 0.008726537227630615 640 307 701 379
face 0.008692890405654907 640 307 701 379
face 0.008605152368545532 640 307 701 379
face 0.008561491966247559 640 307 701 379
