face 0.9890632629394531 116 21 157 71
face 0.618798017501831 353 31 385 86
face 0.4743519723415375 353 31 385 86
face 0.26978468894958496 353 31 385 86
face 0.24938127398490906 353 31 385 86
face 0.026108205318450928 353 31 385 86
face 0.024692684412002563 353 31 385 86
face 0.019824981689453125 353 31 385 86
face 0.016318470239639282 353 31 385 86
face 0.015613317489624023 353 31 385 86
face 0.013761311769485474 353 31 385 86
face 0.012921512126922607 353 31 385 86
face 0.010808378458023071 353 31 385 86
face 0.01069784164428711 353 31 385 86
face 0.009523481130599976 353 31 385 86
face 0.009242445230484009 353 31 385 86
face 0.008616477251052856 353 31 385 86
face 0.008084416389465332 353 31 385 86
face 0.007962942123413086 353 31 385 86
face 0.007442861795425415 353 31 385 86
face 0.007435113191604614 353 31 385 86
face 0.007352560758590698 353 31 385 86
face 0.006815820932388306 353 31 385 86
face 0.006644248962402344 353 31 385 86
face 0.006613790988922119 353 31 385 86
face 0.006147444248199463 353 31 385 86
face 0.006061822175979614 353 31 385 86
face 0.005972445011138916 353 31 385 86
face 0.005911767482757568 353 31 385 86
face 0.005638927221298218 353 31 385 86
face 0.005621671676635742 353 31 385 86
face 0.005373358726501465 353 31 385 86
face 0.005177527666091919 353 31 385 86
face 0.004970639944076538 353 31 385 86
face 0.004863142967224121 353 31 385 86
face 0.004821091890335083 353 31 385 86
face 0.004741102457046509 353 31 385 86
face 0.004701763391494751 353 31 385 86
face 0.004542410373687744 353 31 385 86
face 0.00453871488571167 353 31 385 86
face 0.0045295655727386475 353 31 385 86
face 0.004407525062561035 353 31 385 86
face 0.004113346338272095 353 31 385 86
face 0.004083514213562012 353 31 385 86
face 0.00404512882232666 353 31 385 86
face 0.004034221172332764 353 31 385 86
face 0.004022657871246338 353 31 385 86
face 0.0039761364459991455 353 31 385 86
face 0.0038967132568359375 353 31 385 86
face 0.0038944482803344727 353 31 385 86
face 0.0038424134254455566 353 31 385 86
face 0.0038063526153564453 353 31 385 86
face 0.0037003159523010254 353 31 385 86
face 0.0036858320236206055 353 31 385 86
face 0.0036436915397644043 353 31 385 86
face 0.0035805702209472656 353 31 385 86
face 0.0035745203495025635 353 31 385 86
face 0.00342404842376709 353 31 385 86
face 0.0033901631832122803 353 31 385 86
face 0.003382086753845215 353 31 385 86
face 0.0033164918422698975 353 31 385 86
face 0.003298729658126831 353 31 385 86
face 0.0032924413681030273 353 31 385 86
face 0.0032535195350646973 353 31 385 86
face 0.0032418668270111084 353 31 385 86
face 0.003194361925125122 353 31 385 86
face 0.003132939338684082 353 31 385 86
face 0.003115534782409668 353 31 385 86
face 0.003114551305770874 353 31 385 86
face 0.0031072795391082764 353 31 385 86
face 0.003091186285018921 353 31 385 86
face 0.0030683279037475586 353 31 385 86
face 0.0030006468296051025 353 31 385 86
face 0.0029422640800476074 353 31 385 86
face 0.002880305051803589 353 31 385 86
face 0.0028681159019470215 353 31 385 86
face 0.002849280834197998 353 31 385 86
face 0.0028316378593444824 353 31 385 86
face 0.002817809581756592 353 31 385 86
face 0.0027905404567718506 353 31 385 86
face 0.0027902722358703613 353 31 385 86
face 0.002786606550216675 353 31 385 86
face 0.0027756094932556152 353 31 385 86
face 0.0027527809143066406 353 31 385 86
face 0.0027399659156799316 353 31 385 86
face 0.0027391910552978516 353 31 385 86
face 0.0027341842651367188 353 31 385 86
face 0.0027211904525756836 353 31 385 86
face 0.002665102481842041 353 31 385 86
face 0.0026643872261047363 353 31 385 86
face 0.002642303705215454 353 31 385 86
face 0.0026310086250305176 353 31 385 86
face 0.002630680799484253 353 31 385 86
face 0.002618849277496338 353 31 385 86
face 0.002585381269454956 353 31 385 86
face 0.002580791711807251 353 31 385 86
face 0.002578139305114746 353 31 385 86
face 0.0025771260261535645 353 31 385 86
face 0.002565324306488037 353 31 385 86
face 0.0025578439235687256 353 31 385 86
