face 0.9890836477279663 382 93 421 141
face 0.7110203504562378 854 154 896 217
face 0.12714457511901855 854 154 896 217
face 0.11445179581642151 854 154 896 217
face 0.06996852159500122 854 154 896 217
face 0.05933442711830139 854 154 896 217
face 0.05185502767562866 854 154 896 217
face 0.05184823274612427 854 154 896 217
face 0.048696696758270264 854 154 896 217
face 0.04852557182312012 854 154 896 217
face 0.035118699073791504 854 154 896 217
face 0.03492534160614014 854 154 896 217
face 0.032476067543029785 854 154 896 217
face 0.02709871530532837 854 154 896 217
face 0.025805294513702393 854 154 896 217
face 0.024848371744155884 854 154 896 217
face 0.022062033414840698 854 154 896 217
face 0.021479636430740356 854 154 896 217
face 0.01967298984527588 854 154 896 217
face 0.0193062424659729 854 154 896 217
face 0.018462717533111572 854 154 896 217
face 0.017734140157699585 854 154 896 217
face 0.017698466777801514 854 154 896 217
face 0.016853302717208862 854 154 896 217
face 0.014857828617095947 854 154 896 217
face 0.014749586582183838 854 154 896 217
face 0.01473572850227356 854 154 896 217
face 0.01432889699935913 854 154 896 217
face 0.014287233352661133 854 154 896 217
face 0.014029443264007568 854 154 896 217
face 0.01385498046875 854 154 896 217
face 0.013659447431564331 854 154 896 217
face 0.013290345668792725 854 154 896 217
face 0.013064652681350708 854 154 896 217
face 0.01225551962852478 854 154 896 217
face 0.012119084596633911 854 154 896 217
face 0.011882871389389038 854 154 896 217
face 0.011727213859558105 854 154 896 217
face 0.011702775955200195 854 154 896 217
face 0.011622875928878784 854 154 896 217
face 0.011502593755722046 854 154 896 217
face 0.011452287435531616 854 154 896 217
face 0.011223822832107544 854 154 896 217
face 0.011161863803863525 854 154 896 217
face 0.011021703481674194 854 154 896 217
face 0.011017978191375732 854 154 896 217
face 0.010999321937561035 854 154 896 217
face 0.010851085186004639 854 154 896 217
face 0.010833501815795898 854 154 896 217
face 0.010812908411026001 854 154 896 217
face 0.010736823081970215 854 154 896 217
face 0.01069951057434082 854 154 896 217
face 0.010682731866836548 854 154 896 217
face 0.010625690221786499 854 154 896 217
face 0.010566920042037964 854 154 896 217
face 0.010544419288635254 854 154 896 217
face 0.010480225086212158 854 154 896 217
face 0.010341882705688477 854 154 896 217
face 0.01031506061553955 854 154 896 217
face 0.0102730393409729 854 154 896 217
face 0.009959906339645386 854 154 896 217
face 0.009915560483932495 854 154 896 217
face 0.009878039360046387 854 154 896 217
face 0.009859681129455566 854 154 896 217
face 0.00971880555152893 854 154 896 217
face 0.009693622589111328 854 154 896 217
face 0.009690076112747192 854 154 896 217
face 0.009642958641052246 854 154 896 217
face 0.009534448385238647 854 154 896 217
face 0.009476900100708008 854 154 896 217
face 0.009468227624893188 854 154 896 217
face 0.009463965892791748 854 154 896 217
face 0.009296208620071411 854 154 896 217
face 0.00925561785697937 854 154 896 217
face 0.009139180183410645 854 154 896 217
face 0.009099423885345459 854 154 896 217
face 0.009079158306121826 854 154 896 217
face 0.009061932563781738 854 154 896 217
face 0.009038716554641724 854 154 896 217
face 0.008816510438919067 854 154 896 217
face 0.008805006742477417 854 154 896 217
face 0.008778303861618042 854 154 896 217
face 0.008711844682693481 854 154 896 217
face 0.008692890405654907 854 154 896 217
face 0.008672565221786499 854 154 896 217
face 0.008645027875900269 854 154 896 217
face 0.008635640144348145 854 154 896 217
face 0.008628547191619873 854 154 896 217
face 0.008625239133834839 854 154 896 217
face 0.008621662855148315 854 154 896 217
face 0.008616656064987183 854 154 896 217
face 0.008513867855072021 854 154 896 217
face 0.008371174335479736 854 154 896 217
face 0.008363068103790283 854 154 896 217
face 0.008313417434692383 854 154 896 217
face 0.008264720439910889 854 154 896 217
face 0.008262842893600464 854 154 896 217
face 0.008227556943893433 854 154 896 217
face 0.008212417364120483 854 154 896 217
face 0.008128762245178223 854 154 896 217
