face 0.7860361337661743 442 196 547 307
face 0.3786413371562958 442 196 547 307
face 0.21224987506866455 442 196 547 307
face 0.14844214916229248 442 196 547 307
face 0.13943791389465332 442 196 547 307
face 0.05219969153404236 442 196 547 307
face 0.045428574085235596 442 196 547 307
face 0.04534795880317688 442 196 547 307
face 0.03910878300666809 442 196 547 307
face 0.03799137473106384 442 196 547 307
face 0.03587701916694641 442 196 547 307
face 0.033886879682540894 442 196 547 307
face 0.03216540813446045 442 196 547 307
face 0.031552791595458984 442 196 547 307
face 0.029218941926956177 442 196 547 307
face 0.027584075927734375 442 196 547 307
face 0.025652170181274414 442 196 547 307
face 0.02552357316017151 442 196 547 307
face 0.025363683700561523 442 196 547 307
face 0.02523660659790039 442 196 547 307
face 0.024559587240219116 442 196 547 307
face 0.023859083652496338 442 196 547 307
face 0.0236225426197052 442 196 547 307
face 0.02197563648223877 442 196 547 307
face 0.021731853485107422 442 196 547 307
face 0.019266337156295776 442 196 547 307
face 0.01864984631538391 442 196 547 307
face 0.018325001001358032 442 196 547 307
face 0.016070038080215454 442 196 547 307
face 0.01601669192314148 442 196 547 307
face 0.01573958992958069 442 196 547 307
face 0.015497773885726929 442 196 547 307
face 0.015488773584365845 442 196 547 307
face 0.015343844890594482 442 196 547 307
face 0.014928042888641357 442 196 547 307
face 0.014859288930892944 442 196 547 307
face 0.01444166898727417 442 196 547 307
face 0.013743609189987183 442 196 547 307
face 0.012942522764205933 442 196 547 307
face 0.011700451374053955 442 196 547 307
face 0.011447250843048096 442 196 547 307
face 0.011430352926254272 442 196 547 307
face 0.011101067066192627 442 196 547 307
face 0.01096266508102417 442 196 547 307
face 0.010949283838272095 442 196 547 307
face 0.010861009359359741 442 196 547 307
face 0.010639160871505737 442 196 547 307
face 0.010582685470581055 442 196 547 307
face 0.009926408529281616 442 196 547 307
face 0.009847760200500488 442 196 547 307
face 0.009846121072769165 442 196 547 307
face 0.009544461965560913 442 196 547 307
face 0.009433090686798096 442 196 547 307
face 0.009376496076583862 442 196 547 307
face 0.009289443492889404 442 196 547 307
face 0.009166687726974487 442 196 547 307
face 0.009021371603012085 442 196 547 307
face 0.008939892053604126 442 196 547 307
face 0.00869286060333252 442 196 547 307
face 0.007832497358322144 442 196 547 307
face 0.0076725780963897705 442 196 547 307
face 0.007453501224517822 442 196 547 307
face 0.007428258657455444 442 196 547 307
face 0.007318168878555298 442 196 547 307
face 0.007286012172698975 442 196 547 307
face 0.007208406925201416 442 196 547 307
face 0.007176220417022705 442 196 547 307
face 0.006948322057723999 442 196 547 307
face 0.006942301988601685 442 196 547 307
face 0.006927043199539185 442 196 547 307
face 0.0069168806076049805 442 196 547 307
face 0.006690293550491333 442 196 547 307
face 0.006689697504043579 442 196 547 307
face 0.006592899560928345 442 196 547 307
face 0.0065676867961883545 442 196 547 307
face 0.006358921527862549 442 196 547 307
face 0.006326943635940552 442 196 547 307
face 0.006303906440734863 442 196 547 307
face 0.006209313869476318 442 196 547 307
face 0.006194084882736206 442 196 547 307
face 0.006126433610916138 442 196 547 307
face 0.006113588809967041 442 196 547 307
face 0.006065160036087036 442 196 547 307
face 0.006035596132278442 442 196 547 307
face 0.006033897399902344 442 196 547 307
face 0.005956798791885376 442 196 547 307
face 0.005954355001449585 442 196 547 307
face 0.005843609571456909 442 196 547 307
face 0.0058293938636779785 442 196 547 307
face 0.005789518356323242 442 196 547 307
face 0.0057746171951293945 442 196 547 307
face 0.005693107843399048 442 196 547 307
face 0.005619257688522339 442 196 547 307
face 0.00556790828704834 442 196 547 307
face 0.005562186241149902 442 196 547 307
face 0.0052525997161865234 442 196 547 307
face 0.0052040815353393555 442 196 547 307
face 0.0051618218421936035 442 196 547 307
face 0.005059719085693359 442 196 547 307
face 0.0050286948680877686 442 196 547 307
