face 0.6304235458374023 12 310 182 563
face 0.6160196661949158 608 354 637 403
face 0.34862345457077026 608 354 637 403
face 0.30097073316574097 608 354 637 403
face 0.11842471361160278 608 354 637 403
face 0.10739883780479431 608 354 637 403
face 0.09915781021118164 608 354 637 403
face 0.09773215651512146 608 354 637 403
face 0.09590110182762146 608 354 637 403
face 0.09216117858886719 608 354 637 403
face 0.08097398281097412 608 354 637 403
face 0.06392022967338562 608 354 637 403
face 0.059949010610580444 608 354 637 403
face 0.058283835649490356 608 354 637 403
face 0.058200299739837646 608 354 637 403
face 0.057628750801086426 608 354 637 403
face 0.05660027265548706 608 354 637 403
face 0.05498892068862915 608 354 637 403
face 0.054834991693496704 608 354 637 403
face 0.05461105704307556 608 354 637 403
face 0.052625447511672974 608 354 637 403
face 0.05137723684310913 608 354 637 403
face 0.05025666952133179 608 354 637 403
face 0.04960867762565613 608 354 637 403
face 0.049329906702041626 608 354 637 403
face 0.04895028471946716 608 354 637 403
face 0.04733562469482422 608 354 637 403
face 0.04556924104690552 608 354 637 403
face 0.04466566443443298 608 354 637 403
face 0.04456108808517456 608 354 637 403
face 0.04438057541847229 608 354 637 403
face 0.0442965030670166 608 354 637 403
face 0.04339945316314697 608 354 637 403
face 0.04152551293373108 608 354 637 403
face 0.041413575410842896 608 354 637 403
face 0.0389767587184906 608 354 637 403
face 0.03896719217300415 608 354 637 403
face 0.03885525465011597 608 354 637 403
face 0.03872257471084595 608 354 637 403
face 0.03848263621330261 608 354 637 403
face 0.03829658031463623 608 354 637 403
face 0.038286030292510986 608 354 637 403
face 0.038085103034973145 608 354 637 403
face 0.037900060415267944 608 354 637 403
face 0.03758800029754639 608 354 637 403
face 0.037499308586120605 608 354 637 403
face 0.03745397925376892 608 354 637 403
face 0.03710430860519409 608 354 637 403
face 0.03676161170005798 608 354 637 403
face 0.0356101393699646 608 354 637 403
face 0.035572707653045654 608 354 637 403
face 0.03556975722312927 608 354 637 403
face 0.035548001527786255 608 354 637 403
face 0.03486669063568115 608 354 637 403
face 0.034523189067840576 608 354 637 403
face 0.034298211336135864 608 354 637 403
face 0.034260839223861694 608 354 637 403
face 0.033820003271102905 608 354 637 403
face 0.0338188111782074 608 354 637 403
face 0.0338117778301239 608 354 637 403
face 0.03374722599983215 608 354 637 403
face 0.03337925672531128 608 354 637 403
face 0.03335916996002197 608 354 637 403
face 0.033183783292770386 608 354 637 403
face 0.03288790583610535 608 354 637 403
face 0.03279951214790344 608 354 637 403
face 0.032111674547195435 608 354 637 403
face 0.03193822503089905 608 354 637 403
face 0.031858742237091064 608 354 637 403
face 0.031795114278793335 608 354 637 403
face 0.03178015351295471 608 354 637 403
face 0.031622081995010376 608 354 637 403
face 0.03159254789352417 608 354 637 403
face 0.03122040629386902 608 354 637 403
face 0.031131625175476074 608 354 637 403
face 0.030545443296432495 608 354 637 403
face 0.03028392791748047 608 354 637 403
face 0.03015318512916565 608 354 637 403
face 0.030070602893829346 608 354 637 403
face 0.03005772829055786 608 354 637 403
face 0.029904216527938843 608 354 637 403
face 0.029686182737350464 608 354 637 403
face 0.029487133026123047 608 354 637 403
face 0.029346436262130737 608 354 637 403
face 0.029307126998901367 608 354 637 403
face 0.028731614351272583 608 354 637 403
face 0.028703272342681885 608 354 637 403
face 0.028530806303024292 608 354 637 403
face 0.028461813926696777 608 354 637 403
face 0.028438836336135864 608 354 637 403
face 0.028266608715057373 608 354 637 403
face 0.028245508670806885 608 354 637 403
face 0.02821633219718933 608 354 637 403
face 0.028136469423770905 608 354 637 403
face 0.02805587649345398 608 354 637 403
face 0.027841717004776 608 354 637 403
face 0.02749529480934143 608 354 637 403
face 0.02734231948852539 608 354 637 403
face 0.02696433663368225 608 354 637 403
face 0.026928812265396118 608 354 637 403
