face 0.9926360845565796 179 244 304 416
face 0.9070115089416504 664 174 788 346
face 0.8551341891288757 473 111 590 279
face 0.042695581912994385 473 111 590 279
face 0.04069975018501282 473 111 590 279
face 0.04067879915237427 473 111 590 279
face 0.03739255666732788 473 111 590 279
face 0.03671973943710327 473 111 590 279
face 0.0343438982963562 473 111 590 279
face 0.03073403239250183 473 111 590 279
face 0.0298728346824646 473 111 590 279
face 0.029708117246627808 473 111 590 279
face 0.029152125120162964 473 111 590 279
face 0.02814003825187683 473 111 590 279
face 0.02731183171272278 473 111 590 279
face 0.026747435331344604 473 111 590 279
face 0.02666640281677246 473 111 590 279
face 0.024788230657577515 473 111 590 279
face 0.023820072412490845 473 111 590 279
face 0.023427873849868774 473 111 590 279
face 0.023186534643173218 473 111 590 279
face 0.022863924503326416 473 111 590 279
face 0.022299230098724365 473 111 590 279
face 0.02181112766265869 473 111 590 279
face 0.02120259404182434 473 111 590 279
face 0.0188295841217041 473 111 590 279
face 0.01832672953605652 473 111 590 279
face 0.018109381198883057 473 111 590 279
face 0.01772734522819519 473 111 590 279
face 0.01753181219100952 473 111 590 279
face 0.01735103130340576 473 111 590 279
face 0.017220288515090942 473 111 590 279
face 0.016455143690109253 473 111 590 279
face 0.016442716121673584 473 111 590 279
face 0.01588219404220581 473 111 590 279
face 0.015793591737747192 473 111 590 279
face 0.015688806772232056 473 111 590 279
face 0.015448987483978271 473 111 590 279
face 0.015129655599594116 473 111 590 279
face 0.014928996562957764 473 111 590 279
face 0.014850974082946777 473 111 590 279
face 0.014731049537658691 473 111 590 279
face 0.014499574899673462 473 111 590 279
face 0.014095813035964966 473 111 590 279
face 0.014003872871398926 473 111 590 279
face 0.013628005981445312 473 111 590 279
face 0.013309955596923828 473 111 590 279
face 0.013258278369903564 473 111 590 279
face 0.013227343559265137 473 111 590 279
face 0.013168156147003174 473 111 590 279
face 0.013151466846466064 473 111 590 279
face 0.013107717037200928 473 111 590 279
face 0.01301729679107666 473 111 590 279
face 0.012751936912536621 473 111 590 279
face 0.012711286544799805 473 111 590 279
face 0.012624353170394897 473 111 590 279
face 0.012187749147415161 473 111 590 279
face 0.01217755675315857 473 111 590 279
face 0.012072861194610596 473 111 590 279
face 0.01190418004989624 473 111 590 279
face 0.011610805988311768 473 111 590 279
face 0.0115966796875 473 111 590 279
face 0.011546015739440918 473 111 590 279
face 0.011518746614456177 473 111 590 279
face 0.011491119861602783 473 111 590 279
face 0.011184632778167725 473 111 590 279
face 0.01081123948097229 473 111 590 279
face 0.010710328817367554 473 111 590 279
face 0.010676562786102295 473 111 590 279
face 0.010640978813171387 473 111 590 279
face 0.01054757833480835 473 111 590 279
face 0.010497629642486572 473 111 590 279
face 0.010409116744995117 473 111 590 279
face 0.01037636399269104 473 111 590 279
face 0.010375410318374634 473 111 590 279
face 0.0103360116481781 473 111 590 279
face 0.010195046663284302 473 111 590 279
face 0.010140389204025269 473 111 590 279
face 0.010063529014587402 473 111 590 279
face 0.010056495666503906 473 111 590 279
face 0.010013550519943237 473 111 590 279
face 0.00999191403388977 473 111 590 279
face 0.009968549013137817 473 111 590 279
face 0.009926944971084595 473 111 590 279
face 0.009877145290374756 473 111 590 279
face 0.009776860475540161 473 111 590 279
face 0.009505122900009155 473 111 590 279
face 0.009278327226638794 473 111 590 279
face 0.009104669094085693 473 111 590 279
face 0.00909695029258728 473 111 590 279
face 0.009084612131118774 473 111 590 279
face 0.009065210819244385 473 111 590 279
face 0.00899738073348999 473 111 590 279
face 0.008932262659072876 473 111 590 279
face 0.008914381265640259 473 111 590 279
face 0.008853286504745483 473 111 590 279
face 0.008829981088638306 473 111 590 279
face 0.008816421031951904 473 111 590 279
face 0.00881078839302063 473 111 590 279
face 0.008797287940979004 473 111 590 279
