face 0.31329047679901123 294 426 308 443
face 0.11736038327217102 294 426 308 443
face 0.11689001321792603 294 426 308 443
face 0.08163231611251831 294 426 308 443
face 0.06645601987838745 294 426 308 443
face 0.06546542048454285 294 426 308 443
face 0.03935512900352478 294 426 308 443
face 0.038764387369155884 294 426 308 443
face 0.03858935832977295 294 426 308 443
face 0.036115556955337524 294 426 308 443
face 0.029535651206970215 294 426 308 443
face 0.028552353382110596 294 426 308 443
face 0.027633577585220337 294 426 308 443
face 0.027288824319839478 294 426 308 443
face 0.02436855435371399 294 426 308 443
face 0.024015694856643677 294 426 308 443
face 0.023459821939468384 294 426 308 443
face 0.023194491863250732 294 426 308 443
face 0.023140907287597656 294 426 308 443
face 0.022848844528198242 294 426 308 443
face 0.020580589771270752 294 426 308 443
face 0.019275039434432983 294 426 308 443
face 0.01893758773803711 294 426 308 443
face 0.0174730122089386 294 426 308 443
face 0.01722019910812378 294 426 308 443
face 0.015592455863952637 294 426 308 443
face 0.015552043914794922 294 426 308 443
face 0.015511870384216309 294 426 308 443
face 0.015140801668167114 294 426 308 443
face 0.01440662145614624 294 426 308 443
face 0.013472437858581543 294 426 308 443
face 0.013334065675735474 294 426 308 443
face 0.01299235224723816 294 426 308 443
face 0.012823313474655151 294 426 308 443
face 0.012634485960006714 294 426 308 443
face 0.011356562376022339 294 426 308 443
face 0.011054784059524536 294 426 308 443
face 0.010836154222488403 294 426 308 443
face 0.010470658540725708 294 426 308 443
face 0.010233461856842041 294 426 308 443
face 0.010065615177154541 294 426 308 443
face 0.009619742631912231 294 426 308 443
face 0.009421586990356445 294 426 308 443
face 0.009100377559661865 294 426 308 443
face 0.008941501379013062 294 426 308 443
face 0.008685648441314697 294 426 308 443
face 0.008610397577285767 294 426 308 443
face 0.008039712905883789 294 426 308 443
face 0.007751524448394775 294 426 308 443
face 0.00763469934463501 294 426 308 443
face 0.007621109485626221 294 426 308 443
face 0.007523298263549805 294 426 308 443
face 0.00730586051940918 294 426 308 443
face 0.007297903299331665 294 426 308 443
face 0.007262498140335083 294 426 308 443
face 0.007209837436676025 294 426 308 443
face 0.007022440433502197 294 426 308 443
face 0.007020831108093262 294 426 308 443
face 0.007003664970397949 294 426 308 443
face 0.0069862306118011475 294 426 308 443
face 0.006910920143127441 294 426 308 443
face 0.006902575492858887 294 426 308 443
face 0.0068382322788238525 294 426 308 443
face 0.006769686937332153 294 426 308 443
face 0.006731748580932617 294 426 308 443
face 0.006728380918502808 294 426 308 443
face 0.006647974252700806 294 426 308 443
face 0.006620317697525024 294 426 308 443
face 0.006523162126541138 294 426 308 443
face 0.00646325945854187 294 426 308 443
face 0.006434410810470581 294 426 308 443
face 0.006389617919921875 294 426 308 443
face 0.006374448537826538 294 426 308 443
face 0.006355494260787964 294 426 308 443
face 0.0063141584396362305 294 426 308 443
face 0.006238311529159546 294 426 308 443
face 0.006124287843704224 294 426 308 443
face 0.00598636269569397 294 426 308 443
face 0.005942791700363159 294 426 308 443
face 0.005813717842102051 294 426 308 443
face 0.005709260702133179 294 426 308 443
face 0.005668073892593384 294 426 308 443
face 0.005662441253662109 294 426 308 443
face 0.00564613938331604 294 426 308 443
face 0.005591034889221191 294 426 308 443
face 0.005456209182739258 294 426 308 443
face 0.005434989929199219 294 426 308 443
face 0.005347788333892822 294 426 308 443
face 0.005308777093887329 294 426 308 443
face 0.005284249782562256 294 426 308 443
face 0.00521618127822876 294 426 308 443
face 0.005200743675231934 294 426 308 443
face 0.005058497190475464 294 426 308 443
face 0.005017638206481934 294 426 308 443
face 0.005014359951019287 294 426 308 443
face 0.005009293556213379 294 426 308 443
face 0.004949122667312622 294 426 308 443
face 0.0049247145652771 294 426 308 443
face 0.004891037940979004 294 426 308 443
face 0.004881560802459717 294 426 308 443
