face 0.9755584001541138 399 183 417 204
face 0.7882563471794128 633 162 649 181
face 0.6854060292243958 462 102 483 115
face 0.36058473587036133 462 102 483 115
face 0.14511638879776 462 102 483 115
face 0.13674935698509216 462 102 483 115
face 0.11668610572814941 462 102 483 115
face 0.11318099498748779 462 102 483 115
face 0.07405021786689758 462 102 483 115
face 0.04979032278060913 462 102 483 115
face 0.041855454444885254 462 102 483 115
face 0.03469100594520569 462 102 483 115
face 0.0309770405292511 462 102 483 115
face 0.021996527910232544 462 102 483 115
face 0.021059542894363403 462 102 483 115
face 0.016666114330291748 462 102 483 115
face 0.014354974031448364 462 102 483 115
face 0.014126867055892944 462 102 483 115
face 0.013650625944137573 462 102 483 115
face 0.013158082962036133 462 102 483 115
face 0.01264268159866333 462 102 483 115
face 0.012597382068634033 462 102 483 115
face 0.008750379085540771 462 102 483 115
face 0.008644819259643555 462 102 483 115
face 0.00844845175743103 462 102 483 115
face 0.007642179727554321 462 102 483 115
face 0.007558673620223999 462 102 483 115
face 0.007387310266494751 462 102 483 115
face 0.006964951753616333 462 102 483 115
face 0.006932467222213745 462 102 483 115
face 0.006860613822937012 462 102 483 115
face 0.006630271673202515 462 102 483 115
face 0.006560474634170532 462 102 483 115
face 0.006475925445556641 462 102 483 115
face 0.006461620330810547 462 102 483 115
face 0.006448805332183838 462 102 483 115
face 0.006170302629470825 462 102 483 115
face 0.006145834922790527 462 102 483 115
face 0.006083935499191284 462 102 483 115
face 0.006054997444152832 462 102 483 115
face 0.005885899066925049 462 102 483 115
face 0.005878537893295288 462 102 483 115
face 0.005755394697189331 462 102 483 115
face 0.005599230527877808 462 102 483 115
face 0.005509912967681885 462 102 483 115
face 0.0053071677684783936 462 102 483 115
face 0.005299597978591919 462 102 483 115
face 0.0052949488162994385 462 102 483 115
face 0.005161464214324951 462 102 483 115
face 0.0050862133502960205 462 102 483 115
face 0.00506100058555603 462 102 483 115
face 0.005034297704696655 462 102 483 115
face 0.004946798086166382 462 102 483 115
face 0.00484505295753479 462 102 483 115
face 0.0047370195388793945 462 102 483 115
face 0.0046214759349823 462 102 483 115
face 0.004538059234619141 462 102 483 115
face 0.0044796764850616455 462 102 483 115
face 0.0043465495109558105 462 102 483 115
face 0.00433039665222168 462 102 483 115
face 0.004314392805099487 462 102 483 115
face 0.004275470972061157 462 102 483 115
face 0.00423702597618103 462 102 483 115
face 0.004139453172683716 462 102 483 115
face 0.004095971584320068 462 102 483 115
face 0.004064232110977173 462 102 483 115
face 0.004040539264678955 462 102 483 115
face 0.004034698009490967 462 102 483 115
face 0.003971755504608154 462 102 483 115
face 0.0039476752281188965 462 102 483 115
face 0.003908336162567139 462 102 483 115
face 0.003855288028717041 462 102 483 115
face 0.003830552101135254 462 102 483 115
face 0.0037945210933685303 462 102 483 115
face 0.0037668943405151367 462 102 483 115
face 0.003731250762939453 462 102 483 115
face 0.0036875009536743164 462 102 483 115
face 0.003523319959640503 462 102 483 115
face 0.003475785255432129 462 102 483 115
face 0.0034395158290863037 462 102 483 115
face 0.0033912062644958496 462 102 483 115
face 0.0033498406410217285 462 102 483 115
face 0.003344029188156128 462 102 483 115
face 0.003340303897857666 462 102 483 115
face 0.003290325403213501 462 102 483 115
face 0.003269016742706299 462 102 483 115
face 0.003255873918533325 462 102 483 115
face 0.0032278895378112793 462 102 483 115
face 0.0032175183296203613 462 102 483 115
face 0.003135085105895996 462 102 483 115
face 0.0030641555786132812 462 102 483 115
face 0.003006845712661743 462 102 483 115
face 0.002954930067062378 462 102 483 115
face 0.002942502498626709 462 102 483 115
face 0.002933412790298462 462 102 483 115
face 0.002919912338256836 462 102 483 115
face 0.002906620502471924 462 102 483 115
face 0.0028828978538513184 462 102 483 115
face 0.0028817057609558105 462 102 483 115
face 0.0028316378593444824 462 102 483 115
