face 0.9973968267440796 799 230 869 325
face 0.9695153832435608 454 148 531 250
face 0.8988725543022156 273 154 343 261
face 0.1033153235912323 273 154 343 261
face 0.05042257905006409 273 154 343 261
face 0.04761373996734619 273 154 343 261
face 0.04688608646392822 273 154 343 261
face 0.03291475772857666 273 154 343 261
face 0.031345486640930176 273 154 343 261
face 0.025385767221450806 273 154 343 261
face 0.019471287727355957 273 154 343 261
face 0.019268006086349487 273 154 343 261
face 0.018379926681518555 273 154 343 261
face 0.014240771532058716 273 154 343 261
face 0.013270199298858643 273 154 343 261
face 0.013059288263320923 273 154 343 261
face 0.01162099838256836 273 154 343 261
face 0.010122507810592651 273 154 343 261
face 0.01007738709449768 273 154 343 261
face 0.01007610559463501 273 154 343 261
face 0.009931117296218872 273 154 343 261
face 0.009917229413986206 273 154 343 261
face 0.009817659854888916 273 154 343 261
face 0.009814351797103882 273 154 343 261
face 0.009752810001373291 273 154 343 261
face 0.009145289659500122 273 154 343 261
face 0.008594393730163574 273 154 343 261
face 0.008448094129562378 273 154 343 261
face 0.008443742990493774 273 154 343 261
face 0.008254677057266235 273 154 343 261
face 0.00806194543838501 273 154 343 261
face 0.0078022778034210205 273 154 343 261
face 0.00719684362411499 273 154 343 261
face 0.007167637348175049 273 154 343 261
face 0.007041454315185547 273 154 343 261
face 0.006781816482543945 273 154 343 261
face 0.006697595119476318 273 154 343 261
face 0.006362110376358032 273 154 343 261
face 0.0061273276805877686 273 154 343 261
face 0.006070494651794434 273 154 343 261
face 0.005704611539840698 273 154 343 261
face 0.005635678768157959 273 154 343 261
face 0.005584716796875 273 154 343 261
face 0.005304962396621704 273 154 343 261
face 0.00516083836555481 273 154 343 261
face 0.004903882741928101 273 154 343 261
face 0.004761636257171631 273 154 343 261
face 0.004618197679519653 273 154 343 261
face 0.004538536071777344 273 154 343 261
face 0.004533320665359497 273 154 343 261
face 0.004471272230148315 273 154 343 261
face 0.004407286643981934 273 154 343 261
face 0.004347443580627441 273 154 343 261
face 0.004292398691177368 273 154 343 261
face 0.004199624061584473 273 154 343 261
face 0.004142731428146362 273 154 343 261
face 0.004007697105407715 273 154 343 261
face 0.003979533910751343 273 154 343 261
face 0.003963977098464966 273 154 343 261
face 0.003947794437408447 273 154 343 261
face 0.00391232967376709 273 154 343 261
face 0.0038866400718688965 273 154 343 261
face 0.003834336996078491 273 154 343 261
face 0.0038184523582458496 273 154 343 261
face 0.0038055479526519775 273 154 343 261
face 0.003717184066772461 273 154 343 261
face 0.003632843494415283 273 154 343 261
face 0.003625929355621338 273 154 343 261
face 0.0036099255084991455 273 154 343 261
face 0.0035848915576934814 273 154 343 261
face 0.003570556640625 273 154 343 261
face 0.0035295486450195312 273 154 343 261
face 0.0035265982151031494 273 154 343 261
face 0.0035035014152526855 273 154 343 261
face 0.0035014450550079346 273 154 343 261
face 0.0034766793251037598 273 154 343 261
face 0.003428936004638672 273 154 343 261
face 0.0034261345863342285 273 154 343 261
face 0.0033920705318450928 273 154 343 261
face 0.003350973129272461 273 154 343 261
face 0.0033222734928131104 273 154 343 261
face 0.003280550241470337 273 154 343 261
face 0.003277391195297241 273 154 343 261
face 0.003268897533416748 273 154 343 261
face 0.003261178731918335 273 154 343 261
face 0.0032264888286590576 273 154 343 261
face 0.0032082796096801758 273 154 343 261
face 0.003186643123626709 273 154 343 261
face 0.003170520067214966 273 154 343 261
face 0.0031555891036987305 273 154 343 261
face 0.00313490629196167 273 154 343 261
face 0.0031329095363616943 273 154 343 261
face 0.0031197071075439453 273 154 343 261
face 0.0031099319458007812 273 154 343 261
face 0.0031033754348754883 273 154 343 261
face 0.0030445456504821777 273 154 343 261
face 0.003041595220565796 273 154 343 261
face 0.0030293166637420654 273 154 343 261
face 0.0029956698417663574 273 154 343 261
face 0.0029801130294799805 273 154 343 261
