face 0.9974765181541443 356 399 713 807
face 0.24098563194274902 356 399 713 807
face 0.06363582611083984 356 399 713 807
face 0.03305646777153015 356 399 713 807
face 0.031654417514801025 356 399 713 807
face 0.019814401865005493 356 399 713 807
face 0.013720154762268066 356 399 713 807
face 0.013136893510818481 356 399 713 807
face 0.012616753578186035 356 399 713 807
face 0.010595649480819702 356 399 713 807
face 0.010376274585723877 356 399 713 807
face 0.01019999384880066 356 399 713 807
face 0.010105729103088379 356 399 713 807
face 0.010059326887130737 356 399 713 807
face 0.009860038757324219 356 399 713 807
face 0.009790807962417603 356 399 713 807
face 0.009667038917541504 356 399 713 807
face 0.009533852338790894 356 399 713 807
face 0.009266823530197144 356 399 713 807
face 0.009198516607284546 356 399 713 807
face 0.009127408266067505 356 399 713 807
face 0.008963137865066528 356 399 713 807
face 0.008578836917877197 356 399 713 807
face 0.008174031972885132 356 399 713 807
face 0.006990671157836914 356 399 713 807
face 0.006805896759033203 356 399 713 807
face 0.006783187389373779 356 399 713 807
face 0.006565064191818237 356 399 713 807
face 0.006517946720123291 356 399 713 807
face 0.006370097398757935 356 399 713 807
face 0.006316095590591431 356 399 713 807
face 0.006189197301864624 356 399 713 807
face 0.0061280131340026855 356 399 713 807
face 0.0060668885707855225 356 399 713 807
face 0.00603833794593811 356 399 713 807
face 0.005979329347610474 356 399 713 807
face 0.005807220935821533 356 399 713 807
face 0.005665689706802368 356 399 713 807
face 0.005623042583465576 356 399 713 807
face 0.00559920072555542 356 399 713 807
face 0.005539000034332275 356 399 713 807
face 0.005400329828262329 356 399 713 807
face 0.005286812782287598 356 399 713 807
face 0.005237489938735962 356 399 713 807
face 0.005211502313613892 356 399 713 807
face 0.0051926374435424805 356 399 713 807
face 0.005152076482772827 356 399 713 807
face 0.005065858364105225 356 399 713 807
face 0.005001962184906006 356 399 713 807
face 0.004987984895706177 356 399 713 807
face 0.004976868629455566 356 399 713 807
face 0.004941999912261963 356 399 713 807
face 0.004707038402557373 356 399 713 807
face 0.004701137542724609 356 399 713 807
face 0.004619330167770386 356 399 713 807
face 0.0046186745166778564 356 399 713 807
face 0.004583835601806641 356 399 713 807
face 0.0045764148235321045 356 399 713 807
face 0.00445103645324707 356 399 713 807
face 0.0044307708740234375 356 399 713 807
face 0.004425257444381714 356 399 713 807
face 0.004416048526763916 356 399 713 807
face 0.004363268613815308 356 399 713 807
face 0.004357278347015381 356 399 713 807
face 0.004353046417236328 356 399 713 807
face 0.004347562789916992 356 399 713 807
face 0.004262745380401611 356 399 713 807
face 0.004222959280014038 356 399 713 807
face 0.004221975803375244 356 399 713 807
face 0.004202336072921753 356 399 713 807
face 0.004144161939620972 356 399 713 807
face 0.00412440299987793 356 399 713 807
face 0.004060178995132446 356 399 713 807
face 0.004058033227920532 356 399 713 807
face 0.0040558576583862305 356 399 713 807
face 0.004029214382171631 356 399 713 807
face 0.004025876522064209 356 399 713 807
face 0.004025667905807495 356 399 713 807
face 0.0039400458335876465 356 399 713 807
face 0.0039238035678863525 356 399 713 807
face 0.0039021670818328857 356 399 713 807
face 0.0038703083992004395 356 399 713 807
face 0.0038312673568725586 356 399 713 807
face 0.00382271409034729 356 399 713 807
face 0.0038193166255950928 356 399 713 807
face 0.003808051347732544 356 399 713 807
face 0.0038079023361206055 356 399 713 807
face 0.0037925541400909424 356 399 713 807
face 0.0037781894207000732 356 399 713 807
face 0.0037657618522644043 356 399 713 807
face 0.0037483572959899902 356 399 713 807
face 0.0037195682525634766 356 399 713 807
face 0.0037161409854888916 356 399 713 807
face 0.003707021474838257 356 399 713 807
face 0.0037068724632263184 356 399 713 807
face 0.0036695897579193115 356 399 713 807
face 0.003632575273513794 356 399 713 807
face 0.003599494695663452 356 399 713 807
face 0.003583461046218872 356 399 713 807
face 0.003579556941986084 356 399 713 807
