face 0.9941998720169067 535 217 694 425
face 0.7509533166885376 267 20 432 231
face 0.029372423887252808 267 20 432 231
face 0.02449554204940796 267 20 432 231
face 0.01984432339668274 267 20 432 231
face 0.019804656505584717 267 20 432 231
face 0.01906871795654297 267 20 432 231
face 0.017621904611587524 267 20 432 231
face 0.013058125972747803 267 20 432 231
face 0.012461870908737183 267 20 432 231
face 0.011924564838409424 267 20 432 231
face 0.011876076459884644 267 20 432 231
face 0.011614561080932617 267 20 432 231
face 0.010970592498779297 267 20 432 231
face 0.010912954807281494 267 20 432 231
face 0.010818421840667725 267 20 432 231
face 0.010516256093978882 267 20 432 231
face 0.010508686304092407 267 20 432 231
face 0.010455101728439331 267 20 432 231
face 0.0103263258934021 267 20 432 231
face 0.010207951068878174 267 20 432 231
face 0.010088354349136353 267 20 432 231
face 0.00968700647354126 267 20 432 231
face 0.0096435546875 267 20 432 231
face 0.00955110788345337 267 20 432 231
face 0.008882611989974976 267 20 432 231
face 0.008829265832901001 267 20 432 231
face 0.008691787719726562 267 20 432 231
face 0.008677750825881958 267 20 432 231
face 0.00831514596939087 267 20 432 231
face 0.008259445428848267 267 20 432 231
face 0.008222520351409912 267 20 432 231
face 0.008180081844329834 267 20 432 231
face 0.007965564727783203 267 20 432 231
face 0.007916480302810669 267 20 432 231
face 0.0077506303787231445 267 20 432 231
face 0.007510632276535034 267 20 432 231
face 0.007470071315765381 267 20 432 231
face 0.007235437631607056 267 20 432 231
face 0.007213324308395386 267 20 432 231
face 0.007113337516784668 267 20 432 231
face 0.007089465856552124 267 20 432 231
face 0.007069498300552368 267 20 432 231
face 0.006885498762130737 267 20 432 231
face 0.006850063800811768 267 20 432 231
face 0.006775468587875366 267 20 432 231
face 0.006743490695953369 267 20 432 231
face 0.006704181432723999 267 20 432 231
face 0.00663304328918457 267 20 432 231
face 0.006624102592468262 267 20 432 231
face 0.006563425064086914 267 20 432 231
face 0.006518661975860596 267 20 432 231
face 0.006460785865783691 267 20 432 231
face 0.006442010402679443 267 20 432 231
face 0.0063890814781188965 267 20 432 231
face 0.006317824125289917 267 20 432 231
face 0.0062406063079833984 267 20 432 231
face 0.0061989426612854 267 20 432 231
face 0.0061674416065216064 267 20 432 231
face 0.006149470806121826 267 20 432 231
face 0.006138980388641357 267 20 432 231
face 0.00611385703086853 267 20 432 231
face 0.006111800670623779 267 20 432 231
face 0.006045013666152954 267 20 432 231
face 0.005998700857162476 267 20 432 231
face 0.0059930384159088135 267 20 432 231
face 0.005992710590362549 267 20 432 231
face 0.005942851305007935 267 20 432 231
face 0.005929380655288696 267 20 432 231
face 0.005901068449020386 267 20 432 231
face 0.005841553211212158 267 20 432 231
face 0.005829453468322754 267 20 432 231
face 0.00576665997505188 267 20 432 231
face 0.005658775568008423 267 20 432 231
face 0.005613565444946289 267 20 432 231
face 0.005611628293991089 267 20 432 231
face 0.005555242300033569 267 20 432 231
face 0.0055435895919799805 267 20 432 231
face 0.005541980266571045 267 20 432 231
face 0.005533546209335327 267 20 432 231
face 0.005526632070541382 267 20 432 231
face 0.005516231060028076 267 20 432 231
face 0.005511879920959473 267 20 432 231
face 0.005495697259902954 267 20 432 231
face 0.0053851306438446045 267 20 432 231
face 0.005344957113265991 267 20 432 231
face 0.005337893962860107 267 20 432 231
face 0.005247205495834351 267 20 432 231
face 0.005236506462097168 267 20 432 231
face 0.005231708288192749 267 20 432 231
face 0.005220860242843628 267 20 432 231
face 0.005165308713912964 267 20 432 231
face 0.005162984132766724 267 20 432 231
face 0.005141466856002808 267 20 432 231
face 0.005122929811477661 267 20 432 231
face 0.005109637975692749 267 20 432 231
face 0.005093485116958618 267 20 432 231
face 0.005078136920928955 267 20 432 231
face 0.005056589841842651 267 20 432 231
face 0.004997849464416504 267 20 432 231
