face 0.9157390594482422 501 146 586 237
face 0.8657123446464539 280 161 336 252
face 0.7011023759841919 737 175 766 208
face 0.6833730936050415 961 1 1010 37
face 0.629187285900116 164 196 218 277
face 0.44134506583213806 164 196 218 277
face 0.4223814010620117 164 196 218 277
face 0.3833408057689667 164 196 218 277
face 0.3130890727043152 164 196 218 277
face 0.27000272274017334 164 196 218 277
face 0.2615812122821808 164 196 218 277
face 0.24119976162910461 164 196 218 277
face 0.23829641938209534 164 196 218 277
face 0.19356060028076172 164 196 218 277
face 0.1816628873348236 164 196 218 277
face 0.18071714043617249 164 196 218 277
face 0.16340377926826477 164 196 218 277
face 0.14185065031051636 164 196 218 277
face 0.13474929332733154 164 196 218 277
face 0.1332607865333557 164 196 218 277
face 0.12729936838150024 164 196 218 277
face 0.12422344088554382 164 196 218 277
face 0.12341207265853882 164 196 218 277
face 0.11291512846946716 164 196 218 277
face 0.11193913221359253 164 196 218 277
face 0.11001336574554443 164 196 218 277
face 0.10786068439483643 164 196 218 277
face 0.10742884874343872 164 196 218 277
face 0.10590273141860962 164 196 218 277
face 0.1021621823310852 164 196 218 277
face 0.09004315733909607 164 196 218 277
face 0.08670821785926819 164 196 218 277
face 0.08621722459793091 164 196 218 277
face 0.08511632680892944 164 196 218 277
face 0.08022040128707886 164 196 218 277
face 0.07846677303314209 164 196 218 277
face 0.07539281249046326 164 196 218 277
face 0.07446801662445068 164 196 218 277
face 0.07435789704322815 164 196 218 277
face 0.06775298714637756 164 196 218 277
face 0.06745859980583191 164 196 218 277
face 0.062058061361312866 164 196 218 277
face 0.05849158763885498 164 196 218 277
face 0.05816802382469177 164 196 218 277
face 0.05741092562675476 164 196 218 277
face 0.05676931142807007 164 196 218 277
face 0.05500844120979309 164 196 218 277
face 0.053831666707992554 164 196 218 277
face 0.050347983837127686 164 196 218 277
face 0.04965561628341675 164 196 218 277
face 0.04833364486694336 164 196 218 277
face 0.04778105020523071 164 196 218 277
face 0.04741951823234558 164 196 218 277
face 0.047377586364746094 164 196 218 277
face 0.04737129807472229 164 196 218 277
face 0.0466935932636261 164 196 218 277
face 0.045678019523620605 164 196 218 277
face 0.04435610771179199 164 196 218 277
face 0.04401460289955139 164 196 218 277
face 0.04376643896102905 164 196 218 277
face 0.0433390736579895 164 196 218 277
face 0.04319190979003906 164 196 218 277
face 0.043159276247024536 164 196 218 277
face 0.04301384091377258 164 196 218 277
face 0.042164355516433716 164 196 218 277
face 0.041905611753463745 164 196 218 277
face 0.04141971468925476 164 196 218 277
face 0.03968629240989685 164 196 218 277
face 0.039404869079589844 164 196 218 277
face 0.039026468992233276 164 196 218 277
face 0.038854748010635376 164 196 218 277
face 0.03852096199989319 164 196 218 277
face 0.03850063681602478 164 196 218 277
face 0.03847205638885498 164 196 218 277
face 0.03816285729408264 164 196 218 277
face 0.03800380229949951 164 196 218 277
face 0.03785201907157898 164 196 218 277
face 0.037223249673843384 164 196 218 277
face 0.03712058067321777 164 196 218 277
face 0.036937832832336426 164 196 218 277
face 0.03689733147621155 164 196 218 277
face 0.036851197481155396 164 196 218 277
face 0.03661087155342102 164 196 218 277
face 0.036248087882995605 164 196 218 277
face 0.035814762115478516 164 196 218 277
face 0.03567636013031006 164 196 218 277
face 0.035568028688430786 164 196 218 277
face 0.03551328182220459 164 196 218 277
face 0.03542435169219971 164 196 218 277
face 0.03482457995414734 164 196 218 277
face 0.03340473771095276 164 196 218 277
face 0.03321316838264465 164 196 218 277
face 0.033094435930252075 164 196 218 277
face 0.032868653535842896 164 196 218 277
face 0.03270062804222107 164 196 218 277
face 0.03252005577087402 164 196 218 277
face 0.031823694705963135 164 196 218 277
face 0.031588464975357056 164 196 218 277
face 0.03156605362892151 164 196 218 277
face 0.031409651041030884 164 196 218 277
