face 0.9970028400421143 528 269 925 814
face 0.16839975118637085 528 269 925 814
face 0.13473618030548096 528 269 925 814
face 0.05144587159156799 528 269 925 814
face 0.030103623867034912 528 269 925 814
face 0.028669089078903198 528 269 925 814
face 0.02782467007637024 528 269 925 814
face 0.02547439932823181 528 269 925 814
face 0.024567395448684692 528 269 925 814
face 0.023561865091323853 528 269 925 814
face 0.023357480764389038 528 269 925 814
face 0.022820323705673218 528 269 925 814
face 0.02259334921836853 528 269 925 814
face 0.022110015153884888 528 269 925 814
face 0.0217609703540802 528 269 925 814
face 0.021619051694869995 528 269 925 814
face 0.01976853609085083 528 269 925 814
face 0.018993377685546875 528 269 925 814
face 0.01895582675933838 528 269 925 814
face 0.01882338523864746 528 269 925 814
face 0.018643885850906372 528 269 925 814
face 0.017895549535751343 528 269 925 814
face 0.017761528491973877 528 269 925 814
face 0.01746240258216858 528 269 925 814
face 0.017248570919036865 528 269 925 814
face 0.01680043339729309 528 269 925 814
face 0.01675620675086975 528 269 925 814
face 0.01674380898475647 528 269 925 814
face 0.01664501428604126 528 269 925 814
face 0.016317814588546753 528 269 925 814
face 0.016307532787322998 528 269 925 814
face 0.01627802848815918 528 269 925 814
face 0.015144586563110352 528 269 925 814
face 0.015068888664245605 528 269 925 814
face 0.01505202054977417 528 269 925 814
face 0.014707297086715698 528 269 925 814
face 0.01461842656135559 528 269 925 814
face 0.014433860778808594 528 269 925 814
face 0.014096856117248535 528 269 925 814
face 0.014091432094573975 528 269 925 814
face 0.013880163431167603 528 269 925 814
face 0.013865649700164795 528 269 925 814
face 0.013707220554351807 528 269 925 814
face 0.013487130403518677 528 269 925 814
face 0.013282537460327148 528 269 925 814
face 0.013277977705001831 528 269 925 814
face 0.013143062591552734 528 269 925 814
face 0.013101547956466675 528 269 925 814
face 0.012925773859024048 528 269 925 814
face 0.01283213496208191 528 269 925 814
face 0.012479692697525024 528 269 925 814
face 0.012348026037216187 528 269 925 814
face 0.01234424114227295 528 269 925 814
face 0.012286126613616943 528 269 925 814
face 0.012265712022781372 528 269 925 814
face 0.0122586190700531 528 269 925 814
face 0.01199573278427124 528 269 925 814
face 0.011987060308456421 528 269 925 814
face 0.011836200952529907 528 269 925 814
face 0.011803418397903442 528 269 925 814
face 0.011649072170257568 528 269 925 814
face 0.011571228504180908 528 269 925 814
face 0.011436879634857178 528 269 925 814
face 0.011353015899658203 528 269 925 814
face 0.011237382888793945 528 269 925 814
face 0.011192858219146729 528 269 925 814
face 0.011167734861373901 528 269 925 814
face 0.01112973690032959 528 269 925 814
face 0.011111438274383545 528 269 925 814
face 0.01109054684638977 528 269 925 814
face 0.011067777872085571 528 269 925 814
face 0.01096072793006897 528 269 925 814
face 0.010910242795944214 528 269 925 814
face 0.010852187871932983 528 269 925 814
face 0.010685384273529053 528 269 925 814
face 0.01059010624885559 528 269 925 814
face 0.010575592517852783 528 269 925 814
face 0.010467886924743652 528 269 925 814
face 0.01043674349784851 528 269 925 814
face 0.010412871837615967 528 269 925 814
face 0.010358870029449463 528 269 925 814
face 0.010290980339050293 528 269 925 814
face 0.010289222002029419 528 269 925 814
face 0.01026269793510437 528 269 925 814
face 0.01025235652923584 528 269 925 814
face 0.010124534368515015 528 269 925 814
face 0.010061413049697876 528 269 925 814
face 0.00996658205986023 528 269 925 814
face 0.009784519672393799 528 269 925 814
face 0.009747564792633057 528 269 925 814
face 0.009746342897415161 528 269 925 814
face 0.009745121002197266 528 269 925 814
face 0.009717583656311035 528 269 925 814
face 0.009626686573028564 528 269 925 814
face 0.009616941213607788 528 269 925 814
face 0.00957632064819336 528 269 925 814
face 0.009425848722457886 528 269 925 814
face 0.00924527645111084 528 269 925 814
face 0.00922974944114685 528 269 925 814
face 0.009153872728347778 528 269 925 814
