face 0.9984798431396484 596 277 650 341
face 0.9562503099441528 498 125 547 186
face 0.8230141401290894 541 159 591 219
face 0.6750488877296448 391 149 451 226
face 0.5520045757293701 654 76 714 150
face 0.1564624309539795 654 76 714 150
face 0.08950409293174744 654 76 714 150
face 0.0630250871181488 654 76 714 150
face 0.05280691385269165 654 76 714 150
face 0.04723641276359558 654 76 714 150
face 0.04388713836669922 654 76 714 150
face 0.04352828860282898 654 76 714 150
face 0.0423009991645813 654 76 714 150
face 0.0418735146522522 654 76 714 150
face 0.041786521673202515 654 76 714 150
face 0.040248990058898926 654 76 714 150
face 0.03958788514137268 654 76 714 150
face 0.037489861249923706 654 76 714 150
face 0.03548523783683777 654 76 714 150
face 0.03449505567550659 654 76 714 150
face 0.03248479962348938 654 76 714 150
face 0.03222939372062683 654 76 714 150
face 0.03015953302383423 654 76 714 150
face 0.02980351448059082 654 76 714 150
face 0.029487282037734985 654 76 714 150
face 0.029069602489471436 654 76 714 150
face 0.02896788716316223 654 76 714 150
face 0.028341859579086304 654 76 714 150
face 0.027981936931610107 654 76 714 150
face 0.02719596028327942 654 76 714 150
face 0.026697993278503418 654 76 714 150
face 0.02646520733833313 654 76 714 150
face 0.026197701692581177 654 76 714 150
face 0.026174396276474 654 76 714 150
face 0.02609148621559143 654 76 714 150
face 0.026090949773788452 654 76 714 150
face 0.024817973375320435 654 76 714 150
face 0.0242290198802948 654 76 714 150
face 0.023929864168167114 654 76 714 150
face 0.023692697286605835 654 76 714 150
face 0.02363818883895874 654 76 714 150
face 0.02361312508583069 654 76 714 150
face 0.023594647645950317 654 76 714 150
face 0.023545682430267334 654 76 714 150
face 0.023211151361465454 654 76 714 150
face 0.023114770650863647 654 76 714 150
face 0.023107945919036865 654 76 714 150
face 0.022923827171325684 654 76 714 150
face 0.02159935235977173 654 76 714 150
face 0.021192580461502075 654 76 714 150
face 0.02114608883857727 654 76 714 150
face 0.02066594362258911 654 76 714 150
face 0.02046540379524231 654 76 714 150
face 0.020449548959732056 654 76 714 150
face 0.019982576370239258 654 76 714 150
face 0.01991763710975647 654 76 714 150
face 0.019890248775482178 654 76 714 150
face 0.019881784915924072 654 76 714 150
face 0.019835561513900757 654 76 714 150
face 0.019673973321914673 654 76 714 150
face 0.019263088703155518 654 76 714 150
face 0.019173532724380493 654 76 714 150
face 0.01910930871963501 654 76 714 150
face 0.01889541745185852 654 76 714 150
face 0.01841670274734497 654 76 714 150
face 0.018018990755081177 654 76 714 150
face 0.0177018940448761 654 76 714 150
face 0.017433345317840576 654 76 714 150
face 0.017180174589157104 654 76 714 150
face 0.017103463411331177 654 76 714 150
face 0.016856849193572998 654 76 714 150
face 0.016390681266784668 654 76 714 150
face 0.016344517469406128 654 76 714 150
face 0.01631218194961548 654 76 714 150
face 0.01609581708908081 654 76 714 150
face 0.015949875116348267 654 76 714 150
face 0.01567193865776062 654 76 714 150
face 0.015243887901306152 654 76 714 150
face 0.015117943286895752 654 76 714 150
face 0.014987528324127197 654 76 714 150
face 0.014943689107894897 654 76 714 150
face 0.014929085969924927 654 76 714 150
face 0.014728516340255737 654 76 714 150
face 0.014724761247634888 654 76 714 150
face 0.014623045921325684 654 76 714 150
face 0.014567404985427856 654 76 714 150
face 0.014451563358306885 654 76 714 150
face 0.014295816421508789 654 76 714 150
face 0.014172554016113281 654 76 714 150
face 0.013977348804473877 654 76 714 150
face 0.013830184936523438 654 76 714 150
face 0.013770371675491333 654 76 714 150
face 0.013695627450942993 654 76 714 150
face 0.013636648654937744 654 76 714 150
face 0.01360425353050232 654 76 714 150
face 0.013461053371429443 654 76 714 150
face 0.013401210308074951 654 76 714 150
face 0.013210535049438477 654 76 714 150
face 0.013130128383636475 654 76 714 150
face 0.012895971536636353 654 76 714 150
