face 0.9956855773925781 212 65 361 262
face 0.9450778961181641 670 165 793 325
face 0.341476172208786 670 165 793 325
face 0.32936257123947144 670 165 793 325
face 0.1113041341304779 670 165 793 325
face 0.10854721069335938 670 165 793 325
face 0.06103008985519409 670 165 793 325
face 0.060141295194625854 670 165 793 325
face 0.05942121148109436 670 165 793 325
face 0.058411598205566406 670 165 793 325
face 0.053256839513778687 670 165 793 325
face 0.04545694589614868 670 165 793 325
face 0.04202231764793396 670 165 793 325
face 0.04137924313545227 670 165 793 325
face 0.03646576404571533 670 165 793 325
face 0.03548559546470642 670 165 793 325
face 0.03218403458595276 670 165 793 325
face 0.03132179379463196 670 165 793 325
face 0.031179696321487427 670 165 793 325
face 0.02961057424545288 670 165 793 325
face 0.02783229947090149 670 165 793 325
face 0.024794697761535645 670 165 793 325
face 0.0239793062210083 670 165 793 325
face 0.02297300100326538 670 165 793 325
face 0.022763699293136597 670 165 793 325
face 0.021403342485427856 670 165 793 325
face 0.020598649978637695 670 165 793 325
face 0.018968969583511353 670 165 793 325
face 0.018198728561401367 670 165 793 325
face 0.017790138721466064 670 165 793 325
face 0.017039746046066284 670 165 793 325
face 0.015741407871246338 670 165 793 325
face 0.01524326205253601 670 165 793 325
face 0.014692604541778564 670 165 793 325
face 0.014325320720672607 670 165 793 325
face 0.014304518699645996 670 165 793 325
face 0.013898223638534546 670 165 793 325
face 0.013101339340209961 670 165 793 325
face 0.012602925300598145 670 165 793 325
face 0.012523144483566284 670 165 793 325
face 0.01204460859298706 670 165 793 325
face 0.011916279792785645 670 165 793 325
face 0.01179531216621399 670 165 793 325
face 0.011311441659927368 670 165 793 325
face 0.010999023914337158 670 165 793 325
face 0.01042965054512024 670 165 793 325
face 0.010101944208145142 670 165 793 325
face 0.00972682237625122 670 165 793 325
face 0.009316205978393555 670 165 793 325
face 0.009264320135116577 670 165 793 325
face 0.009100288152694702 670 165 793 325
face 0.008645385503768921 670 165 793 325
face 0.00856509804725647 670 165 793 325
face 0.008257567882537842 670 165 793 325
face 0.008112192153930664 670 165 793 325
face 0.008022993803024292 670 165 793 325
face 0.007811933755874634 670 165 793 325
face 0.007728606462478638 670 165 793 325
face 0.007664740085601807 670 165 793 325
face 0.007658272981643677 670 165 793 325
face 0.007546484470367432 670 165 793 325
face 0.007039517164230347 670 165 793 325
face 0.007029324769973755 670 165 793 325
face 0.006981074810028076 670 165 793 325
face 0.006888687610626221 670 165 793 325
face 0.006872951984405518 670 165 793 325
face 0.006866484880447388 670 165 793 325
face 0.006662219762802124 670 165 793 325
face 0.006577908992767334 670 165 793 325
face 0.006359189748764038 670 165 793 325
face 0.006326496601104736 670 165 793 325
face 0.006308943033218384 670 165 793 325
face 0.006273061037063599 670 165 793 325
face 0.006263822317123413 670 165 793 325
face 0.006235480308532715 670 165 793 325
face 0.00597989559173584 670 165 793 325
face 0.005965471267700195 670 165 793 325
face 0.005944937467575073 670 165 793 325
face 0.005929857492446899 670 165 793 325
face 0.005918562412261963 670 165 793 325
face 0.005861520767211914 670 165 793 325
face 0.005858093500137329 670 165 793 325
face 0.005727916955947876 670 165 793 325
face 0.005660951137542725 670 165 793 325
face 0.005532711744308472 670 165 793 325
face 0.005509108304977417 670 165 793 325
face 0.0055045485496521 670 165 793 325
face 0.005485236644744873 670 165 793 325
face 0.005245596170425415 670 165 793 325
face 0.005186647176742554 670 165 793 325
face 0.005105823278427124 670 165 793 325
face 0.005055248737335205 670 165 793 325
face 0.005003839731216431 670 165 793 325
face 0.004766613245010376 670 165 793 325
face 0.004711121320724487 670 165 793 325
face 0.004668891429901123 670 165 793 325
face 0.004593968391418457 670 165 793 325
face 0.00458034873008728 670 165 793 325
face 0.004489779472351074 670 165 793 325
face 0.0043929219245910645 670 165 793 325
