face 0.3777190148830414 498 246 543 307
face 0.08173373341560364 498 246 543 307
face 0.05517411231994629 498 246 543 307
face 0.035356879234313965 498 246 543 307
face 0.029904156923294067 498 246 543 307
face 0.025708258152008057 498 246 543 307
face 0.024445146322250366 498 246 543 307
face 0.024362415075302124 498 246 543 307
face 0.022650033235549927 498 246 543 307
face 0.021223783493041992 498 246 543 307
face 0.02111491560935974 498 246 543 307
face 0.02096620202064514 498 246 543 307
face 0.019147217273712158 498 246 543 307
face 0.018875837326049805 498 246 543 307
face 0.0165824294090271 498 246 543 307
face 0.016375333070755005 498 246 543 307
face 0.016339510679244995 498 246 543 307
face 0.016035079956054688 498 246 543 307
face 0.015617549419403076 498 246 543 307
face 0.014970242977142334 498 246 543 307
face 0.014311403036117554 498 246 543 307
face 0.013836413621902466 498 246 543 307
face 0.013039916753768921 498 246 543 307
face 0.01301485300064087 498 246 543 307
face 0.012875139713287354 498 246 543 307
face 0.012163758277893066 498 246 543 307
face 0.012119531631469727 498 246 543 307
face 0.011993050575256348 498 246 543 307
face 0.011977851390838623 498 246 543 307
face 0.011771857738494873 498 246 543 307
face 0.011635035276412964 498 246 543 307
face 0.011491119861602783 498 246 543 307
face 0.011321395635604858 498 246 543 307
face 0.011272937059402466 498 246 543 307
face 0.01110011339187622 498 246 543 307
face 0.010782003402709961 498 246 543 307
face 0.010711878538131714 498 246 543 307
face 0.01065683364868164 498 246 543 307
face 0.010600358247756958 498 246 543 307
face 0.010452032089233398 498 246 543 307
face 0.01045072078704834 498 246 543 307
face 0.010219365358352661 498 246 543 307
face 0.010107100009918213 498 246 543 307
face 0.009869039058685303 498 246 543 307
face 0.00982174277305603 498 246 543 307
face 0.009744822978973389 498 246 543 307
face 0.009486109018325806 498 246 543 307
face 0.00938636064529419 498 246 543 307
face 0.00929415225982666 498 246 543 307
face 0.009291589260101318 498 246 543 307
face 0.009141355752944946 498 246 543 307
face 0.009047180414199829 498 246 543 307
face 0.00902491807937622 498 246 543 307
face 0.009019434452056885 498 246 543 307
face 0.009011805057525635 498 246 543 307
face 0.008928060531616211 498 246 543 307
face 0.008589893579483032 498 246 543 307
face 0.00852176547050476 498 246 543 307
face 0.008477985858917236 498 246 543 307
face 0.008423984050750732 498 246 543 307
face 0.008362829685211182 498 246 543 307
face 0.008137106895446777 498 246 543 307
face 0.00811082124710083 498 246 543 307
face 0.007998138666152954 498 246 543 307
face 0.007970422506332397 498 246 543 307
face 0.007949888706207275 498 246 543 307
face 0.007940024137496948 498 246 543 307
face 0.00791594386100769 498 246 543 307
face 0.007912933826446533 498 246 543 307
face 0.007874846458435059 498 246 543 307
face 0.0078660249710083 498 246 543 307
face 0.007463604211807251 498 246 543 307
face 0.0074121952056884766 498 246 543 307
face 0.007407516241073608 498 246 543 307
face 0.007390111684799194 498 246 543 307
face 0.007271319627761841 498 246 543 307
face 0.00723227858543396 498 246 543 307
face 0.007138192653656006 498 246 543 307
face 0.007043510675430298 498 246 543 307
face 0.007035732269287109 498 246 543 307
face 0.007010996341705322 498 246 543 307
face 0.006969839334487915 498 246 543 307
face 0.006960690021514893 498 246 543 307
face 0.006945431232452393 498 246 543 307
face 0.006933778524398804 498 246 543 307
face 0.006775081157684326 498 246 543 307
face 0.006750643253326416 498 246 543 307
face 0.006695657968521118 498 246 543 307
face 0.0066238343715667725 498 246 543 307
face 0.006622970104217529 498 246 543 307
face 0.006593137979507446 498 246 543 307
face 0.006576091051101685 498 246 543 307
face 0.006557255983352661 498 246 543 307
face 0.00654265284538269 498 246 543 307
face 0.0064115822315216064 498 246 543 307
face 0.006409764289855957 498 246 543 307
face 0.006388485431671143 498 246 543 307
face 0.006386756896972656 498 246 543 307
face 0.006360352039337158 498 246 543 307
face 0.006353557109832764 498 246 543 307
