face 0.9912877082824707 655 286 798 454
face 0.9201231598854065 363 123 413 180
face 0.8516407608985901 278 118 310 153
face 0.7249761819839478 320 200 402 285
face 0.42651689052581787 320 200 402 285
face 0.3029950261116028 320 200 402 285
face 0.19214388728141785 320 200 402 285
face 0.1762242317199707 320 200 402 285
face 0.1603747010231018 320 200 402 285
face 0.1500663161277771 320 200 402 285
face 0.09781470894813538 320 200 402 285
face 0.09061437845230103 320 200 402 285
face 0.09015744924545288 320 200 402 285
face 0.06248706579208374 320 200 402 285
face 0.05812728404998779 320 200 402 285
face 0.04864221811294556 320 200 402 285
face 0.04548907279968262 320 200 402 285
face 0.03549852967262268 320 200 402 285
face 0.035462021827697754 320 200 402 285
face 0.03451189398765564 320 200 402 285
face 0.032107263803482056 320 200 402 285
face 0.032094746828079224 320 200 402 285
face 0.030576199293136597 320 200 402 285
face 0.029813796281814575 320 200 402 285
face 0.027891844511032104 320 200 402 285
face 0.026723921298980713 320 200 402 285
face 0.024743199348449707 320 200 402 285
face 0.023710012435913086 320 200 402 285
face 0.022967636585235596 320 200 402 285
face 0.02269083261489868 320 200 402 285
face 0.021776050329208374 320 200 402 285
face 0.021368950605392456 320 200 402 285
face 0.020640254020690918 320 200 402 285
face 0.019553959369659424 320 200 402 285
face 0.019365519285202026 320 200 402 285
face 0.0187188982963562 320 200 402 285
face 0.017602860927581787 320 200 402 285
face 0.016774386167526245 320 200 402 285
face 0.016740113496780396 320 200 402 285
face 0.01634994149208069 320 200 402 285
face 0.016170859336853027 320 200 402 285
face 0.015741825103759766 320 200 402 285
face 0.01570865511894226 320 200 402 285
face 0.015634685754776 320 200 402 285
face 0.015499234199523926 320 200 402 285
face 0.014264822006225586 320 200 402 285
face 0.014016211032867432 320 200 402 285
face 0.01326480507850647 320 200 402 285
face 0.012996256351470947 320 200 402 285
face 0.012176990509033203 320 200 402 285
face 0.01211404800415039 320 200 402 285
face 0.01203349232673645 320 200 402 285
face 0.011846929788589478 320 200 402 285
face 0.011789530515670776 320 200 402 285
face 0.01173180341720581 320 200 402 285
face 0.011588871479034424 320 200 402 285
face 0.011457234621047974 320 200 402 285
face 0.011331886053085327 320 200 402 285
face 0.011331558227539062 320 200 402 285
face 0.011276692152023315 320 200 402 285
face 0.01123538613319397 320 200 402 285
face 0.011172741651535034 320 200 402 285
face 0.011159151792526245 320 200 402 285
face 0.01102873682975769 320 200 402 285
face 0.010980784893035889 320 200 402 285
face 0.010900229215621948 320 200 402 285
face 0.010666966438293457 320 200 402 285
face 0.01062929630279541 320 200 402 285
face 0.01059335470199585 320 200 402 285
face 0.010448634624481201 320 200 402 285
face 0.01033937931060791 320 200 402 285
face 0.010310828685760498 320 200 402 285
face 0.010114669799804688 320 200 402 285
face 0.010019659996032715 320 200 402 285
face 0.009914010763168335 320 200 402 285
face 0.009890139102935791 320 200 402 285
face 0.00987309217453003 320 200 402 285
face 0.009759277105331421 320 200 402 285
face 0.009704679250717163 320 200 402 285
face 0.009702712297439575 320 200 402 285
face 0.00962647795677185 320 200 402 285
face 0.009578824043273926 320 200 402 285
face 0.009544998407363892 320 200 402 285
face 0.009516656398773193 320 200 402 285
face 0.009350806474685669 320 200 402 285
face 0.009343981742858887 320 200 402 285
face 0.009342312812805176 320 200 402 285
face 0.009268760681152344 320 200 402 285
face 0.009239733219146729 320 200 402 285
face 0.009233027696609497 320 200 402 285
face 0.009140878915786743 320 200 402 285
face 0.008834600448608398 320 200 402 285
face 0.008755981922149658 320 200 402 285
face 0.008595705032348633 320 200 402 285
face 0.008552968502044678 320 200 402 285
face 0.00852462649345398 320 200 402 285
face 0.008522748947143555 320 200 402 285
face 0.008469879627227783 320 200 402 285
face 0.008296549320220947 320 200 402 285
face 0.008247405290603638 320 200 402 285
