face 0.7199078798294067 294 426 308 443
face 0.44275596737861633 294 426 308 443
face 0.43922945857048035 294 426 308 443
face 0.40126246213912964 294 426 308 443
face 0.3819180727005005 294 426 308 443
face 0.29857975244522095 294 426 308 443
face 0.24906963109970093 294 426 308 443
face 0.24159881472587585 294 426 308 443
face 0.19451293349266052 294 426 308 443
face 0.1942855715751648 294 426 308 443
face 0.1761816143989563 294 426 308 443
face 0.1582208275794983 294 426 308 443
face 0.08796602487564087 294 426 308 443
face 0.06890097260475159 294 426 308 443
face 0.0516057014465332 294 426 308 443
face 0.042108744382858276 294 426 308 443
face 0.03860574960708618 294 426 308 443
face 0.037368208169937134 294 426 308 443
face 0.03727874159812927 294 426 308 443
face 0.03495165705680847 294 426 308 443
face 0.032196879386901855 294 426 308 443
face 0.03141212463378906 294 426 308 443
face 0.031166911125183105 294 426 308 443
face 0.02994561195373535 294 426 308 443
face 0.02970084547996521 294 426 308 443
face 0.029060661792755127 294 426 308 443
face 0.0282057523727417 294 426 308 443
face 0.027481943368911743 294 426 308 443
face 0.02521902322769165 294 426 308 443
face 0.025008082389831543 294 426 308 443
face 0.02216106653213501 294 426 308 443
face 0.021738916635513306 294 426 308 443
face 0.0208548903465271 294 426 308 443
face 0.020828068256378174 294 426 308 443
face 0.019914329051971436 294 426 308 443
face 0.019753068685531616 294 426 308 443
face 0.019675076007843018 294 426 308 443
face 0.01934221386909485 294 426 308 443
face 0.0192335844039917 294 426 308 443
face 0.01917785406112671 294 426 308 443
face 0.01905149221420288 294 426 308 443
face 0.017780303955078125 294 426 308 443
face 0.017530381679534912 294 426 308 443
face 0.01750117540359497 294 426 308 443
face 0.016761064529418945 294 426 308 443
face 0.016536712646484375 294 426 308 443
face 0.01646682620048523 294 426 308 443
face 0.016134411096572876 294 426 308 443
face 0.01611804962158203 294 426 308 443
face 0.01558077335357666 294 426 308 443
face 0.015291750431060791 294 426 308 443
face 0.014946311712265015 294 426 308 443
face 0.014685451984405518 294 426 308 443
face 0.014512419700622559 294 426 308 443
face 0.014120131731033325 294 426 308 443
face 0.014038532972335815 294 426 308 443
face 0.013943254947662354 294 426 308 443
face 0.013836383819580078 294 426 308 443
face 0.013617187738418579 294 426 308 443
face 0.013514667749404907 294 426 308 443
face 0.013447612524032593 294 426 308 443
face 0.013179540634155273 294 426 308 443
face 0.012391239404678345 294 426 308 443
face 0.011986196041107178 294 426 308 443
face 0.011746197938919067 294 426 308 443
face 0.011369138956069946 294 426 308 443
face 0.011217772960662842 294 426 308 443
face 0.010812878608703613 294 426 308 443
face 0.010546088218688965 294 426 308 443
face 0.010428249835968018 294 426 308 443
face 0.010418355464935303 294 426 308 443
face 0.010276108980178833 294 426 308 443
face 0.010128259658813477 294 426 308 443
face 0.009797930717468262 294 426 308 443
face 0.009783178567886353 294 426 308 443
face 0.009736746549606323 294 426 308 443
face 0.009604662656784058 294 426 308 443
face 0.009572356939315796 294 426 308 443
face 0.00945940613746643 294 426 308 443
face 0.009063422679901123 294 426 308 443
face 0.008877038955688477 294 426 308 443
face 0.008820384740829468 294 426 308 443
face 0.008752048015594482 294 426 308 443
face 0.008635371923446655 294 426 308 443
face 0.008573293685913086 294 426 308 443
face 0.008513033390045166 294 426 308 443
face 0.008506685495376587 294 426 308 443
face 0.008409172296524048 294 426 308 443
face 0.007906287908554077 294 426 308 443
face 0.007841229438781738 294 426 308 443
face 0.00781702995300293 294 426 308 443
face 0.007652848958969116 294 426 308 443
face 0.007420837879180908 294 426 308 443
face 0.007341355085372925 294 426 308 443
face 0.00716051459312439 294 426 308 443
face 0.007085084915161133 294 426 308 443
face 0.007050246000289917 294 426 308 443
face 0.007001698017120361 294 426 308 443
face 0.006886839866638184 294 426 308 443
face 0.006842553615570068 294 426 308 443
