face 0.9436752796173096 722 91 823 245
face 0.6258264780044556 265 70 363 227
face 0.030685514211654663 265 70 363 227
face 0.025794565677642822 265 70 363 227
face 0.020643115043640137 265 70 363 227
face 0.011462032794952393 265 70 363 227
face 0.011438578367233276 265 70 363 227
face 0.011247336864471436 265 70 363 227
face 0.010996580123901367 265 70 363 227
face 0.010934978723526001 265 70 363 227
face 0.010392040014266968 265 70 363 227
face 0.010022252798080444 265 70 363 227
face 0.009909331798553467 265 70 363 227
face 0.008976638317108154 265 70 363 227
face 0.008941888809204102 265 70 363 227
face 0.008879214525222778 265 70 363 227
face 0.008676409721374512 265 70 363 227
face 0.008318185806274414 265 70 363 227
face 0.007700234651565552 265 70 363 227
face 0.00765189528465271 265 70 363 227
face 0.007535189390182495 265 70 363 227
face 0.007445156574249268 265 70 363 227
face 0.007404953241348267 265 70 363 227
face 0.007380098104476929 265 70 363 227
face 0.007295787334442139 265 70 363 227
face 0.007215380668640137 265 70 363 227
face 0.007080703973770142 265 70 363 227
face 0.007020354270935059 265 70 363 227
face 0.006702899932861328 265 70 363 227
face 0.006667107343673706 265 70 363 227
face 0.006579995155334473 265 70 363 227
face 0.006264448165893555 265 70 363 227
face 0.005743473768234253 265 70 363 227
face 0.005680680274963379 265 70 363 227
face 0.005637705326080322 265 70 363 227
face 0.005637675523757935 265 70 363 227
face 0.005626022815704346 265 70 363 227
face 0.005538254976272583 265 70 363 227
face 0.0055284202098846436 265 70 363 227
face 0.005450844764709473 265 70 363 227
face 0.005363732576370239 265 70 363 227
face 0.0052852630615234375 265 70 363 227
face 0.005236893892288208 265 70 363 227
face 0.005147308111190796 265 70 363 227
face 0.005144894123077393 265 70 363 227
face 0.005087435245513916 265 70 363 227
face 0.00506138801574707 265 70 363 227
face 0.005037099123001099 265 70 363 227
face 0.005001544952392578 265 70 363 227
face 0.004997283220291138 265 70 363 227
face 0.0048878490924835205 265 70 363 227
face 0.004766941070556641 265 70 363 227
face 0.004616498947143555 265 70 363 227
face 0.004413902759552002 265 70 363 227
face 0.004409819841384888 265 70 363 227
face 0.004321664571762085 265 70 363 227
face 0.004285156726837158 265 70 363 227
face 0.00426831841468811 265 70 363 227
face 0.004209756851196289 265 70 363 227
face 0.004153311252593994 265 70 363 227
face 0.00414612889289856 265 70 363 227
face 0.004077821969985962 265 70 363 227
face 0.004051923751831055 265 70 363 227
face 0.003987252712249756 265 70 363 227
face 0.003812551498413086 265 70 363 227
face 0.0037682950496673584 265 70 363 227
face 0.003766655921936035 265 70 363 227
face 0.0036738812923431396 265 70 363 227
face 0.0036681294441223145 265 70 363 227
face 0.003641456365585327 265 70 363 227
face 0.003634810447692871 265 70 363 227
face 0.003593742847442627 265 70 363 227
face 0.003589063882827759 265 70 363 227
face 0.0035865306854248047 265 70 363 227
face 0.003548562526702881 265 70 363 227
face 0.0035035014152526855 265 70 363 227
face 0.00347098708152771 265 70 363 227
face 0.003443986177444458 265 70 363 227
face 0.0034128427505493164 265 70 363 227
face 0.003393203020095825 265 70 363 227
face 0.003341168165206909 265 70 363 227
face 0.0033261775970458984 265 70 363 227
face 0.0032436251640319824 265 70 363 227
face 0.0032343268394470215 265 70 363 227
face 0.003224015235900879 265 70 363 227
face 0.003198981285095215 265 70 363 227
face 0.003187328577041626 265 70 363 227
face 0.0031835734844207764 265 70 363 227
face 0.003160446882247925 265 70 363 227
face 0.0031444132328033447 265 70 363 227
face 0.00312158465385437 265 70 363 227
face 0.003100574016571045 265 70 363 227
face 0.0030045509338378906 265 70 363 227
face 0.0029838085174560547 265 70 363 227
face 0.002983182668685913 265 70 363 227
face 0.0029697418212890625 265 70 363 227
face 0.0029577314853668213 265 70 363 227
face 0.0029328763484954834 265 70 363 227
face 0.0028094053268432617 265 70 363 227
face 0.00278550386428833 265 70 363 227
