face 0.9822996854782104 480 117 557 206
face 0.6885163187980652 794 67 870 168
face 0.6844034194946289 295 109 368 197
face 0.5679146647453308 668 73 739 163
face 0.2502777874469757 668 73 739 163
face 0.06584638357162476 668 73 739 163
face 0.05388858914375305 668 73 739 163
face 0.037239640951156616 668 73 739 163
face 0.03545597195625305 668 73 739 163
face 0.02955111861228943 668 73 739 163
face 0.02919936180114746 668 73 739 163
face 0.026430606842041016 668 73 739 163
face 0.02605566382408142 668 73 739 163
face 0.02311033010482788 668 73 739 163
face 0.021707117557525635 668 73 739 163
face 0.020311474800109863 668 73 739 163
face 0.02023807168006897 668 73 739 163
face 0.02013799548149109 668 73 739 163
face 0.018263310194015503 668 73 739 163
face 0.018157482147216797 668 73 739 163
face 0.017580926418304443 668 73 739 163
face 0.017579227685928345 668 73 739 163
face 0.016744554042816162 668 73 739 163
face 0.015793800354003906 668 73 739 163
face 0.015655428171157837 668 73 739 163
face 0.015532165765762329 668 73 739 163
face 0.015491366386413574 668 73 739 163
face 0.015415668487548828 668 73 739 163
face 0.01532214879989624 668 73 739 163
face 0.014924079179763794 668 73 739 163
face 0.013161540031433105 668 73 739 163
face 0.012966960668563843 668 73 739 163
face 0.012966126203536987 668 73 739 163
face 0.012648254632949829 668 73 739 163
face 0.012539595365524292 668 73 739 163
face 0.012519001960754395 668 73 739 163
face 0.012433737516403198 668 73 739 163
face 0.01168149709701538 668 73 739 163
face 0.01134827733039856 668 73 739 163
face 0.011050999164581299 668 73 739 163
face 0.010635465383529663 668 73 739 163
face 0.01063460111618042 668 73 739 163
face 0.010514587163925171 668 73 739 163
face 0.010475724935531616 668 73 739 163
face 0.010418832302093506 668 73 739 163
face 0.009743928909301758 668 73 739 163
face 0.0096970796585083 668 73 739 163
face 0.00963062047958374 668 73 739 163
face 0.009627997875213623 668 73 739 163
face 0.009343892335891724 668 73 739 163
face 0.00904238224029541 668 73 739 163
face 0.008958399295806885 668 73 739 163
face 0.00880470871925354 668 73 739 163
face 0.008753061294555664 668 73 739 163
face 0.008724778890609741 668 73 739 163
face 0.008670449256896973 668 73 739 163
face 0.008483827114105225 668 73 739 163
face 0.008440941572189331 668 73 739 163
face 0.008319348096847534 668 73 739 163
face 0.00830790400505066 668 73 739 163
face 0.008212387561798096 668 73 739 163
face 0.008045464754104614 668 73 739 163
face 0.007974803447723389 668 73 739 163
face 0.00790908932685852 668 73 739 163
face 0.007904142141342163 668 73 739 163
face 0.007762342691421509 668 73 739 163
face 0.007695406675338745 668 73 739 163
face 0.007660537958145142 668 73 739 163
face 0.007581502199172974 668 73 739 163
face 0.007555216550827026 668 73 739 163
face 0.007537782192230225 668 73 739 163
face 0.007459282875061035 668 73 739 163
face 0.00740852952003479 668 73 739 163
face 0.007270634174346924 668 73 739 163
face 0.007055878639221191 668 73 739 163
face 0.007023513317108154 668 73 739 163
face 0.006967753171920776 668 73 739 163
face 0.006912052631378174 668 73 739 163
face 0.006886512041091919 668 73 739 163
face 0.006474405527114868 668 73 739 163
face 0.0064293742179870605 668 73 739 163
face 0.006426095962524414 668 73 739 163
face 0.00628623366355896 668 73 739 163
face 0.006268233060836792 668 73 739 163
face 0.00626102089881897 668 73 739 163
face 0.006132394075393677 668 73 739 163
face 0.006026208400726318 668 73 739 163
face 0.00598752498626709 668 73 739 163
face 0.005964159965515137 668 73 739 163
face 0.005947083234786987 668 73 739 163
face 0.0058608949184417725 668 73 739 163
face 0.005800813436508179 668 73 739 163
face 0.005771011114120483 668 73 739 163
face 0.005718111991882324 668 73 739 163
face 0.005659997463226318 668 73 739 163
face 0.0056085288524627686 668 73 739 163
face 0.005487799644470215 668 73 739 163
face 0.005472540855407715 668 73 739 163
face 0.005430132150650024 668 73 739 163
face 0.005415230989456177 668 73 739 163
