face 0.9874250888824463 475 299 561 378
face 0.9858235120773315 238 175 326 308
face 0.8068729043006897 595 274 675 352
face 0.7719391584396362 11 667 56 744
face 0.4072067439556122 11 667 56 744
face 0.3043905794620514 11 667 56 744
face 0.150188148021698 11 667 56 744
face 0.126685231924057 11 667 56 744
face 0.11208108067512512 11 667 56 744
face 0.08818620443344116 11 667 56 744
face 0.08623647689819336 11 667 56 744
face 0.07711416482925415 11 667 56 744
face 0.06683576107025146 11 667 56 744
face 0.05436483025550842 11 667 56 744
face 0.052785515785217285 11 667 56 744
face 0.05269664525985718 11 667 56 744
face 0.04497554898262024 11 667 56 744
face 0.04480418562889099 11 667 56 744
face 0.042998671531677246 11 667 56 744
face 0.04280674457550049 11 667 56 744
face 0.041221827268600464 11 667 56 744
face 0.04026985168457031 11 667 56 744
face 0.03984785079956055 11 667 56 744
face 0.038634926080703735 11 667 56 744
face 0.03793126344680786 11 667 56 744
face 0.037398308515548706 11 667 56 744
face 0.037173688411712646 11 667 56 744
face 0.035840362310409546 11 667 56 744
face 0.03538975119590759 11 667 56 744
face 0.034180670976638794 11 667 56 744
face 0.03402912616729736 11 667 56 744
face 0.028416574001312256 11 667 56 744
face 0.027931809425354004 11 667 56 744
face 0.027447164058685303 11 667 56 744
face 0.027194499969482422 11 667 56 744
face 0.02661287784576416 11 667 56 744
face 0.025314509868621826 11 667 56 744
face 0.024268686771392822 11 667 56 744
face 0.023667067289352417 11 667 56 744
face 0.02314823865890503 11 667 56 744
face 0.02269446849822998 11 667 56 744
face 0.022686868906021118 11 667 56 744
face 0.022629112005233765 11 667 56 744
face 0.0225314199924469 11 667 56 744
face 0.022367358207702637 11 667 56 744
face 0.022087782621383667 11 667 56 744
face 0.021784693002700806 11 667 56 744
face 0.021337121725082397 11 667 56 744
face 0.021208196878433228 11 667 56 744
face 0.0211641788482666 11 667 56 744
face 0.02064502239227295 11 667 56 744
face 0.020581483840942383 11 667 56 744
face 0.020276010036468506 11 667 56 744
face 0.020067930221557617 11 667 56 744
face 0.019996434450149536 11 667 56 744
face 0.019449859857559204 11 667 56 744
face 0.019054919481277466 11 667 56 744
face 0.016839832067489624 11 667 56 744
face 0.016759604215621948 11 667 56 744
face 0.016755253076553345 11 667 56 744
face 0.016678273677825928 11 667 56 744
face 0.016393005847930908 11 667 56 744
face 0.016321122646331787 11 667 56 744
face 0.016120076179504395 11 667 56 744
face 0.015768975019454956 11 667 56 744
face 0.015765011310577393 11 667 56 744
face 0.015397846698760986 11 667 56 744
face 0.015072822570800781 11 667 56 744
face 0.01414075493812561 11 667 56 744
face 0.014026552438735962 11 667 56 744
face 0.01398545503616333 11 667 56 744
face 0.013725847005844116 11 667 56 744
face 0.013546288013458252 11 667 56 744
face 0.01344144344329834 11 667 56 744
face 0.013415664434432983 11 667 56 744
face 0.013292431831359863 11 667 56 744
face 0.013041287660598755 11 667 56 744
face 0.01288500428199768 11 667 56 744
face 0.012622058391571045 11 667 56 744
face 0.012610107660293579 11 667 56 744
face 0.012595444917678833 11 667 56 744
face 0.012278169393539429 11 667 56 744
face 0.012156367301940918 11 667 56 744
face 0.0115547776222229 11 667 56 744
face 0.011456340551376343 11 667 56 744
face 0.01144343614578247 11 667 56 744
face 0.011354148387908936 11 667 56 744
face 0.011345654726028442 11 667 56 744
face 0.011249333620071411 11 667 56 744
face 0.011234849691390991 11 667 56 744
face 0.011061996221542358 11 667 56 744
face 0.011049389839172363 11 667 56 744
face 0.010915756225585938 11 667 56 744
face 0.010580867528915405 11 667 56 744
face 0.010553240776062012 11 667 56 744
face 0.010448694229125977 11 667 56 744
face 0.010280728340148926 11 667 56 744
face 0.010207206010818481 11 667 56 744
face 0.010156095027923584 11 667 56 744
face 0.010018616914749146 11 667 56 744
