face 0.9991447925567627 292 216 326 258
face 0.9918928146362305 586 196 629 252
face 0.9789218902587891 234 265 260 297
face 0.9522676467895508 716 122 776 198
face 0.9067592620849609 385 237 420 280
face 0.740225613117218 150 289 175 320
face 0.4190574288368225 150 289 175 320
face 0.3841232657432556 150 289 175 320
face 0.36177486181259155 150 289 175 320
face 0.356636106967926 150 289 175 320
face 0.26207235455513 150 289 175 320
face 0.14100205898284912 150 289 175 320
face 0.09638780355453491 150 289 175 320
face 0.06833621859550476 150 289 175 320
face 0.04536077380180359 150 289 175 320
face 0.041977643966674805 150 289 175 320
face 0.03182262182235718 150 289 175 320
face 0.031002134084701538 150 289 175 320
face 0.029039055109024048 150 289 175 320
face 0.028077036142349243 150 289 175 320
face 0.02714332938194275 150 289 175 320
face 0.02690836787223816 150 289 175 320
face 0.023449569940567017 150 289 175 320
face 0.022293120622634888 150 289 175 320
face 0.022082924842834473 150 289 175 320
face 0.021332979202270508 150 289 175 320
face 0.020848780870437622 150 289 175 320
face 0.019281059503555298 150 289 175 320
face 0.01888364553451538 150 289 175 320
face 0.018824666738510132 150 289 175 320
face 0.01830613613128662 150 289 175 320
face 0.016926050186157227 150 289 175 320
face 0.016359955072402954 150 289 175 320
face 0.016159534454345703 150 289 175 320
face 0.01599174737930298 150 289 175 320
face 0.01588687300682068 150 289 175 320
face 0.015718460083007812 150 289 175 320
face 0.014886409044265747 150 289 175 320
face 0.014852166175842285 150 289 175 320
face 0.014562875032424927 150 289 175 320
face 0.013818532228469849 150 289 175 320
face 0.013651937246322632 150 289 175 320
face 0.01344907283782959 150 289 175 320
face 0.013164043426513672 150 289 175 320
face 0.012952029705047607 150 289 175 320
face 0.01288655400276184 150 289 175 320
face 0.01246616244316101 150 289 175 320
face 0.012258321046829224 150 289 175 320
face 0.012201696634292603 150 289 175 320
face 0.011993408203125 150 289 175 320
face 0.011939674615859985 150 289 175 320
face 0.011905193328857422 150 289 175 320
face 0.011842429637908936 150 289 175 320
face 0.011655658483505249 150 289 175 320
face 0.011641174554824829 150 289 175 320
face 0.011499494314193726 150 289 175 320
face 0.011448860168457031 150 289 175 320
face 0.011414885520935059 150 289 175 320
face 0.011374056339263916 150 289 175 320
face 0.011280268430709839 150 289 175 320
face 0.011192232370376587 150 289 175 320
face 0.011114627122879028 150 289 175 320
face 0.010958611965179443 150 289 175 320
face 0.010877102613449097 150 289 175 320
face 0.010871857404708862 150 289 175 320
face 0.010770231485366821 150 289 175 320
face 0.010432332754135132 150 289 175 320
face 0.010105669498443604 150 289 175 320
face 0.009829998016357422 150 289 175 320
face 0.00971326231956482 150 289 175 320
face 0.009624719619750977 150 289 175 320
face 0.009447038173675537 150 289 175 320
face 0.00940316915512085 150 289 175 320
face 0.009384185075759888 150 289 175 320
face 0.009310096502304077 150 289 175 320
face 0.009082615375518799 150 289 175 320
face 0.009045511484146118 150 289 175 320
face 0.009018391370773315 150 289 175 320
face 0.008995980024337769 150 289 175 320
face 0.008959859609603882 150 289 175 320
face 0.00891682505607605 150 289 175 320
face 0.008851855993270874 150 289 175 320
face 0.008817195892333984 150 289 175 320
face 0.008742034435272217 150 289 175 320
face 0.00870358943939209 150 289 175 320
face 0.008608460426330566 150 289 175 320
face 0.00787276029586792 150 289 175 320
face 0.007871389389038086 150 289 175 320
face 0.007805138826370239 150 289 175 320
face 0.007753521203994751 150 289 175 320
face 0.007738739252090454 150 289 175 320
face 0.00773310661315918 150 289 175 320
face 0.0076403021812438965 150 289 175 320
face 0.007433384656906128 150 289 175 320
face 0.00742185115814209 150 289 175 320
face 0.0073777735233306885 150 289 175 320
face 0.007362931966781616 150 289 175 320
face 0.007259875535964966 150 289 175 320
face 0.0071627795696258545 150 289 175 320
face 0.007160842418670654 150 289 175 320
