face 0.9930565357208252 804 62 843 114
face 0.9848098754882812 576 62 626 123
face 0.8044445514678955 713 77 767 148
face 0.6632554531097412 439 77 532 202
face 0.49178874492645264 439 77 532 202
face 0.30777835845947266 439 77 532 202
face 0.16338372230529785 439 77 532 202
face 0.06761494278907776 439 77 532 202
face 0.05257761478424072 439 77 532 202
face 0.0457499623298645 439 77 532 202
face 0.0396827757358551 439 77 532 202
face 0.03890910744667053 439 77 532 202
face 0.035596370697021484 439 77 532 202
face 0.033847659826278687 439 77 532 202
face 0.03364217281341553 439 77 532 202
face 0.030759811401367188 439 77 532 202
face 0.03069281578063965 439 77 532 202
face 0.028895854949951172 439 77 532 202
face 0.028654396533966064 439 77 532 202
face 0.028585284948349 439 77 532 202
face 0.02452680468559265 439 77 532 202
face 0.024379312992095947 439 77 532 202
face 0.023674100637435913 439 77 532 202
face 0.023395419120788574 439 77 532 202
face 0.02289167046546936 439 77 532 202
face 0.02246871590614319 439 77 532 202
face 0.0217149555683136 439 77 532 202
face 0.021317124366760254 439 77 532 202
face 0.02080249786376953 439 77 532 202
face 0.020380258560180664 439 77 532 202
face 0.019817650318145752 439 77 532 202
face 0.019477039575576782 439 77 532 202
face 0.019406646490097046 439 77 532 202
face 0.018419712781906128 439 77 532 202
face 0.018198907375335693 439 77 532 202
face 0.018177151679992676 439 77 532 202
face 0.01809176802635193 439 77 532 202
face 0.017417728900909424 439 77 532 202
face 0.017389386892318726 439 77 532 202
face 0.017350345849990845 439 77 532 202
face 0.017317771911621094 439 77 532 202
face 0.017195701599121094 439 77 532 202
face 0.0171547532081604 439 77 532 202
face 0.016914397478103638 439 77 532 202
face 0.016910672187805176 439 77 532 202
face 0.016505569219589233 439 77 532 202
face 0.01648375391960144 439 77 532 202
face 0.016261965036392212 439 77 532 202
face 0.016223609447479248 439 77 532 202
face 0.015764206647872925 439 77 532 202
face 0.015605896711349487 439 77 532 202
face 0.014661669731140137 439 77 532 202
face 0.01439782977104187 439 77 532 202
face 0.014318466186523438 439 77 532 202
face 0.014267295598983765 439 77 532 202
face 0.013945072889328003 439 77 532 202
face 0.013594448566436768 439 77 532 202
face 0.013152897357940674 439 77 532 202
face 0.01303139328956604 439 77 532 202
face 0.01290014386177063 439 77 532 202
face 0.01270139217376709 439 77 532 202
face 0.012692153453826904 439 77 532 202
face 0.012530326843261719 439 77 532 202
face 0.012469321489334106 439 77 532 202
face 0.012407511472702026 439 77 532 202
face 0.012344658374786377 439 77 532 202
face 0.01234385371208191 439 77 532 202
face 0.012174814939498901 439 77 532 202
face 0.011791884899139404 439 77 532 202
face 0.011776238679885864 439 77 532 202
face 0.011660367250442505 439 77 532 202
face 0.011654078960418701 439 77 532 202
face 0.011628538370132446 439 77 532 202
face 0.011628448963165283 439 77 532 202
face 0.011573076248168945 439 77 532 202
face 0.011420339345932007 439 77 532 202
face 0.011419117450714111 439 77 532 202
face 0.011235296726226807 439 77 532 202
face 0.011112600564956665 439 77 532 202
face 0.011099934577941895 439 77 532 202
face 0.010933756828308105 439 77 532 202
face 0.010920315980911255 439 77 532 202
face 0.010797321796417236 439 77 532 202
face 0.010785341262817383 439 77 532 202
face 0.010594666004180908 439 77 532 202
face 0.010539859533309937 439 77 532 202
face 0.010474056005477905 439 77 532 202
face 0.010417550802230835 439 77 532 202
face 0.010336190462112427 439 77 532 202
face 0.010281354188919067 439 77 532 202
face 0.010263979434967041 439 77 532 202
face 0.010190635919570923 439 77 532 202
face 0.010136604309082031 439 77 532 202
face 0.010084539651870728 439 77 532 202
face 0.010047584772109985 439 77 532 202
face 0.010016918182373047 439 77 532 202
face 0.009976178407669067 439 77 532 202
face 0.009911328554153442 439 77 532 202
face 0.009879618883132935 439 77 532 202
face 0.009736090898513794 439 77 532 202
