face 0.9957981109619141 380 83 709 393
face 0.037722617387771606 380 83 709 393
face 0.027709126472473145 380 83 709 393
face 0.024835824966430664 380 83 709 393
face 0.023468971252441406 380 83 709 393
face 0.018097609281539917 380 83 709 393
face 0.017079442739486694 380 83 709 393
face 0.013769209384918213 380 83 709 393
face 0.013556689023971558 380 83 709 393
face 0.013541728258132935 380 83 709 393
face 0.013097763061523438 380 83 709 393
face 0.012710243463516235 380 83 709 393
face 0.012670338153839111 380 83 709 393
face 0.011702179908752441 380 83 709 393
face 0.010747402906417847 380 83 709 393
face 0.010710090398788452 380 83 709 393
face 0.010701358318328857 380 83 709 393
face 0.010294795036315918 380 83 709 393
face 0.010221719741821289 380 83 709 393
face 0.009953528642654419 380 83 709 393
face 0.009545505046844482 380 83 709 393
face 0.009445667266845703 380 83 709 393
face 0.009147852659225464 380 83 709 393
face 0.009075641632080078 380 83 709 393
face 0.008979082107543945 380 83 709 393
face 0.00893285870552063 380 83 709 393
face 0.008807510137557983 380 83 709 393
face 0.008800685405731201 380 83 709 393
face 0.008619308471679688 380 83 709 393
face 0.008604615926742554 380 83 709 393
face 0.008060604333877563 380 83 709 393
face 0.008007973432540894 380 83 709 393
face 0.007925450801849365 380 83 709 393
face 0.007784903049468994 380 83 709 393
face 0.007713109254837036 380 83 709 393
face 0.007678508758544922 380 83 709 393
face 0.007669925689697266 380 83 709 393
face 0.007658958435058594 380 83 709 393
face 0.007624834775924683 380 83 709 393
face 0.007311046123504639 380 83 709 393
face 0.006984889507293701 380 83 709 393
face 0.006916612386703491 380 83 709 393
face 0.006835460662841797 380 83 709 393
face 0.006759732961654663 380 83 709 393
face 0.006667286157608032 380 83 709 393
face 0.006538301706314087 380 83 709 393
face 0.006455570459365845 380 83 709 393
face 0.006435364484786987 380 83 709 393
face 0.006414204835891724 380 83 709 393
face 0.006392776966094971 380 83 709 393
face 0.006366342306137085 380 83 709 393
face 0.006259560585021973 380 83 709 393
face 0.006257921457290649 380 83 709 393
face 0.0062535107135772705 380 83 709 393
face 0.006148338317871094 380 83 709 393
face 0.006080746650695801 380 83 709 393
face 0.0060804784297943115 380 83 709 393
face 0.006018221378326416 380 83 709 393
face 0.00600820779800415 380 83 709 393
face 0.005971044301986694 380 83 709 393
face 0.005952000617980957 380 83 709 393
face 0.005940288305282593 380 83 709 393
face 0.005783587694168091 380 83 709 393
face 0.005744129419326782 380 83 709 393
face 0.00574079155921936 380 83 709 393
face 0.005660563707351685 380 83 709 393
face 0.005652308464050293 380 83 709 393
face 0.005625277757644653 380 83 709 393
face 0.0055487751960754395 380 83 709 393
face 0.005528271198272705 380 83 709 393
face 0.005476713180541992 380 83 709 393
face 0.005407929420471191 380 83 709 393
face 0.00540587306022644 380 83 709 393
face 0.0053961873054504395 380 83 709 393
face 0.005395114421844482 380 83 709 393
face 0.005380839109420776 380 83 709 393
face 0.005378693342208862 380 83 709 393
face 0.005365580320358276 380 83 709 393
face 0.0053425133228302 380 83 709 393
face 0.005331307649612427 380 83 709 393
face 0.005328953266143799 380 83 709 393
face 0.00532802939414978 380 83 709 393
face 0.005268841981887817 380 83 709 393
face 0.005245476961135864 380 83 709 393
face 0.005230307579040527 380 83 709 393
face 0.005222588777542114 380 83 709 393
face 0.005192667245864868 380 83 709 393
face 0.00515592098236084 380 83 709 393
face 0.005148053169250488 380 83 709 393
face 0.005116164684295654 380 83 709 393
face 0.005108237266540527 380 83 709 393
face 0.0050928592681884766 380 83 709 393
face 0.005033910274505615 380 83 709 393
face 0.005032569169998169 380 83 709 393
face 0.004989504814147949 380 83 709 393
face 0.004970252513885498 380 83 709 393
face 0.004967391490936279 380 83 709 393
face 0.004961580038070679 380 83 709 393
face 0.004958599805831909 380 83 709 393
face 0.004926085472106934 380 83 709 393
