face 0.9983411431312561 220 154 491 439
face 0.006946921348571777 220 154 491 439
face 0.0057995617389678955 220 154 491 439
face 0.00569567084312439 220 154 491 439
face 0.005382746458053589 220 154 491 439
face 0.005216836929321289 220 154 491 439
face 0.004870980978012085 220 154 491 439
face 0.004704982042312622 220 154 491 439
face 0.004603832960128784 220 154 491 439
face 0.004595905542373657 220 154 491 439
face 0.004434466361999512 220 154 491 439
face 0.004396110773086548 220 154 491 439
face 0.004389375448226929 220 154 491 439
face 0.004308164119720459 220 154 491 439
face 0.0042723119258880615 220 154 491 439
face 0.004238784313201904 220 154 491 439
face 0.004235655069351196 220 154 491 439
face 0.00412905216217041 220 154 491 439
face 0.004100710153579712 220 154 491 439
face 0.003958314657211304 220 154 491 439
face 0.003880739212036133 220 154 491 439
face 0.00375211238861084 220 154 491 439
face 0.0035996735095977783 220 154 491 439
face 0.003515869379043579 220 154 491 439
face 0.003379136323928833 220 154 491 439
face 0.0033517181873321533 220 154 491 439
face 0.0033386945724487305 220 154 491 439
face 0.003333181142807007 220 154 491 439
face 0.003313899040222168 220 154 491 439
face 0.003249228000640869 220 154 491 439
face 0.003193289041519165 220 154 491 439
face 0.0031398236751556396 220 154 491 439
face 0.003136366605758667 220 154 491 439
face 0.003095477819442749 220 154 491 439
face 0.0030848681926727295 220 154 491 439
face 0.003055363893508911 220 154 491 439
face 0.0030486881732940674 220 154 491 439
face 0.003019094467163086 220 154 491 439
face 0.0030137300491333008 220 154 491 439
face 0.002997368574142456 220 154 491 439
face 0.002933800220489502 220 154 491 439
face 0.002859055995941162 220 154 491 439
face 0.0028530359268188477 220 154 491 439
face 0.002837926149368286 220 154 491 439
face 0.0028312504291534424 220 154 491 439
face 0.0028196871280670166 220 154 491 439
face 0.0027909576892852783 220 154 491 439
face 0.0027875006198883057 220 154 491 439
face 0.002783834934234619 220 154 491 439
face 0.0027507245540618896 220 154 491 439
face 0.002736687660217285 220 154 491 439
face 0.002725452184677124 220 154 491 439
face 0.0027072131633758545 220 154 491 439
face 0.002677351236343384 220 154 491 439
face 0.002652585506439209 220 154 491 439
face 0.0026434659957885742 220 154 491 439
face 0.0026392340660095215 220 154 491 439
face 0.0026363730430603027 220 154 491 439
face 0.0026300549507141113 220 154 491 439
face 0.0026099681854248047 220 154 491 439
face 0.002599865198135376 220 154 491 439
face 0.002494633197784424 220 154 491 439
face 0.0024803876876831055 220 154 491 439
face 0.00247800350189209 220 154 491 439
face 0.00247037410736084 220 154 491 439
face 0.0024593472480773926 220 154 491 439
face 0.002398937940597534 220 154 491 439
face 0.0023898184299468994 220 154 491 439
face 0.002384483814239502 220 154 491 439
face 0.0023768246173858643 220 154 491 439
face 0.0023322701454162598 220 154 491 439
face 0.0023292601108551025 220 154 491 439
face 0.0023285746574401855 220 154 491 439
face 0.00228312611579895 220 154 491 439
face 0.0022616982460021973 220 154 491 439
face 0.002261251211166382 220 154 491 439
face 0.0022412240505218506 220 154 491 439
face 0.0022385120391845703 220 154 491 439
face 0.002230525016784668 220 154 491 439
face 0.002217710018157959 220 154 491 439
face 0.0022004544734954834 220 154 491 439
face 0.002190321683883667 220 154 491 439
face 0.0021899044513702393 220 154 491 439
face 0.0021809041500091553 220 154 491 439
face 0.0021678805351257324 220 154 491 439
face 0.0021525323390960693 220 154 491 439
face 0.0021434128284454346 220 154 491 439
face 0.0021421611309051514 220 154 491 439
face 0.002111673355102539 220 154 491 439
face 0.0021095573902130127 220 154 491 439
face 0.0021091699600219727 220 154 491 439
face 0.0020464062690734863 220 154 491 439
face 0.0020422041416168213 220 154 491 439
face 0.002034991979598999 220 154 491 439
face 0.0020042359828948975 220 154 491 439
face 0.002002507448196411 220 154 491 439
face 0.002001821994781494 220 154 491 439
face 0.001999408006668091 220 154 491 439
face 0.0019770562648773193 220 154 491 439
face 0.0019662678241729736 220 154 491 439
