face 0.5233667492866516 731 418 746 438
face 0.39725548028945923 731 418 746 438
face 0.2951689660549164 731 418 746 438
face 0.16685917973518372 731 418 746 438
face 0.16064119338989258 731 418 746 438
face 0.11436975002288818 731 418 746 438
face 0.08656591176986694 731 418 746 438
face 0.08473598957061768 731 418 746 438
face 0.08220505714416504 731 418 746 438
face 0.05179870128631592 731 418 746 438
face 0.051481157541275024 731 418 746 438
face 0.0510096549987793 731 418 746 438
face 0.046430379152297974 731 418 746 438
face 0.046260982751846313 731 418 746 438
face 0.04350295662879944 731 418 746 438
face 0.041872888803482056 731 418 746 438
face 0.04005518555641174 731 418 746 438
face 0.03950124979019165 731 418 746 438
face 0.03921622037887573 731 418 746 438
face 0.03836697340011597 731 418 746 438
face 0.03802889585494995 731 418 746 438
face 0.036860376596450806 731 418 746 438
face 0.03643447160720825 731 418 746 438
face 0.035379648208618164 731 418 746 438
face 0.0347820520401001 731 418 746 438
face 0.03476053476333618 731 418 746 438
face 0.03422224521636963 731 418 746 438
face 0.03363347053527832 731 418 746 438
face 0.03355497121810913 731 418 746 438
face 0.03240400552749634 731 418 746 438
face 0.03224864602088928 731 418 746 438
face 0.03222241997718811 731 418 746 438
face 0.03092890977859497 731 418 746 438
face 0.029834330081939697 731 418 746 438
face 0.028368324041366577 731 418 746 438
face 0.027124464511871338 731 418 746 438
face 0.026090800762176514 731 418 746 438
face 0.025698572397232056 731 418 746 438
face 0.024665027856826782 731 418 746 438
face 0.023139357566833496 731 418 746 438
face 0.02309069037437439 731 418 746 438
face 0.022576719522476196 731 418 746 438
face 0.022088706493377686 731 418 746 438
face 0.021946996450424194 731 418 746 438
face 0.021836549043655396 731 418 746 438
face 0.020879000425338745 731 418 746 438
face 0.020523041486740112 731 418 746 438
face 0.020449161529541016 731 418 746 438
face 0.020077884197235107 731 418 746 438
face 0.019213229417800903 731 418 746 438
face 0.01885029673576355 731 418 746 438
face 0.0187358558177948 731 418 746 438
face 0.01862889528274536 731 418 746 438
face 0.01848885416984558 731 418 746 438
face 0.01832789182662964 731 418 746 438
face 0.01813596487045288 731 418 746 438
face 0.018131136894226074 731 418 746 438
face 0.018044114112854004 731 418 746 438
face 0.01782888174057007 731 418 746 438
face 0.017399519681930542 731 418 746 438
face 0.017360001802444458 731 418 746 438
face 0.017351597547531128 731 418 746 438
face 0.017243951559066772 731 418 746 438
face 0.017215728759765625 731 418 746 438
face 0.017155826091766357 731 418 746 438
face 0.016899555921554565 731 418 746 438
face 0.016813606023788452 731 418 746 438
face 0.016659259796142578 731 418 746 438
face 0.016647011041641235 731 418 746 438
face 0.016430765390396118 731 418 746 438
face 0.016279160976409912 731 418 746 438
face 0.016225069761276245 731 418 746 438
face 0.016157984733581543 731 418 746 438
face 0.01567336916923523 731 418 746 438
face 0.0155276358127594 731 418 746 438
face 0.015489637851715088 731 418 746 438
face 0.015370815992355347 731 418 746 438
face 0.01501774787902832 731 418 746 438
face 0.014818161725997925 731 418 746 438
face 0.014670789241790771 731 418 746 438
face 0.014640450477600098 731 418 746 438
face 0.014425575733184814 731 418 746 438
face 0.014128893613815308 731 418 746 438
face 0.013889491558074951 731 418 746 438
face 0.013771384954452515 731 418 746 438
face 0.013494998216629028 731 418 746 438
face 0.01293337345123291 731 418 746 438
face 0.012863457202911377 731 418 746 438
face 0.01272672414779663 731 418 746 438
face 0.012720644474029541 731 418 746 438
face 0.012719959020614624 731 418 746 438
face 0.012600451707839966 731 418 746 438
face 0.01253613829612732 731 418 746 438
face 0.012533843517303467 731 418 746 438
face 0.012475371360778809 731 418 746 438
face 0.012453526258468628 731 418 746 438
face 0.012428462505340576 731 418 746 438
face 0.01232340931892395 731 418 746 438
face 0.012273043394088745 731 418 746 438
face 0.012108772993087769 731 418 746 438
