face 0.9434652328491211 358 133 568 427
face 0.008619129657745361 358 133 568 427
face 0.007302582263946533 358 133 568 427
face 0.007225513458251953 358 133 568 427
face 0.006469666957855225 358 133 568 427
face 0.0057256221771240234 358 133 568 427
face 0.0051746666431427 358 133 568 427
face 0.004887759685516357 358 133 568 427
face 0.00460168719291687 358 133 568 427
face 0.004581451416015625 358 133 568 427
face 0.004576683044433594 358 133 568 427
face 0.0044882893562316895 358 133 568 427
face 0.004139125347137451 358 133 568 427
face 0.004095166921615601 358 133 568 427
face 0.004036843776702881 358 133 568 427
face 0.004011094570159912 358 133 568 427
face 0.003994852304458618 358 133 568 427
face 0.003965109586715698 358 133 568 427
face 0.0037490427494049072 358 133 568 427
face 0.003544926643371582 358 133 568 427
face 0.003536432981491089 358 133 568 427
face 0.003520876169204712 358 133 568 427
face 0.0033998191356658936 358 133 568 427
face 0.003374040126800537 358 133 568 427
face 0.0032663345336914062 358 133 568 427
face 0.0032197535037994385 358 133 568 427
face 0.003131866455078125 358 133 568 427
face 0.0029317736625671387 358 133 568 427
face 0.0029209554195404053 358 133 568 427
face 0.002812296152114868 358 133 568 427
face 0.0027715861797332764 358 133 568 427
face 0.002656489610671997 358 133 568 427
face 0.002613544464111328 358 133 568 427
face 0.002591639757156372 358 133 568 427
face 0.0025839805603027344 358 133 568 427
face 0.0025814473628997803 358 133 568 427
face 0.002515047788619995 358 133 568 427
face 0.0025001466274261475 358 133 568 427
face 0.0024824142456054688 358 133 568 427
face 0.002474188804626465 358 133 568 427
face 0.0024653971195220947 358 133 568 427
face 0.0024391114711761475 358 133 568 427
face 0.0024045705795288086 358 133 568 427
face 0.002391219139099121 358 133 568 427
face 0.002326101064682007 358 133 568 427
face 0.002318441867828369 358 133 568 427
face 0.0022981464862823486 358 133 568 427
face 0.0022970736026763916 358 133 568 427
face 0.0022927820682525635 358 133 568 427
face 0.002289503812789917 358 133 568 427
face 0.0022871792316436768 358 133 568 427
face 0.0022747814655303955 358 133 568 427
face 0.002269446849822998 358 133 568 427
face 0.002261519432067871 358 133 568 427
face 0.0022594034671783447 358 133 568 427
face 0.0022531449794769287 358 133 568 427
face 0.0022461116313934326 358 133 568 427
face 0.0022372305393218994 358 133 568 427
face 0.0022298097610473633 358 133 568 427
face 0.0022007524967193604 358 133 568 427
face 0.0021938681602478027 358 133 568 427
face 0.00219041109085083 358 133 568 427
face 0.0021854043006896973 358 133 568 427
face 0.002178281545639038 358 133 568 427
face 0.0021590888500213623 358 133 568 427
face 0.0021578073501586914 358 133 568 427
face 0.0021573305130004883 358 133 568 427
face 0.002083688974380493 358 133 568 427
face 0.0020834803581237793 358 133 568 427
face 0.0020772218704223633 358 133 568 427
face 0.002070009708404541 358 133 568 427
face 0.002065896987915039 358 133 568 427
face 0.002057969570159912 358 133 568 427
face 0.0020575225353240967 358 133 568 427
face 0.002057194709777832 358 133 568 427
face 0.0020342767238616943 358 133 568 427
face 0.0020270049571990967 358 133 568 427
face 0.0020075440406799316 358 133 568 427
face 0.0019546151161193848 358 133 568 427
face 0.0019485056400299072 358 133 568 427
face 0.0019229352474212646 358 133 568 427
face 0.0019022226333618164 358 133 568 427
face 0.0019012689590454102 358 133 568 427
face 0.0019006431102752686 358 133 568 427
face 0.001896589994430542 358 133 568 427
face 0.0018815696239471436 358 133 568 427
face 0.001879572868347168 358 133 568 427
face 0.0018665790557861328 358 133 568 427
face 0.001862943172454834 358 133 568 427
face 0.001846402883529663 358 133 568 427
face 0.0018433928489685059 358 133 568 427
face 0.0018416047096252441 358 133 568 427
face 0.0018292665481567383 358 133 568 427
face 0.0018246769905090332 358 133 568 427
face 0.0018181204795837402 358 133 568 427
face 0.0018177628517150879 358 133 568 427
face 0.0018148422241210938 358 133 568 427
face 0.0018136799335479736 358 133 568 427
face 0.0017908215522766113 358 133 568 427
face 0.001789391040802002 358 133 568 427
