face 0.9853172302246094 348 160 581 450
face 0.010879069566726685 348 160 581 450
face 0.01033848524093628 348 160 581 450
face 0.00716710090637207 348 160 581 450
face 0.0070536136627197266 348 160 581 450
face 0.006801426410675049 348 160 581 450
face 0.0066783130168914795 348 160 581 450
face 0.006462007761001587 348 160 581 450
face 0.006311893463134766 348 160 581 450
face 0.006113141775131226 348 160 581 450
face 0.005765736103057861 348 160 581 450
face 0.005675584077835083 348 160 581 450
face 0.0056070685386657715 348 160 581 450
face 0.005359083414077759 348 160 581 450
face 0.005259305238723755 348 160 581 450
face 0.0052357017993927 348 160 581 450
face 0.005219787359237671 348 160 581 450
face 0.00511661171913147 348 160 581 450
face 0.005098581314086914 348 160 581 450
face 0.00495031476020813 348 160 581 450
face 0.004843682050704956 348 160 581 450
face 0.004761755466461182 348 160 581 450
face 0.0046322643756866455 348 160 581 450
face 0.004564493894577026 348 160 581 450
face 0.0045365989208221436 348 160 581 450
face 0.00452837347984314 348 160 581 450
face 0.00450858473777771 348 160 581 450
face 0.004488110542297363 348 160 581 450
face 0.004463136196136475 348 160 581 450
face 0.004446059465408325 348 160 581 450
face 0.004413694143295288 348 160 581 450
face 0.00436323881149292 348 160 581 450
face 0.004323095083236694 348 160 581 450
face 0.004300564527511597 348 160 581 450
face 0.0042240917682647705 348 160 581 450
face 0.004130363464355469 348 160 581 450
face 0.004105985164642334 348 160 581 450
face 0.0040149986743927 348 160 581 450
face 0.004009038209915161 348 160 581 450
face 0.003920048475265503 348 160 581 450
face 0.0038761794567108154 348 160 581 450
face 0.0038090646266937256 348 160 581 450
face 0.003792792558670044 348 160 581 450
face 0.0037814676761627197 348 160 581 450
face 0.0037754476070404053 348 160 581 450
face 0.003764420747756958 348 160 581 450
face 0.0037232637405395508 348 160 581 450
face 0.003709644079208374 348 160 581 450
face 0.0036919116973876953 348 160 581 450
face 0.003667205572128296 348 160 581 450
face 0.0036413073539733887 348 160 581 450
face 0.003640204668045044 348 160 581 450
face 0.0036052167415618896 348 160 581 450
face 0.0035894811153411865 348 160 581 450
face 0.003563106060028076 348 160 581 450
face 0.0035434365272521973 348 160 581 450
face 0.0035360753536224365 348 160 581 450
face 0.003510773181915283 348 160 581 450
face 0.0035057663917541504 348 160 581 450
face 0.00349581241607666 348 160 581 450
face 0.003485053777694702 348 160 581 450
face 0.003484100103378296 348 160 581 450
face 0.0034779608249664307 348 160 581 450
face 0.0034563541412353516 348 160 581 450
face 0.0034558773040771484 348 160 581 450
face 0.0034434497356414795 348 160 581 450
face 0.0033989548683166504 348 160 581 450
face 0.0033705830574035645 348 160 581 450
face 0.0033248960971832275 348 160 581 450
face 0.003313422203063965 348 160 581 450
face 0.0033112764358520508 348 160 581 450
face 0.0033089816570281982 348 160 581 450
face 0.003284752368927002 348 160 581 450
face 0.0032312870025634766 348 160 581 450
face 0.003229975700378418 348 160 581 450
face 0.0032175183296203613 348 160 581 450
face 0.0032165348529815674 348 160 581 450
face 0.003215402364730835 348 160 581 450
face 0.0032006502151489258 348 160 581 450
face 0.0031901001930236816 348 160 581 450
face 0.0031805038452148438 348 160 581 450
face 0.0031587183475494385 348 160 581 450
face 0.003149688243865967 348 160 581 450
face 0.003134697675704956 348 160 581 450
face 0.003118276596069336 348 160 581 450
face 0.0031052827835083008 348 160 581 450
face 0.0030896365642547607 348 160 581 450
face 0.0030670464038848877 348 160 581 450
face 0.003060847520828247 348 160 581 450
face 0.00306054949760437 348 160 581 450
face 0.0030528604984283447 348 160 581 450
face 0.003043055534362793 348 160 581 450
face 0.0030292272567749023 348 160 581 450
face 0.0029937028884887695 348 160 581 450
face 0.002986013889312744 348 160 581 450
face 0.0029788613319396973 348 160 581 450
face 0.0029729604721069336 348 160 581 450
face 0.0029701292514801025 348 160 581 450
face 0.002927035093307495 348 160 581 450
face 0.002922624349594116 348 160 581 450
