face 0.9880872964859009 415 26 768 492
face 0.07093998789787292 415 26 768 492
face 0.06418776512145996 415 26 768 492
face 0.04796725511550903 415 26 768 492
face 0.03504818677902222 415 26 768 492
face 0.03290572762489319 415 26 768 492
face 0.03229624032974243 415 26 768 492
face 0.02868664264678955 415 26 768 492
face 0.021665722131729126 415 26 768 492
face 0.021289527416229248 415 26 768 492
face 0.020537912845611572 415 26 768 492
face 0.01920318603515625 415 26 768 492
face 0.018013566732406616 415 26 768 492
face 0.017747819423675537 415 26 768 492
face 0.016693532466888428 415 26 768 492
face 0.016334086656570435 415 26 768 492
face 0.01614147424697876 415 26 768 492
face 0.015793561935424805 415 26 768 492
face 0.015653520822525024 415 26 768 492
face 0.015452265739440918 415 26 768 492
face 0.014626562595367432 415 26 768 492
face 0.014616578817367554 415 26 768 492
face 0.014571189880371094 415 26 768 492
face 0.014429241418838501 415 26 768 492
face 0.014302760362625122 415 26 768 492
face 0.014182418584823608 415 26 768 492
face 0.01405787467956543 415 26 768 492
face 0.013869225978851318 415 26 768 492
face 0.01354438066482544 415 26 768 492
face 0.012977540493011475 415 26 768 492
face 0.012674033641815186 415 26 768 492
face 0.012160390615463257 415 26 768 492
face 0.011896461248397827 415 26 768 492
face 0.01188749074935913 415 26 768 492
face 0.011842489242553711 415 26 768 492
face 0.011810153722763062 415 26 768 492
face 0.011621475219726562 415 26 768 492
face 0.011615216732025146 415 26 768 492
face 0.011281043291091919 415 26 768 492
face 0.010963231325149536 415 26 768 492
face 0.01083672046661377 415 26 768 492
face 0.01078706979751587 415 26 768 492
face 0.01058247685432434 415 26 768 492
face 0.010415524244308472 415 26 768 492
face 0.010314196348190308 415 26 768 492
face 0.009936124086380005 415 26 768 492
face 0.009837448596954346 415 26 768 492
face 0.009809672832489014 415 26 768 492
face 0.009744912385940552 415 26 768 492
face 0.009657621383666992 415 26 768 492
face 0.009623974561691284 415 26 768 492
face 0.009590715169906616 415 26 768 492
face 0.009344130754470825 415 26 768 492
face 0.009286314249038696 415 26 768 492
face 0.009265422821044922 415 26 768 492
face 0.009211629629135132 415 26 768 492
face 0.009205788373947144 415 26 768 492
face 0.009174138307571411 415 26 768 492
face 0.00913470983505249 415 26 768 492
face 0.009078234434127808 415 26 768 492
face 0.008830636739730835 415 26 768 492
face 0.008646607398986816 415 26 768 492
face 0.008558005094528198 415 26 768 492
face 0.008534789085388184 415 26 768 492
face 0.008448272943496704 415 26 768 492
face 0.008433640003204346 415 26 768 492
face 0.008384168148040771 415 26 768 492
face 0.00826236605644226 415 26 768 492
face 0.008016914129257202 415 26 768 492
face 0.007894784212112427 415 26 768 492
face 0.007879257202148438 415 26 768 492
face 0.007875829935073853 415 26 768 492
face 0.007858842611312866 415 26 768 492
face 0.007801741361618042 415 26 768 492
face 0.0077845752239227295 415 26 768 492
face 0.007683902978897095 415 26 768 492
face 0.007683783769607544 415 26 768 492
face 0.007603436708450317 415 26 768 492
face 0.007566094398498535 415 26 768 492
face 0.007364064455032349 415 26 768 492
face 0.007345139980316162 415 26 768 492
face 0.007259666919708252 415 26 768 492
face 0.0072394609451293945 415 26 768 492
face 0.007235467433929443 415 26 768 492
face 0.007118344306945801 415 26 768 492
face 0.007048696279525757 415 26 768 492
face 0.007017165422439575 415 26 768 492
face 0.006764769554138184 415 26 768 492
face 0.0066741108894348145 415 26 768 492
face 0.00665593147277832 415 26 768 492
face 0.0066117048263549805 415 26 768 492
face 0.0064559876918792725 415 26 768 492
face 0.006361067295074463 415 26 768 492
face 0.006258457899093628 415 26 768 492
face 0.006157666444778442 415 26 768 492
face 0.006091445684432983 415 26 768 492
face 0.006088048219680786 415 26 768 492
face 0.006078153848648071 415 26 768 492
face 0.0060686469078063965 415 26 768 492
face 0.005943655967712402 415 26 768 492
