face 0.9994795918464661 342 154 385 205
face 0.9961398839950562 697 161 738 212
face 0.9904276132583618 147 75 170 105
face 0.9881366491317749 785 62 809 86
face 0.9821330308914185 848 105 893 150
face 0.9763901233673096 135 175 179 225
face 0.9637691974639893 533 194 568 242
face 0.9577751159667969 600 80 623 108
face 0.9196328520774841 478 136 513 180
face 0.7754590511322021 763 132 788 160
face 0.7230888605117798 273 132 296 158
face 0.6212179064750671 49 66 71 91
face 0.571833610534668 689 0 707 18
face 0.562113344669342 46 68 69 99
face 0.547755777835846 92 136 114 165
face 0.5253273844718933 731 72 754 97
face 0.5240075588226318 443 136 470 171
face 0.5191860198974609 937 213 957 239
face 0.5090416073799133 223 71 246 100
face 0.4341127872467041 223 71 246 100
face 0.35862067341804504 223 71 246 100
face 0.29984986782073975 223 71 246 100
face 0.29703450202941895 223 71 246 100
face 0.21003267168998718 223 71 246 100
face 0.18460983037948608 223 71 246 100
face 0.1736428439617157 223 71 246 100
face 0.12386879324913025 223 71 246 100
face 0.11030355095863342 223 71 246 100
face 0.10867470502853394 223 71 246 100
face 0.09473243355751038 223 71 246 100
face 0.09440761804580688 223 71 246 100
face 0.09373092651367188 223 71 246 100
face 0.08761927485466003 223 71 246 100
face 0.08730316162109375 223 71 246 100
face 0.08360874652862549 223 71 246 100
face 0.06567195057868958 223 71 246 100
face 0.06420961022377014 223 71 246 100
face 0.06349372863769531 223 71 246 100
face 0.0597662627696991 223 71 246 100
face 0.0467221736907959 223 71 246 100
face 0.04413995146751404 223 71 246 100
face 0.036465615034103394 223 71 246 100
face 0.03504246473312378 223 71 246 100
face 0.030848026275634766 223 71 246 100
face 0.029258430004119873 223 71 246 100
face 0.028405070304870605 223 71 246 100
face 0.028277546167373657 223 71 246 100
face 0.027030736207962036 223 71 246 100
face 0.02560049295425415 223 71 246 100
face 0.02282598614692688 223 71 246 100
face 0.02144002914428711 223 71 246 100
face 0.02137771248817444 223 71 246 100
face 0.021333932876586914 223 71 246 100
face 0.019617199897766113 223 71 246 100
face 0.019040852785110474 223 71 246 100
face 0.018805384635925293 223 71 246 100
face 0.018583476543426514 223 71 246 100
face 0.018066346645355225 223 71 246 100
face 0.01787927746772766 223 71 246 100
face 0.01682385802268982 223 71 246 100
face 0.015994012355804443 223 71 246 100
face 0.014946967363357544 223 71 246 100
face 0.014898359775543213 223 71 246 100
face 0.014127761125564575 223 71 246 100
face 0.014075487852096558 223 71 246 100
face 0.013286978006362915 223 71 246 100
face 0.013049930334091187 223 71 246 100
face 0.012880444526672363 223 71 246 100
face 0.012642145156860352 223 71 246 100
face 0.01249152421951294 223 71 246 100
face 0.011973947286605835 223 71 246 100
face 0.011874794960021973 223 71 246 100
face 0.011555612087249756 223 71 246 100
face 0.011373132467269897 223 71 246 100
face 0.011299699544906616 223 71 246 100
face 0.011272609233856201 223 71 246 100
face 0.01120099425315857 223 71 246 100
face 0.010425001382827759 223 71 246 100
face 0.010126501321792603 223 71 246 100
face 0.009276032447814941 223 71 246 100
face 0.009194791316986084 223 71 246 100
face 0.009103655815124512 223 71 246 100
face 0.009059935808181763 223 71 246 100
face 0.008925288915634155 223 71 246 100
face 0.008448630571365356 223 71 246 100
face 0.008254766464233398 223 71 246 100
face 0.008230835199356079 223 71 246 100
face 0.007789433002471924 223 71 246 100
face 0.0077197253704071045 223 71 246 100
face 0.007633507251739502 223 71 246 100
face 0.0075435638427734375 223 71 246 100
face 0.006719022989273071 223 71 246 100
face 0.006470233201980591 223 71 246 100
face 0.006089270114898682 223 71 246 100
face 0.005859941244125366 223 71 246 100
face 0.005823254585266113 223 71 246 100
face 0.005809396505355835 223 71 246 100
face 0.005692094564437866 223 71 246 100
face 0.005666524171829224 223 71 246 100
face 0.005621790885925293 223 71 246 100
