face 0.9807368516921997 399 96 614 361
face 0.010224997997283936 399 96 614 361
face 0.005722910165786743 399 96 614 361
face 0.005088508129119873 399 96 614 361
face 0.004925400018692017 399 96 614 361
face 0.0048375725746154785 399 96 614 361
face 0.004755169153213501 399 96 614 361
face 0.004645824432373047 399 96 614 361
face 0.004454106092453003 399 96 614 361
face 0.004440367221832275 399 96 614 361
face 0.003975510597229004 399 96 614 361
face 0.003921866416931152 399 96 614 361
face 0.0038424432277679443 399 96 614 361
face 0.0038080811500549316 399 96 614 361
face 0.003782421350479126 399 96 614 361
face 0.0035704374313354492 399 96 614 361
face 0.003468424081802368 399 96 614 361
face 0.0034279227256774902 399 96 614 361
face 0.003376483917236328 399 96 614 361
face 0.0033395588397979736 399 96 614 361
face 0.003322422504425049 399 96 614 361
face 0.003310590982437134 399 96 614 361
face 0.0032699108123779297 399 96 614 361
face 0.003137946128845215 399 96 614 361
face 0.003074049949645996 399 96 614 361
face 0.003053009510040283 399 96 614 361
face 0.0030247271060943604 399 96 614 361
face 0.00296059250831604 399 96 614 361
face 0.0029570460319519043 399 96 614 361
face 0.0028848648071289062 399 96 614 361
face 0.0028631091117858887 399 96 614 361
face 0.002725064754486084 399 96 614 361
face 0.0026590824127197266 399 96 614 361
face 0.00260809063911438 399 96 614 361
face 0.002607285976409912 399 96 614 361
face 0.002598673105239868 399 96 614 361
face 0.002527892589569092 399 96 614 361
face 0.002520829439163208 399 96 614 361
face 0.0024588406085968018 399 96 614 361
face 0.0024509429931640625 399 96 614 361
face 0.002426713705062866 399 96 614 361
face 0.002401888370513916 399 96 614 361
face 0.0023965537548065186 399 96 614 361
face 0.002331942319869995 399 96 614 361
face 0.002331465482711792 399 96 614 361
face 0.0023234784603118896 399 96 614 361
face 0.0023092031478881836 399 96 614 361
face 0.002304285764694214 399 96 614 361
face 0.0022425949573516846 399 96 614 361
face 0.0022385120391845703 399 96 614 361
face 0.0022364556789398193 399 96 614 361
face 0.0021975338459014893 399 96 614 361
face 0.0021606087684631348 399 96 614 361
face 0.0021438300609588623 399 96 614 361
face 0.0021322667598724365 399 96 614 361
face 0.0020576119422912598 399 96 614 361
face 0.002028852701187134 399 96 614 361
face 0.001994609832763672 399 96 614 361
face 0.001969277858734131 399 96 614 361
face 0.001906752586364746 399 96 614 361
face 0.0018954277038574219 399 96 614 361
face 0.0018765032291412354 399 96 614 361
face 0.0018762946128845215 399 96 614 361
face 0.0018702447414398193 399 96 614 361
face 0.0018450915813446045 399 96 614 361
face 0.0018293559551239014 399 96 614 361
face 0.0018263161182403564 399 96 614 361
face 0.001820206642150879 399 96 614 361
face 0.0018142163753509521 399 96 614 361
face 0.0018081963062286377 399 96 614 361
face 0.0017462372779846191 399 96 614 361
face 0.0017428100109100342 399 96 614 361
face 0.0017022490501403809 399 96 614 361
face 0.0016984045505523682 399 96 614 361
face 0.0016958117485046387 399 96 614 361
face 0.0016944408416748047 399 96 614 361
face 0.0016855895519256592 399 96 614 361
face 0.0016640126705169678 399 96 614 361
face 0.0016487538814544678 399 96 614 361
face 0.0016485154628753662 399 96 614 361
face 0.0016241967678070068 399 96 614 361
face 0.00160902738571167 399 96 614 361
face 0.0015982091426849365 399 96 614 361
face 0.0015768706798553467 399 96 614 361
face 0.001568138599395752 399 96 614 361
face 0.0015619099140167236 399 96 614 361
face 0.001560300588607788 399 96 614 361
face 0.0015460848808288574 399 96 614 361
face 0.001543283462524414 399 96 614 361
face 0.0015404820442199707 399 96 614 361
face 0.0015374422073364258 399 96 614 361
face 0.0015259981155395508 399 96 614 361
face 0.001514434814453125 399 96 614 361
face 0.001511693000793457 399 96 614 361
face 0.0015103816986083984 399 96 614 361
face 0.0015090703964233398 399 96 614 361
face 0.0015060901641845703 399 96 614 361
face 0.001505136489868164 399 96 614 361
face 0.001500159502029419 399 96 614 361
face 0.0014829039573669434 399 96 614 361
