face 0.9965063333511353 256 186 312 263
face 0.9964907169342041 683 121 739 192
face 0.9955641031265259 108 153 164 232
face 0.9685415029525757 396 212 454 284
face 0.7323254346847534 838 102 891 170
face 0.6170609593391418 526 168 589 239
face 0.07418790459632874 526 168 589 239
face 0.05628708004951477 526 168 589 239
face 0.05063793063163757 526 168 589 239
face 0.04195627570152283 526 168 589 239
face 0.04177120327949524 526 168 589 239
face 0.03021255135536194 526 168 589 239
face 0.028818577527999878 526 168 589 239
face 0.02793806791305542 526 168 589 239
face 0.02745303511619568 526 168 589 239
face 0.02737867832183838 526 168 589 239
face 0.02729436755180359 526 168 589 239
face 0.018673449754714966 526 168 589 239
face 0.016484498977661133 526 168 589 239
face 0.01635482907295227 526 168 589 239
face 0.016335636377334595 526 168 589 239
face 0.01607459783554077 526 168 589 239
face 0.015520602464675903 526 168 589 239
face 0.015425115823745728 526 168 589 239
face 0.01540827751159668 526 168 589 239
face 0.01484757661819458 526 168 589 239
face 0.013149112462997437 526 168 589 239
face 0.012656480073928833 526 168 589 239
face 0.012456029653549194 526 168 589 239
face 0.011925488710403442 526 168 589 239
face 0.011909902095794678 526 168 589 239
face 0.010818928480148315 526 168 589 239
face 0.010701954364776611 526 168 589 239
face 0.010626047849655151 526 168 589 239
face 0.010552734136581421 526 168 589 239
face 0.01054200530052185 526 168 589 239
face 0.010249793529510498 526 168 589 239
face 0.010191649198532104 526 168 589 239
face 0.010152071714401245 526 168 589 239
face 0.010150611400604248 526 168 589 239
face 0.00993645191192627 526 168 589 239
face 0.009842634201049805 526 168 589 239
face 0.009626686573028564 526 168 589 239
face 0.00956454873085022 526 168 589 239
face 0.009536057710647583 526 168 589 239
face 0.00931614637374878 526 168 589 239
face 0.00928264856338501 526 168 589 239
face 0.009135156869888306 526 168 589 239
face 0.009117960929870605 526 168 589 239
face 0.008862435817718506 526 168 589 239
face 0.008847743272781372 526 168 589 239
face 0.008744299411773682 526 168 589 239
face 0.008738279342651367 526 168 589 239
face 0.008670806884765625 526 168 589 239
face 0.008619129657745361 526 168 589 239
face 0.008570671081542969 526 168 589 239
face 0.00847432017326355 526 168 589 239
face 0.008436083793640137 526 168 589 239
face 0.0080338716506958 526 168 589 239
face 0.007988423109054565 526 168 589 239
face 0.007967442274093628 526 168 589 239
face 0.007942676544189453 526 168 589 239
face 0.007909834384918213 526 168 589 239
face 0.007875591516494751 526 168 589 239
face 0.007853418588638306 526 168 589 239
face 0.007808715105056763 526 168 589 239
face 0.007797449827194214 526 168 589 239
face 0.007732301950454712 526 168 589 239
face 0.007690548896789551 526 168 589 239
face 0.007648080587387085 526 168 589 239
face 0.007511228322982788 526 168 589 239
face 0.007399648427963257 526 168 589 239
face 0.007390111684799194 526 168 589 239
face 0.007386952638626099 526 168 589 239
face 0.0070840418338775635 526 168 589 239
face 0.0070729851722717285 526 168 589 239
face 0.007018834352493286 526 168 589 239
face 0.006902545690536499 526 168 589 239
face 0.006802409887313843 526 168 589 239
face 0.006798416376113892 526 168 589 239
face 0.006757467985153198 526 168 589 239
face 0.006619513034820557 526 168 589 239
face 0.0065492987632751465 526 168 589 239
face 0.006531476974487305 526 168 589 239
face 0.006521821022033691 526 168 589 239
face 0.006471425294876099 526 168 589 239
face 0.006458312273025513 526 168 589 239
face 0.0064453184604644775 526 168 589 239
face 0.0063314735889434814 526 168 589 239
face 0.006250590085983276 526 168 589 239
face 0.006249368190765381 526 168 589 239
face 0.006215482950210571 526 168 589 239
face 0.006181299686431885 526 168 589 239
face 0.006135344505310059 526 168 589 239
face 0.006126135587692261 526 168 589 239
face 0.006028085947036743 526 168 589 239
face 0.0059938132762908936 526 168 589 239
face 0.005900025367736816 526 168 589 239
face 0.005822598934173584 526 168 589 239
face 0.005803912878036499 526 168 589 239
