face 0.8602086901664734 463 157 542 309
face 0.04160183668136597 463 157 542 309
face 0.037185490131378174 463 157 542 309
face 0.027537673711776733 463 157 542 309
face 0.02679082751274109 463 157 542 309
face 0.025565922260284424 463 157 542 309
face 0.024137914180755615 463 157 542 309
face 0.022002220153808594 463 157 542 309
face 0.017875343561172485 463 157 542 309
face 0.01725706458091736 463 157 542 309
face 0.01712670922279358 463 157 542 309
face 0.01693814992904663 463 157 542 309
face 0.016739219427108765 463 157 542 309
face 0.016658127307891846 463 157 542 309
face 0.016512781381607056 463 157 542 309
face 0.01615867018699646 463 157 542 309
face 0.016114383935928345 463 157 542 309
face 0.014217942953109741 463 157 542 309
face 0.014205485582351685 463 157 542 309
face 0.012855827808380127 463 157 542 309
face 0.012758255004882812 463 157 542 309
face 0.012468129396438599 463 157 542 309
face 0.011882007122039795 463 157 542 309
face 0.011810004711151123 463 157 542 309
face 0.011806756258010864 463 157 542 309
face 0.011681556701660156 463 157 542 309
face 0.011501997709274292 463 157 542 309
face 0.011232644319534302 463 157 542 309
face 0.011118292808532715 463 157 542 309
face 0.010940879583358765 463 157 542 309
face 0.010912477970123291 463 157 542 309
face 0.010906040668487549 463 157 542 309
face 0.010809630155563354 463 157 542 309
face 0.01079532504081726 463 157 542 309
face 0.010533064603805542 463 157 542 309
face 0.010481387376785278 463 157 542 309
face 0.010406643152236938 463 157 542 309
face 0.010273844003677368 463 157 542 309
face 0.010258197784423828 463 157 542 309
face 0.010086745023727417 463 157 542 309
face 0.00982239842414856 463 157 542 309
face 0.00972294807434082 463 157 542 309
face 0.009646296501159668 463 157 542 309
face 0.009645551443099976 463 157 542 309
face 0.009620696306228638 463 157 542 309
face 0.00955355167388916 463 157 542 309
face 0.009440600872039795 463 157 542 309
face 0.009372234344482422 463 157 542 309
face 0.00929868221282959 463 157 542 309
face 0.009249746799468994 463 157 542 309
face 0.009225517511367798 463 157 542 309
face 0.0090465247631073 463 157 542 309
face 0.009037882089614868 463 157 542 309
face 0.009034454822540283 463 157 542 309
face 0.008970648050308228 463 157 542 309
face 0.008930683135986328 463 157 542 309
face 0.008825123310089111 463 157 542 309
face 0.008805036544799805 463 157 542 309
face 0.008787214756011963 463 157 542 309
face 0.008759647607803345 463 157 542 309
face 0.0087527334690094 463 157 542 309
face 0.008629709482192993 463 157 542 309
face 0.008435189723968506 463 157 542 309
face 0.008399516344070435 463 157 542 309
face 0.008310884237289429 463 157 542 309
face 0.008304446935653687 463 157 542 309
face 0.008261233568191528 463 157 542 309
face 0.008251726627349854 463 157 542 309
face 0.008103787899017334 463 157 542 309
face 0.008071184158325195 463 157 542 309
face 0.008008867502212524 463 157 542 309
face 0.00798848271369934 463 157 542 309
face 0.00784650444984436 463 157 542 309
face 0.007755786180496216 463 157 542 309
face 0.007710307836532593 463 157 542 309
face 0.007654309272766113 463 157 542 309
face 0.0075675249099731445 463 157 542 309
face 0.007537901401519775 463 157 542 309
face 0.007330745458602905 463 157 542 309
face 0.007140934467315674 463 157 542 309
face 0.007126659154891968 463 157 542 309
face 0.007100194692611694 463 157 542 309
face 0.006971269845962524 463 157 542 309
face 0.006968587636947632 463 157 542 309
face 0.006967037916183472 463 157 542 309
face 0.0069641172885894775 463 157 542 309
face 0.006959140300750732 463 157 542 309
face 0.006952822208404541 463 157 542 309
face 0.006927311420440674 463 157 542 309
face 0.006733149290084839 463 157 542 309
face 0.006728947162628174 463 157 542 309
face 0.006721794605255127 463 157 542 309
face 0.006585061550140381 463 157 542 309
face 0.00634998083114624 463 157 542 309
face 0.006345957517623901 463 157 542 309
face 0.006344974040985107 463 157 542 309
face 0.006343454122543335 463 157 542 309
face 0.006336778402328491 463 157 542 309
face 0.006318569183349609 463 157 542 309
face 0.006290405988693237 463 157 542 309
