face 0.9603170156478882 476 140 589 312
face 0.062442660331726074 476 140 589 312
face 0.017044007778167725 476 140 589 312
face 0.009522974491119385 476 140 589 312
face 0.009424448013305664 476 140 589 312
face 0.007816970348358154 476 140 589 312
face 0.007560640573501587 476 140 589 312
face 0.006637841463088989 476 140 589 312
face 0.006623327732086182 476 140 589 312
face 0.00644153356552124 476 140 589 312
face 0.006350189447402954 476 140 589 312
face 0.00568699836730957 476 140 589 312
face 0.005113571882247925 476 140 589 312
face 0.004974007606506348 476 140 589 312
face 0.004950761795043945 476 140 589 312
face 0.004908621311187744 476 140 589 312
face 0.004565030336380005 476 140 589 312
face 0.00453832745552063 476 140 589 312
face 0.004474639892578125 476 140 589 312
face 0.0041468143463134766 476 140 589 312
face 0.0040843188762664795 476 140 589 312
face 0.004005074501037598 476 140 589 312
face 0.0039757490158081055 476 140 589 312
face 0.003924548625946045 476 140 589 312
face 0.00390702486038208 476 140 589 312
face 0.0038988590240478516 476 140 589 312
face 0.003733515739440918 476 140 589 312
face 0.0036986470222473145 476 140 589 312
face 0.0036239027976989746 476 140 589 312
face 0.0035999417304992676 476 140 589 312
face 0.0035277605056762695 476 140 589 312
face 0.003510504961013794 476 140 589 312
face 0.003442138433456421 476 140 589 312
face 0.0034418702125549316 476 140 589 312
face 0.0033982694149017334 476 140 589 312
face 0.003381699323654175 476 140 589 312
face 0.003347158432006836 476 140 589 312
face 0.0032738149166107178 476 140 589 312
face 0.0032470226287841797 476 140 589 312
face 0.003214806318283081 476 140 589 312
face 0.0031703412532806396 476 140 589 312
face 0.0029966235160827637 476 140 589 312
face 0.0028951168060302734 476 140 589 312
face 0.002858102321624756 476 140 589 312
face 0.002850353717803955 476 140 589 312
face 0.0028453171253204346 476 140 589 312
face 0.002826213836669922 476 140 589 312
face 0.0027847588062286377 476 140 589 312
face 0.00270882248878479 476 140 589 312
face 0.0026784539222717285 476 140 589 312
face 0.002589613199234009 476 140 589 312
face 0.0025689899921417236 476 140 589 312
face 0.002542436122894287 476 140 589 312
face 0.0024853944778442383 476 140 589 312
face 0.0024722814559936523 476 140 589 312
face 0.002447843551635742 476 140 589 312
face 0.0024359822273254395 476 140 589 312
face 0.0024274587631225586 476 140 589 312
face 0.0024243295192718506 476 140 589 312
face 0.0023896098136901855 476 140 589 312
face 0.0023765861988067627 476 140 589 312
face 0.002360910177230835 476 140 589 312
face 0.0023529231548309326 476 140 589 312
face 0.0023419559001922607 476 140 589 312
face 0.0023044347763061523 476 140 589 312
face 0.0022543370723724365 476 140 589 312
face 0.0021712779998779297 476 140 589 312
face 0.0021638870239257812 476 140 589 312
face 0.0021534264087677 476 140 589 312
face 0.002152681350708008 476 140 589 312
face 0.0021365880966186523 476 140 589 312
face 0.002111375331878662 476 140 589 312
face 0.002069026231765747 476 140 589 312
face 0.0020671486854553223 476 140 589 312
face 0.0020640194416046143 476 140 589 312
face 0.0020120441913604736 476 140 589 312
face 0.0020005106925964355 476 140 589 312
face 0.0019972026348114014 476 140 589 312
face 0.001996546983718872 476 140 589 312
face 0.001985996961593628 476 140 589 312
face 0.0019828379154205322 476 140 589 312
face 0.001962721347808838 476 140 589 312
face 0.001954704523086548 476 140 589 312
face 0.0019258558750152588 476 140 589 312
face 0.0019017159938812256 476 140 589 312
face 0.0018876492977142334 476 140 589 312
face 0.0018488764762878418 476 140 589 312
face 0.0018222332000732422 476 140 589 312
face 0.001792609691619873 476 140 589 312
face 0.0017786026000976562 476 140 589 312
face 0.0017502009868621826 476 140 589 312
face 0.0017488598823547363 476 140 589 312
face 0.0017448961734771729 476 140 589 312
face 0.0017321109771728516 476 140 589 312
face 0.0017143785953521729 476 140 589 312
face 0.001705467700958252 476 140 589 312
face 0.0017000138759613037 476 140 589 312
face 0.0016881823539733887 476 140 589 312
face 0.0016756057739257812 476 140 589 312
face 0.001646280288696289 476 140 589 312
