face 0.9956419467926025 399 121 444 180
face 0.9545818567276001 459 236 503 286
face 0.9385461807250977 795 179 821 215
face 0.5415107011795044 2 43 22 66
face 0.4748370349407196 2 43 22 66
face 0.3383182883262634 2 43 22 66
face 0.26164910197257996 2 43 22 66
face 0.23566386103630066 2 43 22 66
face 0.22828179597854614 2 43 22 66
face 0.12669923901557922 2 43 22 66
face 0.1221875548362732 2 43 22 66
face 0.08459669351577759 2 43 22 66
face 0.08343008160591125 2 43 22 66
face 0.07990968227386475 2 43 22 66
face 0.07118093967437744 2 43 22 66
face 0.06324425339698792 2 43 22 66
face 0.06017923355102539 2 43 22 66
face 0.05825990438461304 2 43 22 66
face 0.05680704116821289 2 43 22 66
face 0.05574554204940796 2 43 22 66
face 0.05532744526863098 2 43 22 66
face 0.05232810974121094 2 43 22 66
face 0.04645022749900818 2 43 22 66
face 0.04641404747962952 2 43 22 66
face 0.04614138603210449 2 43 22 66
face 0.04249775409698486 2 43 22 66
face 0.041001707315444946 2 43 22 66
face 0.03766554594039917 2 43 22 66
face 0.037167638540267944 2 43 22 66
face 0.034761637449264526 2 43 22 66
face 0.033440858125686646 2 43 22 66
face 0.032693177461624146 2 43 22 66
face 0.031613677740097046 2 43 22 66
face 0.02878829836845398 2 43 22 66
face 0.028374582529067993 2 43 22 66
face 0.02706199884414673 2 43 22 66
face 0.02582681179046631 2 43 22 66
face 0.02557593584060669 2 43 22 66
face 0.02500554919242859 2 43 22 66
face 0.024141699075698853 2 43 22 66
face 0.02304515242576599 2 43 22 66
face 0.022749632596969604 2 43 22 66
face 0.021077960729599 2 43 22 66
face 0.020961076021194458 2 43 22 66
face 0.01915869116783142 2 43 22 66
face 0.018984824419021606 2 43 22 66
face 0.018783271312713623 2 43 22 66
face 0.018591374158859253 2 43 22 66
face 0.018207967281341553 2 43 22 66
face 0.01776069402694702 2 43 22 66
face 0.01773396134376526 2 43 22 66
face 0.017678886651992798 2 43 22 66
face 0.01755547523498535 2 43 22 66
face 0.017512142658233643 2 43 22 66
face 0.017208099365234375 2 43 22 66
face 0.01717880368232727 2 43 22 66
face 0.017142295837402344 2 43 22 66
face 0.016937434673309326 2 43 22 66
face 0.016596198081970215 2 43 22 66
face 0.016230463981628418 2 43 22 66
face 0.016132265329360962 2 43 22 66
face 0.01596808433532715 2 43 22 66
face 0.015932321548461914 2 43 22 66
face 0.015486836433410645 2 43 22 66
face 0.0150776207447052 2 43 22 66
face 0.014638453722000122 2 43 22 66
face 0.014594107866287231 2 43 22 66
face 0.01447555422782898 2 43 22 66
face 0.014052271842956543 2 43 22 66
face 0.014016687870025635 2 43 22 66
face 0.013759464025497437 2 43 22 66
face 0.013519048690795898 2 43 22 66
face 0.013479918241500854 2 43 22 66
face 0.013106614351272583 2 43 22 66
face 0.013016462326049805 2 43 22 66
face 0.012836545705795288 2 43 22 66
face 0.01278698444366455 2 43 22 66
face 0.012666821479797363 2 43 22 66
face 0.012486398220062256 2 43 22 66
face 0.012443512678146362 2 43 22 66
face 0.012047648429870605 2 43 22 66
face 0.011981368064880371 2 43 22 66
face 0.011913448572158813 2 43 22 66
face 0.01189124584197998 2 43 22 66
face 0.011859506368637085 2 43 22 66
face 0.011853665113449097 2 43 22 66
face 0.01173168420791626 2 43 22 66
face 0.011675208806991577 2 43 22 66
face 0.01135927438735962 2 43 22 66
face 0.011255592107772827 2 43 22 66
face 0.011214792728424072 2 43 22 66
face 0.0111769437789917 2 43 22 66
face 0.011167377233505249 2 43 22 66
face 0.011146515607833862 2 43 22 66
face 0.010873347520828247 2 43 22 66
face 0.010726571083068848 2 43 22 66
face 0.010672122240066528 2 43 22 66
face 0.010628283023834229 2 43 22 66
face 0.010464996099472046 2 43 22 66
face 0.010426998138427734 2 43 22 66
