face 0.9941389560699463 84 441 111 473
face 0.08028465509414673 84 441 111 473
face 0.043044447898864746 84 441 111 473
face 0.03551885485649109 84 441 111 473
face 0.03041064739227295 84 441 111 473
face 0.028221219778060913 84 441 111 473
face 0.026350826025009155 84 441 111 473
face 0.024508178234100342 84 441 111 473
face 0.020041853189468384 84 441 111 473
face 0.017574965953826904 84 441 111 473
face 0.017280906438827515 84 441 111 473
face 0.01671496033668518 84 441 111 473
face 0.016513913869857788 84 441 111 473
face 0.016084283590316772 84 441 111 473
face 0.01585298776626587 84 441 111 473
face 0.015573710203170776 84 441 111 473
face 0.015481740236282349 84 441 111 473
face 0.014801084995269775 84 441 111 473
face 0.014422357082366943 84 441 111 473
face 0.014039725065231323 84 441 111 473
face 0.014035850763320923 84 441 111 473
face 0.013477504253387451 84 441 111 473
face 0.01345166563987732 84 441 111 473
face 0.012870341539382935 84 441 111 473
face 0.012825578451156616 84 441 111 473
face 0.012759864330291748 84 441 111 473
face 0.01227840781211853 84 441 111 473
face 0.011938124895095825 84 441 111 473
face 0.011214226484298706 84 441 111 473
face 0.011179149150848389 84 441 111 473
face 0.010932683944702148 84 441 111 473
face 0.010925203561782837 84 441 111 473
face 0.010816097259521484 84 441 111 473
face 0.010797739028930664 84 441 111 473
face 0.010444223880767822 84 441 111 473
face 0.010373026132583618 84 441 111 473
face 0.01025855541229248 84 441 111 473
face 0.010240018367767334 84 441 111 473
face 0.010134965181350708 84 441 111 473
face 0.009865641593933105 84 441 111 473
face 0.009830236434936523 84 441 111 473
face 0.009706974029541016 84 441 111 473
face 0.009625047445297241 84 441 111 473
face 0.009591072797775269 84 441 111 473
face 0.009534895420074463 84 441 111 473
face 0.009009867906570435 84 441 111 473
face 0.008773267269134521 84 441 111 473
face 0.008511960506439209 84 441 111 473
face 0.008281737565994263 84 441 111 473
face 0.008225977420806885 84 441 111 473
face 0.008097022771835327 84 441 111 473
face 0.008051753044128418 84 441 111 473
face 0.007808476686477661 84 441 111 473
face 0.007705390453338623 84 441 111 473
face 0.007695883512496948 84 441 111 473
face 0.007673889398574829 84 441 111 473
face 0.007487893104553223 84 441 111 473
face 0.007256180047988892 84 441 111 473
face 0.007166534662246704 84 441 111 473
face 0.007151275873184204 84 441 111 473
face 0.007020771503448486 84 441 111 473
face 0.006948232650756836 84 441 111 473
face 0.006890654563903809 84 441 111 473
face 0.006887078285217285 84 441 111 473
face 0.006769001483917236 84 441 111 473
face 0.006740450859069824 84 441 111 473
face 0.0065988898277282715 84 441 111 473
face 0.0065306127071380615 84 441 111 473
face 0.0065052807331085205 84 441 111 473
face 0.006475239992141724 84 441 111 473
face 0.006464511156082153 84 441 111 473
face 0.006437152624130249 84 441 111 473
face 0.006399661302566528 84 441 111 473
face 0.006339818239212036 84 441 111 473
face 0.006322592496871948 84 441 111 473
face 0.0062802135944366455 84 441 111 473
face 0.006270080804824829 84 441 111 473
face 0.006238281726837158 84 441 111 473
face 0.0062264204025268555 84 441 111 473
face 0.006152629852294922 84 441 111 473
face 0.0061359405517578125 84 441 111 473
face 0.00605890154838562 84 441 111 473
face 0.006036341190338135 84 441 111 473
face 0.006004512310028076 84 441 111 473
face 0.006003290414810181 84 441 111 473
face 0.005949825048446655 84 441 111 473
face 0.0058713555335998535 84 441 111 473
face 0.005859106779098511 84 441 111 473
face 0.005805075168609619 84 441 111 473
face 0.005802720785140991 84 441 111 473
face 0.005768924951553345 84 441 111 473
face 0.0057457685470581055 84 441 111 473
face 0.0057221949100494385 84 441 111 473
face 0.005680084228515625 84 441 111 473
face 0.0056716203689575195 84 441 111 473
face 0.005656003952026367 84 441 111 473
face 0.0056299567222595215 84 441 111 473
face 0.005571305751800537 84 441 111 473
face 0.005570590496063232 84 441 111 473
face 0.005534499883651733 84 441 111 473
