face 0.9990315437316895 445 111 485 170
face 0.9952884912490845 283 154 316 208
face 0.9904419183731079 607 100 648 163
face 0.9605367183685303 849 40 895 100
face 0.2203981578350067 849 40 895 100
face 0.20239144563674927 849 40 895 100
face 0.1501637101173401 849 40 895 100
face 0.08707404136657715 849 40 895 100
face 0.03340744972229004 849 40 895 100
face 0.025269150733947754 849 40 895 100
face 0.023886114358901978 849 40 895 100
face 0.020387709140777588 849 40 895 100
face 0.019245833158493042 849 40 895 100
face 0.018091142177581787 849 40 895 100
face 0.017770320177078247 849 40 895 100
face 0.01744362711906433 849 40 895 100
face 0.016453832387924194 849 40 895 100
face 0.01641976833343506 849 40 895 100
face 0.01615273952484131 849 40 895 100
face 0.01575237512588501 849 40 895 100
face 0.015398293733596802 849 40 895 100
face 0.014292508363723755 849 40 895 100
face 0.014215230941772461 849 40 895 100
face 0.014060825109481812 849 40 895 100
face 0.013103485107421875 849 40 895 100
face 0.012759089469909668 849 40 895 100
face 0.012639343738555908 849 40 895 100
face 0.012458503246307373 849 40 895 100
face 0.01233518123626709 849 40 895 100
face 0.012253344058990479 849 40 895 100
face 0.012067943811416626 849 40 895 100
face 0.011692345142364502 849 40 895 100
face 0.011643320322036743 849 40 895 100
face 0.0115395188331604 849 40 895 100
face 0.01132112741470337 849 40 895 100
face 0.011117279529571533 849 40 895 100
face 0.010770052671432495 849 40 895 100
face 0.010602563619613647 849 40 895 100
face 0.01045343279838562 849 40 895 100
face 0.010437309741973877 849 40 895 100
face 0.010298281908035278 849 40 895 100
face 0.009771913290023804 849 40 895 100
face 0.009702980518341064 849 40 895 100
face 0.009672820568084717 849 40 895 100
face 0.009518951177597046 849 40 895 100
face 0.00935661792755127 849 40 895 100
face 0.009329527616500854 849 40 895 100
face 0.009277939796447754 849 40 895 100
face 0.009225338697433472 849 40 895 100
face 0.009216606616973877 849 40 895 100
face 0.009071528911590576 849 40 895 100
face 0.008480876684188843 849 40 895 100
face 0.008435219526290894 849 40 895 100
face 0.008041143417358398 849 40 895 100
face 0.00800234079360962 849 40 895 100
face 0.0077721476554870605 849 40 895 100
face 0.007768720388412476 849 40 895 100
face 0.007480412721633911 849 40 895 100
face 0.007423490285873413 849 40 895 100
face 0.007383763790130615 849 40 895 100
face 0.007200717926025391 849 40 895 100
face 0.007174938917160034 849 40 895 100
face 0.007067948579788208 849 40 895 100
face 0.006848663091659546 849 40 895 100
face 0.006841093301773071 849 40 895 100
face 0.0066044628620147705 849 40 895 100
face 0.006572514772415161 849 40 895 100
face 0.0064254701137542725 849 40 895 100
face 0.006295889616012573 849 40 895 100
face 0.006253063678741455 849 40 895 100
face 0.005960971117019653 849 40 895 100
face 0.0057645440101623535 849 40 895 100
face 0.005724817514419556 849 40 895 100
face 0.005669206380844116 849 40 895 100
face 0.00557282567024231 849 40 895 100
face 0.005508244037628174 849 40 895 100
face 0.005429863929748535 849 40 895 100
face 0.005415797233581543 849 40 895 100
face 0.005384624004364014 849 40 895 100
face 0.005268454551696777 849 40 895 100
face 0.005217611789703369 849 40 895 100
face 0.0051326751708984375 849 40 895 100
face 0.005009204149246216 849 40 895 100
face 0.0050064027309417725 849 40 895 100
face 0.004997700452804565 849 40 895 100
face 0.004982292652130127 849 40 895 100
face 0.004977017641067505 849 40 895 100
face 0.004972487688064575 849 40 895 100
face 0.004824429750442505 849 40 895 100
face 0.004761844873428345 849 40 895 100
face 0.004748791456222534 849 40 895 100
face 0.004714220762252808 849 40 895 100
face 0.004671633243560791 849 40 895 100
face 0.004512429237365723 849 40 895 100
face 0.004501640796661377 849 40 895 100
face 0.0044907331466674805 849 40 895 100
face 0.004446178674697876 849 40 895 100
face 0.0044276416301727295 849 40 895 100
face 0.00442621111869812 849 40 895 100
face 0.004421025514602661 849 40 895 100
