face 0.9937711954116821 302 112 555 442
face 0.6849310398101807 858 7 1023 294
face 0.014212280511856079 858 7 1023 294
face 0.013310074806213379 858 7 1023 294
face 0.012961089611053467 858 7 1023 294
face 0.012299865484237671 858 7 1023 294
face 0.01136869192123413 858 7 1023 294
face 0.009951293468475342 858 7 1023 294
face 0.009287595748901367 858 7 1023 294
face 0.008753210306167603 858 7 1023 294
face 0.008325904607772827 858 7 1023 294
face 0.008263081312179565 858 7 1023 294
face 0.006881505250930786 858 7 1023 294
face 0.006832331418991089 858 7 1023 294
face 0.006809800863265991 858 7 1023 294
face 0.006764054298400879 858 7 1023 294
face 0.0067292749881744385 858 7 1023 294
face 0.006595343351364136 858 7 1023 294
face 0.00628739595413208 858 7 1023 294
face 0.006179720163345337 858 7 1023 294
face 0.0061757564544677734 858 7 1023 294
face 0.006083637475967407 858 7 1023 294
face 0.0058990418910980225 858 7 1023 294
face 0.0058228373527526855 858 7 1023 294
face 0.005767792463302612 858 7 1023 294
face 0.005757004022598267 858 7 1023 294
face 0.00572553277015686 858 7 1023 294
face 0.0055425167083740234 858 7 1023 294
face 0.005477786064147949 858 7 1023 294
face 0.005092740058898926 858 7 1023 294
face 0.004901528358459473 858 7 1023 294
face 0.0047127604484558105 858 7 1023 294
face 0.00471159815788269 858 7 1023 294
face 0.004667878150939941 858 7 1023 294
face 0.0045548975467681885 858 7 1023 294
face 0.004479706287384033 858 7 1023 294
face 0.0043859779834747314 858 7 1023 294
face 0.00425150990486145 858 7 1023 294
face 0.0041099488735198975 858 7 1023 294
face 0.00406116247177124 858 7 1023 294
face 0.004040509462356567 858 7 1023 294
face 0.003946542739868164 858 7 1023 294
face 0.003934949636459351 858 7 1023 294
face 0.0039016008377075195 858 7 1023 294
face 0.003885120153427124 858 7 1023 294
face 0.0038802623748779297 858 7 1023 294
face 0.0038783252239227295 858 7 1023 294
face 0.003754556179046631 858 7 1023 294
face 0.00369831919670105 858 7 1023 294
face 0.0036734938621520996 858 7 1023 294
face 0.003673464059829712 858 7 1023 294
face 0.003656625747680664 858 7 1023 294
face 0.0036508142948150635 858 7 1023 294
face 0.0036240816116333008 858 7 1023 294
face 0.0036200881004333496 858 7 1023 294
face 0.003584951162338257 858 7 1023 294
face 0.003562450408935547 858 7 1023 294
face 0.0035345852375030518 858 7 1023 294
face 0.0035314857959747314 858 7 1023 294
face 0.003528892993927002 858 7 1023 294
face 0.003506273031234741 858 7 1023 294
face 0.0034956634044647217 858 7 1023 294
face 0.0034852027893066406 858 7 1023 294
face 0.0034599006175994873 858 7 1023 294
face 0.0034140944480895996 858 7 1023 294
face 0.0033971667289733887 858 7 1023 294
face 0.003379255533218384 858 7 1023 294
face 0.00335085391998291 858 7 1023 294
face 0.003283172845840454 858 7 1023 294
face 0.003265559673309326 858 7 1023 294
face 0.003208935260772705 858 7 1023 294
face 0.003177940845489502 858 7 1023 294
face 0.003139704465866089 858 7 1023 294
face 0.0031214654445648193 858 7 1023 294
face 0.003118067979812622 858 7 1023 294
face 0.0031103789806365967 858 7 1023 294
face 0.0031059980392456055 858 7 1023 294
face 0.0031052827835083008 858 7 1023 294
face 0.003098607063293457 858 7 1023 294
face 0.0030819177627563477 858 7 1023 294
face 0.0030405521392822266 858 7 1023 294
face 0.0030128061771392822 858 7 1023 294
face 0.0030092597007751465 858 7 1023 294
face 0.0029791295528411865 858 7 1023 294
face 0.0029713809490203857 858 7 1023 294
face 0.002948164939880371 858 7 1023 294
face 0.0029315054416656494 858 7 1023 294
face 0.0028716325759887695 858 7 1023 294
face 0.0028638243675231934 858 7 1023 294
face 0.0027952194213867188 858 7 1023 294
face 0.002792179584503174 858 7 1023 294
face 0.0027591586112976074 858 7 1023 294
face 0.002754509449005127 858 7 1023 294
face 0.002733767032623291 858 7 1023 294
face 0.002711385488510132 858 7 1023 294
face 0.0026943981647491455 858 7 1023 294
face 0.0026817023754119873 858 7 1023 294
face 0.0026533007621765137 858 7 1023 294
face 0.002613544464111328 858 7 1023 294
face 0.002592802047729492 858 7 1023 294
