face 0.28428977727890015 319 191 675 667
face 0.2054227888584137 319 191 675 667
face 0.17433524131774902 319 191 675 667
face 0.14460480213165283 319 191 675 667
face 0.12041619420051575 319 191 675 667
face 0.11189401149749756 319 191 675 667
face 0.0799592137336731 319 191 675 667
face 0.06922119855880737 319 191 675 667
face 0.06869712471961975 319 191 675 667
face 0.05834585428237915 319 191 675 667
face 0.05373719334602356 319 191 675 667
face 0.04760241508483887 319 191 675 667
face 0.04447782039642334 319 191 675 667
face 0.04429978132247925 319 191 675 667
face 0.04316142201423645 319 191 675 667
face 0.04270493984222412 319 191 675 667
face 0.04059034585952759 319 191 675 667
face 0.038923561573028564 319 191 675 667
face 0.037916362285614014 319 191 675 667
face 0.037442177534103394 319 191 675 667
face 0.0369093120098114 319 191 675 667
face 0.03665068745613098 319 191 675 667
face 0.03644588589668274 319 191 675 667
face 0.036104053258895874 319 191 675 667
face 0.03601643443107605 319 191 675 667
face 0.035942792892456055 319 191 675 667
face 0.0347062349319458 319 191 675 667
face 0.03429055213928223 319 191 675 667
face 0.03409522771835327 319 191 675 667
face 0.03333091735839844 319 191 675 667
face 0.03284895420074463 319 191 675 667
face 0.032461971044540405 319 191 675 667
face 0.03189072012901306 319 191 675 667
face 0.031662315130233765 319 191 675 667
face 0.030499011278152466 319 191 675 667
face 0.03001442551612854 319 191 675 667
face 0.029674023389816284 319 191 675 667
face 0.02939826250076294 319 191 675 667
face 0.028989434242248535 319 191 675 667
face 0.02819684147834778 319 191 675 667
face 0.027908384799957275 319 191 675 667
face 0.02789318561553955 319 191 675 667
face 0.027758687734603882 319 191 675 667
face 0.027615994215011597 319 191 675 667
face 0.027360647916793823 319 191 675 667
face 0.02735769748687744 319 191 675 667
face 0.02721226215362549 319 191 675 667
face 0.026707440614700317 319 191 675 667
face 0.02655121684074402 319 191 675 667
face 0.025838792324066162 319 191 675 667
face 0.025451689958572388 319 191 675 667
face 0.02449852228164673 319 191 675 667
face 0.02428114414215088 319 191 675 667
face 0.024200260639190674 319 191 675 667
face 0.024138033390045166 319 191 675 667
face 0.02394995093345642 319 191 675 667
face 0.023856043815612793 319 191 675 667
face 0.02362149953842163 319 191 675 667
face 0.023339837789535522 319 191 675 667
face 0.022839456796646118 319 191 675 667
face 0.02214142680168152 319 191 675 667
face 0.022067993879318237 319 191 675 667
face 0.02189609408378601 319 191 675 667
face 0.021830499172210693 319 191 675 667
face 0.0214385986328125 319 191 675 667
face 0.020876437425613403 319 191 675 667
face 0.0207575261592865 319 191 675 667
face 0.020590275526046753 319 191 675 667
face 0.02034655213356018 319 191 675 667
face 0.020306766033172607 319 191 675 667
face 0.020071685314178467 319 191 675 667
face 0.020007997751235962 319 191 675 667
face 0.020006179809570312 319 191 675 667
face 0.01998254656791687 319 191 675 667
face 0.019859135150909424 319 191 675 667
face 0.019720137119293213 319 191 675 667
face 0.019191324710845947 319 191 675 667
face 0.018895238637924194 319 191 675 667
face 0.018855035305023193 319 191 675 667
face 0.018704324960708618 319 191 675 667
face 0.018522322177886963 319 191 675 667
face 0.01851668953895569 319 191 675 667
face 0.018409818410873413 319 191 675 667
face 0.018190443515777588 319 191 675 667
face 0.018047213554382324 319 191 675 667
face 0.018020808696746826 319 191 675 667
face 0.01773679256439209 319 191 675 667
face 0.01752564311027527 319 191 675 667
face 0.01748514175415039 319 191 675 667
face 0.017285704612731934 319 191 675 667
face 0.01711156964302063 319 191 675 667
face 0.01710990071296692 319 191 675 667
face 0.017067551612854004 319 191 675 667
face 0.01706579327583313 319 191 675 667
face 0.016856878995895386 319 191 675 667
face 0.016747713088989258 319 191 675 667
face 0.016634434461593628 319 191 675 667
face 0.01653382182121277 319 191 675 667
face 0.016422539949417114 319 191 675 667
face 0.01638999581336975 319 191 675 667
