face 0.9990025758743286 562 80 653 205
face 0.6538982391357422 331 86 414 179
face 0.3681502342224121 331 86 414 179
face 0.31255483627319336 331 86 414 179
face 0.3071608543395996 331 86 414 179
face 0.12647953629493713 331 86 414 179
face 0.09096252918243408 331 86 414 179
face 0.08354020118713379 331 86 414 179
face 0.048015713691711426 331 86 414 179
face 0.03555426001548767 331 86 414 179
face 0.03040856122970581 331 86 414 179
face 0.028579294681549072 331 86 414 179
face 0.028200119733810425 331 86 414 179
face 0.02762049436569214 331 86 414 179
face 0.026376545429229736 331 86 414 179
face 0.023391157388687134 331 86 414 179
face 0.022589176893234253 331 86 414 179
face 0.021074682474136353 331 86 414 179
face 0.019679874181747437 331 86 414 179
face 0.019443511962890625 331 86 414 179
face 0.015281856060028076 331 86 414 179
face 0.014926165342330933 331 86 414 179
face 0.01431649923324585 331 86 414 179
face 0.013072758913040161 331 86 414 179
face 0.012614250183105469 331 86 414 179
face 0.012277573347091675 331 86 414 179
face 0.0111924409866333 331 86 414 179
face 0.010510742664337158 331 86 414 179
face 0.01020205020904541 331 86 414 179
face 0.008828043937683105 331 86 414 179
face 0.008568555116653442 331 86 414 179
face 0.00822758674621582 331 86 414 179
face 0.008088260889053345 331 86 414 179
face 0.007764339447021484 331 86 414 179
face 0.007739752531051636 331 86 414 179
face 0.0072071850299835205 331 86 414 179
face 0.00712662935256958 331 86 414 179
face 0.006962001323699951 331 86 414 179
face 0.006959676742553711 331 86 414 179
face 0.006785839796066284 331 86 414 179
face 0.0065919458866119385 331 86 414 179
face 0.00655817985534668 331 86 414 179
face 0.006279587745666504 331 86 414 179
face 0.005966067314147949 331 86 414 179
face 0.00594019889831543 331 86 414 179
face 0.005811631679534912 331 86 414 179
face 0.005694478750228882 331 86 414 179
face 0.005682259798049927 331 86 414 179
face 0.005671471357345581 331 86 414 179
face 0.00558134913444519 331 86 414 179
face 0.005536079406738281 331 86 414 179
face 0.005398869514465332 331 86 414 179
face 0.005322396755218506 331 86 414 179
face 0.005247622728347778 331 86 414 179
face 0.005242645740509033 331 86 414 179
face 0.005236983299255371 331 86 414 179
face 0.005177825689315796 331 86 414 179
face 0.005167186260223389 331 86 414 179
face 0.005134403705596924 331 86 414 179
face 0.005084335803985596 331 86 414 179
face 0.0049419105052948 331 86 414 179
face 0.004864215850830078 331 86 414 179
face 0.004845947027206421 331 86 414 179
face 0.004824906587600708 331 86 414 179
face 0.004692018032073975 331 86 414 179
face 0.00467345118522644 331 86 414 179
face 0.004635125398635864 331 86 414 179
face 0.004560619592666626 331 86 414 179
face 0.004533261060714722 331 86 414 179
face 0.004507213830947876 331 86 414 179
face 0.0044966936111450195 331 86 414 179
face 0.0044574737548828125 331 86 414 179
face 0.004455268383026123 331 86 414 179
face 0.004431575536727905 331 86 414 179
face 0.0043925940990448 331 86 414 179
face 0.004374086856842041 331 86 414 179
face 0.004370510578155518 331 86 414 179
face 0.004338890314102173 331 86 414 179
face 0.004333287477493286 331 86 414 179
face 0.004321753978729248 331 86 414 179
face 0.004292815923690796 331 86 414 179
face 0.004260390996932983 331 86 414 179
face 0.004181236028671265 331 86 414 179
face 0.004114300012588501 331 86 414 179
face 0.0040624141693115234 331 86 414 179
face 0.004007160663604736 331 86 414 179
face 0.003931403160095215 331 86 414 179
face 0.0039307475090026855 331 86 414 179
face 0.003921449184417725 331 86 414 179
face 0.00391814112663269 331 86 414 179
face 0.003880441188812256 331 86 414 179
face 0.0038799047470092773 331 86 414 179
face 0.0038695335388183594 331 86 414 179
face 0.003869384527206421 331 86 414 179
face 0.003867119550704956 331 86 414 179
face 0.0038587450981140137 331 86 414 179
face 0.0038428306579589844 331 86 414 179
face 0.0038205385208129883 331 86 414 179
face 0.0038000643253326416 331 86 414 179
face 0.003792375326156616 331 86 414 179
