face 0.9786009192466736 426 41 483 127
face 0.4670731723308563 426 41 483 127
face 0.013504445552825928 426 41 483 127
face 0.012948453426361084 426 41 483 127
face 0.012035667896270752 426 41 483 127
face 0.00979548692703247 426 41 483 127
face 0.00845840573310852 426 41 483 127
face 0.008315116167068481 426 41 483 127
face 0.007612556219100952 426 41 483 127
face 0.007443130016326904 426 41 483 127
face 0.007289081811904907 426 41 483 127
face 0.006866514682769775 426 41 483 127
face 0.005996048450469971 426 41 483 127
face 0.005927741527557373 426 41 483 127
face 0.005503267049789429 426 41 483 127
face 0.005499303340911865 426 41 483 127
face 0.005476117134094238 426 41 483 127
face 0.0050834715366363525 426 41 483 127
face 0.004980534315109253 426 41 483 127
face 0.004883438348770142 426 41 483 127
face 0.004723101854324341 426 41 483 127
face 0.004673689603805542 426 41 483 127
face 0.0045843422412872314 426 41 483 127
face 0.004564404487609863 426 41 483 127
face 0.004541337490081787 426 41 483 127
face 0.0043829381465911865 426 41 483 127
face 0.004338622093200684 426 41 483 127
face 0.00424271821975708 426 41 483 127
face 0.0042063891887664795 426 41 483 127
face 0.004201263189315796 426 41 483 127
face 0.004188507795333862 426 41 483 127
face 0.004182100296020508 426 41 483 127
face 0.004011958837509155 426 41 483 127
face 0.004007875919342041 426 41 483 127
face 0.003998309373855591 426 41 483 127
face 0.003987342119216919 426 41 483 127
face 0.003913968801498413 426 41 483 127
face 0.0038971006870269775 426 41 483 127
face 0.0037574172019958496 426 41 483 127
face 0.003738701343536377 426 41 483 127
face 0.0036549270153045654 426 41 483 127
face 0.003609269857406616 426 41 483 127
face 0.003585636615753174 426 41 483 127
face 0.0035464465618133545 426 41 483 127
face 0.003493279218673706 426 41 483 127
face 0.003473341464996338 426 41 483 127
face 0.003430277109146118 426 41 483 127
face 0.003428250551223755 426 41 483 127
face 0.0032292306423187256 426 41 483 127
face 0.003115326166152954 426 41 483 127
face 0.003096282482147217 426 41 483 127
face 0.0030289888381958008 426 41 483 127
face 0.0030264854431152344 426 41 483 127
face 0.002974480390548706 426 41 483 127
face 0.002938896417617798 426 41 483 127
face 0.0028854012489318848 426 41 483 127
face 0.0028834939002990723 426 41 483 127
face 0.002783060073852539 426 41 483 127
face 0.0027226507663726807 426 41 483 127
face 0.0027060508728027344 426 41 483 127
face 0.002611219882965088 426 41 483 127
face 0.002609163522720337 426 41 483 127
face 0.0025559961795806885 426 41 483 127
face 0.00254020094871521 426 41 483 127
face 0.0024936795234680176 426 41 483 127
face 0.002468407154083252 426 41 483 127
face 0.002448439598083496 426 41 483 127
face 0.0024235546588897705 426 41 483 127
face 0.002421081066131592 426 41 483 127
face 0.002416640520095825 426 41 483 127
face 0.0024046897888183594 426 41 483 127
face 0.0024040639400482178 426 41 483 127
face 0.002398848533630371 426 41 483 127
face 0.002396911382675171 426 41 483 127
face 0.0023936927318573 426 41 483 127
face 0.002380877733230591 426 41 483 127
face 0.0023787617683410645 426 41 483 127
face 0.0023784637451171875 426 41 483 127
face 0.002351731061935425 426 41 483 127
face 0.0023501813411712646 426 41 483 127
face 0.002345830202102661 426 41 483 127
face 0.002337247133255005 426 41 483 127
face 0.0023272931575775146 426 41 483 127
face 0.0023148655891418457 426 41 483 127
face 0.002312690019607544 426 41 483 127
face 0.0023096799850463867 426 41 483 127
face 0.002289414405822754 426 41 483 127
face 0.0022884607315063477 426 41 483 127
face 0.0022606849670410156 426 41 483 127
face 0.002253413200378418 426 41 483 127
face 0.002253293991088867 426 41 483 127
face 0.0022434592247009277 426 41 483 127
face 0.00224342942237854 426 41 483 127
face 0.0021945536136627197 426 41 483 127
face 0.002190232276916504 426 41 483 127
face 0.002170354127883911 426 41 483 127
face 0.0021618902683258057 426 41 483 127
face 0.0021576285362243652 426 41 483 127
face 0.0021462738513946533 426 41 483 127
face 0.002110093832015991 426 41 483 127
