face 0.9346253275871277 224 48 789 768
face 0.8526202440261841 584 87 652 202
face 0.6574643850326538 663 397 694 440
face 0.4994686543941498 663 397 694 440
face 0.30947792530059814 663 397 694 440
face 0.29736238718032837 663 397 694 440
face 0.29065072536468506 663 397 694 440
face 0.18130707740783691 663 397 694 440
face 0.14009112119674683 663 397 694 440
face 0.12329059839248657 663 397 694 440
face 0.10003706812858582 663 397 694 440
face 0.09819298982620239 663 397 694 440
face 0.0821894109249115 663 397 694 440
face 0.0793796181678772 663 397 694 440
face 0.0779009461402893 663 397 694 440
face 0.07482144236564636 663 397 694 440
face 0.06909576058387756 663 397 694 440
face 0.06781047582626343 663 397 694 440
face 0.062244802713394165 663 397 694 440
face 0.06141996383666992 663 397 694 440
face 0.060794293880462646 663 397 694 440
face 0.05972430109977722 663 397 694 440
face 0.05887910723686218 663 397 694 440
face 0.05740442872047424 663 397 694 440
face 0.055487751960754395 663 397 694 440
face 0.05541801452636719 663 397 694 440
face 0.0537695586681366 663 397 694 440
face 0.052639663219451904 663 397 694 440
face 0.05047929286956787 663 397 694 440
face 0.049408137798309326 663 397 694 440
face 0.04075390100479126 663 397 694 440
face 0.03866860270500183 663 397 694 440
face 0.03844571113586426 663 397 694 440
face 0.03826531767845154 663 397 694 440
face 0.03696224093437195 663 397 694 440
face 0.03665617108345032 663 397 694 440
face 0.03496822714805603 663 397 694 440
face 0.0340232253074646 663 397 694 440
face 0.03313082456588745 663 397 694 440
face 0.032724350690841675 663 397 694 440
face 0.03208303451538086 663 397 694 440
face 0.03181713819503784 663 397 694 440
face 0.030582696199417114 663 397 694 440
face 0.030314981937408447 663 397 694 440
face 0.02901160717010498 663 397 694 440
face 0.027933478355407715 663 397 694 440
face 0.02774345874786377 663 397 694 440
face 0.027470558881759644 663 397 694 440
face 0.026444584131240845 663 397 694 440
face 0.026307523250579834 663 397 694 440
face 0.02493920922279358 663 397 694 440
face 0.024621248245239258 663 397 694 440
face 0.02435871958732605 663 397 694 440
face 0.024163156747817993 663 397 694 440
face 0.023939400911331177 663 397 694 440
face 0.02392473816871643 663 397 694 440
face 0.0239182710647583 663 397 694 440
face 0.023287206888198853 663 397 694 440
face 0.023265451192855835 663 397 694 440
face 0.023026585578918457 663 397 694 440
face 0.022781819105148315 663 397 694 440
face 0.02268657088279724 663 397 694 440
face 0.021625816822052002 663 397 694 440
face 0.021204888820648193 663 397 694 440
face 0.020965397357940674 663 397 694 440
face 0.020528972148895264 663 397 694 440
face 0.019947975873947144 663 397 694 440
face 0.01991012692451477 663 397 694 440
face 0.01971912384033203 663 397 694 440
face 0.019374459981918335 663 397 694 440
face 0.019195765256881714 663 397 694 440
face 0.019054502248764038 663 397 694 440
face 0.019049644470214844 663 397 694 440
face 0.0188177227973938 663 397 694 440
face 0.01869848370552063 663 397 694 440
face 0.01859438419342041 663 397 694 440
face 0.018488973379135132 663 397 694 440
face 0.01840624213218689 663 397 694 440
face 0.018405944108963013 663 397 694 440
face 0.018309950828552246 663 397 694 440
face 0.018270939588546753 663 397 694 440
face 0.0178641676902771 663 397 694 440
face 0.017646968364715576 663 397 694 440
face 0.01729053258895874 663 397 694 440
face 0.017011433839797974 663 397 694 440
face 0.016987711191177368 663 397 694 440
face 0.016906261444091797 663 397 694 440
face 0.016843527555465698 663 397 694 440
face 0.016824007034301758 663 397 694 440
face 0.016659855842590332 663 397 694 440
face 0.01642194390296936 663 397 694 440
face 0.016410231590270996 663 397 694 440
face 0.016360580921173096 663 397 694 440
face 0.01630982756614685 663 397 694 440
face 0.01615050435066223 663 397 694 440
face 0.01608562469482422 663 397 694 440
face 0.016065746545791626 663 397 694 440
face 0.016033560037612915 663 397 694 440
face 0.016009658575057983 663 397 694 440
face 0.01578754186630249 663 397 694 440
