face 0.9559640884399414 694 100 733 148
face 0.7391293048858643 945 243 976 286
face 0.22233682870864868 945 243 976 286
face 0.1876087486743927 945 243 976 286
face 0.110308438539505 945 243 976 286
face 0.08711349964141846 945 243 976 286
face 0.08706361055374146 945 243 976 286
face 0.07695397734642029 945 243 976 286
face 0.07664674520492554 945 243 976 286
face 0.057666897773742676 945 243 976 286
face 0.05496951937675476 945 243 976 286
face 0.054789602756500244 945 243 976 286
face 0.0511053204536438 945 243 976 286
face 0.047190576791763306 945 243 976 286
face 0.04526340961456299 945 243 976 286
face 0.043705374002456665 945 243 976 286
face 0.03994104266166687 945 243 976 286
face 0.03717225790023804 945 243 976 286
face 0.036663830280303955 945 243 976 286
face 0.03632467985153198 945 243 976 286
face 0.03519436717033386 945 243 976 286
face 0.034945279359817505 945 243 976 286
face 0.034389495849609375 945 243 976 286
face 0.033360421657562256 945 243 976 286
face 0.03165331482887268 945 243 976 286
face 0.03127220273017883 945 243 976 286
face 0.031153708696365356 945 243 976 286
face 0.031105846166610718 945 243 976 286
face 0.030942529439926147 945 243 976 286
face 0.030218690633773804 945 243 976 286
face 0.030065417289733887 945 243 976 286
face 0.02843990921974182 945 243 976 286
face 0.027562052011489868 945 243 976 286
face 0.02557617425918579 945 243 976 286
face 0.02304890751838684 945 243 976 286
face 0.022620320320129395 945 243 976 286
face 0.02252650260925293 945 243 976 286
face 0.02207311987876892 945 243 976 286
face 0.021625787019729614 945 243 976 286
face 0.021067559719085693 945 243 976 286
face 0.020427316427230835 945 243 976 286
face 0.019797056913375854 945 243 976 286
face 0.018810659646987915 945 243 976 286
face 0.018690645694732666 945 243 976 286
face 0.018345177173614502 945 243 976 286
face 0.017588645219802856 945 243 976 286
face 0.017342358827590942 945 243 976 286
face 0.017283588647842407 945 243 976 286
face 0.01708468794822693 945 243 976 286
face 0.01600077748298645 945 243 976 286
face 0.015509158372879028 945 243 976 286
face 0.014757007360458374 945 243 976 286
face 0.01445317268371582 945 243 976 286
face 0.014344185590744019 945 243 976 286
face 0.014290273189544678 945 243 976 286
face 0.014174729585647583 945 243 976 286
face 0.014145046472549438 945 243 976 286
face 0.014118611812591553 945 243 976 286
face 0.014079540967941284 945 243 976 286
face 0.013259083032608032 945 243 976 286
face 0.013015657663345337 945 243 976 286
face 0.012798935174942017 945 243 976 286
face 0.012164086103439331 945 243 976 286
face 0.012031525373458862 945 243 976 286
face 0.011756211519241333 945 243 976 286
face 0.01161956787109375 945 243 976 286
face 0.011532574892044067 945 243 976 286
face 0.011277437210083008 945 243 976 286
face 0.011002659797668457 945 243 976 286
face 0.0109194815158844 945 243 976 286
face 0.01061210036277771 945 243 976 286
face 0.010537773370742798 945 243 976 286
face 0.010472327470779419 945 243 976 286
face 0.01039990782737732 945 243 976 286
face 0.010323107242584229 945 243 976 286
face 0.009998708963394165 945 243 976 286
face 0.009834975004196167 945 243 976 286
face 0.009823262691497803 945 243 976 286
face 0.009699136018753052 945 243 976 286
face 0.009610772132873535 945 243 976 286
face 0.009480655193328857 945 243 976 286
face 0.009381324052810669 945 243 976 286
face 0.009377121925354004 945 243 976 286
face 0.009338229894638062 945 243 976 286
face 0.008988171815872192 945 243 976 286
face 0.008949428796768188 945 243 976 286
face 0.008838623762130737 945 243 976 286
face 0.00852888822555542 945 243 976 286
face 0.008220463991165161 945 243 976 286
face 0.008196055889129639 945 243 976 286
face 0.008169710636138916 945 243 976 286
face 0.008073002099990845 945 243 976 286
face 0.008017271757125854 945 243 976 286
face 0.007871180772781372 945 243 976 286
face 0.007863134145736694 945 243 976 286
face 0.007734417915344238 945 243 976 286
face 0.007637292146682739 945 243 976 286
face 0.007488071918487549 945 243 976 286
face 0.00747719407081604 945 243 976 286
face 0.007471054792404175 945 243 976 286
