face 0.9999374747276306 319 236 676 718
face 0.004609346389770508 319 236 676 718
face 0.0028175711631774902 319 236 676 718
face 0.002485513687133789 319 236 676 718
face 0.002370208501815796 319 236 676 718
face 0.0023542940616607666 319 236 676 718
face 0.0023337900638580322 319 236 676 718
face 0.0021972358226776123 319 236 676 718
face 0.0021639466285705566 319 236 676 718
face 0.0021598339080810547 319 236 676 718
face 0.0021286606788635254 319 236 676 718
face 0.0020329058170318604 319 236 676 718
face 0.0019223988056182861 319 236 676 718
face 0.001909703016281128 319 236 676 718
face 0.0018850266933441162 319 236 676 718
face 0.0018543899059295654 319 236 676 718
face 0.0017657577991485596 319 236 676 718
face 0.0017260313034057617 319 236 676 718
face 0.0016649067401885986 319 236 676 718
face 0.0016311705112457275 319 236 676 718
face 0.0016101300716400146 319 236 676 718
face 0.0015728175640106201 319 236 676 718
face 0.0015332698822021484 319 236 676 718
face 0.0015268325805664062 319 236 676 718
face 0.0014983415603637695 319 236 676 718
face 0.0014733672142028809 319 236 676 718
face 0.0014681220054626465 319 236 676 718
face 0.001458883285522461 319 236 676 718
face 0.0014097988605499268 319 236 676 718
face 0.0014033913612365723 319 236 676 718
face 0.001399308443069458 319 236 676 718
face 0.0013947486877441406 319 236 676 718
face 0.0013367533683776855 319 236 676 718
face 0.0013357996940612793 319 236 676 718
face 0.0013341903686523438 319 236 676 718
face 0.0013301372528076172 319 236 676 718
face 0.0013264715671539307 319 236 676 718
face 0.0013225078582763672 319 236 676 718
face 0.0012940764427185059 319 236 676 718
face 0.0012902617454528809 319 236 676 718
face 0.001278012990951538 319 236 676 718
face 0.0012743175029754639 319 236 676 718
face 0.0012496709823608398 319 236 676 718
face 0.0012422502040863037 319 236 676 718
face 0.001208484172821045 319 236 676 718
face 0.0012044906616210938 319 236 676 718
face 0.0011967122554779053 319 236 676 718
face 0.0011709928512573242 319 236 676 718
face 0.001168370246887207 319 236 676 718
face 0.0011560320854187012 319 236 676 718
face 0.0011376440525054932 319 236 676 718
face 0.0011332333087921143 319 236 676 718
face 0.0011178851127624512 319 236 676 718
face 0.0011121928691864014 319 236 676 718
face 0.0011022686958312988 319 236 676 718
face 0.0010980963706970215 319 236 676 718
face 0.0010950863361358643 319 236 676 718
face 0.0010935962200164795 319 236 676 718
face 0.0010875463485717773 319 236 676 718
face 0.0010860562324523926 319 236 676 718
face 0.0010838210582733154 319 236 676 718
face 0.001083284616470337 319 236 676 718
face 0.0010790228843688965 319 236 676 718
face 0.0010773837566375732 319 236 676 718
face 0.0010712146759033203 319 236 676 718
face 0.0010707676410675049 319 236 676 718
face 0.001068025827407837 319 236 676 718
face 0.0010648369789123535 319 236 676 718
face 0.0010603666305541992 319 236 676 718
face 0.001055300235748291 319 236 676 718
face 0.0010249614715576172 319 236 676 718
face 0.0010170936584472656 319 236 676 718
face 0.0010107159614562988 319 236 676 718
face 0.0010048151016235352 319 236 676 718
face 0.000986635684967041 319 236 676 718
face 0.0009679496288299561 319 236 676 718
face 0.0009614229202270508 319 236 676 718
face 0.0009573996067047119 319 236 676 718
face 0.0009570419788360596 319 236 676 718
face 0.0009475350379943848 319 236 676 718
face 0.0009461939334869385 319 236 676 718
face 0.0009423494338989258 319 236 676 718
face 0.0009418129920959473 319 236 676 718
face 0.0009380578994750977 319 236 676 718
face 0.0009374618530273438 319 236 676 718
face 0.0009171068668365479 319 236 676 718
face 0.0009044110774993896 319 236 676 718
face 0.0009022355079650879 319 236 676 718
face 0.0008987188339233398 319 236 676 718
face 0.0008980631828308105 319 236 676 718
face 0.0008939802646636963 319 236 676 718
face 0.000887453556060791 319 236 676 718
face 0.0008806586265563965 319 236 676 718
face 0.0008719861507415771 319 236 676 718
face 0.0008700191974639893 319 236 676 718
face 0.000861436128616333 319 236 676 718
face 0.0008573532104492188 319 236 676 718
face 0.0008535981178283691 319 236 676 718
face 0.0008525550365447998 319 236 676 718
face 0.0008504688739776611 319 236 676 718
