face 0.962159276008606 152 275 208 335
face 0.7103668451309204 577 241 620 301
face 0.682036280632019 358 273 407 324
face 0.6463693380355835 657 182 710 254
face 0.568801999092102 808 189 868 274
face 0.12233740091323853 808 189 868 274
face 0.047021955251693726 808 189 868 274
face 0.034070491790771484 808 189 868 274
face 0.031581372022628784 808 189 868 274
face 0.030994772911071777 808 189 868 274
face 0.02741864323616028 808 189 868 274
face 0.02190297842025757 808 189 868 274
face 0.02135637402534485 808 189 868 274
face 0.018928945064544678 808 189 868 274
face 0.018625468015670776 808 189 868 274
face 0.017024099826812744 808 189 868 274
face 0.01696684956550598 808 189 868 274
face 0.016711175441741943 808 189 868 274
face 0.01615852117538452 808 189 868 274
face 0.016023218631744385 808 189 868 274
face 0.015662342309951782 808 189 868 274
face 0.015630722045898438 808 189 868 274
face 0.015371829271316528 808 189 868 274
face 0.015085935592651367 808 189 868 274
face 0.015063971281051636 808 189 868 274
face 0.014466971158981323 808 189 868 274
face 0.013593882322311401 808 189 868 274
face 0.013581067323684692 808 189 868 274
face 0.011611700057983398 808 189 868 274
face 0.011368215084075928 808 189 868 274
face 0.00980907678604126 808 189 868 274
face 0.008996248245239258 808 189 868 274
face 0.00897681713104248 808 189 868 274
face 0.008616864681243896 808 189 868 274
face 0.008290588855743408 808 189 868 274
face 0.008248835802078247 808 189 868 274
face 0.007924020290374756 808 189 868 274
face 0.0078077614307403564 808 189 868 274
face 0.007501959800720215 808 189 868 274
face 0.007323205471038818 808 189 868 274
face 0.007178962230682373 808 189 868 274
face 0.007173508405685425 808 189 868 274
face 0.007085293531417847 808 189 868 274
face 0.006760597229003906 808 189 868 274
face 0.006646871566772461 808 189 868 274
face 0.006579726934432983 808 189 868 274
face 0.006369858980178833 808 189 868 274
face 0.006299525499343872 808 189 868 274
face 0.0061556994915008545 808 189 868 274
face 0.006153464317321777 808 189 868 274
face 0.006076425313949585 808 189 868 274
face 0.005995720624923706 808 189 868 274
face 0.005992114543914795 808 189 868 274
face 0.005950212478637695 808 189 868 274
face 0.005830317735671997 808 189 868 274
face 0.005676180124282837 808 189 868 274
face 0.00566411018371582 808 189 868 274
face 0.005559802055358887 808 189 868 274
face 0.005558609962463379 808 189 868 274
face 0.005458205938339233 808 189 868 274
face 0.005410730838775635 808 189 868 274
face 0.0053983330726623535 808 189 868 274
face 0.005329310894012451 808 189 868 274
face 0.005242437124252319 808 189 868 274
face 0.005209982395172119 808 189 868 274
face 0.0050598084926605225 808 189 868 274
face 0.00505441427230835 808 189 868 274
face 0.004940122365951538 808 189 868 274
face 0.004863619804382324 808 189 868 274
face 0.004852712154388428 808 189 868 274
face 0.004780113697052002 808 189 868 274
face 0.004749298095703125 808 189 868 274
face 0.00471159815788269 808 189 868 274
face 0.004709839820861816 808 189 868 274
face 0.004697650671005249 808 189 868 274
face 0.00468716025352478 808 189 868 274
face 0.004626810550689697 808 189 868 274
face 0.004328668117523193 808 189 868 274
face 0.004320621490478516 808 189 868 274
face 0.004290640354156494 808 189 868 274
face 0.0042282044887542725 808 189 868 274
face 0.004193782806396484 808 189 868 274
face 0.004193395376205444 808 189 868 274
face 0.004171043634414673 808 189 868 274
face 0.004149317741394043 808 189 868 274
face 0.00412258505821228 808 189 868 274
face 0.004019200801849365 808 189 868 274
face 0.00398138165473938 808 189 868 274
face 0.003958165645599365 808 189 868 274
face 0.003921329975128174 808 189 868 274
face 0.0038979053497314453 808 189 868 274
face 0.0038951337337493896 808 189 868 274
face 0.003874540328979492 808 189 868 274
face 0.0038123130798339844 808 189 868 274
face 0.003810286521911621 808 189 868 274
face 0.0037842392921447754 808 189 868 274
face 0.0037342309951782227 808 189 868 274
face 0.0037153959274291992 808 189 868 274
face 0.003678351640701294 808 189 868 274
face 0.0036638975143432617 808 189 868 274
