face 0.713234543800354 399 19 502 115
face 0.2420808970928192 399 19 502 115
face 0.10004669427871704 399 19 502 115
face 0.08023068308830261 399 19 502 115
face 0.07233598828315735 399 19 502 115
face 0.05737641453742981 399 19 502 115
face 0.05608132481575012 399 19 502 115
face 0.05468711256980896 399 19 502 115
face 0.050300419330596924 399 19 502 115
face 0.043745726346969604 399 19 502 115
face 0.042869001626968384 399 19 502 115
face 0.03983122110366821 399 19 502 115
face 0.038547515869140625 399 19 502 115
face 0.03787297010421753 399 19 502 115
face 0.03660932183265686 399 19 502 115
face 0.03119298815727234 399 19 502 115
face 0.02833181619644165 399 19 502 115
face 0.02732333540916443 399 19 502 115
face 0.024386942386627197 399 19 502 115
face 0.02308514714241028 399 19 502 115
face 0.022964119911193848 399 19 502 115
face 0.02286890149116516 399 19 502 115
face 0.02254071831703186 399 19 502 115
face 0.02249133586883545 399 19 502 115
face 0.022482067346572876 399 19 502 115
face 0.022340446710586548 399 19 502 115
face 0.022064208984375 399 19 502 115
face 0.020974189043045044 399 19 502 115
face 0.01979312300682068 399 19 502 115
face 0.019679486751556396 399 19 502 115
face 0.018776267766952515 399 19 502 115
face 0.018332958221435547 399 19 502 115
face 0.018058866262435913 399 19 502 115
face 0.01729828119277954 399 19 502 115
face 0.017102599143981934 399 19 502 115
face 0.015890061855316162 399 19 502 115
face 0.015763312578201294 399 19 502 115
face 0.015742987394332886 399 19 502 115
face 0.015438258647918701 399 19 502 115
face 0.015381544828414917 399 19 502 115
face 0.015204697847366333 399 19 502 115
face 0.014906823635101318 399 19 502 115
face 0.014812707901000977 399 19 502 115
face 0.01480400562286377 399 19 502 115
face 0.014762043952941895 399 19 502 115
face 0.014536917209625244 399 19 502 115
face 0.01435154676437378 399 19 502 115
face 0.01430937647819519 399 19 502 115
face 0.014265984296798706 399 19 502 115
face 0.014132529497146606 399 19 502 115
face 0.013830065727233887 399 19 502 115
face 0.013359785079956055 399 19 502 115
face 0.013112038373947144 399 19 502 115
face 0.013088256120681763 399 19 502 115
face 0.013036519289016724 399 19 502 115
face 0.012845873832702637 399 19 502 115
face 0.012716293334960938 399 19 502 115
face 0.012562394142150879 399 19 502 115
face 0.012521892786026001 399 19 502 115
face 0.012465685606002808 399 19 502 115
face 0.012404292821884155 399 19 502 115
face 0.012354403734207153 399 19 502 115
face 0.012292414903640747 399 19 502 115
face 0.012221485376358032 399 19 502 115
face 0.012197643518447876 399 19 502 115
face 0.01216617226600647 399 19 502 115
face 0.012050658464431763 399 19 502 115
face 0.011687546968460083 399 19 502 115
face 0.011641889810562134 399 19 502 115
face 0.011637628078460693 399 19 502 115
face 0.01147124171257019 399 19 502 115
face 0.011424332857131958 399 19 502 115
face 0.011327236890792847 399 19 502 115
face 0.011034160852432251 399 19 502 115
face 0.01098710298538208 399 19 502 115
face 0.010801970958709717 399 19 502 115
face 0.01069653034210205 399 19 502 115
face 0.010634183883666992 399 19 502 115
face 0.010581642389297485 399 19 502 115
face 0.01055455207824707 399 19 502 115
face 0.010471820831298828 399 19 502 115
face 0.010312110185623169 399 19 502 115
face 0.010262072086334229 399 19 502 115
face 0.010233908891677856 399 19 502 115
face 0.010116130113601685 399 19 502 115
face 0.010097116231918335 399 19 502 115
face 0.009707808494567871 399 19 502 115
face 0.009679168462753296 399 19 502 115
face 0.009610921144485474 399 19 502 115
face 0.00959855318069458 399 19 502 115
face 0.009571462869644165 399 19 502 115
face 0.009570926427841187 399 19 502 115
face 0.009562164545059204 399 19 502 115
face 0.009409427642822266 399 19 502 115
face 0.00931057333946228 399 19 502 115
face 0.009274810552597046 399 19 502 115
face 0.009113579988479614 399 19 502 115
face 0.009065806865692139 399 19 502 115
face 0.008959323167800903 399 19 502 115
face 0.008955448865890503 399 19 502 115
