face 0.9980360269546509 694 175 848 381
face 0.9055082201957703 138 152 279 323
face 0.054346561431884766 138 152 279 323
face 0.01000434160232544 138 152 279 323
face 0.007237821817398071 138 152 279 323
face 0.00671657919883728 138 152 279 323
face 0.006678283214569092 138 152 279 323
face 0.006664007902145386 138 152 279 323
face 0.005937159061431885 138 152 279 323
face 0.005228102207183838 138 152 279 323
face 0.005098581314086914 138 152 279 323
face 0.005058705806732178 138 152 279 323
face 0.004935741424560547 138 152 279 323
face 0.004888087511062622 138 152 279 323
face 0.004851996898651123 138 152 279 323
face 0.004759997129440308 138 152 279 323
face 0.004505425691604614 138 152 279 323
face 0.004340559244155884 138 152 279 323
face 0.004237174987792969 138 152 279 323
face 0.004176288843154907 138 152 279 323
face 0.00417250394821167 138 152 279 323
face 0.0041592419147491455 138 152 279 323
face 0.0041252970695495605 138 152 279 323
face 0.0040132105350494385 138 152 279 323
face 0.0037381350994110107 138 152 279 323
face 0.0037220120429992676 138 152 279 323
face 0.003720521926879883 138 152 279 323
face 0.0036410391330718994 138 152 279 323
face 0.003617227077484131 138 152 279 323
face 0.0035218000411987305 138 152 279 323
face 0.0033169686794281006 138 152 279 323
face 0.003256678581237793 138 152 279 323
face 0.003247082233428955 138 152 279 323
face 0.0032298266887664795 138 152 279 323
face 0.0032265782356262207 138 152 279 323
face 0.0031954050064086914 138 152 279 323
face 0.003124922513961792 138 152 279 323
face 0.0030990540981292725 138 152 279 323
face 0.0030920803546905518 138 152 279 323
face 0.003007829189300537 138 152 279 323
face 0.0029988884925842285 138 152 279 323
face 0.0029986798763275146 138 152 279 323
face 0.00298503041267395 138 152 279 323
face 0.002955228090286255 138 152 279 323
face 0.002953559160232544 138 152 279 323
face 0.002949148416519165 138 152 279 323
face 0.002904355525970459 138 152 279 323
face 0.0028970837593078613 138 152 279 323
face 0.0028831958770751953 138 152 279 323
face 0.0028662681579589844 138 152 279 323
face 0.0028593838214874268 138 152 279 323
face 0.0028219223022460938 138 152 279 323
face 0.0027787983417510986 138 152 279 323
face 0.002760261297225952 138 152 279 323
face 0.0026719272136688232 138 152 279 323
face 0.0026472806930541992 138 152 279 323
face 0.0025941133499145508 138 152 279 323
face 0.0025675594806671143 138 152 279 323
face 0.0025597810745239258 138 152 279 323
face 0.0025452375411987305 138 152 279 323
face 0.002521514892578125 138 152 279 323
face 0.002496182918548584 138 152 279 323
face 0.0024848878383636475 138 152 279 323
face 0.00244864821434021 138 152 279 323
face 0.002364933490753174 138 152 279 323
face 0.0023646950721740723 138 152 279 323
face 0.002345055341720581 138 152 279 323
face 0.0023179948329925537 138 152 279 323
face 0.0022901296615600586 138 152 279 323
face 0.0022825896739959717 138 152 279 323
face 0.002279132604598999 138 152 279 323
face 0.002213001251220703 138 152 279 323
face 0.0022045671939849854 138 152 279 323
face 0.0022004246711730957 138 152 279 323
face 0.002185732126235962 138 152 279 323
face 0.0021493732929229736 138 152 279 323
face 0.0021257996559143066 138 152 279 323
face 0.002099752426147461 138 152 279 323
face 0.002073436975479126 138 152 279 323
face 0.0020662546157836914 138 152 279 323
face 0.002063930034637451 138 152 279 323
face 0.0020341873168945312 138 152 279 323
face 0.0020329058170318604 138 152 279 323
face 0.0020215213298797607 138 152 279 323
face 0.0020045340061187744 138 152 279 323
face 0.001980036497116089 138 152 279 323
face 0.001975923776626587 138 152 279 323
face 0.0019691884517669678 138 152 279 323
face 0.001959472894668579 138 152 279 323
face 0.0019558370113372803 138 152 279 323
face 0.0019347667694091797 138 152 279 323
face 0.0019222795963287354 138 152 279 323
face 0.0019065141677856445 138 152 279 323
face 0.0019034743309020996 138 152 279 323
face 0.0018911361694335938 138 152 279 323
face 0.0018841922283172607 138 152 279 323
face 0.0018824636936187744 138 152 279 323
face 0.0018772482872009277 138 152 279 323
face 0.0018213987350463867 138 152 279 323
face 0.00180131196975708 138 152 279 323
