face 0.9940025806427002 710 813 816 943
face 0.984398365020752 189 121 310 280
face 0.9838773608207703 754 1037 837 1130
face 0.40655606985092163 754 1037 837 1130
face 0.22567293047904968 754 1037 837 1130
face 0.10497140884399414 754 1037 837 1130
face 0.0779096782207489 754 1037 837 1130
face 0.06887540221214294 754 1037 837 1130
face 0.05915805697441101 754 1037 837 1130
face 0.04965969920158386 754 1037 837 1130
face 0.04871588945388794 754 1037 837 1130
face 0.04339057207107544 754 1037 837 1130
face 0.03945991396903992 754 1037 837 1130
face 0.036985933780670166 754 1037 837 1130
face 0.03237336874008179 754 1037 837 1130
face 0.03229030966758728 754 1037 837 1130
face 0.032248347997665405 754 1037 837 1130
face 0.03176113963127136 754 1037 837 1130
face 0.029845356941223145 754 1037 837 1130
face 0.028406471014022827 754 1037 837 1130
face 0.027337312698364258 754 1037 837 1130
face 0.026674091815948486 754 1037 837 1130
face 0.02635297179222107 754 1037 837 1130
face 0.025537759065628052 754 1037 837 1130
face 0.025140851736068726 754 1037 837 1130
face 0.023008614778518677 754 1037 837 1130
face 0.02299433946609497 754 1037 837 1130
face 0.022586941719055176 754 1037 837 1130
face 0.022325456142425537 754 1037 837 1130
face 0.022295117378234863 754 1037 837 1130
face 0.02190178632736206 754 1037 837 1130
face 0.02046796679496765 754 1037 837 1130
face 0.019698232412338257 754 1037 837 1130
face 0.01968643069267273 754 1037 837 1130
face 0.018505007028579712 754 1037 837 1130
face 0.017723649740219116 754 1037 837 1130
face 0.017039865255355835 754 1037 837 1130
face 0.01648065447807312 754 1037 837 1130
face 0.01569235324859619 754 1037 837 1130
face 0.01547783613204956 754 1037 837 1130
face 0.015309453010559082 754 1037 837 1130
face 0.014993548393249512 754 1037 837 1130
face 0.014509409666061401 754 1037 837 1130
face 0.014446139335632324 754 1037 837 1130
face 0.014423668384552002 754 1037 837 1130
face 0.014016807079315186 754 1037 837 1130
face 0.012768447399139404 754 1037 837 1130
face 0.011959731578826904 754 1037 837 1130
face 0.011690080165863037 754 1037 837 1130
face 0.011439919471740723 754 1037 837 1130
face 0.011430203914642334 754 1037 837 1130
face 0.01111602783203125 754 1037 837 1130
face 0.011084556579589844 754 1037 837 1130
face 0.010908126831054688 754 1037 837 1130
face 0.010838210582733154 754 1037 837 1130
face 0.010717719793319702 754 1037 837 1130
face 0.010515749454498291 754 1037 837 1130
face 0.010282337665557861 754 1037 837 1130
face 0.010012656450271606 754 1037 837 1130
face 0.010008394718170166 754 1037 837 1130
face 0.009742408990859985 754 1037 837 1130
face 0.009722411632537842 754 1037 837 1130
face 0.00960966944694519 754 1037 837 1130
face 0.009461075067520142 754 1037 837 1130
face 0.009265601634979248 754 1037 837 1130
face 0.009262174367904663 754 1037 837 1130
face 0.009249120950698853 754 1037 837 1130
face 0.00903746485710144 754 1037 837 1130
face 0.008968561887741089 754 1037 837 1130
face 0.00893065333366394 754 1037 837 1130
face 0.008844077587127686 754 1037 837 1130
face 0.008802264928817749 754 1037 837 1130
face 0.008723825216293335 754 1037 837 1130
face 0.008538305759429932 754 1037 837 1130
face 0.008526384830474854 754 1037 837 1130
face 0.008502453565597534 754 1037 837 1130
face 0.008464545011520386 754 1037 837 1130
face 0.00844469666481018 754 1037 837 1130
face 0.008414417505264282 754 1037 837 1130
face 0.008396357297897339 754 1037 837 1130
face 0.008309632539749146 754 1037 837 1130
face 0.008213400840759277 754 1037 837 1130
face 0.008203059434890747 754 1037 837 1130
face 0.008135855197906494 754 1037 837 1130
face 0.00812801718711853 754 1037 837 1130
face 0.008117079734802246 754 1037 837 1130
face 0.008112132549285889 754 1037 837 1130
face 0.008082151412963867 754 1037 837 1130
face 0.008028388023376465 754 1037 837 1130
face 0.008027434349060059 754 1037 837 1130
face 0.008001267910003662 754 1037 837 1130
face 0.007964283227920532 754 1037 837 1130
face 0.007961869239807129 754 1037 837 1130
face 0.007904857397079468 754 1037 837 1130
face 0.007599085569381714 754 1037 837 1130
face 0.007589608430862427 754 1037 837 1130
face 0.007469385862350464 754 1037 837 1130
face 0.00740659236907959 754 1037 837 1130
face 0.007386207580566406 754 1037 837 1130
face 0.007341891527175903 754 1037 837 1130
