face 0.9256508946418762 586 224 690 368
face 0.9184992909431458 419 273 526 413
face 0.8356764316558838 696 227 797 372
face 0.6805746555328369 201 347 297 457
face 0.5897434949874878 106 182 212 329
face 0.2909258008003235 106 182 212 329
face 0.07044598460197449 106 182 212 329
face 0.057655394077301025 106 182 212 329
face 0.055283814668655396 106 182 212 329
face 0.04336848855018616 106 182 212 329
face 0.04130491614341736 106 182 212 329
face 0.040359705686569214 106 182 212 329
face 0.03769335150718689 106 182 212 329
face 0.0375327467918396 106 182 212 329
face 0.037213027477264404 106 182 212 329
face 0.03656378388404846 106 182 212 329
face 0.03561943769454956 106 182 212 329
face 0.033430635929107666 106 182 212 329
face 0.02994784712791443 106 182 212 329
face 0.02840900421142578 106 182 212 329
face 0.0265885591506958 106 182 212 329
face 0.025737762451171875 106 182 212 329
face 0.02566230297088623 106 182 212 329
face 0.025098204612731934 106 182 212 329
face 0.023557603359222412 106 182 212 329
face 0.023212432861328125 106 182 212 329
face 0.02298477292060852 106 182 212 329
face 0.022689253091812134 106 182 212 329
face 0.022590816020965576 106 182 212 329
face 0.02235308289527893 106 182 212 329
face 0.022324174642562866 106 182 212 329
face 0.02220579981803894 106 182 212 329
face 0.022122502326965332 106 182 212 329
face 0.021176069974899292 106 182 212 329
face 0.020513713359832764 106 182 212 329
face 0.02027842402458191 106 182 212 329
face 0.019825845956802368 106 182 212 329
face 0.01900830864906311 106 182 212 329
face 0.018831849098205566 106 182 212 329
face 0.018353760242462158 106 182 212 329
face 0.017906129360198975 106 182 212 329
face 0.017568856477737427 106 182 212 329
face 0.017468780279159546 106 182 212 329
face 0.017414838075637817 106 182 212 329
face 0.0172501802444458 106 182 212 329
face 0.017156511545181274 106 182 212 329
face 0.017124861478805542 106 182 212 329
face 0.01697087287902832 106 182 212 329
face 0.016654163599014282 106 182 212 329
face 0.016223222017288208 106 182 212 329
face 0.015310049057006836 106 182 212 329
face 0.01527366042137146 106 182 212 329
face 0.015178948640823364 106 182 212 329
face 0.015159428119659424 106 182 212 329
face 0.014884203672409058 106 182 212 329
face 0.014870524406433105 106 182 212 329
face 0.014851212501525879 106 182 212 329
face 0.014811426401138306 106 182 212 329
face 0.014770478010177612 106 182 212 329
face 0.014536023139953613 106 182 212 329
face 0.014160007238388062 106 182 212 329
face 0.014052659273147583 106 182 212 329
face 0.014024585485458374 106 182 212 329
face 0.013888061046600342 106 182 212 329
face 0.01375243067741394 106 182 212 329
face 0.013685375452041626 106 182 212 329
face 0.013402342796325684 106 182 212 329
face 0.013355344533920288 106 182 212 329
face 0.01305389404296875 106 182 212 329
face 0.01297086477279663 106 182 212 329
face 0.012846380472183228 106 182 212 329
face 0.012803852558135986 106 182 212 329
face 0.012665897607803345 106 182 212 329
face 0.012658029794692993 106 182 212 329
face 0.0125008225440979 106 182 212 329
face 0.012105733156204224 106 182 212 329
face 0.01202043890953064 106 182 212 329
face 0.012018561363220215 106 182 212 329
face 0.011987954378128052 106 182 212 329
face 0.011971235275268555 106 182 212 329
face 0.011644899845123291 106 182 212 329
face 0.01164388656616211 106 182 212 329
face 0.011636316776275635 106 182 212 329
face 0.011599361896514893 106 182 212 329
face 0.011382758617401123 106 182 212 329
face 0.011252552270889282 106 182 212 329
face 0.011164724826812744 106 182 212 329
face 0.011151254177093506 106 182 212 329
face 0.011099457740783691 106 182 212 329
face 0.011070847511291504 106 182 212 329
face 0.010988563299179077 106 182 212 329
face 0.010981827974319458 106 182 212 329
face 0.010950714349746704 106 182 212 329
face 0.010870397090911865 106 182 212 329
face 0.01084485650062561 106 182 212 329
face 0.0108356773853302 106 182 212 329
face 0.010610252618789673 106 182 212 329
face 0.010557740926742554 106 182 212 329
face 0.010522514581680298 106 182 212 329
face 0.01049107313156128 106 182 212 329
