face 0.9961758255958557 133 349 206 424
face 0.9877334833145142 735 308 795 391
face 0.93339604139328 264 309 328 405
face 0.7569354772567749 430 326 492 399
face 0.655673623085022 589 295 652 370
face 0.05936914682388306 589 295 652 370
face 0.04425796866416931 589 295 652 370
face 0.03239285945892334 589 295 652 370
face 0.025173455476760864 589 295 652 370
face 0.023030191659927368 589 295 652 370
face 0.017255455255508423 589 295 652 370
face 0.016364991664886475 589 295 652 370
face 0.016299843788146973 589 295 652 370
face 0.016180962324142456 589 295 652 370
face 0.014951258897781372 589 295 652 370
face 0.014527827501296997 589 295 652 370
face 0.014126390218734741 589 295 652 370
face 0.014060765504837036 589 295 652 370
face 0.013849198818206787 589 295 652 370
face 0.013566583395004272 589 295 652 370
face 0.013554900884628296 589 295 652 370
face 0.013554602861404419 589 295 652 370
face 0.013371437788009644 589 295 652 370
face 0.013299167156219482 589 295 652 370
face 0.013276159763336182 589 295 652 370
face 0.013155162334442139 589 295 652 370
face 0.0128803551197052 589 295 652 370
face 0.012606799602508545 589 295 652 370
face 0.012520194053649902 589 295 652 370
face 0.01219072937965393 589 295 652 370
face 0.012171000242233276 589 295 652 370
face 0.011934041976928711 589 295 652 370
face 0.011543720960617065 589 295 652 370
face 0.011481434106826782 589 295 652 370
face 0.011106133460998535 589 295 652 370
face 0.011055201292037964 589 295 652 370
face 0.010905832052230835 589 295 652 370
face 0.010883599519729614 589 295 652 370
face 0.010425090789794922 589 295 652 370
face 0.01033782958984375 589 295 652 370
face 0.010337293148040771 589 295 652 370
face 0.010336816310882568 589 295 652 370
face 0.010270357131958008 589 295 652 370
face 0.010255306959152222 589 295 652 370
face 0.009936928749084473 589 295 652 370
face 0.009897053241729736 589 295 652 370
face 0.009817063808441162 589 295 652 370
face 0.009794414043426514 589 295 652 370
face 0.009555250406265259 589 295 652 370
face 0.009550631046295166 589 295 652 370
face 0.009546726942062378 589 295 652 370
face 0.00941002368927002 589 295 652 370
face 0.00940018892288208 589 295 652 370
face 0.009308218955993652 589 295 652 370
face 0.009291887283325195 589 295 652 370
face 0.009169191122055054 589 295 652 370
face 0.009116947650909424 589 295 652 370
face 0.00901445746421814 589 295 652 370
face 0.00879010558128357 589 295 652 370
face 0.008745759725570679 589 295 652 370
face 0.008723527193069458 589 295 652 370
face 0.008611917495727539 589 295 652 370
face 0.008528470993041992 589 295 652 370
face 0.00846797227859497 589 295 652 370
face 0.008317440748214722 589 295 652 370
face 0.008315056562423706 589 295 652 370
face 0.008262485265731812 589 295 652 370
face 0.008171647787094116 589 295 652 370
face 0.008109092712402344 589 295 652 370
face 0.008102834224700928 589 295 652 370
face 0.00803077220916748 589 295 652 370
face 0.00797814130783081 589 295 652 370
face 0.00788620114326477 589 295 652 370
face 0.007689327001571655 589 295 652 370
face 0.007686138153076172 589 295 652 370
face 0.007673203945159912 589 295 652 370
face 0.007628738880157471 589 295 652 370
face 0.007626175880432129 589 295 652 370
face 0.007620334625244141 589 295 652 370
face 0.0075723230838775635 589 295 652 370
face 0.007552444934844971 589 295 652 370
face 0.0075345635414123535 589 295 652 370
face 0.007449507713317871 589 295 652 370
face 0.007397949695587158 589 295 652 370
face 0.007310777902603149 589 295 652 370
face 0.007279574871063232 589 295 652 370
face 0.007275789976119995 589 295 652 370
face 0.00724947452545166 589 295 652 370
face 0.007232695817947388 589 295 652 370
face 0.00718262791633606 589 295 652 370
face 0.007009714841842651 589 295 652 370
face 0.006940513849258423 589 295 652 370
face 0.00693020224571228 589 295 652 370
face 0.0068683922290802 589 295 652 370
face 0.0067954957485198975 589 295 652 370
face 0.006792426109313965 589 295 652 370
face 0.006721317768096924 589 295 652 370
face 0.006701529026031494 589 295 652 370
face 0.006666064262390137 589 295 652 370
face 0.006621241569519043 589 295 652 370
