face 0.7965711355209351 364 82 506 261
face 0.07132419943809509 364 82 506 261
face 0.025510340929031372 364 82 506 261
face 0.020423054695129395 364 82 506 261
face 0.01630362868309021 364 82 506 261
face 0.014653563499450684 364 82 506 261
face 0.0141945481300354 364 82 506 261
face 0.01231411099433899 364 82 506 261
face 0.011828243732452393 364 82 506 261
face 0.011720061302185059 364 82 506 261
face 0.009941905736923218 364 82 506 261
face 0.008599817752838135 364 82 506 261
face 0.008395910263061523 364 82 506 261
face 0.008226513862609863 364 82 506 261
face 0.007674962282180786 364 82 506 261
face 0.007548004388809204 364 82 506 261
face 0.007537096738815308 364 82 506 261
face 0.007426142692565918 364 82 506 261
face 0.007197350263595581 364 82 506 261
face 0.007185578346252441 364 82 506 261
face 0.007153630256652832 364 82 506 261
face 0.007144629955291748 364 82 506 261
face 0.006966322660446167 364 82 506 261
face 0.006879687309265137 364 82 506 261
face 0.006876587867736816 364 82 506 261
face 0.006820887327194214 364 82 506 261
face 0.0068166255950927734 364 82 506 261
face 0.006792902946472168 364 82 506 261
face 0.006788372993469238 364 82 506 261
face 0.006728470325469971 364 82 506 261
face 0.006297886371612549 364 82 506 261
face 0.006295382976531982 364 82 506 261
face 0.0062947869300842285 364 82 506 261
face 0.006047576665878296 364 82 506 261
face 0.00603070855140686 364 82 506 261
face 0.005877286195755005 364 82 506 261
face 0.005828052759170532 364 82 506 261
face 0.00580441951751709 364 82 506 261
face 0.0057971179485321045 364 82 506 261
face 0.00563126802444458 364 82 506 261
face 0.005555987358093262 364 82 506 261
face 0.005360215902328491 364 82 506 261
face 0.005322158336639404 364 82 506 261
face 0.005282491445541382 364 82 506 261
face 0.00519174337387085 364 82 506 261
face 0.0051770806312561035 364 82 506 261
face 0.004918545484542847 364 82 506 261
face 0.0049034059047698975 364 82 506 261
face 0.004901081323623657 364 82 506 261
face 0.004822134971618652 364 82 506 261
face 0.0046784281730651855 364 82 506 261
face 0.004657834768295288 364 82 506 261
face 0.0046385228633880615 364 82 506 261
face 0.0046017467975616455 364 82 506 261
face 0.004574388265609741 364 82 506 261
face 0.004520922899246216 364 82 506 261
face 0.004450559616088867 364 82 506 261
face 0.004377216100692749 364 82 506 261
face 0.004330575466156006 364 82 506 261
face 0.004318356513977051 364 82 506 261
face 0.0042531490325927734 364 82 506 261
face 0.004204422235488892 364 82 506 261
face 0.004201978445053101 364 82 506 261
face 0.004199504852294922 364 82 506 261
face 0.004150569438934326 364 82 506 261
face 0.004121154546737671 364 82 506 261
face 0.004062026739120483 364 82 506 261
face 0.004044711589813232 364 82 506 261
face 0.003934025764465332 364 82 506 261
face 0.0039224326610565186 364 82 506 261
face 0.0038529038429260254 364 82 506 261
face 0.0038396716117858887 364 82 506 261
face 0.003837376832962036 364 82 506 261
face 0.0038201510906219482 364 82 506 261
face 0.0037938356399536133 364 82 506 261
face 0.003742784261703491 364 82 506 261
face 0.003732651472091675 364 82 506 261
face 0.003731638193130493 364 82 506 261
face 0.00367891788482666 364 82 506 261
face 0.003650188446044922 364 82 506 261
face 0.0036349892616271973 364 82 506 261
face 0.0035849809646606445 364 82 506 261
face 0.003579556941986084 364 82 506 261
face 0.003556877374649048 364 82 506 261
face 0.003501296043395996 364 82 506 261
face 0.0034713447093963623 364 82 506 261
face 0.0034465491771698 364 82 506 261
face 0.0034331083297729492 364 82 506 261
face 0.0034100115299224854 364 82 506 261
face 0.0033807754516601562 364 82 506 261
face 0.0033766329288482666 364 82 506 261
face 0.00332602858543396 364 82 506 261
face 0.00332525372505188 364 82 506 261
face 0.0033098459243774414 364 82 506 261
face 0.003292560577392578 364 82 506 261
face 0.0032906830310821533 364 82 506 261
face 0.003253430128097534 364 82 506 261
face 0.003184199333190918 364 82 506 261
face 0.0031356513500213623 364 82 506 261
face 0.003135591745376587 364 82 506 261
