face 0.9932163953781128 309 134 492 367
face 0.9523001909255981 573 150 766 373
face 0.817217230796814 968 80 1018 213
face 0.5505139827728271 7 195 65 295
face 0.28746312856674194 7 195 65 295
face 0.06612706184387207 7 195 65 295
face 0.058385998010635376 7 195 65 295
face 0.016627758741378784 7 195 65 295
face 0.01533055305480957 7 195 65 295
face 0.015104800462722778 7 195 65 295
face 0.014921724796295166 7 195 65 295
face 0.014395534992218018 7 195 65 295
face 0.012710362672805786 7 195 65 295
face 0.010537505149841309 7 195 65 295
face 0.010387212038040161 7 195 65 295
face 0.010057985782623291 7 195 65 295
face 0.009890347719192505 7 195 65 295
face 0.009415507316589355 7 195 65 295
face 0.008519947528839111 7 195 65 295
face 0.007560908794403076 7 195 65 295
face 0.007252126932144165 7 195 65 295
face 0.007059991359710693 7 195 65 295
face 0.006866395473480225 7 195 65 295
face 0.0066232383251190186 7 195 65 295
face 0.006581515073776245 7 195 65 295
face 0.006310403347015381 7 195 65 295
face 0.00608062744140625 7 195 65 295
face 0.005784183740615845 7 195 65 295
face 0.005326747894287109 7 195 65 295
face 0.005279242992401123 7 195 65 295
face 0.005139172077178955 7 195 65 295
face 0.005081772804260254 7 195 65 295
face 0.004994094371795654 7 195 65 295
face 0.004945099353790283 7 195 65 295
face 0.004915684461593628 7 195 65 295
face 0.004872381687164307 7 195 65 295
face 0.004827648401260376 7 195 65 295
face 0.0046943724155426025 7 195 65 295
face 0.004635870456695557 7 195 65 295
face 0.004581093788146973 7 195 65 295
face 0.004578888416290283 7 195 65 295
face 0.004389643669128418 7 195 65 295
face 0.004378229379653931 7 195 65 295
face 0.0042372047901153564 7 195 65 295
face 0.004236996173858643 7 195 65 295
face 0.004194855690002441 7 195 65 295
face 0.004187524318695068 7 195 65 295
face 0.004144608974456787 7 195 65 295
face 0.004025131464004517 7 195 65 295
face 0.0038610994815826416 7 195 65 295
face 0.0038417577743530273 7 195 65 295
face 0.0037716925144195557 7 195 65 295
face 0.0037694573402404785 7 195 65 295
face 0.003708392381668091 7 195 65 295
face 0.003564685583114624 7 195 65 295
face 0.0034557580947875977 7 195 65 295
face 0.0034086108207702637 7 195 65 295
face 0.0033684074878692627 7 195 65 295
face 0.0033580660820007324 7 195 65 295
face 0.0033306479454040527 7 195 65 295
face 0.0032912492752075195 7 195 65 295
face 0.0032434165477752686 7 195 65 295
face 0.0031752288341522217 7 195 65 295
face 0.0031431913375854492 7 195 65 295
face 0.0031363368034362793 7 195 65 295
face 0.00311356782913208 7 195 65 295
face 0.003088325262069702 7 195 65 295
face 0.0030739903450012207 7 195 65 295
face 0.003065824508666992 7 195 65 295
face 0.003034442663192749 7 195 65 295
face 0.0029235780239105225 7 195 65 295
face 0.0029079020023345947 7 195 65 295
face 0.0029025673866271973 7 195 65 295
face 0.0028983652591705322 7 195 65 295
face 0.0028744637966156006 7 195 65 295
face 0.002871185541152954 7 195 65 295
face 0.0028693675994873047 7 195 65 295
face 0.0028211772441864014 7 195 65 295
face 0.0027931928634643555 7 195 65 295
face 0.0026060640811920166 7 195 65 295
face 0.0025662481784820557 7 195 65 295
face 0.002542167901992798 7 195 65 295
face 0.002506643533706665 7 195 65 295
face 0.002478092908859253 7 195 65 295
face 0.0024210214614868164 7 195 65 295
face 0.002420872449874878 7 195 65 295
face 0.0023887455463409424 7 195 65 295
face 0.0023883283138275146 7 195 65 295
face 0.002380669116973877 7 195 65 295
face 0.0023564696311950684 7 195 65 295
face 0.0023244917392730713 7 195 65 295
face 0.0023125410079956055 7 195 65 295
face 0.002296358346939087 7 195 65 295
face 0.002294093370437622 7 195 65 295
face 0.0022716224193573 7 195 65 295
face 0.002261519432067871 7 195 65 295
face 0.0022445321083068848 7 195 65 295
face 0.0022367238998413086 7 195 65 295
face 0.0021924078464508057 7 195 65 295
face 0.002168893814086914 7 195 65 295
