face 0.9983638525009155 29 402 119 506
face 0.9982602000236511 476 102 526 169
face 0.9977028965950012 645 137 697 205
face 0.9972196817398071 195 393 267 486
face 0.9865366220474243 808 111 861 177
face 0.9812331199645996 383 397 449 478
face 0.9733359813690186 357 154 408 224
face 0.9559986591339111 499 390 558 454
face 0.9395121335983276 722 358 790 438
face 0.909976065158844 223 64 269 132
face 0.8248600959777832 924 390 1000 487
face 0.6609015464782715 17 61 30 83
face 0.2740023732185364 17 61 30 83
face 0.2607232332229614 17 61 30 83
face 0.20968031883239746 17 61 30 83
face 0.19154322147369385 17 61 30 83
face 0.09805476665496826 17 61 30 83
face 0.08547806739807129 17 61 30 83
face 0.04447847604751587 17 61 30 83
face 0.04127880930900574 17 61 30 83
face 0.04092764854431152 17 61 30 83
face 0.0315345823764801 17 61 30 83
face 0.030479609966278076 17 61 30 83
face 0.02738112211227417 17 61 30 83
face 0.026961326599121094 17 61 30 83
face 0.02661043405532837 17 61 30 83
face 0.024125903844833374 17 61 30 83
face 0.01999443769454956 17 61 30 83
face 0.019648879766464233 17 61 30 83
face 0.01943182945251465 17 61 30 83
face 0.019399374723434448 17 61 30 83
face 0.019274890422821045 17 61 30 83
face 0.017747610807418823 17 61 30 83
face 0.01738300919532776 17 61 30 83
face 0.01718980073928833 17 61 30 83
face 0.01634007692337036 17 61 30 83
face 0.01564893126487732 17 61 30 83
face 0.015363067388534546 17 61 30 83
face 0.014939963817596436 17 61 30 83
face 0.014609813690185547 17 61 30 83
face 0.01401492953300476 17 61 30 83
face 0.013982892036437988 17 61 30 83
face 0.013963580131530762 17 61 30 83
face 0.013348639011383057 17 61 30 83
face 0.012777775526046753 17 61 30 83
face 0.012117862701416016 17 61 30 83
face 0.011565208435058594 17 61 30 83
face 0.010736048221588135 17 61 30 83
face 0.009988874197006226 17 61 30 83
face 0.009985953569412231 17 61 30 83
face 0.009299427270889282 17 61 30 83
face 0.00925704836845398 17 61 30 83
face 0.009170591831207275 17 61 30 83
face 0.009142637252807617 17 61 30 83
face 0.009127378463745117 17 61 30 83
face 0.00902286171913147 17 61 30 83
face 0.008994728326797485 17 61 30 83
face 0.00886845588684082 17 61 30 83
face 0.008810251951217651 17 61 30 83
face 0.008737504482269287 17 61 30 83
face 0.008335232734680176 17 61 30 83
face 0.008203834295272827 17 61 30 83
face 0.008089154958724976 17 61 30 83
face 0.008011192083358765 17 61 30 83
face 0.007977813482284546 17 61 30 83
face 0.007966279983520508 17 61 30 83
face 0.007698237895965576 17 61 30 83
face 0.007593482732772827 17 61 30 83
face 0.007588744163513184 17 61 30 83
face 0.007367819547653198 17 61 30 83
face 0.007358759641647339 17 61 30 83
face 0.007358461618423462 17 61 30 83
face 0.007347524166107178 17 61 30 83
face 0.007326900959014893 17 61 30 83
face 0.0072245001792907715 17 61 30 83
face 0.006894052028656006 17 61 30 83
face 0.006817132234573364 17 61 30 83
face 0.006709545850753784 17 61 30 83
face 0.006654858589172363 17 61 30 83
face 0.006514549255371094 17 61 30 83
face 0.006404191255569458 17 61 30 83
face 0.006359845399856567 17 61 30 83
face 0.006299257278442383 17 61 30 83
face 0.006263941526412964 17 61 30 83
face 0.006185322999954224 17 61 30 83
face 0.00608217716217041 17 61 30 83
face 0.00601765513420105 17 61 30 83
face 0.005944162607192993 17 61 30 83
face 0.00593915581703186 17 61 30 83
face 0.005760997533798218 17 61 30 83
face 0.0057318806648254395 17 61 30 83
face 0.005692780017852783 17 61 30 83
face 0.005566030740737915 17 61 30 83
face 0.005471557378768921 17 61 30 83
face 0.005297362804412842 17 61 30 83
face 0.005284696817398071 17 61 30 83
face 0.00526052713394165 17 61 30 83
face 0.005220621824264526 17 61 30 83
face 0.005188882350921631 17 61 30 83
face 0.005146145820617676 17 61 30 83
