face 0.9943810701370239 490 459 527 508
face 0.3044401705265045 490 459 527 508
face 0.2602623701095581 490 459 527 508
face 0.1686648428440094 490 459 527 508
face 0.16357681155204773 490 459 527 508
face 0.10395631194114685 490 459 527 508
face 0.09683728218078613 490 459 527 508
face 0.09137997031211853 490 459 527 508
face 0.07488110661506653 490 459 527 508
face 0.061785608530044556 490 459 527 508
face 0.06152847409248352 490 459 527 508
face 0.04981115460395813 490 459 527 508
face 0.0495697557926178 490 459 527 508
face 0.04567345976829529 490 459 527 508
face 0.034960150718688965 490 459 527 508
face 0.03327089548110962 490 459 527 508
face 0.033155351877212524 490 459 527 508
face 0.03273051977157593 490 459 527 508
face 0.028920501470565796 490 459 527 508
face 0.02747437357902527 490 459 527 508
face 0.02726498246192932 490 459 527 508
face 0.026354342699050903 490 459 527 508
face 0.025498569011688232 490 459 527 508
face 0.024215251207351685 490 459 527 508
face 0.02379220724105835 490 459 527 508
face 0.02272149920463562 490 459 527 508
face 0.021916866302490234 490 459 527 508
face 0.021788060665130615 490 459 527 508
face 0.021105915307998657 490 459 527 508
face 0.020975828170776367 490 459 527 508
face 0.020435094833374023 490 459 527 508
face 0.020373761653900146 490 459 527 508
face 0.020195305347442627 490 459 527 508
face 0.02002730965614319 490 459 527 508
face 0.019894540309906006 490 459 527 508
face 0.01957497000694275 490 459 527 508
face 0.019449561834335327 490 459 527 508
face 0.018903106451034546 490 459 527 508
face 0.0184800922870636 490 459 527 508
face 0.01841452717781067 490 459 527 508
face 0.018397003412246704 490 459 527 508
face 0.017892569303512573 490 459 527 508
face 0.017836064100265503 490 459 527 508
face 0.01781386137008667 490 459 527 508
face 0.016875475645065308 490 459 527 508
face 0.016706764698028564 490 459 527 508
face 0.01624026894569397 490 459 527 508
face 0.01607835292816162 490 459 527 508
face 0.01576530933380127 490 459 527 508
face 0.015316784381866455 490 459 527 508
face 0.015316039323806763 490 459 527 508
face 0.01531076431274414 490 459 527 508
face 0.01530534029006958 490 459 527 508
face 0.015236526727676392 490 459 527 508
face 0.015157341957092285 490 459 527 508
face 0.014970332384109497 490 459 527 508
face 0.014876216650009155 490 459 527 508
face 0.014285892248153687 490 459 527 508
face 0.013981878757476807 490 459 527 508
face 0.0139617919921875 490 459 527 508
face 0.013859450817108154 490 459 527 508
face 0.013845235109329224 490 459 527 508
face 0.01380416750907898 490 459 527 508
face 0.013723820447921753 490 459 527 508
face 0.013702213764190674 490 459 527 508
face 0.01349666714668274 490 459 527 508
face 0.013382583856582642 490 459 527 508
face 0.013302862644195557 490 459 527 508
face 0.013230323791503906 490 459 527 508
face 0.013132482767105103 490 459 527 508
face 0.013048410415649414 490 459 527 508
face 0.012880921363830566 490 459 527 508
face 0.012812405824661255 490 459 527 508
face 0.012790322303771973 490 459 527 508
face 0.012700438499450684 490 459 527 508
face 0.012655586004257202 490 459 527 508
face 0.012283921241760254 490 459 527 508
face 0.012124717235565186 490 459 527 508
face 0.012095510959625244 490 459 527 508
face 0.012024849653244019 490 459 527 508
face 0.012002915143966675 490 459 527 508
face 0.011989682912826538 490 459 527 508
face 0.011577874422073364 490 459 527 508
face 0.011519849300384521 490 459 527 508
face 0.011422663927078247 490 459 527 508
face 0.01142185926437378 490 459 527 508
face 0.011313855648040771 490 459 527 508
face 0.011267662048339844 490 459 527 508
face 0.011264443397521973 490 459 527 508
face 0.011203736066818237 490 459 527 508
face 0.011139720678329468 490 459 527 508
face 0.01113361120223999 490 459 527 508
face 0.010970383882522583 490 459 527 508
face 0.010969340801239014 490 459 527 508
face 0.010955631732940674 490 459 527 508
face 0.010764628648757935 490 459 527 508
face 0.010735422372817993 490 459 527 508
face 0.010714888572692871 490 459 527 508
face 0.010704994201660156 490 459 527 508
face 0.010694503784179688 490 459 527 508
