face 0.7440056800842285 619 352 639 378
face 0.5150235295295715 402 177 419 198
face 0.48888450860977173 402 177 419 198
face 0.03086957335472107 402 177 419 198
face 0.02978697419166565 402 177 419 198
face 0.023957908153533936 402 177 419 198
face 0.016059905290603638 402 177 419 198
face 0.01511317491531372 402 177 419 198
face 0.014829188585281372 402 177 419 198
face 0.014798671007156372 402 177 419 198
face 0.012800276279449463 402 177 419 198
face 0.012721985578536987 402 177 419 198
face 0.012499183416366577 402 177 419 198
face 0.012493729591369629 402 177 419 198
face 0.0119742751121521 402 177 419 198
face 0.011852771043777466 402 177 419 198
face 0.011691361665725708 402 177 419 198
face 0.011376053094863892 402 177 419 198
face 0.011284470558166504 402 177 419 198
face 0.011085420846939087 402 177 419 198
face 0.01095542311668396 402 177 419 198
face 0.010791391134262085 402 177 419 198
face 0.010675638914108276 402 177 419 198
face 0.010503023862838745 402 177 419 198
face 0.010449796915054321 402 177 419 198
face 0.010234713554382324 402 177 419 198
face 0.010000765323638916 402 177 419 198
face 0.009941250085830688 402 177 419 198
face 0.009920835494995117 402 177 419 198
face 0.009524345397949219 402 177 419 198
face 0.009515613317489624 402 177 419 198
face 0.00937703251838684 402 177 419 198
face 0.00934651494026184 402 177 419 198
face 0.00932246446609497 402 177 419 198
face 0.009309262037277222 402 177 419 198
face 0.009276390075683594 402 177 419 198
face 0.009211152791976929 402 177 419 198
face 0.00918734073638916 402 177 419 198
face 0.009174972772598267 402 177 419 198
face 0.009140610694885254 402 177 419 198
face 0.009080111980438232 402 177 419 198
face 0.008979260921478271 402 177 419 198
face 0.008832067251205444 402 177 419 198
face 0.008759260177612305 402 177 419 198
face 0.0087299644947052 402 177 419 198
face 0.008625596761703491 402 177 419 198
face 0.00846061110496521 402 177 419 198
face 0.00831863284111023 402 177 419 198
face 0.008256465196609497 402 177 419 198
face 0.008234381675720215 402 177 419 198
face 0.008203208446502686 402 177 419 198
face 0.008044153451919556 402 177 419 198
face 0.008038043975830078 402 177 419 198
face 0.007972955703735352 402 177 419 198
face 0.007810443639755249 402 177 419 198
face 0.007806271314620972 402 177 419 198
face 0.0076472461223602295 402 177 419 198
face 0.007646799087524414 402 177 419 198
face 0.007617592811584473 402 177 419 198
face 0.007560759782791138 402 177 419 198
face 0.0074176788330078125 402 177 419 198
face 0.0074142515659332275 402 177 419 198
face 0.007404893636703491 402 177 419 198
face 0.007333129644393921 402 177 419 198
face 0.007301002740859985 402 177 419 198
face 0.007199704647064209 402 177 419 198
face 0.007174640893936157 402 177 419 198
face 0.007165133953094482 402 177 419 198
face 0.007050037384033203 402 177 419 198
face 0.007018387317657471 402 177 419 198
face 0.007013410329818726 402 177 419 198
face 0.006993770599365234 402 177 419 198
face 0.006931185722351074 402 177 419 198
face 0.006922721862792969 402 177 419 198
face 0.00690123438835144 402 177 419 198
face 0.0068870484828948975 402 177 419 198
face 0.00684008002281189 402 177 419 198
face 0.0068215131759643555 402 177 419 198
face 0.006804287433624268 402 177 419 198
face 0.006789445877075195 402 177 419 198
face 0.0067879557609558105 402 177 419 198
face 0.006777286529541016 402 177 419 198
face 0.006738185882568359 402 177 419 198
face 0.006705582141876221 402 177 419 198
face 0.006622135639190674 402 177 419 198
face 0.006583988666534424 402 177 419 198
face 0.006569236516952515 402 177 419 198
face 0.006564497947692871 402 177 419 198
face 0.006560921669006348 402 177 419 198
face 0.0065475404262542725 402 177 419 198
face 0.006537020206451416 402 177 419 198
face 0.006451010704040527 402 177 419 198
face 0.006439626216888428 402 177 419 198
face 0.006410837173461914 402 177 419 198
face 0.006355553865432739 402 177 419 198
face 0.0063197314739227295 402 177 419 198
face 0.00631791353225708 402 177 419 198
face 0.006215333938598633 402 177 419 198
face 0.006211906671524048 402 177 419 198
face 0.006205469369888306 402 177 419 198
