face 0.9834080934524536 892 294 913 330
face 0.9831151962280273 652 167 691 214
face 0.9558972120285034 595 311 627 349
face 0.9334038496017456 772 334 800 379
face 0.9110226631164551 128 461 179 527
face 0.8855775594711304 447 305 475 335
face 0.8498773574829102 256 377 303 440
face 0.78688645362854 373 349 410 403
face 0.7816977500915527 812 176 848 222
face 0.6248518228530884 438 264 466 294
face 0.6162462830543518 769 469 823 535
face 0.502632200717926 25 470 87 561
face 0.33957624435424805 25 470 87 561
face 0.14742133021354675 25 470 87 561
face 0.13060444593429565 25 470 87 561
face 0.11726868152618408 25 470 87 561
face 0.10628518462181091 25 470 87 561
face 0.10448288917541504 25 470 87 561
face 0.09340107440948486 25 470 87 561
face 0.08628883957862854 25 470 87 561
face 0.0779229998588562 25 470 87 561
face 0.06968078017234802 25 470 87 561
face 0.06574425101280212 25 470 87 561
face 0.05943211913108826 25 470 87 561
face 0.05795064568519592 25 470 87 561
face 0.05668559670448303 25 470 87 561
face 0.05430889129638672 25 470 87 561
face 0.04333937168121338 25 470 87 561
face 0.04294782876968384 25 470 87 561
face 0.03932148218154907 25 470 87 561
face 0.039020031690597534 25 470 87 561
face 0.0389382541179657 25 470 87 561
face 0.038686007261276245 25 470 87 561
face 0.03777220845222473 25 470 87 561
face 0.03737679123878479 25 470 87 561
face 0.032181113958358765 25 470 87 561
face 0.03020310401916504 25 470 87 561
face 0.028938233852386475 25 470 87 561
face 0.027881115674972534 25 470 87 561
face 0.027655452489852905 25 470 87 561
face 0.026696443557739258 25 470 87 561
face 0.025900453329086304 25 470 87 561
face 0.024608612060546875 25 470 87 561
face 0.024124354124069214 25 470 87 561
face 0.02364608645439148 25 470 87 561
face 0.022951185703277588 25 470 87 561
face 0.02231621742248535 25 470 87 561
face 0.02226930856704712 25 470 87 561
face 0.02197989821434021 25 470 87 561
face 0.021452754735946655 25 470 87 561
face 0.020972341299057007 25 470 87 561
face 0.020295053720474243 25 470 87 561
face 0.01983317732810974 25 470 87 561
face 0.01979881525039673 25 470 87 561
face 0.018756628036499023 25 470 87 561
face 0.018129348754882812 25 470 87 561
face 0.01790502667427063 25 470 87 561
face 0.017468661069869995 25 470 87 561
face 0.017277002334594727 25 470 87 561
face 0.017239004373550415 25 470 87 561
face 0.017128795385360718 25 470 87 561
face 0.016843944787979126 25 470 87 561
face 0.016519695520401 25 470 87 561
face 0.016174226999282837 25 470 87 561
face 0.015446066856384277 25 470 87 561
face 0.01538926362991333 25 470 87 561
face 0.01523849368095398 25 470 87 561
face 0.014932870864868164 25 470 87 561
face 0.014929413795471191 25 470 87 561
face 0.014802098274230957 25 470 87 561
face 0.014797717332839966 25 470 87 561
face 0.014778465032577515 25 470 87 561
face 0.014769405126571655 25 470 87 561
face 0.01438361406326294 25 470 87 561
face 0.013984054327011108 25 470 87 561
face 0.013981461524963379 25 470 87 561
face 0.013897985219955444 25 470 87 561
face 0.013758480548858643 25 470 87 561
face 0.01323440670967102 25 470 87 561
face 0.012971222400665283 25 470 87 561
face 0.012767016887664795 25 470 87 561
face 0.012500643730163574 25 470 87 561
face 0.012477487325668335 25 470 87 561
face 0.012465327978134155 25 470 87 561
face 0.012321889400482178 25 470 87 561
face 0.012108951807022095 25 470 87 561
face 0.012103855609893799 25 470 87 561
face 0.012070655822753906 25 470 87 561
face 0.012009531259536743 25 470 87 561
face 0.01197788119316101 25 470 87 561
face 0.011854350566864014 25 470 87 561
face 0.011784464120864868 25 470 87 561
face 0.011627256870269775 25 470 87 561
face 0.011616766452789307 25 470 87 561
face 0.011491149663925171 25 470 87 561
face 0.011448979377746582 25 470 87 561
face 0.011391907930374146 25 470 87 561
face 0.01130637526512146 25 470 87 561
face 0.011164426803588867 25 470 87 561
face 0.01113736629486084 25 470 87 561
