face 0.9905983209609985 146 32 578 478
face 0.07255282998085022 146 32 578 478
face 0.06679549813270569 146 32 578 478
face 0.06085732579231262 146 32 578 478
face 0.054368287324905396 146 32 578 478
face 0.050229281187057495 146 32 578 478
face 0.05007615685462952 146 32 578 478
face 0.03716176748275757 146 32 578 478
face 0.0270804762840271 146 32 578 478
face 0.025421082973480225 146 32 578 478
face 0.021485120058059692 146 32 578 478
face 0.02080264687538147 146 32 578 478
face 0.01969936490058899 146 32 578 478
face 0.019205302000045776 146 32 578 478
face 0.017989307641983032 146 32 578 478
face 0.017980068922042847 146 32 578 478
face 0.0173356831073761 146 32 578 478
face 0.01700502634048462 146 32 578 478
face 0.01685592532157898 146 32 578 478
face 0.01650133728981018 146 32 578 478
face 0.016101598739624023 146 32 578 478
face 0.016018778085708618 146 32 578 478
face 0.01581883430480957 146 32 578 478
face 0.015807271003723145 146 32 578 478
face 0.015699803829193115 146 32 578 478
face 0.015397310256958008 146 32 578 478
face 0.014929234981536865 146 32 578 478
face 0.014734894037246704 146 32 578 478
face 0.014448225498199463 146 32 578 478
face 0.0129585862159729 146 32 578 478
face 0.012613356113433838 146 32 578 478
face 0.012575030326843262 146 32 578 478
face 0.012444078922271729 146 32 578 478
face 0.012408256530761719 146 32 578 478
face 0.012346625328063965 146 32 578 478
face 0.011516571044921875 146 32 578 478
face 0.01135912537574768 146 32 578 478
face 0.011204123497009277 146 32 578 478
face 0.011179924011230469 146 32 578 478
face 0.010688304901123047 146 32 578 478
face 0.010591894388198853 146 32 578 478
face 0.010449379682540894 146 32 578 478
face 0.010408729314804077 146 32 578 478
face 0.010320097208023071 146 32 578 478
face 0.009938687086105347 146 32 578 478
face 0.009914517402648926 146 32 578 478
face 0.009858846664428711 146 32 578 478
face 0.009858489036560059 146 32 578 478
face 0.009764701128005981 146 32 578 478
face 0.009713053703308105 146 32 578 478
face 0.009603649377822876 146 32 578 478
face 0.009309917688369751 146 32 578 478
face 0.009016662836074829 146 32 578 478
face 0.008968591690063477 146 32 578 478
face 0.008801877498626709 146 32 578 478
face 0.008799940347671509 146 32 578 478
face 0.008786588907241821 146 32 578 478
face 0.008771151304244995 146 32 578 478
face 0.008524298667907715 146 32 578 478
face 0.008509576320648193 146 32 578 478
face 0.00850626826286316 146 32 578 478
face 0.008472740650177002 146 32 578 478
face 0.008429169654846191 146 32 578 478
face 0.00837796926498413 146 32 578 478
face 0.008292317390441895 146 32 578 478
face 0.008244633674621582 146 32 578 478
face 0.008127957582473755 146 32 578 478
face 0.00809246301651001 146 32 578 478
face 0.007998943328857422 146 32 578 478
face 0.007960528135299683 146 32 578 478
face 0.007869094610214233 146 32 578 478
face 0.007861524820327759 146 32 578 478
face 0.007861465215682983 146 32 578 478
face 0.007824093103408813 146 32 578 478
face 0.007783800363540649 146 32 578 478
face 0.007778644561767578 146 32 578 478
face 0.00776180624961853 146 32 578 478
face 0.007735610008239746 146 32 578 478
face 0.007707715034484863 146 32 578 478
face 0.007672667503356934 146 32 578 478
face 0.007627248764038086 146 32 578 478
face 0.007593423128128052 146 32 578 478
face 0.007501125335693359 146 32 578 478
face 0.007390707731246948 146 32 578 478
face 0.007253795862197876 146 32 578 478
face 0.007229745388031006 146 32 578 478
face 0.0070323646068573 146 32 578 478
face 0.006993472576141357 146 32 578 478
face 0.006953984498977661 146 32 578 478
face 0.0068336427211761475 146 32 578 478
face 0.0067369043827056885 146 32 578 478
face 0.006696373224258423 146 32 578 478
face 0.006678879261016846 146 32 578 478
face 0.006632566452026367 146 32 578 478
face 0.006580054759979248 146 32 578 478
face 0.006445556879043579 146 32 578 478
face 0.006342023611068726 146 32 578 478
face 0.006314575672149658 146 32 578 478
face 0.006293684244155884 146 32 578 478
face 0.006170421838760376 146 32 578 478
