face 0.9927598237991333 312 158 526 471
face 0.99202960729599 520 204 737 514
face 0.98945552110672 717 95 956 441
face 0.9686328172683716 119 81 321 275
face 0.012319326400756836 119 81 321 275
face 0.010079920291900635 119 81 321 275
face 0.007632255554199219 119 81 321 275
face 0.006876617670059204 119 81 321 275
face 0.006461679935455322 119 81 321 275
face 0.006337940692901611 119 81 321 275
face 0.005633890628814697 119 81 321 275
face 0.005525678396224976 119 81 321 275
face 0.005243390798568726 119 81 321 275
face 0.005157470703125 119 81 321 275
face 0.005023598670959473 119 81 321 275
face 0.00499194860458374 119 81 321 275
face 0.0048746466636657715 119 81 321 275
face 0.004818528890609741 119 81 321 275
face 0.0046815574169158936 119 81 321 275
face 0.004389464855194092 119 81 321 275
face 0.004238605499267578 119 81 321 275
face 0.004116714000701904 119 81 321 275
face 0.004116415977478027 119 81 321 275
face 0.004069864749908447 119 81 321 275
face 0.004005134105682373 119 81 321 275
face 0.003952980041503906 119 81 321 275
face 0.0037873387336730957 119 81 321 275
face 0.003701716661453247 119 81 321 275
face 0.003408670425415039 119 81 321 275
face 0.003364086151123047 119 81 321 275
face 0.0033579766750335693 119 81 321 275
face 0.0033460259437561035 119 81 321 275
face 0.0033433139324188232 119 81 321 275
face 0.0032942593097686768 119 81 321 275
face 0.00327986478805542 119 81 321 275
face 0.003277987241744995 119 81 321 275
face 0.0032595396041870117 119 81 321 275
face 0.003247886896133423 119 81 321 275
face 0.0031674206256866455 119 81 321 275
face 0.0031089186668395996 119 81 321 275
face 0.0030750930309295654 119 81 321 275
face 0.0030299723148345947 119 81 321 275
face 0.0030220448970794678 119 81 321 275
face 0.0029932260513305664 119 81 321 275
face 0.002954632043838501 119 81 321 275
face 0.0029091238975524902 119 81 321 275
face 0.0028771162033081055 119 81 321 275
face 0.0028749704360961914 119 81 321 275
face 0.002873331308364868 119 81 321 275
face 0.002863585948944092 119 81 321 275
face 0.0028176307678222656 119 81 321 275
face 0.002815753221511841 119 81 321 275
face 0.0028016269207000732 119 81 321 275
face 0.00279119610786438 119 81 321 275
face 0.002740204334259033 119 81 321 275
face 0.0027167201042175293 119 81 321 275
face 0.002684265375137329 119 81 321 275
face 0.002670496702194214 119 81 321 275
face 0.0026682913303375244 119 81 321 275
face 0.002660006284713745 119 81 321 275
face 0.0026260018348693848 119 81 321 275
face 0.002618074417114258 119 81 321 275
face 0.0025831758975982666 119 81 321 275
face 0.0025648176670074463 119 81 321 275
face 0.0025551915168762207 119 81 321 275
face 0.002537637948989868 119 81 321 275
face 0.0025336742401123047 119 81 321 275
face 0.0025205910205841064 119 81 321 275
face 0.002491205930709839 119 81 321 275
face 0.0024616122245788574 119 81 321 275
face 0.0024279654026031494 119 81 321 275
face 0.00242045521736145 119 81 321 275
face 0.002408057451248169 119 81 321 275
face 0.0023975670337677 119 81 321 275
face 0.0023529231548309326 119 81 321 275
face 0.0023274123668670654 119 81 321 275
face 0.002306520938873291 119 81 321 275
face 0.002301037311553955 119 81 321 275
face 0.002272278070449829 119 81 321 275
face 0.0022600889205932617 119 81 321 275
face 0.0022492706775665283 119 81 321 275
face 0.002244919538497925 119 81 321 275
face 0.0022410154342651367 119 81 321 275
face 0.002146899700164795 119 81 321 275
face 0.0021324455738067627 119 81 321 275
face 0.002128809690475464 119 81 321 275
face 0.0021176934242248535 119 81 321 275
face 0.0021060705184936523 119 81 321 275
face 0.0020562708377838135 119 81 321 275
face 0.0020468533039093018 119 81 321 275
face 0.002031087875366211 119 81 321 275
face 0.0020144283771514893 119 81 321 275
face 0.002012789249420166 119 81 321 275
face 0.0020122528076171875 119 81 321 275
face 0.0020071566104888916 119 81 321 275
face 0.0019654035568237305 119 81 321 275
face 0.001912921667098999 119 81 321 275
face 0.0018749833106994629 119 81 321 275
face 0.0018430054187774658 119 81 321 275
face 0.0018352270126342773 119 81 321 275
