face 0.9992057085037231 289 244 330 296
face 0.9920169115066528 542 269 585 325
face 0.9909082651138306 838 188 859 218
face 0.9886101484298706 470 176 495 216
face 0.982030987739563 216 351 272 423
face 0.9676755666732788 886 174 907 204
face 0.9667980670928955 406 231 437 278
face 0.9654945731163025 772 183 792 211
face 0.9622367024421692 212 212 243 253
face 0.9320154190063477 799 212 821 244
face 0.907671332359314 127 225 153 257
face 0.8780707120895386 585 145 602 171
face 0.8497534990310669 789 156 805 179
face 0.8435875773429871 671 193 691 223
face 0.8427638411521912 84 222 108 255
face 0.8404945135116577 134 254 173 297
face 0.8341469764709473 995 257 1022 301
face 0.8293606042861938 747 149 762 172
face 0.7731646299362183 840 129 853 148
face 0.7408880591392517 947 191 966 218
face 0.7178419828414917 249 182 267 206
face 0.6811455488204956 346 150 365 177
face 0.6718955039978027 347 186 369 217
face 0.580356776714325 523 157 540 182
face 0.5767123699188232 715 276 747 332
face 0.5574415922164917 995 126 1011 149
face 0.5485852360725403 559 189 579 218
face 0.5305044054985046 642 118 656 140
face 0.528515100479126 837 155 852 177
face 0.5226244926452637 601 250 627 293
face 0.515469491481781 147 189 166 214
face 0.4804324507713318 147 189 166 214
face 0.477678120136261 147 189 166 214
face 0.47099268436431885 147 189 166 214
face 0.46768105030059814 147 189 166 214
face 0.45525890588760376 147 189 166 214
face 0.4420334994792938 147 189 166 214
face 0.4405858814716339 147 189 166 214
face 0.4333203136920929 147 189 166 214
face 0.4314066171646118 147 189 166 214
face 0.4139692783355713 147 189 166 214
face 0.39241474866867065 147 189 166 214
face 0.3830903172492981 147 189 166 214
face 0.3770514130592346 147 189 166 214
face 0.37574219703674316 147 189 166 214
face 0.3555144667625427 147 189 166 214
face 0.3379846215248108 147 189 166 214
face 0.3072406053543091 147 189 166 214
face 0.26765573024749756 147 189 166 214
face 0.260181188583374 147 189 166 214
face 0.24576091766357422 147 189 166 214
face 0.24236807227134705 147 189 166 214
face 0.23124703764915466 147 189 166 214
face 0.21972548961639404 147 189 166 214
face 0.2012215554714203 147 189 166 214
face 0.19882583618164062 147 189 166 214
face 0.19480553269386292 147 189 166 214
face 0.1899186074733734 147 189 166 214
face 0.1686069369316101 147 189 166 214
face 0.1618957817554474 147 189 166 214
face 0.15839794278144836 147 189 166 214
face 0.1570442020893097 147 189 166 214
face 0.15117397904396057 147 189 166 214
face 0.14562618732452393 147 189 166 214
face 0.12866640090942383 147 189 166 214
face 0.128594309091568 147 189 166 214
face 0.12530267238616943 147 189 166 214
face 0.12315613031387329 147 189 166 214
face 0.12290143966674805 147 189 166 214
face 0.12269172072410583 147 189 166 214
face 0.1170400083065033 147 189 166 214
face 0.10569009184837341 147 189 166 214
face 0.0945749580860138 147 189 166 214
face 0.09156566858291626 147 189 166 214
face 0.08823376893997192 147 189 166 214
face 0.08383172750473022 147 189 166 214
face 0.08274093270301819 147 189 166 214
face 0.0820004940032959 147 189 166 214
face 0.07652866840362549 147 189 166 214
face 0.06923210620880127 147 189 166 214
face 0.0688048005104065 147 189 166 214
face 0.06871896982192993 147 189 166 214
face 0.06782615184783936 147 189 166 214
face 0.06672093272209167 147 189 166 214
face 0.06036415696144104 147 189 166 214
face 0.0603349506855011 147 189 166 214
face 0.05583116412162781 147 189 166 214
face 0.05514496564865112 147 189 166 214
face 0.054731905460357666 147 189 166 214
face 0.054375410079956055 147 189 166 214
face 0.054099977016448975 147 189 166 214
face 0.05385598540306091 147 189 166 214
face 0.04878714680671692 147 189 166 214
face 0.047636181116104126 147 189 166 214
face 0.04706820845603943 147 189 166 214
face 0.04393306374549866 147 189 166 214
face 0.04360443353652954 147 189 166 214
face 0.041086554527282715 147 189 166 214
face 0.04078289866447449 147 189 166 214
face 0.03986865282058716 147 189 166 214
