face 0.9984630346298218 418 164 691 542
face 0.9889991283416748 671 114 958 495
face 0.022686809301376343 671 114 958 495
face 0.009294271469116211 671 114 958 495
face 0.0083848237991333 671 114 958 495
face 0.007810741662979126 671 114 958 495
face 0.007689863443374634 671 114 958 495
face 0.006234675645828247 671 114 958 495
face 0.005712628364562988 671 114 958 495
face 0.005671381950378418 671 114 958 495
face 0.005465149879455566 671 114 958 495
face 0.00503966212272644 671 114 958 495
face 0.004963546991348267 671 114 958 495
face 0.004746913909912109 671 114 958 495
face 0.004743635654449463 671 114 958 495
face 0.004602521657943726 671 114 958 495
face 0.004542648792266846 671 114 958 495
face 0.004375189542770386 671 114 958 495
face 0.004253894090652466 671 114 958 495
face 0.004206150770187378 671 114 958 495
face 0.004196673631668091 671 114 958 495
face 0.00411754846572876 671 114 958 495
face 0.00398746132850647 671 114 958 495
face 0.0038952529430389404 671 114 958 495
face 0.003820180892944336 671 114 958 495
face 0.0037713348865509033 671 114 958 495
face 0.003754347562789917 671 114 958 495
face 0.0036836564540863037 671 114 958 495
face 0.0036832690238952637 671 114 958 495
face 0.0036689341068267822 671 114 958 495
face 0.00363999605178833 671 114 958 495
face 0.0036063790321350098 671 114 958 495
face 0.0035955607891082764 671 114 958 495
face 0.003497689962387085 671 114 958 495
face 0.003415435552597046 671 114 958 495
face 0.0032737255096435547 671 114 958 495
face 0.003254622220993042 671 114 958 495
face 0.003198176622390747 671 114 958 495
face 0.003194183111190796 671 114 958 495
face 0.003127157688140869 671 114 958 495
face 0.0031249523162841797 671 114 958 495
face 0.0031015872955322266 671 114 958 495
face 0.003074437379837036 671 114 958 495
face 0.003022313117980957 671 114 958 495
face 0.0029841363430023193 671 114 958 495
face 0.002951115369796753 671 114 958 495
face 0.002867281436920166 671 114 958 495
face 0.0028332769870758057 671 114 958 495
face 0.0028034746646881104 671 114 958 495
face 0.002800852060317993 671 114 958 495
face 0.0027762651443481445 671 114 958 495
face 0.0027551352977752686 671 114 958 495
face 0.0027278363704681396 671 114 958 495
face 0.002698570489883423 671 114 958 495
face 0.0026785731315612793 671 114 958 495
face 0.002676248550415039 671 114 958 495
face 0.002611875534057617 671 114 958 495
face 0.002589106559753418 671 114 958 495
face 0.0025656521320343018 671 114 958 495
face 0.002539992332458496 671 114 958 495
face 0.0024610161781311035 671 114 958 495
face 0.0024552345275878906 671 114 958 495
face 0.0024431347846984863 671 114 958 495
face 0.0024130046367645264 671 114 958 495
face 0.0024063289165496826 671 114 958 495
face 0.0023887455463409424 671 114 958 495
face 0.002374976873397827 671 114 958 495
face 0.0023624002933502197 671 114 958 495
face 0.0023177266120910645 671 114 958 495
face 0.0022692978382110596 671 114 958 495
face 0.0022374093532562256 671 114 958 495
face 0.002192467451095581 671 114 958 495
face 0.002190142869949341 671 114 958 495
face 0.0021699368953704834 671 114 958 495
face 0.0021698474884033203 671 114 958 495
face 0.002159416675567627 671 114 958 495
face 0.0021521449089050293 671 114 958 495
face 0.0020700693130493164 671 114 958 495
face 0.002062767744064331 671 114 958 495
face 0.0020584464073181152 671 114 958 495
face 0.002054870128631592 671 114 958 495
face 0.0020194649696350098 671 114 958 495
face 0.001957625150680542 671 114 958 495
face 0.001917511224746704 671 114 958 495
face 0.0019133388996124268 671 114 958 495
face 0.0019108057022094727 671 114 958 495
face 0.0019095838069915771 671 114 958 495
face 0.0018729567527770996 671 114 958 495
face 0.0018581151962280273 671 114 958 495
face 0.0018579065799713135 671 114 958 495
face 0.0018576383590698242 671 114 958 495
face 0.0018569529056549072 671 114 958 495
face 0.0018545091152191162 671 114 958 495
face 0.0018378198146820068 671 114 958 495
face 0.0018372535705566406 671 114 958 495
face 0.0018310248851776123 671 114 958 495
face 0.0018299221992492676 671 114 958 495
face 0.0018261075019836426 671 114 958 495
face 0.00180739164352417 671 114 958 495
face 0.0017962753772735596 671 114 958 495
