face 0.9991156458854675 361 188 691 627
face 0.017877638339996338 361 188 691 627
face 0.010203242301940918 361 188 691 627
face 0.009824812412261963 361 188 691 627
face 0.008520811796188354 361 188 691 627
face 0.008011072874069214 361 188 691 627
face 0.007406294345855713 361 188 691 627
face 0.007152348756790161 361 188 691 627
face 0.006263941526412964 361 188 691 627
face 0.006008714437484741 361 188 691 627
face 0.005421191453933716 361 188 691 627
face 0.004964977502822876 361 188 691 627
face 0.004634469747543335 361 188 691 627
face 0.0045806169509887695 361 188 691 627
face 0.0044931769371032715 361 188 691 627
face 0.004487425088882446 361 188 691 627
face 0.0044443607330322266 361 188 691 627
face 0.004347383975982666 361 188 691 627
face 0.00425073504447937 361 188 691 627
face 0.004221439361572266 361 188 691 627
face 0.004186809062957764 361 188 691 627
face 0.0041450560092926025 361 188 691 627
face 0.0040825605392456055 361 188 691 627
face 0.0038968324661254883 361 188 691 627
face 0.003727644681930542 361 188 691 627
face 0.0035626590251922607 361 188 691 627
face 0.0034789443016052246 361 188 691 627
face 0.0034730732440948486 361 188 691 627
face 0.0033414363861083984 361 188 691 627
face 0.0033398568630218506 361 188 691 627
face 0.0033378005027770996 361 188 691 627
face 0.003305882215499878 361 188 691 627
face 0.003249943256378174 361 188 691 627
face 0.0031604766845703125 361 188 691 627
face 0.003159552812576294 361 188 691 627
face 0.0031498372554779053 361 188 691 627
face 0.003144294023513794 361 188 691 627
face 0.00310400128364563 361 188 691 627
face 0.0030618607997894287 361 188 691 627
face 0.0030577778816223145 361 188 691 627
face 0.0030502676963806152 361 188 691 627
face 0.003041684627532959 361 188 691 627
face 0.003032296895980835 361 188 691 627
face 0.003015667200088501 361 188 691 627
face 0.0029961764812469482 361 188 691 627
face 0.002886861562728882 361 188 691 627
face 0.0028439760208129883 361 188 691 627
face 0.0028132200241088867 361 188 691 627
face 0.0027597546577453613 361 188 691 627
face 0.002756267786026001 361 188 691 627
face 0.0027463138103485107 361 188 691 627
face 0.002736210823059082 361 188 691 627
face 0.0026516318321228027 361 188 691 627
face 0.0026237666606903076 361 188 691 627
face 0.0026217103004455566 361 188 691 627
face 0.0025781095027923584 361 188 691 627
face 0.002517402172088623 361 188 691 627
face 0.0025095343589782715 361 188 691 627
face 0.0025016963481903076 361 188 691 627
face 0.0024778544902801514 361 188 691 627
face 0.0024635791778564453 361 188 691 627
face 0.0024593472480773926 361 188 691 627
face 0.002458900213241577 361 188 691 627
face 0.002452462911605835 361 188 691 627
face 0.002452164888381958 361 188 691 627
face 0.002449899911880493 361 188 691 627
face 0.00244864821434021 361 188 691 627
face 0.00238955020904541 361 188 691 627
face 0.00236395001411438 361 188 691 627
face 0.0023518502712249756 361 188 691 627
face 0.0023034512996673584 361 188 691 627
face 0.0022944509983062744 361 188 691 627
face 0.0022877752780914307 361 188 691 627
face 0.00228157639503479 361 188 691 627
face 0.002266615629196167 361 188 691 627
face 0.0022653937339782715 361 188 691 627
face 0.0022624731063842773 361 188 691 627
face 0.002240478992462158 361 188 691 627
face 0.002216726541519165 361 188 691 627
face 0.0021660923957824707 361 188 691 627
face 0.0021578967571258545 361 188 691 627
face 0.0021491646766662598 361 188 691 627
face 0.002144932746887207 361 188 691 627
face 0.002124011516571045 361 188 691 627
face 0.0021108388900756836 361 188 691 627
face 0.002096325159072876 361 188 691 627
face 0.0020959675312042236 361 188 691 627
face 0.002080470323562622 361 188 691 627
face 0.002064257860183716 361 188 691 627
face 0.002040684223175049 361 188 691 627
face 0.0020354390144348145 361 188 691 627
face 0.002033799886703491 361 188 691 627
face 0.0020306408405303955 361 188 691 627
face 0.0020106732845306396 361 188 691 627
face 0.0020101964473724365 361 188 691 627
face 0.001981377601623535 361 188 691 627
face 0.0019413232803344727 361 188 691 627
face 0.0019388198852539062 361 188 691 627
face 0.0019349455833435059 361 188 691 627
face 0.0019228160381317139 361 188 691 627
