face 0.9366181492805481 735 67 797 122
face 0.9093007445335388 422 32 537 190
face 0.8564630150794983 574 91 640 175
face 0.8449970483779907 715 203 802 277
face 0.20367950201034546 715 203 802 277
face 0.1997797191143036 715 203 802 277
face 0.19166845083236694 715 203 802 277
face 0.1181623637676239 715 203 802 277
face 0.1073896586894989 715 203 802 277
face 0.10360819101333618 715 203 802 277
face 0.08988159894943237 715 203 802 277
face 0.08039858937263489 715 203 802 277
face 0.05950075387954712 715 203 802 277
face 0.054122358560562134 715 203 802 277
face 0.05394658446311951 715 203 802 277
face 0.05304029583930969 715 203 802 277
face 0.03890863060951233 715 203 802 277
face 0.030750900506973267 715 203 802 277
face 0.02645435929298401 715 203 802 277
face 0.02372419834136963 715 203 802 277
face 0.022391051054000854 715 203 802 277
face 0.0221824049949646 715 203 802 277
face 0.02195754647254944 715 203 802 277
face 0.021845519542694092 715 203 802 277
face 0.02103322744369507 715 203 802 277
face 0.020631074905395508 715 203 802 277
face 0.020541012287139893 715 203 802 277
face 0.020473718643188477 715 203 802 277
face 0.02025464177131653 715 203 802 277
face 0.019857436418533325 715 203 802 277
face 0.019544392824172974 715 203 802 277
face 0.019074469804763794 715 203 802 277
face 0.019037902355194092 715 203 802 277
face 0.01876986026763916 715 203 802 277
face 0.01876881718635559 715 203 802 277
face 0.018750637769699097 715 203 802 277
face 0.018682926893234253 715 203 802 277
face 0.01863384246826172 715 203 802 277
face 0.018161028623580933 715 203 802 277
face 0.017277956008911133 715 203 802 277
face 0.017096996307373047 715 203 802 277
face 0.01695522665977478 715 203 802 277
face 0.016281604766845703 715 203 802 277
face 0.015840619802474976 715 203 802 277
face 0.015247046947479248 715 203 802 277
face 0.014769256114959717 715 203 802 277
face 0.014479845762252808 715 203 802 277
face 0.014459341764450073 715 203 802 277
face 0.014235228300094604 715 203 802 277
face 0.014089971780776978 715 203 802 277
face 0.013844966888427734 715 203 802 277
face 0.013475745916366577 715 203 802 277
face 0.013301044702529907 715 203 802 277
face 0.013246417045593262 715 203 802 277
face 0.013218522071838379 715 203 802 277
face 0.01307627558708191 715 203 802 277
face 0.013000130653381348 715 203 802 277
face 0.012891054153442383 715 203 802 277
face 0.012856483459472656 715 203 802 277
face 0.012782305479049683 715 203 802 277
face 0.012726575136184692 715 203 802 277
face 0.01264655590057373 715 203 802 277
face 0.012474864721298218 715 203 802 277
face 0.012328684329986572 715 203 802 277
face 0.01232251524925232 715 203 802 277
face 0.01202419400215149 715 203 802 277
face 0.011998891830444336 715 203 802 277
face 0.011387348175048828 715 203 802 277
face 0.011026591062545776 715 203 802 277
face 0.010899662971496582 715 203 802 277
face 0.01086929440498352 715 203 802 277
face 0.010426908731460571 715 203 802 277
face 0.010267943143844604 715 203 802 277
face 0.009954065084457397 715 203 802 277
face 0.009911000728607178 715 203 802 277
face 0.009859442710876465 715 203 802 277
face 0.009792327880859375 715 203 802 277
face 0.00972527265548706 715 203 802 277
face 0.009704679250717163 715 203 802 277
face 0.00970083475112915 715 203 802 277
face 0.009653687477111816 715 203 802 277
face 0.009494662284851074 715 203 802 277
face 0.009337127208709717 715 203 802 277
face 0.009245514869689941 715 203 802 277
face 0.009230852127075195 715 203 802 277
face 0.009230315685272217 715 203 802 277
face 0.009138435125350952 715 203 802 277
face 0.008928686380386353 715 203 802 277
face 0.008891463279724121 715 203 802 277
face 0.008747100830078125 715 203 802 277
face 0.00871819257736206 715 203 802 277
face 0.008710384368896484 715 203 802 277
face 0.008665233850479126 715 203 802 277
face 0.008659660816192627 715 203 802 277
face 0.00856870412826538 715 203 802 277
face 0.008561164140701294 715 203 802 277
face 0.008538812398910522 715 203 802 277
face 0.008283436298370361 715 203 802 277
face 0.008147001266479492 715 203 802 277
face 0.008130252361297607 715 203 802 277
