face 0.9927937984466553 869 431 902 486
face 0.985873281955719 449 415 471 447
face 0.9701086282730103 656 445 681 489
face 0.9609049558639526 773 425 792 448
face 0.9598556756973267 527 395 557 443
face 0.9120192527770996 399 433 426 469
face 0.7789590358734131 222 411 246 456
face 0.4864666759967804 222 411 246 456
face 0.38420456647872925 222 411 246 456
face 0.19080284237861633 222 411 246 456
face 0.16528087854385376 222 411 246 456
face 0.15124434232711792 222 411 246 456
face 0.13522881269454956 222 411 246 456
face 0.13415667414665222 222 411 246 456
face 0.11363458633422852 222 411 246 456
face 0.10681009292602539 222 411 246 456
face 0.09977731108665466 222 411 246 456
face 0.09497895836830139 222 411 246 456
face 0.09297886490821838 222 411 246 456
face 0.0890302062034607 222 411 246 456
face 0.0874563455581665 222 411 246 456
face 0.08585590124130249 222 411 246 456
face 0.08193972706794739 222 411 246 456
face 0.08161789178848267 222 411 246 456
face 0.0715879499912262 222 411 246 456
face 0.07081529498100281 222 411 246 456
face 0.06876587867736816 222 411 246 456
face 0.06705784797668457 222 411 246 456
face 0.06593477725982666 222 411 246 456
face 0.056725114583969116 222 411 246 456
face 0.04742744565010071 222 411 246 456
face 0.04715147614479065 222 411 246 456
face 0.04713079333305359 222 411 246 456
face 0.04538238048553467 222 411 246 456
face 0.03974747657775879 222 411 246 456
face 0.0370689332485199 222 411 246 456
face 0.03705418109893799 222 411 246 456
face 0.03703761100769043 222 411 246 456
face 0.03472009301185608 222 411 246 456
face 0.034150779247283936 222 411 246 456
face 0.03319591283798218 222 411 246 456
face 0.03306537866592407 222 411 246 456
face 0.03186154365539551 222 411 246 456
face 0.03176611661911011 222 411 246 456
face 0.028518706560134888 222 411 246 456
face 0.026935815811157227 222 411 246 456
face 0.026417285203933716 222 411 246 456
face 0.025601059198379517 222 411 246 456
face 0.025363802909851074 222 411 246 456
face 0.024560242891311646 222 411 246 456
face 0.024190515279769897 222 411 246 456
face 0.024144291877746582 222 411 246 456
face 0.023253202438354492 222 411 246 456
face 0.02295774221420288 222 411 246 456
face 0.022770822048187256 222 411 246 456
face 0.022551923990249634 222 411 246 456
face 0.02226737141609192 222 411 246 456
face 0.02223581075668335 222 411 246 456
face 0.022185146808624268 222 411 246 456
face 0.021685928106307983 222 411 246 456
face 0.02151063084602356 222 411 246 456
face 0.021304547786712646 222 411 246 456
face 0.020710647106170654 222 411 246 456
face 0.02063387632369995 222 411 246 456
face 0.02033218741416931 222 411 246 456
face 0.02031421661376953 222 411 246 456
face 0.02013447880744934 222 411 246 456
face 0.020114988088607788 222 411 246 456
face 0.01955437660217285 222 411 246 456
face 0.01910191774368286 222 411 246 456
face 0.018738210201263428 222 411 246 456
face 0.018658816814422607 222 411 246 456
face 0.01847943663597107 222 411 246 456
face 0.01804015040397644 222 411 246 456
face 0.01720544695854187 222 411 246 456
face 0.017026007175445557 222 411 246 456
face 0.017022371292114258 222 411 246 456
face 0.016959339380264282 222 411 246 456
face 0.01690775156021118 222 411 246 456
face 0.016772598028182983 222 411 246 456
face 0.016740351915359497 222 411 246 456
face 0.01625269651412964 222 411 246 456
face 0.015914827585220337 222 411 246 456
face 0.01577460765838623 222 411 246 456
face 0.01556822657585144 222 411 246 456
face 0.015398234128952026 222 411 246 456
face 0.015273630619049072 222 411 246 456
face 0.015231043100357056 222 411 246 456
face 0.015195310115814209 222 411 246 456
face 0.014959871768951416 222 411 246 456
face 0.014789700508117676 222 411 246 456
face 0.014554738998413086 222 411 246 456
face 0.014537394046783447 222 411 246 456
face 0.014489680528640747 222 411 246 456
face 0.014450132846832275 222 411 246 456
face 0.01442681159824133 222 411 246 456
face 0.014111995697021484 222 411 246 456
face 0.01385951042175293 222 411 246 456
face 0.012903928756713867 222 411 246 456
face 0.012805044651031494 222 411 246 456
