face 0.9721773862838745 498 78 525 119
face 0.9310216903686523 297 14 357 97
face 0.9107804298400879 167 82 190 110
face 0.9101077318191528 779 15 848 105
face 0.8263033628463745 5 50 30 91
face 0.8175463080406189 952 120 987 166
face 0.603225588798523 377 94 406 131
face 0.584361732006073 120 62 140 93
face 0.24882236123085022 120 62 140 93
face 0.206403911113739 120 62 140 93
face 0.158656507730484 120 62 140 93
face 0.14133936166763306 120 62 140 93
face 0.131108820438385 120 62 140 93
face 0.11461547017097473 120 62 140 93
face 0.10147538781166077 120 62 140 93
face 0.09453791379928589 120 62 140 93
face 0.05523309111595154 120 62 140 93
face 0.05180838704109192 120 62 140 93
face 0.05006766319274902 120 62 140 93
face 0.041204214096069336 120 62 140 93
face 0.040442466735839844 120 62 140 93
face 0.033843785524368286 120 62 140 93
face 0.02843296527862549 120 62 140 93
face 0.02017301321029663 120 62 140 93
face 0.019740551710128784 120 62 140 93
face 0.019264817237854004 120 62 140 93
face 0.01806911826133728 120 62 140 93
face 0.01758316159248352 120 62 140 93
face 0.01469278335571289 120 62 140 93
face 0.01466745138168335 120 62 140 93
face 0.014607161283493042 120 62 140 93
face 0.013796389102935791 120 62 140 93
face 0.012808084487915039 120 62 140 93
face 0.011932373046875 120 62 140 93
face 0.011834859848022461 120 62 140 93
face 0.011537492275238037 120 62 140 93
face 0.011323511600494385 120 62 140 93
face 0.010668516159057617 120 62 140 93
face 0.010512173175811768 120 62 140 93
face 0.010333746671676636 120 62 140 93
face 0.008708178997039795 120 62 140 93
face 0.008524715900421143 120 62 140 93
face 0.007983088493347168 120 62 140 93
face 0.007662683725357056 120 62 140 93
face 0.00707012414932251 120 62 140 93
face 0.006738722324371338 120 62 140 93
face 0.006583988666534424 120 62 140 93
face 0.0064125657081604 120 62 140 93
face 0.006205886602401733 120 62 140 93
face 0.006087929010391235 120 62 140 93
face 0.00604093074798584 120 62 140 93
face 0.005950987339019775 120 62 140 93
face 0.005919039249420166 120 62 140 93
face 0.005699068307876587 120 62 140 93
face 0.005624592304229736 120 62 140 93
face 0.005505204200744629 120 62 140 93
face 0.005459815263748169 120 62 140 93
face 0.005423784255981445 120 62 140 93
face 0.005164623260498047 120 62 140 93
face 0.005110055208206177 120 62 140 93
face 0.0050851404666900635 120 62 140 93
face 0.005054742097854614 120 62 140 93
face 0.004894644021987915 120 62 140 93
face 0.004870682954788208 120 62 140 93
face 0.004720747470855713 120 62 140 93
face 0.004430264234542847 120 62 140 93
face 0.004271864891052246 120 62 140 93
face 0.004254519939422607 120 62 140 93
face 0.004251748323440552 120 62 140 93
face 0.004243642091751099 120 62 140 93
face 0.004079461097717285 120 62 140 93
face 0.003985345363616943 120 62 140 93
face 0.0039514899253845215 120 62 140 93
face 0.0037953853607177734 120 62 140 93
face 0.003685295581817627 120 62 140 93
face 0.0035854578018188477 120 62 140 93
face 0.003506004810333252 120 62 140 93
face 0.003473639488220215 120 62 140 93
face 0.0034245848655700684 120 62 140 93
face 0.0033480823040008545 120 62 140 93
face 0.0032836198806762695 120 62 140 93
face 0.0032829642295837402 120 62 140 93
face 0.003269016742706299 120 62 140 93
face 0.0032618045806884766 120 62 140 93
face 0.0032179951667785645 120 62 140 93
face 0.003212273120880127 120 62 140 93
face 0.003169924020767212 120 62 140 93
face 0.003164827823638916 120 62 140 93
face 0.003136962652206421 120 62 140 93
face 0.003131359815597534 120 62 140 93
face 0.003092855215072632 120 62 140 93
face 0.0030180513858795166 120 62 140 93
face 0.0030008256435394287 120 62 140 93
face 0.0029513537883758545 120 62 140 93
face 0.002911686897277832 120 62 140 93
face 0.002879798412322998 120 62 140 93
face 0.0028664469718933105 120 62 140 93
face 0.0027724504470825195 120 62 140 93
face 0.0027502477169036865 120 62 140 93
face 0.0027146339416503906 120 62 140 93
