face 0.9973015189170837 202 88 266 171
face 0.9971946477890015 408 157 518 294
face 0.9906189441680908 334 95 377 153
face 0.8971980214118958 595 205 643 273
face 0.8705112338066101 271 73 312 130
face 0.714169442653656 581 109 627 174
face 0.4653244614601135 581 109 627 174
face 0.24164137244224548 581 109 627 174
face 0.0836879312992096 581 109 627 174
face 0.07451561093330383 581 109 627 174
face 0.06747734546661377 581 109 627 174
face 0.05739659070968628 581 109 627 174
face 0.013061732053756714 581 109 627 174
face 0.012150436639785767 581 109 627 174
face 0.011857420206069946 581 109 627 174
face 0.01042988896369934 581 109 627 174
face 0.009818822145462036 581 109 627 174
face 0.009768247604370117 581 109 627 174
face 0.009266793727874756 581 109 627 174
face 0.00857284665107727 581 109 627 174
face 0.008334875106811523 581 109 627 174
face 0.008104503154754639 581 109 627 174
face 0.007634192705154419 581 109 627 174
face 0.0075629353523254395 581 109 627 174
face 0.007545262575149536 581 109 627 174
face 0.007504254579544067 581 109 627 174
face 0.00695490837097168 581 109 627 174
face 0.006465792655944824 581 109 627 174
face 0.005764096975326538 581 109 627 174
face 0.005732834339141846 581 109 627 174
face 0.005649775266647339 581 109 627 174
face 0.005624681711196899 581 109 627 174
face 0.005603402853012085 581 109 627 174
face 0.005068719387054443 581 109 627 174
face 0.004846632480621338 581 109 627 174
face 0.004557520151138306 581 109 627 174
face 0.004539936780929565 581 109 627 174
face 0.004510730504989624 581 109 627 174
face 0.004448235034942627 581 109 627 174
face 0.004312574863433838 581 109 627 174
face 0.004262834787368774 581 109 627 174
face 0.004190236330032349 581 109 627 174
face 0.004113733768463135 581 109 627 174
face 0.0039052069187164307 581 109 627 174
face 0.0038363635540008545 581 109 627 174
face 0.0037799179553985596 581 109 627 174
face 0.003716111183166504 581 109 627 174
face 0.0035413801670074463 581 109 627 174
face 0.003498584032058716 581 109 627 174
face 0.0034469962120056152 581 109 627 174
face 0.0034401118755340576 581 109 627 174
face 0.003365069627761841 581 109 627 174
face 0.0033621490001678467 581 109 627 174
face 0.003357529640197754 581 109 627 174
face 0.0032428205013275146 581 109 627 174
face 0.003224104642868042 581 109 627 174
face 0.0032224953174591064 581 109 627 174
face 0.003154933452606201 581 109 627 174
face 0.003154277801513672 581 109 627 174
face 0.0031270384788513184 581 109 627 174
face 0.0030305683612823486 581 109 627 174
face 0.003022909164428711 581 109 627 174
face 0.002982199192047119 581 109 627 174
face 0.0029679536819458008 581 109 627 174
face 0.00292167067527771 581 109 627 174
face 0.0029150843620300293 581 109 627 174
face 0.0028912127017974854 581 109 627 174
face 0.002885490655899048 581 109 627 174
face 0.0028522908687591553 581 109 627 174
face 0.0027853548526763916 581 109 627 174
face 0.0027684271335601807 581 109 627 174
face 0.0027359426021575928 581 109 627 174
face 0.002712249755859375 581 109 627 174
face 0.0027054250240325928 581 109 627 174
face 0.0026882588863372803 581 109 627 174
face 0.0026519596576690674 581 109 627 174
face 0.0026514530181884766 581 109 627 174
face 0.0026117265224456787 581 109 627 174
face 0.002584218978881836 581 109 627 174
face 0.0025632083415985107 581 109 627 174
face 0.0025181174278259277 581 109 627 174
face 0.002493530511856079 581 109 627 174
face 0.002407252788543701 581 109 627 174
face 0.00239485502243042 581 109 627 174
face 0.0023917555809020996 581 109 627 174
face 0.002324014902114868 581 109 627 174
face 0.0023198723793029785 581 109 627 174
face 0.0022858381271362305 581 109 627 174
face 0.002274423837661743 581 109 627 174
face 0.002274423837661743 581 109 627 174
face 0.002252727746963501 581 109 627 174
face 0.002249419689178467 581 109 627 174
face 0.002246469259262085 581 109 627 174
face 0.0022384226322174072 581 109 627 174
face 0.0022286176681518555 581 109 627 174
face 0.002216517925262451 581 109 627 174
face 0.0022076964378356934 581 109 627 174
face 0.0022034645080566406 581 109 627 174
face 0.0021963119506835938 581 109 627 174
face 0.0021960437297821045 581 109 627 174
