face 0.8941338062286377 451 295 645 541
face 0.05306002497673035 451 295 645 541
face 0.03677159547805786 451 295 645 541
face 0.030256837606430054 451 295 645 541
face 0.02887064218521118 451 295 645 541
face 0.027948737144470215 451 295 645 541
face 0.0255182683467865 451 295 645 541
face 0.02395617961883545 451 295 645 541
face 0.02378988265991211 451 295 645 541
face 0.02339690923690796 451 295 645 541
face 0.02134564518928528 451 295 645 541
face 0.020869076251983643 451 295 645 541
face 0.020271092653274536 451 295 645 541
face 0.019752681255340576 451 295 645 541
face 0.018634110689163208 451 295 645 541
face 0.01815885305404663 451 295 645 541
face 0.018064439296722412 451 295 645 541
face 0.01778489351272583 451 295 645 541
face 0.016610652208328247 451 295 645 541
face 0.016506075859069824 451 295 645 541
face 0.016397595405578613 451 295 645 541
face 0.01612105965614319 451 295 645 541
face 0.015655577182769775 451 295 645 541
face 0.01533740758895874 451 295 645 541
face 0.01521793007850647 451 295 645 541
face 0.01516813039779663 451 295 645 541
face 0.015167832374572754 451 295 645 541
face 0.015132635831832886 451 295 645 541
face 0.014970272779464722 451 295 645 541
face 0.014907270669937134 451 295 645 541
face 0.014652013778686523 451 295 645 541
face 0.014627695083618164 451 295 645 541
face 0.014509081840515137 451 295 645 541
face 0.01429218053817749 451 295 645 541
face 0.014234423637390137 451 295 645 541
face 0.01343950629234314 451 295 645 541
face 0.013051539659500122 451 295 645 541
face 0.013034999370574951 451 295 645 541
face 0.01289832592010498 451 295 645 541
face 0.012866795063018799 451 295 645 541
face 0.012777447700500488 451 295 645 541
face 0.01273643970489502 451 295 645 541
face 0.012133240699768066 451 295 645 541
face 0.012015312910079956 451 295 645 541
face 0.011995047330856323 451 295 645 541
face 0.01196599006652832 451 295 645 541
face 0.01191452145576477 451 295 645 541
face 0.0118216872215271 451 295 645 541
face 0.011754840612411499 451 295 645 541
face 0.011642396450042725 451 295 645 541
face 0.011503636837005615 451 295 645 541
face 0.011221617460250854 451 295 645 541
face 0.011205285787582397 451 295 645 541
face 0.01106351613998413 451 295 645 541
face 0.01098737120628357 451 295 645 541
face 0.01081821322441101 451 295 645 541
face 0.010728657245635986 451 295 645 541
face 0.010712742805480957 451 295 645 541
face 0.010668367147445679 451 295 645 541
face 0.010478228330612183 451 295 645 541
face 0.010402977466583252 451 295 645 541
face 0.010292768478393555 451 295 645 541
face 0.010132282972335815 451 295 645 541
face 0.010081082582473755 451 295 645 541
face 0.010023057460784912 451 295 645 541
face 0.009986639022827148 451 295 645 541
face 0.00988095998764038 451 295 645 541
face 0.009733349084854126 451 295 645 541
face 0.009589016437530518 451 295 645 541
face 0.009574919939041138 451 295 645 541
face 0.009552836418151855 451 295 645 541
face 0.009530305862426758 451 295 645 541
face 0.009443670511245728 451 295 645 541
face 0.009441137313842773 451 295 645 541
face 0.009378433227539062 451 295 645 541
face 0.00931665301322937 451 295 645 541
face 0.00922936201095581 451 295 645 541
face 0.009213656187057495 451 295 645 541
face 0.008969724178314209 451 295 645 541
face 0.008953630924224854 451 295 645 541
face 0.008881986141204834 451 295 645 541
face 0.008731663227081299 451 295 645 541
face 0.008710652589797974 451 295 645 541
face 0.008701503276824951 451 295 645 541
face 0.00867319107055664 451 295 645 541
face 0.008408069610595703 451 295 645 541
face 0.00833156704902649 451 295 645 541
face 0.00830426812171936 451 295 645 541
face 0.008294373750686646 451 295 645 541
face 0.008219510316848755 451 295 645 541
face 0.008105188608169556 451 295 645 541
face 0.008091568946838379 451 295 645 541
face 0.008056670427322388 451 295 645 541
face 0.008022397756576538 451 295 645 541
face 0.007965415716171265 451 295 645 541
face 0.007961064577102661 451 295 645 541
face 0.007811248302459717 451 295 645 541
face 0.007791638374328613 451 295 645 541
face 0.00778508186340332 451 295 645 541
face 0.0076865553855896 451 295 645 541
