face 0.9619373083114624 595 335 772 539
face 0.04524719715118408 595 335 772 539
face 0.030492007732391357 595 335 772 539
face 0.029316335916519165 595 335 772 539
face 0.028174251317977905 595 335 772 539
face 0.02689504623413086 595 335 772 539
face 0.025777965784072876 595 335 772 539
face 0.022604048252105713 595 335 772 539
face 0.020552128553390503 595 335 772 539
face 0.020216286182403564 595 335 772 539
face 0.019161134958267212 595 335 772 539
face 0.017377138137817383 595 335 772 539
face 0.01730385422706604 595 335 772 539
face 0.017303049564361572 595 335 772 539
face 0.01721709966659546 595 335 772 539
face 0.016413122415542603 595 335 772 539
face 0.015889734029769897 595 335 772 539
face 0.015710055828094482 595 335 772 539
face 0.015393853187561035 595 335 772 539
face 0.015363335609436035 595 335 772 539
face 0.015021711587905884 595 335 772 539
face 0.01481252908706665 595 335 772 539
face 0.014807969331741333 595 335 772 539
face 0.014763504266738892 595 335 772 539
face 0.014605462551116943 595 335 772 539
face 0.014300286769866943 595 335 772 539
face 0.014228403568267822 595 335 772 539
face 0.012991905212402344 595 335 772 539
face 0.012883156538009644 595 335 772 539
face 0.012749999761581421 595 335 772 539
face 0.012739419937133789 595 335 772 539
face 0.012599945068359375 595 335 772 539
face 0.012561380863189697 595 335 772 539
face 0.012528926134109497 595 335 772 539
face 0.012353599071502686 595 335 772 539
face 0.012322694063186646 595 335 772 539
face 0.012125849723815918 595 335 772 539
face 0.011971533298492432 595 335 772 539
face 0.01192772388458252 595 335 772 539
face 0.011905878782272339 595 335 772 539
face 0.011787980794906616 595 335 772 539
face 0.011577188968658447 595 335 772 539
face 0.011480778455734253 595 335 772 539
face 0.011262118816375732 595 335 772 539
face 0.01111188530921936 595 335 772 539
face 0.010425865650177002 595 335 772 539
face 0.010218173265457153 595 335 772 539
face 0.00984981656074524 595 335 772 539
face 0.009752333164215088 595 335 772 539
face 0.009724527597427368 595 335 772 539
face 0.00972074270248413 595 335 772 539
face 0.009567171335220337 595 335 772 539
face 0.009551405906677246 595 335 772 539
face 0.009412646293640137 595 335 772 539
face 0.00927695631980896 595 335 772 539
face 0.009259402751922607 595 335 772 539
face 0.00918877124786377 595 335 772 539
face 0.00918799638748169 595 335 772 539
face 0.009160727262496948 595 335 772 539
face 0.009149760007858276 595 335 772 539
face 0.009116053581237793 595 335 772 539
face 0.009057551622390747 595 335 772 539
face 0.00900241732597351 595 335 772 539
face 0.0089779794216156 595 335 772 539
face 0.008952170610427856 595 335 772 539
face 0.008917570114135742 595 335 772 539
face 0.008902400732040405 595 335 772 539
face 0.008893072605133057 595 335 772 539
face 0.008846014738082886 595 335 772 539
face 0.008815854787826538 595 335 772 539
face 0.008704215288162231 595 335 772 539
face 0.00861656665802002 595 335 772 539
face 0.008567363023757935 595 335 772 539
face 0.008439749479293823 595 335 772 539
face 0.008385568857192993 595 335 772 539
face 0.008384853601455688 595 335 772 539
face 0.00837796926498413 595 335 772 539
face 0.008343040943145752 595 335 772 539
face 0.008214443922042847 595 335 772 539
face 0.008100330829620361 595 335 772 539
face 0.008099079132080078 595 335 772 539
face 0.008025646209716797 595 335 772 539
face 0.008020162582397461 595 335 772 539
face 0.007988572120666504 595 335 772 539
face 0.007954329252243042 595 335 772 539
face 0.007859110832214355 595 335 772 539
face 0.007854878902435303 595 335 772 539
face 0.00784030556678772 595 335 772 539
face 0.007779747247695923 595 335 772 539
face 0.0076446533203125 595 335 772 539
face 0.0076187849044799805 595 335 772 539
face 0.007496923208236694 595 335 772 539
face 0.0074890851974487305 595 335 772 539
face 0.007419615983963013 595 335 772 539
face 0.0073573291301727295 595 335 772 539
face 0.007247895002365112 595 335 772 539
face 0.0071784257888793945 595 335 772 539
face 0.007176488637924194 595 335 772 539
face 0.007155627012252808 595 335 772 539
face 0.0071086585521698 595 335 772 539
