face 0.8613030314445496 487 157 584 313
face 0.06025919318199158 487 157 584 313
face 0.03934571146965027 487 157 584 313
face 0.038116246461868286 487 157 584 313
face 0.03657272458076477 487 157 584 313
face 0.03291970491409302 487 157 584 313
face 0.032209575176239014 487 157 584 313
face 0.02302306890487671 487 157 584 313
face 0.021380573511123657 487 157 584 313
face 0.01941576600074768 487 157 584 313
face 0.015691369771957397 487 157 584 313
face 0.01563611626625061 487 157 584 313
face 0.015319377183914185 487 157 584 313
face 0.01525697112083435 487 157 584 313
face 0.014252573251724243 487 157 584 313
face 0.013531386852264404 487 157 584 313
face 0.012513428926467896 487 157 584 313
face 0.011977463960647583 487 157 584 313
face 0.011020362377166748 487 157 584 313
face 0.010256290435791016 487 157 584 313
face 0.01019623875617981 487 157 584 313
face 0.008591771125793457 487 157 584 313
face 0.008049428462982178 487 157 584 313
face 0.00775870680809021 487 157 584 313
face 0.0071891844272613525 487 157 584 313
face 0.006887167692184448 487 157 584 313
face 0.006859093904495239 487 157 584 313
face 0.0067802369594573975 487 157 584 313
face 0.006761401891708374 487 157 584 313
face 0.0067300498485565186 487 157 584 313
face 0.0066460371017456055 487 157 584 313
face 0.006351590156555176 487 157 584 313
face 0.006194591522216797 487 157 584 313
face 0.005407840013504028 487 157 584 313
face 0.005400806665420532 487 157 584 313
face 0.005364328622817993 487 157 584 313
face 0.005352199077606201 487 157 584 313
face 0.005315452814102173 487 157 584 313
face 0.005314648151397705 487 157 584 313
face 0.005231082439422607 487 157 584 313
face 0.005173772573471069 487 157 584 313
face 0.005165010690689087 487 157 584 313
face 0.0050973594188690186 487 157 584 313
face 0.005019575357437134 487 157 584 313
face 0.0048754215240478516 487 157 584 313
face 0.004855096340179443 487 157 584 313
face 0.004744499921798706 487 157 584 313
face 0.004722267389297485 487 157 584 313
face 0.004709035158157349 487 157 584 313
face 0.004611164331436157 487 157 584 313
face 0.004585236310958862 487 157 584 313
face 0.004580944776535034 487 157 584 313
face 0.004573643207550049 487 157 584 313
face 0.004491746425628662 487 157 584 313
face 0.00441393256187439 487 157 584 313
face 0.004401594400405884 487 157 584 313
face 0.004398822784423828 487 157 584 313
face 0.00429457426071167 487 157 584 313
face 0.0041935741901397705 487 157 584 313
face 0.004071712493896484 487 157 584 313
face 0.00404021143913269 487 157 584 313
face 0.0040257275104522705 487 157 584 313
face 0.004006028175354004 487 157 584 313
face 0.0038647353649139404 487 157 584 313
face 0.0038470327854156494 487 157 584 313
face 0.0038298368453979492 487 157 584 313
face 0.0036700665950775146 487 157 584 313
face 0.003642439842224121 487 157 584 313
face 0.0035167932510375977 487 157 584 313
face 0.003515958786010742 487 157 584 313
face 0.00348818302154541 487 157 584 313
face 0.00346490740776062 487 157 584 313
face 0.0034434497356414795 487 157 584 313
face 0.0034333467483520508 487 157 584 313
face 0.0034165382385253906 487 157 584 313
face 0.0033747851848602295 487 157 584 313
face 0.0033605098724365234 487 157 584 313
face 0.0033504068851470947 487 157 584 313
face 0.0032892227172851562 487 157 584 313
face 0.0032727718353271484 487 157 584 313
face 0.003247767686843872 487 157 584 313
face 0.003239542245864868 487 157 584 313
face 0.003236442804336548 487 157 584 313
face 0.003216981887817383 487 157 584 313
face 0.0031856000423431396 487 157 584 313
face 0.003184884786605835 487 157 584 313
face 0.0031367242336273193 487 157 584 313
face 0.003132641315460205 487 157 584 313
face 0.0031045377254486084 487 157 584 313
face 0.0031010210514068604 487 157 584 313
face 0.003083467483520508 487 157 584 313
face 0.003068983554840088 487 157 584 313
face 0.003058314323425293 487 157 584 313
face 0.003039926290512085 487 157 584 313
face 0.0030220448970794678 487 157 584 313
face 0.002928704023361206 487 157 584 313
face 0.0028770864009857178 487 157 584 313
face 0.0028730034828186035 487 157 584 313
face 0.0028319954872131348 487 157 584 313
face 0.0027824342250823975 487 157 584 313
