face 0.7850164771080017 223 19 341 174
face 0.06071469187736511 223 19 341 174
face 0.04722326993942261 223 19 341 174
face 0.04345977306365967 223 19 341 174
face 0.03924983739852905 223 19 341 174
face 0.03219965100288391 223 19 341 174
face 0.03085005283355713 223 19 341 174
face 0.03010934591293335 223 19 341 174
face 0.029922962188720703 223 19 341 174
face 0.029170244932174683 223 19 341 174
face 0.029147237539291382 223 19 341 174
face 0.026172608137130737 223 19 341 174
face 0.025131911039352417 223 19 341 174
face 0.024549007415771484 223 19 341 174
face 0.023761481046676636 223 19 341 174
face 0.022831320762634277 223 19 341 174
face 0.02179098129272461 223 19 341 174
face 0.021371692419052124 223 19 341 174
face 0.02126893401145935 223 19 341 174
face 0.02082115411758423 223 19 341 174
face 0.020481646060943604 223 19 341 174
face 0.020145893096923828 223 19 341 174
face 0.01869809627532959 223 19 341 174
face 0.018224328756332397 223 19 341 174
face 0.01791757345199585 223 19 341 174
face 0.01668870449066162 223 19 341 174
face 0.015897095203399658 223 19 341 174
face 0.015838712453842163 223 19 341 174
face 0.015749245882034302 223 19 341 174
face 0.015026837587356567 223 19 341 174
face 0.01463407278060913 223 19 341 174
face 0.014391422271728516 223 19 341 174
face 0.014390915632247925 223 19 341 174
face 0.012600928544998169 223 19 341 174
face 0.012519478797912598 223 19 341 174
face 0.01218518614768982 223 19 341 174
face 0.011917680501937866 223 19 341 174
face 0.0118635892868042 223 19 341 174
face 0.011736869812011719 223 19 341 174
face 0.011362731456756592 223 19 341 174
face 0.011350125074386597 223 19 341 174
face 0.011160314083099365 223 19 341 174
face 0.011034369468688965 223 19 341 174
face 0.010836869478225708 223 19 341 174
face 0.01073145866394043 223 19 341 174
face 0.010371565818786621 223 19 341 174
face 0.010008245706558228 223 19 341 174
face 0.009846329689025879 223 19 341 174
face 0.009806662797927856 223 19 341 174
face 0.00969076156616211 223 19 341 174
face 0.009593814611434937 223 19 341 174
face 0.009387850761413574 223 19 341 174
face 0.00931963324546814 223 19 341 174
face 0.009286820888519287 223 19 341 174
face 0.009269356727600098 223 19 341 174
face 0.009240865707397461 223 19 341 174
face 0.009135395288467407 223 19 341 174
face 0.009012997150421143 223 19 341 174
face 0.008760184049606323 223 19 341 174
face 0.008662968873977661 223 19 341 174
face 0.008642107248306274 223 19 341 174
face 0.008604675531387329 223 19 341 174
face 0.00855204463005066 223 19 341 174
face 0.008533447980880737 223 19 341 174
face 0.008075684309005737 223 19 341 174
face 0.008052855730056763 223 19 341 174
face 0.00804474949836731 223 19 341 174
face 0.007958531379699707 223 19 341 174
face 0.007884323596954346 223 19 341 174
face 0.00787082314491272 223 19 341 174
face 0.007790625095367432 223 19 341 174
face 0.007744312286376953 223 19 341 174
face 0.007720768451690674 223 19 341 174
face 0.007718414068222046 223 19 341 174
face 0.007638037204742432 223 19 341 174
face 0.007622778415679932 223 19 341 174
face 0.00756266713142395 223 19 341 174
face 0.007477492094039917 223 19 341 174
face 0.0074770450592041016 223 19 341 174
face 0.007435321807861328 223 19 341 174
face 0.007369130849838257 223 19 341 174
face 0.0072362422943115234 223 19 341 174
face 0.006949335336685181 223 19 341 174
face 0.0069443583488464355 223 19 341 174
face 0.0068891048431396484 223 19 341 174
face 0.006882458925247192 223 19 341 174
face 0.006862014532089233 223 19 341 174
face 0.006847679615020752 223 19 341 174
face 0.006841689348220825 223 19 341 174
face 0.006776154041290283 223 19 341 174
face 0.006763935089111328 223 19 341 174
face 0.006761610507965088 223 19 341 174
face 0.006723970174789429 223 19 341 174
face 0.00672382116317749 223 19 341 174
face 0.006713122129440308 223 19 341 174
face 0.006689399480819702 223 19 341 174
face 0.006648719310760498 223 19 341 174
face 0.0066127777099609375 223 19 341 174
face 0.006528228521347046 223 19 341 174
face 0.006498903036117554 223 19 341 174
