face 0.8722048997879028 545 73 682 284
face 0.027345985174179077 545 73 682 284
face 0.023846209049224854 545 73 682 284
face 0.023829758167266846 545 73 682 284
face 0.02089753746986389 545 73 682 284
face 0.018618494272232056 545 73 682 284
face 0.015220820903778076 545 73 682 284
face 0.013677030801773071 545 73 682 284
face 0.013540506362915039 545 73 682 284
face 0.01319742202758789 545 73 682 284
face 0.012870073318481445 545 73 682 284
face 0.01245105266571045 545 73 682 284
face 0.012237787246704102 545 73 682 284
face 0.012044727802276611 545 73 682 284
face 0.012041628360748291 545 73 682 284
face 0.011999756097793579 545 73 682 284
face 0.011216282844543457 545 73 682 284
face 0.010868877172470093 545 73 682 284
face 0.010686665773391724 545 73 682 284
face 0.010566890239715576 545 73 682 284
face 0.010430604219436646 545 73 682 284
face 0.010303974151611328 545 73 682 284
face 0.010104149580001831 545 73 682 284
face 0.009807080030441284 545 73 682 284
face 0.009759753942489624 545 73 682 284
face 0.009376764297485352 545 73 682 284
face 0.00925096869468689 545 73 682 284
face 0.009045690298080444 545 73 682 284
face 0.009026199579238892 545 73 682 284
face 0.008973300457000732 545 73 682 284
face 0.00872272253036499 545 73 682 284
face 0.008603006601333618 545 73 682 284
face 0.008554250001907349 545 73 682 284
face 0.008542090654373169 545 73 682 284
face 0.00840538740158081 545 73 682 284
face 0.007990449666976929 545 73 682 284
face 0.007962644100189209 545 73 682 284
face 0.007928192615509033 545 73 682 284
face 0.007795244455337524 545 73 682 284
face 0.007398664951324463 545 73 682 284
face 0.007202357053756714 545 73 682 284
face 0.007100194692611694 545 73 682 284
face 0.007066100835800171 545 73 682 284
face 0.007039785385131836 545 73 682 284
face 0.007030069828033447 545 73 682 284
face 0.006951838731765747 545 73 682 284
face 0.006809026002883911 545 73 682 284
face 0.006660431623458862 545 73 682 284
face 0.006634324789047241 545 73 682 284
face 0.006589114665985107 545 73 682 284
face 0.006573021411895752 545 73 682 284
face 0.006544739007949829 545 73 682 284
face 0.006472468376159668 545 73 682 284
face 0.0064544677734375 545 73 682 284
face 0.006409734487533569 545 73 682 284
face 0.006397902965545654 545 73 682 284
face 0.006373465061187744 545 73 682 284
face 0.006359785795211792 545 73 682 284
face 0.0063266754150390625 545 73 682 284
face 0.006239712238311768 545 73 682 284
face 0.006115436553955078 545 73 682 284
face 0.00610843300819397 545 73 682 284
face 0.006072193384170532 545 73 682 284
face 0.006018102169036865 545 73 682 284
face 0.005967766046524048 545 73 682 284
face 0.00582006573677063 545 73 682 284
face 0.005807161331176758 545 73 682 284
face 0.0057981014251708984 545 73 682 284
face 0.005794823169708252 545 73 682 284
face 0.0057373046875 545 73 682 284
face 0.005670636892318726 545 73 682 284
face 0.005666822195053101 545 73 682 284
face 0.005605518817901611 545 73 682 284
face 0.005505353212356567 545 73 682 284
face 0.005486994981765747 545 73 682 284
face 0.005477607250213623 545 73 682 284
face 0.005450904369354248 545 73 682 284
face 0.0054503679275512695 545 73 682 284
face 0.005427539348602295 545 73 682 284
face 0.005418628454208374 545 73 682 284
face 0.005411475896835327 545 73 682 284
face 0.005296528339385986 545 73 682 284
face 0.005292773246765137 545 73 682 284
face 0.005280822515487671 545 73 682 284
face 0.005267202854156494 545 73 682 284
face 0.005261331796646118 545 73 682 284
face 0.00524061918258667 545 73 682 284
face 0.005216479301452637 545 73 682 284
face 0.005188047885894775 545 73 682 284
face 0.005142480134963989 545 73 682 284
face 0.005101919174194336 545 73 682 284
face 0.0050806403160095215 545 73 682 284
face 0.005073040723800659 545 73 682 284
face 0.004992097616195679 545 73 682 284
face 0.004982739686965942 545 73 682 284
face 0.004971712827682495 545 73 682 284
face 0.004950761795043945 545 73 682 284
face 0.004870474338531494 545 73 682 284
face 0.004720419645309448 545 73 682 284
face 0.004719942808151245 545 73 682 284
