face 0.5144257545471191 361 91 490 243
face 0.12910327315330505 361 91 490 243
face 0.11108085513114929 361 91 490 243
face 0.02838653326034546 361 91 490 243
face 0.028338760137557983 361 91 490 243
face 0.025082111358642578 361 91 490 243
face 0.025074303150177002 361 91 490 243
face 0.02249974012374878 361 91 490 243
face 0.01937425136566162 361 91 490 243
face 0.019040733575820923 361 91 490 243
face 0.01838967204093933 361 91 490 243
face 0.014104366302490234 361 91 490 243
face 0.013956815004348755 361 91 490 243
face 0.01324114203453064 361 91 490 243
face 0.012707352638244629 361 91 490 243
face 0.012591004371643066 361 91 490 243
face 0.01254841685295105 361 91 490 243
face 0.011741220951080322 361 91 490 243
face 0.011708170175552368 361 91 490 243
face 0.011648774147033691 361 91 490 243
face 0.011274009943008423 361 91 490 243
face 0.010927915573120117 361 91 490 243
face 0.010824143886566162 361 91 490 243
face 0.009918957948684692 361 91 490 243
face 0.009859949350357056 361 91 490 243
face 0.00979718565940857 361 91 490 243
face 0.009452342987060547 361 91 490 243
face 0.009025096893310547 361 91 490 243
face 0.00900179147720337 361 91 490 243
face 0.008880466222763062 361 91 490 243
face 0.008865922689437866 361 91 490 243
face 0.008670538663864136 361 91 490 243
face 0.00849074125289917 361 91 490 243
face 0.0084209144115448 361 91 490 243
face 0.008415788412094116 361 91 490 243
face 0.008290708065032959 361 91 490 243
face 0.008186191320419312 361 91 490 243
face 0.008107125759124756 361 91 490 243
face 0.008059769868850708 361 91 490 243
face 0.0078095197677612305 361 91 490 243
face 0.007673978805541992 361 91 490 243
face 0.0075778961181640625 361 91 490 243
face 0.00756150484085083 361 91 490 243
face 0.007487684488296509 361 91 490 243
face 0.00741654634475708 361 91 490 243
face 0.007267504930496216 361 91 490 243
face 0.007204025983810425 361 91 490 243
face 0.0071656107902526855 361 91 490 243
face 0.007086366415023804 361 91 490 243
face 0.006997883319854736 361 91 490 243
face 0.006990402936935425 361 91 490 243
face 0.006945699453353882 361 91 490 243
face 0.00692141056060791 361 91 490 243
face 0.006899654865264893 361 91 490 243
face 0.006652206182479858 361 91 490 243
face 0.006637603044509888 361 91 490 243
face 0.006553024053573608 361 91 490 243
face 0.006160855293273926 361 91 490 243
face 0.006146520376205444 361 91 490 243
face 0.0060804784297943115 361 91 490 243
face 0.0060516297817230225 361 91 490 243
face 0.005988091230392456 361 91 490 243
face 0.005907952785491943 361 91 490 243
face 0.005863785743713379 361 91 490 243
face 0.005773633718490601 361 91 490 243
face 0.005655407905578613 361 91 490 243
face 0.00565001368522644 361 91 490 243
face 0.005537629127502441 361 91 490 243
face 0.005451470613479614 361 91 490 243
face 0.005438476800918579 361 91 490 243
face 0.0053604841232299805 361 91 490 243
face 0.005357235670089722 361 91 490 243
face 0.005340486764907837 361 91 490 243
face 0.005297213792800903 361 91 490 243
face 0.005241572856903076 361 91 490 243
face 0.005206286907196045 361 91 490 243
face 0.005189090967178345 361 91 490 243
face 0.005187660455703735 361 91 490 243
face 0.005171716213226318 361 91 490 243
face 0.005171656608581543 361 91 490 243
face 0.005165308713912964 361 91 490 243
face 0.00515177845954895 361 91 490 243
face 0.00513768196105957 361 91 490 243
face 0.004959821701049805 361 91 490 243
face 0.004924476146697998 361 91 490 243
face 0.004879862070083618 361 91 490 243
face 0.004875451326370239 361 91 490 243
face 0.004850119352340698 361 91 490 243
face 0.00477832555770874 361 91 490 243
face 0.004755258560180664 361 91 490 243
face 0.004631906747817993 361 91 490 243
face 0.004584193229675293 361 91 490 243
face 0.004546523094177246 361 91 490 243
face 0.004534989595413208 361 91 490 243
face 0.004466712474822998 361 91 490 243
face 0.004446953535079956 361 91 490 243
face 0.004442185163497925 361 91 490 243
face 0.004437565803527832 361 91 490 243
face 0.004415333271026611 361 91 490 243
face 0.0043846070766448975 361 91 490 243
