face 0.9966498613357544 438 109 567 293
face 0.9846370816230774 725 220 802 314
face 0.9358921051025391 895 266 934 322
face 0.8332252502441406 993 257 1020 311
face 0.7940928936004639 683 175 719 223
face 0.7706464529037476 49 250 93 352
face 0.7345998883247375 249 175 279 219
face 0.6502259969711304 326 234 362 296
face 0.5542831420898438 915 270 954 329
face 0.5232182741165161 626 259 663 316
face 0.41673433780670166 626 259 663 316
face 0.3739981949329376 626 259 663 316
face 0.37374070286750793 626 259 663 316
face 0.3275598883628845 626 259 663 316
face 0.23570862412452698 626 259 663 316
face 0.23569291830062866 626 259 663 316
face 0.2017405927181244 626 259 663 316
face 0.2015831172466278 626 259 663 316
face 0.1935230791568756 626 259 663 316
face 0.11386469006538391 626 259 663 316
face 0.1094885766506195 626 259 663 316
face 0.09916096925735474 626 259 663 316
face 0.0856923758983612 626 259 663 316
face 0.07882902026176453 626 259 663 316
face 0.07829087972640991 626 259 663 316
face 0.0754442811012268 626 259 663 316
face 0.07196485996246338 626 259 663 316
face 0.05819004774093628 626 259 663 316
face 0.05602100491523743 626 259 663 316
face 0.0476817786693573 626 259 663 316
face 0.044095903635025024 626 259 663 316
face 0.042043834924697876 626 259 663 316
face 0.039147526025772095 626 259 663 316
face 0.03450244665145874 626 259 663 316
face 0.03427290916442871 626 259 663 316
face 0.03197115659713745 626 259 663 316
face 0.0319238007068634 626 259 663 316
face 0.02851814031600952 626 259 663 316
face 0.02851089835166931 626 259 663 316
face 0.0280420184135437 626 259 663 316
face 0.02650928497314453 626 259 663 316
face 0.02461811900138855 626 259 663 316
face 0.02260950207710266 626 259 663 316
face 0.021746695041656494 626 259 663 316
face 0.02091953158378601 626 259 663 316
face 0.020252853631973267 626 259 663 316
face 0.019909530878067017 626 259 663 316
face 0.019767403602600098 626 259 663 316
face 0.019742876291275024 626 259 663 316
face 0.018984347581863403 626 259 663 316
face 0.017544925212860107 626 259 663 316
face 0.017531871795654297 626 259 663 316
face 0.016352534294128418 626 259 663 316
face 0.015547364950180054 626 259 663 316
face 0.01532086730003357 626 259 663 316
face 0.01487356424331665 626 259 663 316
face 0.014176398515701294 626 259 663 316
face 0.013333052396774292 626 259 663 316
face 0.012374848127365112 626 259 663 316
face 0.012294381856918335 626 259 663 316
face 0.011885792016983032 626 259 663 316
face 0.009805798530578613 626 259 663 316
face 0.009385824203491211 626 259 663 316
face 0.008862495422363281 626 259 663 316
face 0.008637756109237671 626 259 663 316
face 0.008529990911483765 626 259 663 316
face 0.00806361436843872 626 259 663 316
face 0.007671564817428589 626 259 663 316
face 0.0075071752071380615 626 259 663 316
face 0.007451087236404419 626 259 663 316
face 0.007445663213729858 626 259 663 316
face 0.007411867380142212 626 259 663 316
face 0.0073368847370147705 626 259 663 316
face 0.007045269012451172 626 259 663 316
face 0.006917625665664673 626 259 663 316
face 0.006834834814071655 626 259 663 316
face 0.0067615509033203125 626 259 663 316
face 0.006701529026031494 626 259 663 316
face 0.006642132997512817 626 259 663 316
face 0.006628960371017456 626 259 663 316
face 0.006532251834869385 626 259 663 316
face 0.0065198540687561035 626 259 663 316
face 0.006453961133956909 626 259 663 316
face 0.0064389705657958984 626 259 663 316
face 0.00638192892074585 626 259 663 316
face 0.006375610828399658 626 259 663 316
face 0.005925565958023071 626 259 663 316
face 0.005924731492996216 626 259 663 316
face 0.005865007638931274 626 259 663 316
face 0.005688309669494629 626 259 663 316
face 0.00560644268989563 626 259 663 316
face 0.0053757429122924805 626 259 663 316
face 0.005219489336013794 626 259 663 316
face 0.0051187872886657715 626 259 663 316
face 0.005095332860946655 626 259 663 316
face 0.005070090293884277 626 259 663 316
face 0.005009561777114868 626 259 663 316
face 0.005006760358810425 626 259 663 316
face 0.005003780126571655 626 259 663 316
face 0.004952758550643921 626 259 663 316
