face 0.42031046748161316 487 157 584 313
face 0.056818604469299316 487 157 584 313
face 0.034526318311691284 487 157 584 313
face 0.02449837327003479 487 157 584 313
face 0.021536916494369507 487 157 584 313
face 0.021216928958892822 487 157 584 313
face 0.02087557315826416 487 157 584 313
face 0.018101602792739868 487 157 584 313
face 0.017121970653533936 487 157 584 313
face 0.016703903675079346 487 157 584 313
face 0.016096562147140503 487 157 584 313
face 0.016023635864257812 487 157 584 313
face 0.015872567892074585 487 157 584 313
face 0.015772700309753418 487 157 584 313
face 0.015500366687774658 487 157 584 313
face 0.014785528182983398 487 157 584 313
face 0.013379156589508057 487 157 584 313
face 0.013336032629013062 487 157 584 313
face 0.011436641216278076 487 157 584 313
face 0.011240899562835693 487 157 584 313
face 0.010913550853729248 487 157 584 313
face 0.010655224323272705 487 157 584 313
face 0.010290920734405518 487 157 584 313
face 0.009810209274291992 487 157 584 313
face 0.009423971176147461 487 157 584 313
face 0.009297937154769897 487 157 584 313
face 0.00929442048072815 487 157 584 313
face 0.008860796689987183 487 157 584 313
face 0.008817583322525024 487 157 584 313
face 0.008685827255249023 487 157 584 313
face 0.008574157953262329 487 157 584 313
face 0.008556902408599854 487 157 584 313
face 0.008416026830673218 487 157 584 313
face 0.00831824541091919 487 157 584 313
face 0.008267998695373535 487 157 584 313
face 0.00817522406578064 487 157 584 313
face 0.008100688457489014 487 157 584 313
face 0.0080433189868927 487 157 584 313
face 0.007826834917068481 487 157 584 313
face 0.007696986198425293 487 157 584 313
face 0.007651686668395996 487 157 584 313
face 0.0076143741607666016 487 157 584 313
face 0.007492184638977051 487 157 584 313
face 0.0073816776275634766 487 157 584 313
face 0.0073021650314331055 487 157 584 313
face 0.007256686687469482 487 157 584 313
face 0.007239550352096558 487 157 584 313
face 0.007118016481399536 487 157 584 313
face 0.0070209801197052 487 157 584 313
face 0.007003754377365112 487 157 584 313
face 0.00699460506439209 487 157 584 313
face 0.006987810134887695 487 157 584 313
face 0.006980329751968384 487 157 584 313
face 0.006866276264190674 487 157 584 313
face 0.006860017776489258 487 157 584 313
face 0.0067671239376068115 487 157 584 313
face 0.0067303478717803955 487 157 584 313
face 0.006654947996139526 487 157 584 313
face 0.0065915584564208984 487 157 584 313
face 0.0064744651317596436 487 157 584 313
face 0.006428509950637817 487 157 584 313
face 0.006421387195587158 487 157 584 313
face 0.006401151418685913 487 157 584 313
face 0.006399214267730713 487 157 584 313
face 0.006373763084411621 487 157 584 313
face 0.0063616931438446045 487 157 584 313
face 0.006305813789367676 487 157 584 313
face 0.006249278783798218 487 157 584 313
face 0.006179749965667725 487 157 584 313
face 0.006104171276092529 487 157 584 313
face 0.00609433650970459 487 157 584 313
face 0.005907595157623291 487 157 584 313
face 0.005777984857559204 487 157 584 313
face 0.005776733160018921 487 157 584 313
face 0.005776077508926392 487 157 584 313
face 0.005745917558670044 487 157 584 313
face 0.005743235349655151 487 157 584 313
face 0.005637615919113159 487 157 584 313
face 0.005565255880355835 487 157 584 313
face 0.00555574893951416 487 157 584 313
face 0.005553901195526123 487 157 584 313
face 0.005548149347305298 487 157 584 313
face 0.005454361438751221 487 157 584 313
face 0.005421251058578491 487 157 584 313
face 0.005321979522705078 487 157 584 313
face 0.005301535129547119 487 157 584 313
face 0.005214810371398926 487 157 584 313
face 0.005182862281799316 487 157 584 313
face 0.005179554224014282 487 157 584 313
face 0.005176752805709839 487 157 584 313
face 0.005136758089065552 487 157 584 313
face 0.005121171474456787 487 157 584 313
face 0.005091935396194458 487 157 584 313
face 0.005034506320953369 487 157 584 313
face 0.005028843879699707 487 157 584 313
face 0.0049963295459747314 487 157 584 313
face 0.004981547594070435 487 157 584 313
face 0.004960179328918457 487 157 584 313
face 0.004939829930663109 487 157 584 313
face 0.004931122064590454 487 157 584 313
