face 0.9991540908813477 709 75 764 175
face 0.9981977343559265 157 68 230 181
face 0.9512046575546265 71 95 100 138
face 0.7993196249008179 334 109 383 180
face 0.014925271272659302 334 109 383 180
face 0.011780261993408203 334 109 383 180
face 0.009379774332046509 334 109 383 180
face 0.008908599615097046 334 109 383 180
face 0.008561491966247559 334 109 383 180
face 0.00850251317024231 334 109 383 180
face 0.00809064507484436 334 109 383 180
face 0.00750008225440979 334 109 383 180
face 0.007148057222366333 334 109 383 180
face 0.006557077169418335 334 109 383 180
face 0.006516188383102417 334 109 383 180
face 0.006356775760650635 334 109 383 180
face 0.006131231784820557 334 109 383 180
face 0.0058595240116119385 334 109 383 180
face 0.005850791931152344 334 109 383 180
face 0.005533367395401001 334 109 383 180
face 0.005485624074935913 334 109 383 180
face 0.00528445839881897 334 109 383 180
face 0.004907339811325073 334 109 383 180
face 0.004897385835647583 334 109 383 180
face 0.0048675537109375 334 109 383 180
face 0.004854559898376465 334 109 383 180
face 0.004842996597290039 334 109 383 180
face 0.0047724246978759766 334 109 383 180
face 0.004668712615966797 334 109 383 180
face 0.00442272424697876 334 109 383 180
face 0.004320591688156128 334 109 383 180
face 0.004196494817733765 334 109 383 180
face 0.004137158393859863 334 109 383 180
face 0.004117757081985474 334 109 383 180
face 0.004066586494445801 334 109 383 180
face 0.004028588533401489 334 109 383 180
face 0.003998845815658569 334 109 383 180
face 0.00399172306060791 334 109 383 180
face 0.003990232944488525 334 109 383 180
face 0.003955274820327759 334 109 383 180
face 0.003916352987289429 334 109 383 180
face 0.0038248300552368164 334 109 383 180
face 0.00372314453125 334 109 383 180
face 0.0036559104919433594 334 109 383 180
face 0.0036221742630004883 334 109 383 180
face 0.0035737454891204834 334 109 383 180
face 0.0035477876663208008 334 109 383 180
face 0.0034035146236419678 334 109 383 180
face 0.003384202718734741 334 109 383 180
face 0.003383845090866089 334 109 383 180
face 0.0033588707447052 334 109 383 180
face 0.0032702386379241943 334 109 383 180
face 0.0032686591148376465 334 109 383 180
face 0.0032503902912139893 334 109 383 180
face 0.0032404065132141113 334 109 383 180
face 0.0032309889793395996 334 109 383 180
face 0.0032227635383605957 334 109 383 180
face 0.003152608871459961 334 109 383 180
face 0.003129512071609497 334 109 383 180
face 0.003099411725997925 334 109 383 180
face 0.0030850768089294434 334 109 383 180
face 0.00305330753326416 334 109 383 180
face 0.00304606556892395 334 109 383 180
face 0.002981424331665039 334 109 383 180
face 0.0029525160789489746 334 109 383 180
face 0.002909451723098755 334 109 383 180
face 0.002872854471206665 334 109 383 180
face 0.002825021743774414 334 109 383 180
face 0.002824723720550537 334 109 383 180
face 0.002778559923171997 334 109 383 180
face 0.002776503562927246 334 109 383 180
face 0.002776235342025757 334 109 383 180
face 0.002738386392593384 334 109 383 180
face 0.0027382075786590576 334 109 383 180
face 0.0027309060096740723 334 109 383 180
face 0.002708226442337036 334 109 383 180
face 0.0027076900005340576 334 109 383 180
face 0.0026906728744506836 334 109 383 180
face 0.0026682615280151367 334 109 383 180
face 0.0026663243770599365 334 109 383 180
face 0.0026576220989227295 334 109 383 180
face 0.0026292502880096436 334 109 383 180
face 0.0025954842567443848 334 109 383 180
face 0.0025896430015563965 334 109 383 180
face 0.002535879611968994 334 109 383 180
face 0.00251847505569458 334 109 383 180
face 0.0025076866149902344 334 109 383 180
face 0.002498805522918701 334 109 383 180
face 0.0024892985820770264 334 109 383 180
face 0.0024693310260772705 334 109 383 180
face 0.0024635791778564453 334 109 383 180
face 0.0024552643299102783 334 109 383 180
face 0.0024490058422088623 334 109 383 180
face 0.0024240612983703613 334 109 383 180
face 0.0024017393589019775 334 109 383 180
face 0.0023341476917266846 334 109 383 180
face 0.0023260116577148438 334 109 383 180
face 0.0023185014724731445 334 109 383 180
face 0.002309083938598633 334 109 383 180
face 0.002306729555130005 334 109 383 180
