face 0.9866225719451904 171 142 276 297
face 0.8079151511192322 661 89 760 232
face 0.032128870487213135 661 89 760 232
face 0.02716025710105896 661 89 760 232
face 0.016477495431900024 661 89 760 232
face 0.014695614576339722 661 89 760 232
face 0.013935327529907227 661 89 760 232
face 0.011433333158493042 661 89 760 232
face 0.009937822818756104 661 89 760 232
face 0.009485363960266113 661 89 760 232
face 0.008336514234542847 661 89 760 232
face 0.007490694522857666 661 89 760 232
face 0.007120728492736816 661 89 760 232
face 0.007012546062469482 661 89 760 232
face 0.0066879987716674805 661 89 760 232
face 0.006465256214141846 661 89 760 232
face 0.006365090608596802 661 89 760 232
face 0.0061578452587127686 661 89 760 232
face 0.005875140428543091 661 89 760 232
face 0.005856722593307495 661 89 760 232
face 0.005514085292816162 661 89 760 232
face 0.005465298891067505 661 89 760 232
face 0.005373269319534302 661 89 760 232
face 0.0053611695766448975 661 89 760 232
face 0.005132615566253662 661 89 760 232
face 0.005098283290863037 661 89 760 232
face 0.005068868398666382 661 89 760 232
face 0.004981189966201782 661 89 760 232
face 0.004896998405456543 661 89 760 232
face 0.004728734493255615 661 89 760 232
face 0.004722684621810913 661 89 760 232
face 0.0046665966510772705 661 89 760 232
face 0.00461915135383606 661 89 760 232
face 0.004618316888809204 661 89 760 232
face 0.004608094692230225 661 89 760 232
face 0.004590660333633423 661 89 760 232
face 0.004576385021209717 661 89 760 232
face 0.00457039475440979 661 89 760 232
face 0.0045357346534729 661 89 760 232
face 0.004438847303390503 661 89 760 232
face 0.004395782947540283 661 89 760 232
face 0.00432625412940979 661 89 760 232
face 0.004227936267852783 661 89 760 232
face 0.004055976867675781 661 89 760 232
face 0.004022449254989624 661 89 760 232
face 0.003996372222900391 661 89 760 232
face 0.003972530364990234 661 89 760 232
face 0.003955364227294922 661 89 760 232
face 0.0038463175296783447 661 89 760 232
face 0.0038096606731414795 661 89 760 232
face 0.003804117441177368 661 89 760 232
face 0.0037871897220611572 661 89 760 232
face 0.003785759210586548 661 89 760 232
face 0.0037236809730529785 661 89 760 232
face 0.0037154853343963623 661 89 760 232
face 0.003703981637954712 661 89 760 232
face 0.0036960840225219727 661 89 760 232
face 0.003692626953125 661 89 760 232
face 0.0036829710006713867 661 89 760 232
face 0.003663688898086548 661 89 760 232
face 0.0036293864250183105 661 89 760 232
face 0.0036224424839019775 661 89 760 232
face 0.0036201179027557373 661 89 760 232
face 0.003580331802368164 661 89 760 232
face 0.0035264790058135986 661 89 760 232
face 0.0034963786602020264 661 89 760 232
face 0.003460496664047241 661 89 760 232
face 0.003431260585784912 661 89 760 232
face 0.003416895866394043 661 89 760 232
face 0.0033888518810272217 661 89 760 232
face 0.0033617019653320312 661 89 760 232
face 0.0033551156520843506 661 89 760 232
face 0.003315836191177368 661 89 760 232
face 0.003297090530395508 661 89 760 232
face 0.0032805204391479492 661 89 760 232
face 0.003255486488342285 661 89 760 232
face 0.0032497942447662354 661 89 760 232
face 0.003242313861846924 661 89 760 232
face 0.00321352481842041 661 89 760 232
face 0.003189772367477417 661 89 760 232
face 0.0031636059284210205 661 89 760 232
face 0.0031527280807495117 661 89 760 232
face 0.0030945539474487305 661 89 760 232
face 0.0030728280544281006 661 89 760 232
face 0.0030255913734436035 661 89 760 232
face 0.0030064284801483154 661 89 760 232
face 0.002980738878250122 661 89 760 232
face 0.00296899676322937 661 89 760 232
face 0.0029517412185668945 661 89 760 232
face 0.002940624952316284 661 89 760 232
face 0.002938568592071533 661 89 760 232
face 0.0029380619525909424 661 89 760 232
face 0.002935945987701416 661 89 760 232
face 0.002928614616394043 661 89 760 232
face 0.0028191208839416504 661 89 760 232
face 0.0027976930141448975 661 89 760 232
face 0.002725660800933838 661 89 760 232
face 0.0027249157428741455 661 89 760 232
face 0.00270235538482666 661 89 760 232
face 0.0026892423629760742 661 89 760 232
