face 0.9990317821502686 300 345 691 867
face 0.9109295010566711 786 654 956 878
face 0.7218870520591736 1 590 99 885
face 0.44145673513412476 1 590 99 885
face 0.3279336094856262 1 590 99 885
face 0.2728787958621979 1 590 99 885
face 0.14859747886657715 1 590 99 885
face 0.12848329544067383 1 590 99 885
face 0.1140478253364563 1 590 99 885
face 0.09292691946029663 1 590 99 885
face 0.0818328857421875 1 590 99 885
face 0.08158376812934875 1 590 99 885
face 0.07800412178039551 1 590 99 885
face 0.07497301697731018 1 590 99 885
face 0.06027385592460632 1 590 99 885
face 0.051635175943374634 1 590 99 885
face 0.048542946577072144 1 590 99 885
face 0.044470369815826416 1 590 99 885
face 0.04014727473258972 1 590 99 885
face 0.03873834013938904 1 590 99 885
face 0.03870841860771179 1 590 99 885
face 0.03571322560310364 1 590 99 885
face 0.035457342863082886 1 590 99 885
face 0.03368368744850159 1 590 99 885
face 0.03268522024154663 1 590 99 885
face 0.030367106199264526 1 590 99 885
face 0.029166728258132935 1 590 99 885
face 0.025313526391983032 1 590 99 885
face 0.02286192774772644 1 590 99 885
face 0.021641045808792114 1 590 99 885
face 0.020722270011901855 1 590 99 885
face 0.01901760697364807 1 590 99 885
face 0.019009113311767578 1 590 99 885
face 0.018839716911315918 1 590 99 885
face 0.018539905548095703 1 590 99 885
face 0.017895013093948364 1 590 99 885
face 0.017568111419677734 1 590 99 885
face 0.017252743244171143 1 590 99 885
face 0.016872406005859375 1 590 99 885
face 0.01630765199661255 1 590 99 885
face 0.01614278554916382 1 590 99 885
face 0.015617161989212036 1 590 99 885
face 0.015431821346282959 1 590 99 885
face 0.015285700559616089 1 590 99 885
face 0.015088796615600586 1 590 99 885
face 0.015050560235977173 1 590 99 885
face 0.014578968286514282 1 590 99 885
face 0.013725131750106812 1 590 99 885
face 0.011920809745788574 1 590 99 885
face 0.01145702600479126 1 590 99 885
face 0.011455714702606201 1 590 99 885
face 0.010645419359207153 1 590 99 885
face 0.010496467351913452 1 590 99 885
face 0.010495930910110474 1 590 99 885
face 0.010491728782653809 1 590 99 885
face 0.01040494441986084 1 590 99 885
face 0.01007688045501709 1 590 99 885
face 0.009525448083877563 1 590 99 885
face 0.009118616580963135 1 590 99 885
face 0.00908041000366211 1 590 99 885
face 0.008935511112213135 1 590 99 885
face 0.008683353662490845 1 590 99 885
face 0.00862172245979309 1 590 99 885
face 0.008599430322647095 1 590 99 885
face 0.008546918630599976 1 590 99 885
face 0.008540183305740356 1 590 99 885
face 0.00848466157913208 1 590 99 885
face 0.008389681577682495 1 590 99 885
face 0.008221089839935303 1 590 99 885
face 0.008145034313201904 1 590 99 885
face 0.008019417524337769 1 590 99 885
face 0.007948130369186401 1 590 99 885
face 0.007719188928604126 1 590 99 885
face 0.007701754570007324 1 590 99 885
face 0.007625609636306763 1 590 99 885
face 0.007363796234130859 1 590 99 885
face 0.0072387754917144775 1 590 99 885
face 0.007219195365905762 1 590 99 885
face 0.007146894931793213 1 590 99 885
face 0.0071086585521698 1 590 99 885
face 0.007070958614349365 1 590 99 885
face 0.007020235061645508 1 590 99 885
face 0.006997197866439819 1 590 99 885
face 0.006800800561904907 1 590 99 885
face 0.006764322519302368 1 590 99 885
face 0.006693601608276367 1 590 99 885
face 0.006685435771942139 1 590 99 885
face 0.006472229957580566 1 590 99 885
face 0.006468743085861206 1 590 99 885
face 0.006389707326889038 1 590 99 885
face 0.006279796361923218 1 590 99 885
face 0.006273508071899414 1 590 99 885
face 0.006266653537750244 1 590 99 885
face 0.00622597336769104 1 590 99 885
face 0.0061782002449035645 1 590 99 885
face 0.00615963339805603 1 590 99 885
face 0.006130427122116089 1 590 99 885
face 0.006086975336074829 1 590 99 885
face 0.005805015563964844 1 590 99 885
face 0.005739837884902954 1 590 99 885
