face 0.9980692267417908 763 237 825 315
face 0.997993528842926 449 207 556 334
face 0.9806329011917114 647 369 683 416
face 0.9671096801757812 948 255 1019 349
face 0.9413427114486694 23 36 138 175
face 0.04141503572463989 23 36 138 175
face 0.023931175470352173 23 36 138 175
face 0.022801339626312256 23 36 138 175
face 0.02146315574645996 23 36 138 175
face 0.019818812608718872 23 36 138 175
face 0.015729516744613647 23 36 138 175
face 0.014751970767974854 23 36 138 175
face 0.013328105211257935 23 36 138 175
face 0.01322278380393982 23 36 138 175
face 0.012212663888931274 23 36 138 175
face 0.010221272706985474 23 36 138 175
face 0.009861201047897339 23 36 138 175
face 0.009808659553527832 23 36 138 175
face 0.009650230407714844 23 36 138 175
face 0.008292466402053833 23 36 138 175
face 0.008181959390640259 23 36 138 175
face 0.00801771879196167 23 36 138 175
face 0.00798100233078003 23 36 138 175
face 0.00790494680404663 23 36 138 175
face 0.007816404104232788 23 36 138 175
face 0.007804185152053833 23 36 138 175
face 0.007718205451965332 23 36 138 175
face 0.007655024528503418 23 36 138 175
face 0.007319778203964233 23 36 138 175
face 0.007270902395248413 23 36 138 175
face 0.007266014814376831 23 36 138 175
face 0.007096827030181885 23 36 138 175
face 0.006674081087112427 23 36 138 175
face 0.006510406732559204 23 36 138 175
face 0.006491363048553467 23 36 138 175
face 0.006139874458312988 23 36 138 175
face 0.006075769662857056 23 36 138 175
face 0.005798518657684326 23 36 138 175
face 0.005791991949081421 23 36 138 175
face 0.005735069513320923 23 36 138 175
face 0.005655914545059204 23 36 138 175
face 0.0056369006633758545 23 36 138 175
face 0.005586057901382446 23 36 138 175
face 0.005480855703353882 23 36 138 175
face 0.005469143390655518 23 36 138 175
face 0.00516173243522644 23 36 138 175
face 0.0051500797271728516 23 36 138 175
face 0.00509798526763916 23 36 138 175
face 0.005032926797866821 23 36 138 175
face 0.004875600337982178 23 36 138 175
face 0.0047751665115356445 23 36 138 175
face 0.00474858283996582 23 36 138 175
face 0.004660874605178833 23 36 138 175
face 0.004547119140625 23 36 138 175
face 0.004538595676422119 23 36 138 175
face 0.004411280155181885 23 36 138 175
face 0.004376888275146484 23 36 138 175
face 0.00428435206413269 23 36 138 175
face 0.004266411066055298 23 36 138 175
face 0.00425150990486145 23 36 138 175
face 0.004174977540969849 23 36 138 175
face 0.004155457019805908 23 36 138 175
face 0.004120826721191406 23 36 138 175
face 0.004111498594284058 23 36 138 175
face 0.003915458917617798 23 36 138 175
face 0.003903418779373169 23 36 138 175
face 0.0038982033729553223 23 36 138 175
face 0.003788679838180542 23 36 138 175
face 0.0037414729595184326 23 36 138 175
face 0.0036566853523254395 23 36 138 175
face 0.003621399402618408 23 36 138 175
face 0.003610759973526001 23 36 138 175
face 0.0034834742546081543 23 36 138 175
face 0.003465414047241211 23 36 138 175
face 0.003462493419647217 23 36 138 175
face 0.003443777561187744 23 36 138 175
face 0.0034389495849609375 23 36 138 175
face 0.003435671329498291 23 36 138 175
face 0.0033988356590270996 23 36 138 175
face 0.003381878137588501 23 36 138 175
face 0.003373652696609497 23 36 138 175
face 0.0033301711082458496 23 36 138 175
face 0.0033130645751953125 23 36 138 175
face 0.0032214224338531494 23 36 138 175
face 0.003162682056427002 23 36 138 175
face 0.0031621456146240234 23 36 138 175
face 0.0031495392322540283 23 36 138 175
face 0.0031324028968811035 23 36 138 175
face 0.0031309127807617188 23 36 138 175
face 0.0031256675720214844 23 36 138 175
face 0.0030901730060577393 23 36 138 175
face 0.0030791163444519043 23 36 138 175
face 0.0030543506145477295 23 36 138 175
face 0.0030510127544403076 23 36 138 175
face 0.003025233745574951 23 36 138 175
face 0.0029896199703216553 23 36 138 175
face 0.0029779374599456787 23 36 138 175
face 0.0029277801513671875 23 36 138 175
face 0.0029098689556121826 23 36 138 175
face 0.002893894910812378 23 36 138 175
