face 0.9955804944038391 360 154 429 241
face 0.9952199459075928 145 98 223 213
face 0.9779839515686035 731 55 793 142
face 0.9218931794166565 921 106 975 169
face 0.04531213641166687 921 106 975 169
face 0.03726270794868469 921 106 975 169
face 0.031745851039886475 921 106 975 169
face 0.022355467081069946 921 106 975 169
face 0.01667267084121704 921 106 975 169
face 0.01542845368385315 921 106 975 169
face 0.015025794506072998 921 106 975 169
face 0.015017122030258179 921 106 975 169
face 0.014767765998840332 921 106 975 169
face 0.013108998537063599 921 106 975 169
face 0.013023078441619873 921 106 975 169
face 0.012980163097381592 921 106 975 169
face 0.012957274913787842 921 106 975 169
face 0.012914329767227173 921 106 975 169
face 0.012554943561553955 921 106 975 169
face 0.011087864637374878 921 106 975 169
face 0.010772764682769775 921 106 975 169
face 0.010770022869110107 921 106 975 169
face 0.010616570711135864 921 106 975 169
face 0.01006367802619934 921 106 975 169
face 0.009133309125900269 921 106 975 169
face 0.009030193090438843 921 106 975 169
face 0.008991599082946777 921 106 975 169
face 0.007730305194854736 921 106 975 169
face 0.00754055380821228 921 106 975 169
face 0.007430851459503174 921 106 975 169
face 0.007308512926101685 921 106 975 169
face 0.007109850645065308 921 106 975 169
face 0.006675362586975098 921 106 975 169
face 0.006518006324768066 921 106 975 169
face 0.00619843602180481 921 106 975 169
face 0.00614657998085022 921 106 975 169
face 0.006084531545639038 921 106 975 169
face 0.006009787321090698 921 106 975 169
face 0.00596204400062561 921 106 975 169
face 0.005900025367736816 921 106 975 169
face 0.00586092472076416 921 106 975 169
face 0.005806535482406616 921 106 975 169
face 0.005604445934295654 921 106 975 169
face 0.005281299352645874 921 106 975 169
face 0.005258917808532715 921 106 975 169
face 0.005193978548049927 921 106 975 169
face 0.005104869604110718 921 106 975 169
face 0.005098551511764526 921 106 975 169
face 0.005088716745376587 921 106 975 169
face 0.005021542310714722 921 106 975 169
face 0.004974067211151123 921 106 975 169
face 0.004920601844787598 921 106 975 169
face 0.004881441593170166 921 106 975 169
face 0.004848390817642212 921 106 975 169
face 0.004798620939254761 921 106 975 169
face 0.0047197043895721436 921 106 975 169
face 0.004679858684539795 921 106 975 169
face 0.004588007926940918 921 106 975 169
face 0.004566609859466553 921 106 975 169
face 0.004512488842010498 921 106 975 169
face 0.004473447799682617 921 106 975 169
face 0.0044401586055755615 921 106 975 169
face 0.004400461912155151 921 106 975 169
face 0.004355669021606445 921 106 975 169
face 0.004253268241882324 921 106 975 169
face 0.004206448793411255 921 106 975 169
face 0.004193753004074097 921 106 975 169
face 0.004183560609817505 921 106 975 169
face 0.0041780173778533936 921 106 975 169
face 0.00415465235710144 921 106 975 169
face 0.004132598638534546 921 106 975 169
face 0.004053980112075806 921 106 975 169
face 0.00404888391494751 921 106 975 169
face 0.004020392894744873 921 106 975 169
face 0.004018962383270264 921 106 975 169
face 0.003998100757598877 921 106 975 169
face 0.003918439149856567 921 106 975 169
face 0.0039141178131103516 921 106 975 169
face 0.003908008337020874 921 106 975 169
face 0.0039051473140716553 921 106 975 169
face 0.0038471221923828125 921 106 975 169
face 0.003844916820526123 921 106 975 169
face 0.0038444697856903076 921 106 975 169
face 0.0038148164749145508 921 106 975 169
face 0.003805190324783325 921 106 975 169
face 0.0037980079650878906 921 106 975 169
face 0.003796398639678955 921 106 975 169
face 0.003775358200073242 921 106 975 169
face 0.003723323345184326 921 106 975 169
face 0.003692924976348877 921 106 975 169
face 0.0036652684211730957 921 106 975 169
face 0.003653913736343384 921 106 975 169
face 0.003646373748779297 921 106 975 169
face 0.0036249160766601562 921 106 975 169
face 0.003590881824493408 921 106 975 169
face 0.0035798251628875732 921 106 975 169
face 0.0035753250122070312 921 106 975 169
face 0.0035693347454071045 921 106 975 169
face 0.0035434365272521973 921 106 975 169
face 0.003542184829711914 921 106 975 169
