face 0.9970146417617798 626 261 653 295
face 0.9789212346076965 355 296 376 328
face 0.8622981309890747 407 295 429 326
face 0.6582925319671631 141 296 162 328
face 0.6219613552093506 264 297 277 315
face 0.5984587073326111 688 247 711 280
face 0.5649408102035522 40 278 58 308
face 0.5209221839904785 797 291 821 326
face 0.49863848090171814 797 291 821 326
face 0.3518725037574768 797 291 821 326
face 0.343273788690567 797 291 821 326
face 0.3159361779689789 797 291 821 326
face 0.2921673059463501 797 291 821 326
face 0.2498089075088501 797 291 821 326
face 0.24142950773239136 797 291 821 326
face 0.22764241695404053 797 291 821 326
face 0.18807834386825562 797 291 821 326
face 0.16310974955558777 797 291 821 326
face 0.15135234594345093 797 291 821 326
face 0.12902843952178955 797 291 821 326
face 0.0937223732471466 797 291 821 326
face 0.08966732025146484 797 291 821 326
face 0.08612900972366333 797 291 821 326
face 0.08592796325683594 797 291 821 326
face 0.06731879711151123 797 291 821 326
face 0.06419336795806885 797 291 821 326
face 0.061069369316101074 797 291 821 326
face 0.054213255643844604 797 291 821 326
face 0.04866638779640198 797 291 821 326
face 0.048323094844818115 797 291 821 326
face 0.04671120643615723 797 291 821 326
face 0.04608079791069031 797 291 821 326
face 0.04216757416725159 797 291 821 326
face 0.038610994815826416 797 291 821 326
face 0.03665810823440552 797 291 821 326
face 0.03321358561515808 797 291 821 326
face 0.031931400299072266 797 291 821 326
face 0.0313715934753418 797 291 821 326
face 0.030925750732421875 797 291 821 326
face 0.029440462589263916 797 291 821 326
face 0.02633732557296753 797 291 821 326
face 0.0261763334274292 797 291 821 326
face 0.02351987361907959 797 291 821 326
face 0.023447185754776 797 291 821 326
face 0.022515714168548584 797 291 821 326
face 0.020154118537902832 797 291 821 326
face 0.01998990774154663 797 291 821 326
face 0.01977601647377014 797 291 821 326
face 0.01860421895980835 797 291 821 326
face 0.016130179166793823 797 291 821 326
face 0.01548469066619873 797 291 821 326
face 0.014901041984558105 797 291 821 326
face 0.014782071113586426 797 291 821 326
face 0.012785166501998901 797 291 821 326
face 0.012356728315353394 797 291 821 326
face 0.01230013370513916 797 291 821 326
face 0.012194454669952393 797 291 821 326
face 0.011567384004592896 797 291 821 326
face 0.011037588119506836 797 291 821 326
face 0.011008769273757935 797 291 821 326
face 0.010871052742004395 797 291 821 326
face 0.010800153017044067 797 291 821 326
face 0.010419517755508423 797 291 821 326
face 0.009755909442901611 797 291 821 326
face 0.009478896856307983 797 291 821 326
face 0.00944337248802185 797 291 821 326
face 0.009369641542434692 797 291 821 326
face 0.009043842554092407 797 291 821 326
face 0.00892147421836853 797 291 821 326
face 0.008898049592971802 797 291 821 326
face 0.008681505918502808 797 291 821 326
face 0.008288294076919556 797 291 821 326
face 0.007852345705032349 797 291 821 326
face 0.0076277852058410645 797 291 821 326
face 0.007535398006439209 797 291 821 326
face 0.007484704256057739 797 291 821 326
face 0.007291555404663086 797 291 821 326
face 0.007196933031082153 797 291 821 326
face 0.006762295961380005 797 291 821 326
face 0.006680339574813843 797 291 821 326
face 0.006340652704238892 797 291 821 326
face 0.00634041428565979 797 291 821 326
face 0.006313621997833252 797 291 821 326
face 0.006231814622879028 797 291 821 326
face 0.006145060062408447 797 291 821 326
face 0.006138265132904053 797 291 821 326
face 0.005891233682632446 797 291 821 326
face 0.005878925323486328 797 291 821 326
face 0.00586584210395813 797 291 821 326
face 0.005834430456161499 797 291 821 326
face 0.005770206451416016 797 291 821 326
face 0.0057080090045928955 797 291 821 326
face 0.005693018436431885 797 291 821 326
face 0.005537271499633789 797 291 821 326
face 0.005367577075958252 797 291 821 326
face 0.005265951156616211 797 291 821 326
face 0.005190104246139526 797 291 821 326
face 0.0050716400146484375 797 291 821 326
face 0.005060404539108276 797 291 821 326
face 0.004809975624084473 797 291 821 326
