face 0.9625380635261536 684 157 810 345
face 0.061090171337127686 684 157 810 345
face 0.06008300185203552 684 157 810 345
face 0.05796259641647339 684 157 810 345
face 0.05792355537414551 684 157 810 345
face 0.04906025528907776 684 157 810 345
face 0.04539576172828674 684 157 810 345
face 0.04347318410873413 684 157 810 345
face 0.04109466075897217 684 157 810 345
face 0.03962141275405884 684 157 810 345
face 0.03804105520248413 684 157 810 345
face 0.03647303581237793 684 157 810 345
face 0.03615617752075195 684 157 810 345
face 0.0358850359916687 684 157 810 345
face 0.0351620614528656 684 157 810 345
face 0.03374999761581421 684 157 810 345
face 0.03162109851837158 684 157 810 345
face 0.03119918704032898 684 157 810 345
face 0.030669867992401123 684 157 810 345
face 0.030242949724197388 684 157 810 345
face 0.030204981565475464 684 157 810 345
face 0.030042558908462524 684 157 810 345
face 0.029952973127365112 684 157 810 345
face 0.029704570770263672 684 157 810 345
face 0.029189854860305786 684 157 810 345
face 0.02893054485321045 684 157 810 345
face 0.02873745560646057 684 157 810 345
face 0.028632253408432007 684 157 810 345
face 0.028161078691482544 684 157 810 345
face 0.027805477380752563 684 157 810 345
face 0.02744254469871521 684 157 810 345
face 0.027294278144836426 684 157 810 345
face 0.026543110609054565 684 157 810 345
face 0.02636665105819702 684 157 810 345
face 0.02633267641067505 684 157 810 345
face 0.02595233917236328 684 157 810 345
face 0.025683164596557617 684 157 810 345
face 0.0251939594745636 684 157 810 345
face 0.025090694427490234 684 157 810 345
face 0.0250014066696167 684 157 810 345
face 0.02436661720275879 684 157 810 345
face 0.024135470390319824 684 157 810 345
face 0.02405911684036255 684 157 810 345
face 0.023832261562347412 684 157 810 345
face 0.023747265338897705 684 157 810 345
face 0.023568332195281982 684 157 810 345
face 0.02337762713432312 684 157 810 345
face 0.023192137479782104 684 157 810 345
face 0.023184746503829956 684 157 810 345
face 0.023158252239227295 684 157 810 345
face 0.023151487112045288 684 157 810 345
face 0.022381335496902466 684 157 810 345
face 0.022289961576461792 684 157 810 345
face 0.022233307361602783 684 157 810 345
face 0.022092044353485107 684 157 810 345
face 0.022083908319473267 684 157 810 345
face 0.021933317184448242 684 157 810 345
face 0.02191638946533203 684 157 810 345
face 0.021858960390090942 684 157 810 345
face 0.021847963333129883 684 157 810 345
face 0.02182668447494507 684 157 810 345
face 0.02177983522415161 684 157 810 345
face 0.021770626306533813 684 157 810 345
face 0.021724671125411987 684 157 810 345
face 0.021699493750929832 684 157 810 345
face 0.021340161561965942 684 157 810 345
face 0.0213090181350708 684 157 810 345
face 0.021159350872039795 684 157 810 345
face 0.02114078402519226 684 157 810 345
face 0.02104613184928894 684 157 810 345
face 0.020829498767852783 684 157 810 345
face 0.020673692226409912 684 157 810 345
face 0.020510047674179077 684 157 810 345
face 0.020419925451278687 684 157 810 345
face 0.020335674285888672 684 157 810 345
face 0.020255982875823975 684 157 810 345
face 0.019912242889404297 684 157 810 345
face 0.019791483879089355 684 157 810 345
face 0.019789963960647583 684 157 810 345
face 0.019670218229293823 684 157 810 345
face 0.01965811848640442 684 157 810 345
face 0.019556254148483276 684 157 810 345
face 0.019463717937469482 684 157 810 345
face 0.019372671842575073 684 157 810 345
face 0.019349247217178345 684 157 810 345
face 0.019328266382217407 684 157 810 345
face 0.019166141748428345 684 157 810 345
face 0.018972337245941162 684 157 810 345
face 0.018892884254455566 684 157 810 345
face 0.01889216899871826 684 157 810 345
face 0.018754154443740845 684 157 810 345
face 0.018749356269836426 684 157 810 345
face 0.0187339186668396 684 157 810 345
face 0.018589109182357788 684 157 810 345
face 0.0185471773147583 684 157 810 345
face 0.018440961837768555 684 157 810 345
face 0.018395930528640747 684 157 810 345
face 0.01836991310119629 684 157 810 345
face 0.01836627721786499 684 157 810 345
face 0.018343091011047363 684 157 810 345
