face 0.998792290687561 328 192 360 238
face 0.23292487859725952 328 192 360 238
face 0.0377885103225708 328 192 360 238
face 0.032190293073654175 328 192 360 238
face 0.026316553354263306 328 192 360 238
face 0.02229851484298706 328 192 360 238
face 0.020065367221832275 328 192 360 238
face 0.01683497428894043 328 192 360 238
face 0.01678803563117981 328 192 360 238
face 0.016068756580352783 328 192 360 238
face 0.013062894344329834 328 192 360 238
face 0.01290881633758545 328 192 360 238
face 0.012751281261444092 328 192 360 238
face 0.012147456407546997 328 192 360 238
face 0.011367619037628174 328 192 360 238
face 0.008786410093307495 328 192 360 238
face 0.00868883728981018 328 192 360 238
face 0.007958084344863892 328 192 360 238
face 0.007329970598220825 328 192 360 238
face 0.007250607013702393 328 192 360 238
face 0.006827652454376221 328 192 360 238
face 0.006538748741149902 328 192 360 238
face 0.006429433822631836 328 192 360 238
face 0.00607144832611084 328 192 360 238
face 0.0059822797775268555 328 192 360 238
face 0.0057401955127716064 328 192 360 238
face 0.0055578649044036865 328 192 360 238
face 0.005204111337661743 328 192 360 238
face 0.005181491374969482 328 192 360 238
face 0.005179405212402344 328 192 360 238
face 0.004796504974365234 328 192 360 238
face 0.004783064126968384 328 192 360 238
face 0.004622668027877808 328 192 360 238
face 0.004594355821609497 328 192 360 238
face 0.004579782485961914 328 192 360 238
face 0.00420805811882019 328 192 360 238
face 0.004119068384170532 328 192 360 238
face 0.003988862037658691 328 192 360 238
face 0.003950297832489014 328 192 360 238
face 0.003847271203994751 328 192 360 238
face 0.003666400909423828 328 192 360 238
face 0.003651648759841919 328 192 360 238
face 0.003309511113911867 328 192 360 238
face 0.003261059522628784 328 192 360 238
face 0.0032434463500976562 328 192 360 238
face 0.0030902326107025146 328 192 360 238
face 0.003069162368774414 328 192 360 238
face 0.003010004758834839 328 192 360 238
face 0.003005087375640869 328 192 360 238
face 0.0029181241989135742 328 192 360 238
face 0.0028761327266693115 328 192 360 238
face 0.0028249919414520264 328 192 360 238
face 0.002811908721923828 328 192 360 238
face 0.002726614475250244 328 192 360 238
face 0.002723217010498047 328 192 360 238
face 0.0027184486389160156 328 192 360 238
face 0.002709716558456421 328 192 360 238
face 0.0026991963386535645 328 192 360 238
face 0.002669990062713623 328 192 360 238
face 0.0025846660137176514 328 192 360 238
face 0.0025358200073242188 328 192 360 238
face 0.0025113821029663086 328 192 360 238
face 0.002382427453994751 328 192 360 238
face 0.0023778975009918213 328 192 360 238
face 0.002339571714401245 328 192 360 238
face 0.0023388564586639404 328 192 360 238
face 0.0023076534271240234 328 192 360 238
face 0.0022911131381988525 328 192 360 238
face 0.002272278070449829 328 192 360 238
face 0.002230733633041382 328 192 360 238
face 0.0022119879722595215 328 192 360 238
face 0.0021998584270477295 328 192 360 238
face 0.0021834373474121094 328 192 360 238
face 0.0021777451038360596 328 192 360 238
face 0.002172231674194336 328 192 360 238
face 0.002154409885406494 328 192 360 238
face 0.0021519362926483154 328 192 360 238
face 0.002136737108230591 328 192 360 238
face 0.002133995294570923 328 192 360 238
face 0.0021213293075561523 328 192 360 238
face 0.002116292715072632 328 192 360 238
face 0.002090960741043091 328 192 360 238
face 0.002071976661682129 328 192 360 238
face 0.0020329654216766357 328 192 360 238
face 0.0020015835762023926 328 192 360 238
face 0.0020005106925964355 328 192 360 238
face 0.0019861459732055664 328 192 360 238
face 0.001984924077987671 328 192 360 238
face 0.0019704997539520264 328 192 360 238
face 0.001967400312423706 328 192 360 238
face 0.001954793930053711 328 192 360 238
face 0.001943737268447876 328 192 360 238
face 0.0019363462924957275 328 192 360 238
face 0.001928865909576416 328 192 360 238
face 0.0019106864929199219 328 192 360 238
face 0.0019092857837677002 328 192 360 238
face 0.0018891394138336182 328 192 360 238
face 0.001886904239654541 328 192 360 238
face 0.0018539726734161377 328 192 360 238
face 0.0018481910228729248 328 192 360 238
