face 0.892706036567688 418 656 451 699
face 0.6475951671600342 144 681 170 708
face 0.4473526179790497 144 681 170 708
face 0.3052127957344055 144 681 170 708
face 0.21134844422340393 144 681 170 708
face 0.16666275262832642 144 681 170 708
face 0.1507367491722107 144 681 170 708
face 0.14033758640289307 144 681 170 708
face 0.1019236147403717 144 681 170 708
face 0.08791974186897278 144 681 170 708
face 0.07815319299697876 144 681 170 708
face 0.07218813896179199 144 681 170 708
face 0.07107001543045044 144 681 170 708
face 0.07007777690887451 144 681 170 708
face 0.06561216711997986 144 681 170 708
face 0.06251052021980286 144 681 170 708
face 0.06082046031951904 144 681 170 708
face 0.05977475643157959 144 681 170 708
face 0.058712124824523926 144 681 170 708
face 0.05366015434265137 144 681 170 708
face 0.052670687437057495 144 681 170 708
face 0.05050933361053467 144 681 170 708
face 0.04792046546936035 144 681 170 708
face 0.04683670401573181 144 681 170 708
face 0.045719802379608154 144 681 170 708
face 0.0446908175945282 144 681 170 708
face 0.04399603605270386 144 681 170 708
face 0.04011642932891846 144 681 170 708
face 0.03632792830467224 144 681 170 708
face 0.03284698724746704 144 681 170 708
face 0.03210228681564331 144 681 170 708
face 0.028083592653274536 144 681 170 708
face 0.02779322862625122 144 681 170 708
face 0.027419567108154297 144 681 170 708
face 0.026972711086273193 144 681 170 708
face 0.026621580123901367 144 681 170 708
face 0.02655544877052307 144 681 170 708
face 0.026101619005203247 144 681 170 708
face 0.025965243577957153 144 681 170 708
face 0.024520784616470337 144 681 170 708
face 0.023900210857391357 144 681 170 708
face 0.02329838275909424 144 681 170 708
face 0.02308604121208191 144 681 170 708
face 0.023057907819747925 144 681 170 708
face 0.022998183965682983 144 681 170 708
face 0.02158641815185547 144 681 170 708
face 0.02121889591217041 144 681 170 708
face 0.020213395357131958 144 681 170 708
face 0.018480956554412842 144 681 170 708
face 0.01841840147972107 144 681 170 708
face 0.018390953540802002 144 681 170 708
face 0.018301546573638916 144 681 170 708
face 0.017740368843078613 144 681 170 708
face 0.017578423023223877 144 681 170 708
face 0.017558753490447998 144 681 170 708
face 0.016522616147994995 144 681 170 708
face 0.016495615243911743 144 681 170 708
face 0.01616230607032776 144 681 170 708
face 0.016050755977630615 144 681 170 708
face 0.015095800161361694 144 681 170 708
face 0.015091568231582642 144 681 170 708
face 0.01473855972290039 144 681 170 708
face 0.014587730169296265 144 681 170 708
face 0.014383256435394287 144 681 170 708
face 0.014317452907562256 144 681 170 708
face 0.014148116111755371 144 681 170 708
face 0.01387903094291687 144 681 170 708
face 0.01384192705154419 144 681 170 708
face 0.01382434368133545 144 681 170 708
face 0.012865930795669556 144 681 170 708
face 0.012851357460021973 144 681 170 708
face 0.01273643970489502 144 681 170 708
face 0.012562751770019531 144 681 170 708
face 0.012045472860336304 144 681 170 708
face 0.011928766965866089 144 681 170 708
face 0.011868417263031006 144 681 170 708
face 0.011638611555099487 144 681 170 708
face 0.011546909809112549 144 681 170 708
face 0.011424392461776733 144 681 170 708
face 0.011311858892440796 144 681 170 708
face 0.011161237955093384 144 681 170 708
face 0.010946214199066162 144 681 170 708
face 0.010832041501998901 144 681 170 708
face 0.010768532752990723 144 681 170 708
face 0.010498732328414917 144 681 170 708
face 0.010465800762176514 144 681 170 708
face 0.010453879833221436 144 681 170 708
face 0.010175913572311401 144 681 170 708
face 0.009990572929382324 144 681 170 708
face 0.00994899868965149 144 681 170 708
face 0.0098438560962677 144 681 170 708
face 0.009457975625991821 144 681 170 708
face 0.009434163570404053 144 681 170 708
face 0.009384602308273315 144 681 170 708
face 0.009358108043670654 144 681 170 708
face 0.009149104356765747 144 681 170 708
face 0.008636713027954102 144 681 170 708
face 0.008595973253250122 144 681 170 708
face 0.008392095565795898 144 681 170 708
face 0.0082017183303833 144 681 170 708
