face 0.9998865723609924 154 79 864 1012
face 0.0035670995712280273 154 79 864 1012
face 0.0035127103328704834 154 79 864 1012
face 0.003497093915939331 154 79 864 1012
face 0.0034667551517486572 154 79 864 1012
face 0.0034058988094329834 154 79 864 1012
face 0.00334969162940979 154 79 864 1012
face 0.003184705972671509 154 79 864 1012
face 0.0031613707542419434 154 79 864 1012
face 0.0029821693897247314 154 79 864 1012
face 0.002970784902572632 154 79 864 1012
face 0.0029685497283935547 154 79 864 1012
face 0.0029150843620300293 154 79 864 1012
face 0.0028591156005859375 154 79 864 1012
face 0.002683401107788086 154 79 864 1012
face 0.0026560723781585693 154 79 864 1012
face 0.002629011869430542 154 79 864 1012
face 0.0025939345359802246 154 79 864 1012
face 0.0025796592235565186 154 79 864 1012
face 0.0024915337562561035 154 79 864 1012
face 0.0024893879890441895 154 79 864 1012
face 0.002477794885635376 154 79 864 1012
face 0.0023400187492370605 154 79 864 1012
face 0.00231131911277771 154 79 864 1012
face 0.0022810697555541992 154 79 864 1012
face 0.002128511667251587 154 79 864 1012
face 0.0021153390407562256 154 79 864 1012
face 0.0021120011806488037 154 79 864 1012
face 0.0019741952419281006 154 79 864 1012
face 0.0019600093364715576 154 79 864 1012
face 0.0019393861293792725 154 79 864 1012
face 0.00192338228225708 154 79 864 1012
face 0.0019078254699707031 154 79 864 1012
face 0.001901865005493164 154 79 864 1012
face 0.001896291971206665 154 79 864 1012
face 0.0018638670444488525 154 79 864 1012
face 0.0018582642078399658 154 79 864 1012
face 0.0018538832664489746 154 79 864 1012
face 0.001843273639678955 154 79 864 1012
face 0.0018028020858764648 154 79 864 1012
face 0.0017844438552856445 154 79 864 1012
face 0.0017764866352081299 154 79 864 1012
face 0.001733630895614624 154 79 864 1012
face 0.0016866624355316162 154 79 864 1012
face 0.0016813278198242188 154 79 864 1012
face 0.0016808807849884033 154 79 864 1012
face 0.0016729235649108887 154 79 864 1012
face 0.001662135124206543 154 79 864 1012
face 0.001632988452911377 154 79 864 1012
face 0.0016301870346069336 154 79 864 1012
face 0.0016134977340698242 154 79 864 1012
face 0.001608729362487793 154 79 864 1012
face 0.0015986263751983643 154 79 864 1012
face 0.001561582088470459 154 79 864 1012
face 0.0015392303466796875 154 79 864 1012
face 0.0015334486961364746 154 79 864 1012
face 0.0015225410461425781 154 79 864 1012
face 0.0015107691287994385 154 79 864 1012
face 0.0015098750591278076 154 79 864 1012
face 0.001491248607635498 154 79 864 1012
face 0.001455456018447876 154 79 864 1012
face 0.001438051462173462 154 79 864 1012
face 0.0014363527297973633 154 79 864 1012
face 0.0014361739158630371 154 79 864 1012
face 0.0014341175556182861 154 79 864 1012
face 0.0014303624629974365 154 79 864 1012
face 0.0014228522777557373 154 79 864 1012
face 0.0014151334762573242 154 79 864 1012
face 0.0014132857322692871 154 79 864 1012
face 0.0014123022556304932 154 79 864 1012
face 0.001400083303451538 154 79 864 1012
face 0.0013836920261383057 154 79 864 1012
face 0.001382678747177124 154 79 864 1012
face 0.0013808608055114746 154 79 864 1012
face 0.0013704299926757812 154 79 864 1012
face 0.0013695061206817627 154 79 864 1012
face 0.0013689994812011719 154 79 864 1012
face 0.001359105110168457 154 79 864 1012
face 0.001349419355392456 154 79 864 1012
face 0.0013372600078582764 154 79 864 1012
face 0.0013335645198822021 154 79 864 1012
face 0.001332789659500122 154 79 864 1012
face 0.0013235211372375488 154 79 864 1012
face 0.0013130605220794678 154 79 864 1012
face 0.001312345266342163 154 79 864 1012
face 0.001309722661972046 154 79 864 1012
face 0.0012886226177215576 154 79 864 1012
face 0.0012862682342529297 154 79 864 1012
face 0.001285940408706665 154 79 864 1012
face 0.0012784898281097412 154 79 864 1012
face 0.0012750327587127686 154 79 864 1012
face 0.0012703537940979004 154 79 864 1012
face 0.0012489557266235352 154 79 864 1012
face 0.0012483596801757812 154 79 864 1012
face 0.001247406005859375 154 79 864 1012
face 0.001236051321029663 154 79 864 1012
face 0.0012089908123016357 154 79 864 1012
face 0.001186281442642212 154 79 864 1012
face 0.0011730790138244629 154 79 864 1012
face 0.0011658966541290283 154 79 864 1012
