face 0.5414166450500488 202 267 346 479
face 0.061165452003479004 202 267 346 479
face 0.031082063913345337 202 267 346 479
face 0.026835471391677856 202 267 346 479
face 0.026596277952194214 202 267 346 479
face 0.02598986029624939 202 267 346 479
face 0.02547505497932434 202 267 346 479
face 0.02355426549911499 202 267 346 479
face 0.023451685905456543 202 267 346 479
face 0.02334505319595337 202 267 346 479
face 0.022554904222488403 202 267 346 479
face 0.02201792597770691 202 267 346 479
face 0.021975964307785034 202 267 346 479
face 0.021951824426651 202 267 346 479
face 0.021499186754226685 202 267 346 479
face 0.021330833435058594 202 267 346 479
face 0.020915091037750244 202 267 346 479
face 0.020709335803985596 202 267 346 479
face 0.020645618438720703 202 267 346 479
face 0.020595967769622803 202 267 346 479
face 0.02014020085334778 202 267 346 479
face 0.020046919584274292 202 267 346 479
face 0.019884586334228516 202 267 346 479
face 0.01950696110725403 202 267 346 479
face 0.019335240125656128 202 267 346 479
face 0.019203156232833862 202 267 346 479
face 0.01886928081512451 202 267 346 479
face 0.018859386444091797 202 267 346 479
face 0.0186842679977417 202 267 346 479
face 0.018561840057373047 202 267 346 479
face 0.018487900495529175 202 267 346 479
face 0.01794135570526123 202 267 346 479
face 0.01760926842689514 202 267 346 479
face 0.017601996660232544 202 267 346 479
face 0.01754137873649597 202 267 346 479
face 0.017534196376800537 202 267 346 479
face 0.017380207777023315 202 267 346 479
face 0.017216145992279053 202 267 346 479
face 0.016878455877304077 202 267 346 479
face 0.01686134934425354 202 267 346 479
face 0.01684054732322693 202 267 346 479
face 0.016577064990997314 202 267 346 479
face 0.016349613666534424 202 267 346 479
face 0.016284257173538208 202 267 346 479
face 0.01608416438102722 202 267 346 479
face 0.01605468988418579 202 267 346 479
face 0.015965521335601807 202 267 346 479
face 0.015939533710479736 202 267 346 479
face 0.015923112630844116 202 267 346 479
face 0.015766680240631104 202 267 346 479
face 0.015526115894317627 202 267 346 479
face 0.015375673770904541 202 267 346 479
face 0.015222698450088501 202 267 346 479
face 0.014549016952514648 202 267 346 479
face 0.014143586158752441 202 267 346 479
face 0.013980329036712646 202 267 346 479
face 0.013865828514099121 202 267 346 479
face 0.013842791318893433 202 267 346 479
face 0.013705432415008545 202 267 346 479
face 0.013633698225021362 202 267 346 479
face 0.0135725736618042 202 267 346 479
face 0.013548135757446289 202 267 346 479
face 0.01327398419380188 202 267 346 479
face 0.013191431760787964 202 267 346 479
face 0.012900829315185547 202 267 346 479
face 0.012889623641967773 202 267 346 479
face 0.012822091579437256 202 267 346 479
face 0.012801706790924072 202 267 346 479
face 0.012689352035522461 202 267 346 479
face 0.012579590082168579 202 267 346 479
face 0.012546271085739136 202 267 346 479
face 0.012291133403778076 202 267 346 479
face 0.012186795473098755 202 267 346 479
face 0.01215401291847229 202 267 346 479
face 0.012112736701965332 202 267 346 479
face 0.012042522430419922 202 267 346 479
face 0.012037903070449829 202 267 346 479
face 0.011980891227722168 202 267 346 479
face 0.011824607849121094 202 267 346 479
face 0.011606097221374512 202 267 346 479
face 0.011568814516067505 202 267 346 479
face 0.011471986770629883 202 267 346 479
face 0.011383652687072754 202 267 346 479
face 0.011323422193527222 202 267 346 479
face 0.01131942868232727 202 267 346 479
face 0.011278897523880005 202 267 346 479
face 0.0111503005027771 202 267 346 479
face 0.010870516300201416 202 267 346 479
face 0.010866254568099976 202 267 346 479
face 0.0108661949634552 202 267 346 479
face 0.01076456904411316 202 267 346 479
face 0.010705411434173584 202 267 346 479
face 0.01051214337348938 202 267 346 479
face 0.010431349277496338 202 267 346 479
face 0.010345548391342163 202 267 346 479
face 0.010186046361923218 202 267 346 479
face 0.010183155536651611 202 267 346 479
face 0.010117322206497192 202 267 346 479
face 0.010066986083984375 202 267 346 479
face 0.0100460946559906 202 267 346 479
