face 0.9946643114089966 701 159 781 261
face 0.9792747497558594 273 52 354 164
face 0.04700323939323425 273 52 354 164
face 0.02633151412010193 273 52 354 164
face 0.014872640371322632 273 52 354 164
face 0.014843255281448364 273 52 354 164
face 0.012664258480072021 273 52 354 164
face 0.011213839054107666 273 52 354 164
face 0.010681897401809692 273 52 354 164
face 0.010631561279296875 273 52 354 164
face 0.008734822273254395 273 52 354 164
face 0.0072386860847473145 273 52 354 164
face 0.0069315433502197266 273 52 354 164
face 0.006674915552139282 273 52 354 164
face 0.006460011005401611 273 52 354 164
face 0.0063950419425964355 273 52 354 164
face 0.006220996379852295 273 52 354 164
face 0.005825161933898926 273 52 354 164
face 0.005730330944061279 273 52 354 164
face 0.005594193935394287 273 52 354 164
face 0.005468100309371948 273 52 354 164
face 0.0054322779178619385 273 52 354 164
face 0.005315661430358887 273 52 354 164
face 0.005276590585708618 273 52 354 164
face 0.005088061094284058 273 52 354 164
face 0.005076169967651367 273 52 354 164
face 0.004964351654052734 273 52 354 164
face 0.004949897527694702 273 52 354 164
face 0.004934787750244141 273 52 354 164
face 0.004830211400985718 273 52 354 164
face 0.0047502219676971436 273 52 354 164
face 0.0047456324100494385 273 52 354 164
face 0.0047349631786346436 273 52 354 164
face 0.004656285047531128 273 52 354 164
face 0.004594981670379639 273 52 354 164
face 0.004589259624481201 273 52 354 164
face 0.004516094923019409 273 52 354 164
face 0.004497885704040527 273 52 354 164
face 0.004415780305862427 273 52 354 164
face 0.004332453012466431 273 52 354 164
face 0.004212439060211182 273 52 354 164
face 0.00418543815612793 273 52 354 164
face 0.004184842109680176 273 52 354 164
face 0.00417637825012207 273 52 354 164
face 0.004120945930480957 273 52 354 164
face 0.004120230674743652 273 52 354 164
face 0.00408211350440979 273 52 354 164
face 0.00402948260307312 273 52 354 164
face 0.003933161497116089 273 52 354 164
face 0.0038428902626037598 273 52 354 164
face 0.003824383020401001 273 52 354 164
face 0.0038096606731414795 273 52 354 164
face 0.0037582814693450928 273 52 354 164
face 0.0036878883838653564 273 52 354 164
face 0.0036857128143310547 273 52 354 164
face 0.003684401512145996 273 52 354 164
face 0.003662109375 273 52 354 164
face 0.00365409255027771 273 52 354 164
face 0.0036461949348449707 273 52 354 164
face 0.003632187843322754 273 52 354 164
face 0.003589153289794922 273 52 354 164
face 0.0035584867000579834 273 52 354 164
face 0.0035153329372406006 273 52 354 164
face 0.0035141706466674805 273 52 354 164
face 0.003492414951324463 273 52 354 164
face 0.0034513771533966064 273 52 354 164
face 0.0034460723400115967 273 52 354 164
face 0.0034334659576416016 273 52 354 164
face 0.0033642947673797607 273 52 354 164
face 0.003315269947052002 273 52 354 164
face 0.0033131539821624756 273 52 354 164
face 0.0033121109008789062 273 52 354 164
face 0.003306061029434204 273 52 354 164
face 0.003298729658126831 273 52 354 164
face 0.00326383113861084 273 52 354 164
face 0.0032593905925750732 273 52 354 164
face 0.0032448172569274902 273 52 354 164
face 0.0032321512699127197 273 52 354 164
face 0.0032293200492858887 273 52 354 164
face 0.0031914710998535156 273 52 354 164
face 0.0031473934650421143 273 52 354 164
face 0.0031402409076690674 273 52 354 164
face 0.0031111538410186768 273 52 354 164
face 0.003068387508392334 273 52 354 164
face 0.003061532974243164 273 52 354 164
face 0.0030559301376342773 273 52 354 164
face 0.0030314624309539795 273 52 354 164
face 0.003020965028554201 273 52 354 164
face 0.0029841363430023193 273 52 354 164
face 0.002922922372817993 273 52 354 164
face 0.0029115676879882812 273 52 354 164
face 0.0029001235961914062 273 52 354 164
face 0.002857595682144165 273 52 354 164
face 0.0027860403060913086 273 52 354 164
face 0.002783268690109253 273 52 354 164
face 0.0027650296688079834 273 52 354 164
face 0.002748429775238037 273 52 354 164
face 0.0027456283569335938 273 52 354 164
face 0.0027126073837280273 273 52 354 164
face 0.002707749605178833 273 52 354 164
