face 0.9924618005752563 509 86 693 307
face 0.01019260287284851 509 86 693 307
face 0.005678355693817139 509 86 693 307
face 0.00441625714302063 509 86 693 307
face 0.003957271575927734 509 86 693 307
face 0.0037317872047424316 509 86 693 307
face 0.0033996999263763428 509 86 693 307
face 0.0032249093055725098 509 86 693 307
face 0.003114253282546997 509 86 693 307
face 0.003079056739807129 509 86 693 307
face 0.003053814172744751 509 86 693 307
face 0.0029830336570739746 509 86 693 307
face 0.002924293279647827 509 86 693 307
face 0.0028925836086273193 509 86 693 307
face 0.002852797508239746 509 86 693 307
face 0.0028107762336730957 509 86 693 307
face 0.002744227647781372 509 86 693 307
face 0.002703636884689331 509 86 693 307
face 0.0027012228965759277 509 86 693 307
face 0.0026809871196746826 509 86 693 307
face 0.0026379525661468506 509 86 693 307
face 0.0025710761547088623 509 86 693 307
face 0.002564042806625366 509 86 693 307
face 0.002550780773162842 509 86 693 307
face 0.0025433003902435303 509 86 693 307
face 0.0025395452976226807 509 86 693 307
face 0.002517491579055786 509 86 693 307
face 0.0024800896644592285 509 86 693 307
face 0.002442270517349243 509 86 693 307
face 0.002440899610519409 509 86 693 307
face 0.0024386048316955566 509 86 693 307
face 0.0023945271968841553 509 86 693 307
face 0.0023902058601379395 509 86 693 307
face 0.0023600757122039795 509 86 693 307
face 0.0023234784603118896 509 86 693 307
face 0.002320408821105957 509 86 693 307
face 0.002307116985321045 509 86 693 307
face 0.002301424741744995 509 86 693 307
face 0.0022860169410705566 509 86 693 307
face 0.0022825300693511963 509 86 693 307
face 0.002276003360748291 509 86 693 307
face 0.0022759735584259033 509 86 693 307
face 0.0022674202919006348 509 86 693 307
face 0.0022645294666290283 509 86 693 307
face 0.002251952886581421 509 86 693 307
face 0.0022512078285217285 509 86 693 307
face 0.00225067138671875 509 86 693 307
face 0.0022282004356384277 509 86 693 307
face 0.0022262930870056152 509 86 693 307
face 0.002206772565841675 509 86 693 307
face 0.0022035539150238037 509 86 693 307
face 0.0021646320819854736 509 86 693 307
face 0.0021633803844451904 509 86 693 307
face 0.0021564364433288574 509 86 693 307
face 0.0021383166313171387 509 86 693 307
face 0.0021258890628814697 509 86 693 307
face 0.0021065473556518555 509 86 693 307
face 0.002093583345413208 509 86 693 307
face 0.002092033624649048 509 86 693 307
face 0.002087116241455078 509 86 693 307
face 0.0020618736743927 509 86 693 307
face 0.0020578205585479736 509 86 693 307
face 0.0020537972450256348 509 86 693 307
face 0.002051442861557007 509 86 693 307
face 0.002047508955001831 509 86 693 307
face 0.002028912305831909 509 86 693 307
face 0.0020195841789245605 509 86 693 307
face 0.0019783377647399902 509 86 693 307
face 0.0019638538360595703 509 86 693 307
face 0.0019523203372955322 509 86 693 307
face 0.0019451677799224854 509 86 693 307
face 0.0019326508045196533 509 86 693 307
face 0.0019241273403167725 509 86 693 307
face 0.0019096434116363525 509 86 693 307
face 0.0019084513187408447 509 86 693 307
face 0.0019033551216125488 509 86 693 307
face 0.0019032657146453857 509 86 693 307
face 0.0018897056579589844 509 86 693 307
face 0.0018768012523651123 509 86 693 307
face 0.0018582046031951904 509 86 693 307
face 0.001857846975326538 509 86 693 307
face 0.0018363595008850098 509 86 693 307
face 0.0018300116062164307 509 86 693 307
face 0.0018249154090881348 509 86 693 307
face 0.001808762550354004 509 86 693 307
face 0.0018036961555480957 509 86 693 307
face 0.0018014907836914062 509 86 693 307
face 0.0017844140529632568 509 86 693 307
face 0.0017791986465454102 509 86 693 307
face 0.0017774999141693115 509 86 693 307
face 0.0017710328102111816 509 86 693 307
face 0.0017643868923187256 509 86 693 307
face 0.001742333173751831 509 86 693 307
face 0.00174027681350708 509 86 693 307
face 0.001739203929901123 509 86 693 307
face 0.0017380118370056152 509 86 693 307
face 0.001736670732498169 509 86 693 307
face 0.0017310082912445068 509 86 693 307
face 0.0017281770706176758 509 86 693 307
face 0.0017199516296386719 509 86 693 307
