face 0.994179904460907 750 84 793 151
face 0.9867904782295227 341 151 376 195
face 0.9382136464118958 389 167 419 207
face 0.7508198618888855 470 140 504 182
face 0.70842045545578 528 185 559 225
face 0.48627179861068726 528 185 559 225
face 0.31414687633514404 528 185 559 225
face 0.1455436646938324 528 185 559 225
face 0.11357644200325012 528 185 559 225
face 0.05758264660835266 528 185 559 225
face 0.027910441160202026 528 185 559 225
face 0.02490171790122986 528 185 559 225
face 0.02291819453239441 528 185 559 225
face 0.022755205631256104 528 185 559 225
face 0.02127823233604431 528 185 559 225
face 0.018307268619537354 528 185 559 225
face 0.014260470867156982 528 185 559 225
face 0.013721048831939697 528 185 559 225
face 0.013293683528900146 528 185 559 225
face 0.012591570615768433 528 185 559 225
face 0.011924117803573608 528 185 559 225
face 0.010736703872680664 528 185 559 225
face 0.010600447654724121 528 185 559 225
face 0.01041904091835022 528 185 559 225
face 0.009694486856460571 528 185 559 225
face 0.009312868118286133 528 185 559 225
face 0.009243518114089966 528 185 559 225
face 0.009036630392074585 528 185 559 225
face 0.008836686611175537 528 185 559 225
face 0.008312612771987915 528 185 559 225
face 0.008143901824951172 528 185 559 225
face 0.00725904107093811 528 185 559 225
face 0.007248491048812866 528 185 559 225
face 0.007183641195297241 528 185 559 225
face 0.007147699594497681 528 185 559 225
face 0.007116943597793579 528 185 559 225
face 0.006743133068084717 528 185 559 225
face 0.006728857755661011 528 185 559 225
face 0.006521821022033691 528 185 559 225
face 0.00565001368522644 528 185 559 225
face 0.005585610866546631 528 185 559 225
face 0.005134642124176025 528 185 559 225
face 0.005119413137435913 528 185 559 225
face 0.004757344722747803 528 185 559 225
face 0.004737406969070435 528 185 559 225
face 0.004692971706390381 528 185 559 225
face 0.004553288221359253 528 185 559 225
face 0.004517793655395508 528 185 559 225
face 0.004417359828948975 528 185 559 225
face 0.004405349493026733 528 185 559 225
face 0.004364043474197388 528 185 559 225
face 0.004313826560974121 528 185 559 225
face 0.004216045141220093 528 185 559 225
face 0.004119396209716797 528 185 559 225
face 0.00403594970703125 528 185 559 225
face 0.003990083932876587 528 185 559 225
face 0.003929466009140015 528 185 559 225
face 0.003831148147583008 528 185 559 225
face 0.003711909055709839 528 185 559 225
face 0.0036665499210357666 528 185 559 225
face 0.003640890121459961 528 185 559 225
face 0.0036333203315734863 528 185 559 225
face 0.003596752882003784 528 185 559 225
face 0.003588855266571045 528 185 559 225
face 0.003516077995300293 528 185 559 225
face 0.0034917593002319336 528 185 559 225
face 0.0034398436546325684 528 185 559 225
face 0.0033845603466033936 528 185 559 225
face 0.003382384777069092 528 185 559 225
face 0.003292679786682129 528 185 559 225
face 0.003261953592300415 528 185 559 225
face 0.003247469663619995 528 185 559 225
face 0.0032197535037994385 528 185 559 225
face 0.0031886398792266846 528 185 559 225
face 0.0031848549842834473 528 185 559 225
face 0.0031804442405700684 528 185 559 225
face 0.0031554996967315674 528 185 559 225
face 0.003149688243865967 528 185 559 225
face 0.003129422664642334 528 185 559 225
face 0.0031278133392333984 528 185 559 225
face 0.0031004250049591064 528 185 559 225
face 0.0030716657638549805 528 185 559 225
face 0.003070056438446045 528 185 559 225
face 0.003067612648010254 528 185 559 225
face 0.0029672980308532715 528 185 559 225
face 0.002942383289337158 528 185 559 225
face 0.0029390454292297363 528 185 559 225
face 0.002898961305618286 528 185 559 225
face 0.0028813183307647705 528 185 559 225
face 0.002881079912185669 528 185 559 225
face 0.0028494298458099365 528 185 559 225
face 0.0028482675552368164 528 185 559 225
face 0.002828061580657959 528 185 559 225
face 0.0028071999549865723 528 185 559 225
face 0.002806365489959717 528 185 559 225
face 0.0027969777584075928 528 185 559 225
face 0.0027954280376434326 528 185 559 225
face 0.0027910470962524414 528 185 559 225
face 0.0027028024196624756 528 185 559 225
face 0.0026498138904571533 528 185 559 225
