face 0.9560003876686096 385 175 583 396
face 0.0068476200103759766 385 175 583 396
face 0.0051656365394592285 385 175 583 396
face 0.0048400163650512695 385 175 583 396
face 0.0045127272605896 385 175 583 396
face 0.004394322633743286 385 175 583 396
face 0.004370510578155518 385 175 583 396
face 0.003752410411834717 385 175 583 396
face 0.003667891025543213 385 175 583 396
face 0.0036435723304748535 385 175 583 396
face 0.0035256147384643555 385 175 583 396
face 0.0033611655235290527 385 175 583 396
face 0.0032684504985809326 385 175 583 396
face 0.0032464265823364258 385 175 583 396
face 0.0032286345958709717 385 175 583 396
face 0.003134220838546753 385 175 583 396
face 0.002840697765350342 385 175 583 396
face 0.0028300881385803223 385 175 583 396
face 0.002829253673553467 385 175 583 396
face 0.0025560855865478516 385 175 583 396
face 0.0025458037853240967 385 175 583 396
face 0.0025327205657958984 385 175 583 396
face 0.0025291740894317627 385 175 583 396
face 0.002527952194213867 385 175 583 396
face 0.0024799704551696777 385 175 583 396
face 0.0024371445178985596 385 175 583 396
face 0.0024202167987823486 385 175 583 396
face 0.0023689568042755127 385 175 583 396
face 0.0023581981658935547 385 175 583 396
face 0.0023273825645446777 385 175 583 396
face 0.0023154020309448242 385 175 583 396
face 0.0023019909858703613 385 175 583 396
face 0.0022790729999542236 385 175 583 396
face 0.002245187759399414 385 175 583 396
face 0.0022155046463012695 385 175 583 396
face 0.0022002458572387695 385 175 583 396
face 0.002184838056564331 385 175 583 396
face 0.0021420717239379883 385 175 583 396
face 0.0021381378173828125 385 175 583 396
face 0.0020898282527923584 385 175 583 396
face 0.0020887255668640137 385 175 583 396
face 0.0020145177841186523 385 175 583 396
face 0.0019909143447875977 385 175 583 396
face 0.001975923776626587 385 175 583 396
face 0.0019679367542266846 385 175 583 396
face 0.0019453465938568115 385 175 583 396
face 0.001925051212310791 385 175 583 396
face 0.001911759376525879 385 175 583 396
face 0.0019098520278930664 385 175 583 396
face 0.0018648207187652588 385 175 583 396
face 0.0018637776374816895 385 175 583 396
face 0.0018577277660369873 385 175 583 396
face 0.0018315315246582031 385 175 583 396
face 0.001828908920288086 385 175 583 396
face 0.0018045306205749512 385 175 583 396
face 0.0017949938774108887 385 175 583 396
face 0.0017876029014587402 385 175 583 396
face 0.0017839372158050537 385 175 583 396
face 0.001783818006515503 385 175 583 396
face 0.001723945140838623 385 175 583 396
face 0.0017166435718536377 385 175 583 396
face 0.0017161667346954346 385 175 583 396
face 0.0016942620277404785 385 175 583 396
face 0.001688450574874878 385 175 583 396
face 0.001680910587310791 385 175 583 396
face 0.0016689002513885498 385 175 583 396
face 0.0016600191593170166 385 175 583 396
face 0.0016304850578308105 385 175 583 396
face 0.0016159117221832275 385 175 583 396
face 0.001609116792678833 385 175 583 396
face 0.0016081631183624268 385 175 583 396
face 0.0015824735164642334 385 175 583 396
face 0.001575469970703125 385 175 583 396
face 0.001555413007736206 385 175 583 396
face 0.0015404820442199707 385 175 583 396
face 0.0015402138233184814 385 175 583 396
face 0.0015373528003692627 385 175 583 396
face 0.0015336573123931885 385 175 583 396
face 0.0015298724174499512 385 175 583 396
face 0.0014964938163757324 385 175 583 396
face 0.0014943480491638184 385 175 583 396
face 0.0014923810958862305 385 175 583 396
face 0.001487642526626587 385 175 583 396
face 0.0014503300189971924 385 175 583 396
face 0.0014438927173614502 385 175 583 396
face 0.001430600881576538 385 175 583 396
face 0.0014134049415588379 385 175 583 396
face 0.0014047622680664062 385 175 583 396
face 0.0014035403728485107 385 175 583 396
face 0.0014023780822753906 385 175 583 396
face 0.0013954341411590576 385 175 583 396
face 0.0013945400714874268 385 175 583 396
face 0.0013924837112426758 385 175 583 396
face 0.0013870298862457275 385 175 583 396
face 0.0013848543167114258 385 175 583 396
face 0.0013689696788787842 385 175 583 396
face 0.001368105411529541 385 175 583 396
face 0.0013624727725982666 385 175 583 396
face 0.0013590753078460693 385 175 583 396
face 0.0013520419597625732 385 175 583 396
