face 0.9978591203689575 244 248 432 442
face 0.8655109405517578 732 631 742 643
face 0.8222997784614563 829 616 863 660
face 0.679672360420227 698 633 706 645
face 0.6474583148956299 627 603 637 620
face 0.5509120225906372 626 626 636 642
face 0.52171790599823 781 626 791 638
face 0.49789130687713623 781 626 791 638
face 0.3627476394176483 781 626 791 638
face 0.30387526750564575 781 626 791 638
face 0.26132726669311523 781 626 791 638
face 0.2492709755897522 781 626 791 638
face 0.21557027101516724 781 626 791 638
face 0.20645108819007874 781 626 791 638
face 0.16801074147224426 781 626 791 638
face 0.13119009137153625 781 626 791 638
face 0.12363451719284058 781 626 791 638
face 0.11525407433509827 781 626 791 638
face 0.07849708199501038 781 626 791 638
face 0.039321452379226685 781 626 791 638
face 0.03309020400047302 781 626 791 638
face 0.030927449464797974 781 626 791 638
face 0.029500305652618408 781 626 791 638
face 0.028802573680877686 781 626 791 638
face 0.02754920721054077 781 626 791 638
face 0.02708590030670166 781 626 791 638
face 0.026548415422439575 781 626 791 638
face 0.025070756673812866 781 626 791 638
face 0.024548977613449097 781 626 791 638
face 0.020010322332382202 781 626 791 638
face 0.01882234215736389 781 626 791 638
face 0.01824784278869629 781 626 791 638
face 0.01760333776473999 781 626 791 638
face 0.01634809374809265 781 626 791 638
face 0.0143795907497406 781 626 791 638
face 0.013631492853164673 781 626 791 638
face 0.013487815856933594 781 626 791 638
face 0.013314872980117798 781 626 791 638
face 0.012815684080123901 781 626 791 638
face 0.011964470148086548 781 626 791 638
face 0.011947780847549438 781 626 791 638
face 0.011813521385192871 781 626 791 638
face 0.011151701211929321 781 626 791 638
face 0.010786741971969604 781 626 791 638
face 0.010114043951034546 781 626 791 638
face 0.009763956069946289 781 626 791 638
face 0.009538590908050537 781 626 791 638
face 0.009351342916488647 781 626 791 638
face 0.009131193161010742 781 626 791 638
face 0.008782356977462769 781 626 791 638
face 0.008478164672851562 781 626 791 638
face 0.008303344249725342 781 626 791 638
face 0.008092135190963745 781 626 791 638
face 0.008079499006271362 781 626 791 638
face 0.007762640714645386 781 626 791 638
face 0.007584095001220703 781 626 791 638
face 0.007495880126953125 781 626 791 638
face 0.007380485534667969 781 626 791 638
face 0.0073128342628479 781 626 791 638
face 0.007149159908294678 781 626 791 638
face 0.007102787494659424 781 626 791 638
face 0.00658416748046875 781 626 791 638
face 0.006410121917724609 781 626 791 638
face 0.006396621465682983 781 626 791 638
face 0.006166011095046997 781 626 791 638
face 0.006027728319168091 781 626 791 638
face 0.005978643894195557 781 626 791 638
face 0.005745738744735718 781 626 791 638
face 0.0056632161140441895 781 626 791 638
face 0.005653858184814453 781 626 791 638
face 0.005533367395401001 781 626 791 638
face 0.005477398633956909 781 626 791 638
face 0.0054489076137542725 781 626 791 638
face 0.005416840314865112 781 626 791 638
face 0.0053532421588897705 781 626 791 638
face 0.00524476170539856 781 626 791 638
face 0.005163908004760742 781 626 791 638
face 0.005148470401763916 781 626 791 638
face 0.005101680755615234 781 626 791 638
face 0.005073487758636475 781 626 791 638
face 0.0049314796924591064 781 626 791 638
face 0.004836529493331909 781 626 791 638
face 0.00469207763671875 781 626 791 638
face 0.004640549421310425 781 626 791 638
face 0.004546999931335449 781 626 791 638
face 0.004500925540924072 781 626 791 638
face 0.0041935741901397705 781 626 791 638
face 0.00416526198387146 781 626 791 638
face 0.004135459661483765 781 626 791 638
face 0.004099130630493164 781 626 791 638
face 0.00406995415687561 781 626 791 638
face 0.004029005765914917 781 626 791 638
face 0.00401073694229126 781 626 791 638
face 0.0039480626583099365 781 626 791 638
face 0.003840237855911255 781 626 791 638
face 0.003813713788986206 781 626 791 638
face 0.00380513072013855 781 626 791 638
face 0.003789067268371582 781 626 791 638
face 0.0037161409854888916 781 626 791 638
face 0.003707975149154663 781 626 791 638
