face 0.9270496964454651 99 97 212 276
face 0.46280306577682495 99 97 212 276
face 0.2538301348686218 99 97 212 276
face 0.0444682240486145 99 97 212 276
face 0.042848438024520874 99 97 212 276
face 0.038652241230010986 99 97 212 276
face 0.02805382013320923 99 97 212 276
face 0.027078956365585327 99 97 212 276
face 0.02549588680267334 99 97 212 276
face 0.025270700454711914 99 97 212 276
face 0.023892462253570557 99 97 212 276
face 0.023470401763916016 99 97 212 276
face 0.02147156000137329 99 97 212 276
face 0.019341975450515747 99 97 212 276
face 0.01887577772140503 99 97 212 276
face 0.018590182065963745 99 97 212 276
face 0.01777699589729309 99 97 212 276
face 0.01755240559577942 99 97 212 276
face 0.017455637454986572 99 97 212 276
face 0.016126126050949097 99 97 212 276
face 0.015554755926132202 99 97 212 276
face 0.015364855527877808 99 97 212 276
face 0.015056878328323364 99 97 212 276
face 0.014160752296447754 99 97 212 276
face 0.014012068510055542 99 97 212 276
face 0.013689041137695312 99 97 212 276
face 0.013176262378692627 99 97 212 276
face 0.013175040483474731 99 97 212 276
face 0.01304355263710022 99 97 212 276
face 0.012722045183181763 99 97 212 276
face 0.012467622756958008 99 97 212 276
face 0.012377262115478516 99 97 212 276
face 0.012268871068954468 99 97 212 276
face 0.012229710817337036 99 97 212 276
face 0.012138575315475464 99 97 212 276
face 0.012094169855117798 99 97 212 276
face 0.011931508779525757 99 97 212 276
face 0.011914938688278198 99 97 212 276
face 0.011613786220550537 99 97 212 276
face 0.011579513549804688 99 97 212 276
face 0.01152840256690979 99 97 212 276
face 0.011342853307723999 99 97 212 276
face 0.011167377233505249 99 97 212 276
face 0.011031270027160645 99 97 212 276
face 0.010930776596069336 99 97 212 276
face 0.01079210638999939 99 97 212 276
face 0.010579675436019897 99 97 212 276
face 0.010561048984527588 99 97 212 276
face 0.010425835847854614 99 97 212 276
face 0.010355323553085327 99 97 212 276
face 0.010344147682189941 99 97 212 276
face 0.010309547185897827 99 97 212 276
face 0.01029166579246521 99 97 212 276
face 0.010223418474197388 99 97 212 276
face 0.010137856006622314 99 97 212 276
face 0.010131686925888062 99 97 212 276
face 0.009985224343836308 99 97 212 276
face 0.009917229413986206 99 97 212 276
face 0.009753972291946411 99 97 212 276
face 0.009717941284179688 99 97 212 276
face 0.009641259908676147 99 97 212 276
face 0.009610593318939209 99 97 212 276
face 0.00946149230003357 99 97 212 276
face 0.009455859661102295 99 97 212 276
face 0.009444713592529297 99 97 212 276
face 0.009433537721633911 99 97 212 276
face 0.0094146728515625 99 97 212 276
face 0.009197384119033813 99 97 212 276
face 0.009192734956741333 99 97 212 276
face 0.009131908416748047 99 97 212 276
face 0.009092062711715698 99 97 212 276
face 0.009059220552444458 99 97 212 276
face 0.009034067392349243 99 97 212 276
face 0.009004563093185425 99 97 212 276
face 0.008972108364105225 99 97 212 276
face 0.00895354151725769 99 97 212 276
face 0.008950203657150269 99 97 212 276
face 0.008935749530792236 99 97 212 276
face 0.008920997381210327 99 97 212 276
face 0.008769303560256958 99 97 212 276
face 0.008760243654251099 99 97 212 276
face 0.008713752031326294 99 97 212 276
face 0.008706718683242798 99 97 212 276
face 0.008698642253875732 99 97 212 276
face 0.008533000946044922 99 97 212 276
face 0.00847536325454712 99 97 212 276
face 0.008310258388519287 99 97 212 276
face 0.008303344249725342 99 97 212 276
face 0.008278131484985352 99 97 212 276
face 0.008239299058914185 99 97 212 276
face 0.008237332105636597 99 97 212 276
face 0.00823122262954712 99 97 212 276
face 0.008166313171386719 99 97 212 276
face 0.008130282163619995 99 97 212 276
face 0.00798487663269043 99 97 212 276
face 0.007959306240081787 99 97 212 276
face 0.007899433374404907 99 97 212 276
face 0.00788891315460205 99 97 212 276
face 0.007799506187438965 99 97 212 276
face 0.007781505584716797 99 97 212 276
