face 0.9647667407989502 334 512 385 572
face 0.5161710977554321 859 263 872 279
face 0.2374696433544159 859 263 872 279
face 0.2141137719154358 859 263 872 279
face 0.1419944167137146 859 263 872 279
face 0.13320142030715942 859 263 872 279
face 0.08978617191314697 859 263 872 279
face 0.08221647143363953 859 263 872 279
face 0.07199427485466003 859 263 872 279
face 0.04322490096092224 859 263 872 279
face 0.041552066802978516 859 263 872 279
face 0.035085529088974 859 263 872 279
face 0.029592275619506836 859 263 872 279
face 0.028660297393798828 859 263 872 279
face 0.02588072419166565 859 263 872 279
face 0.02569371461868286 859 263 872 279
face 0.025243282318115234 859 263 872 279
face 0.02284061908721924 859 263 872 279
face 0.01844802498817444 859 263 872 279
face 0.017452508211135864 859 263 872 279
face 0.015471816062927246 859 263 872 279
face 0.014957845211029053 859 263 872 279
face 0.014647841453552246 859 263 872 279
face 0.014196544885635376 859 263 872 279
face 0.01357191801071167 859 263 872 279
face 0.012255072593688965 859 263 872 279
face 0.011967688798904419 859 263 872 279
face 0.011718124151229858 859 263 872 279
face 0.011613130569458008 859 263 872 279
face 0.011522531509399414 859 263 872 279
face 0.01151236891746521 859 263 872 279
face 0.01132291555404663 859 263 872 279
face 0.011068612337112427 859 263 872 279
face 0.01061028242111206 859 263 872 279
face 0.01045238971710205 859 263 872 279
face 0.009790033102035522 859 263 872 279
face 0.008671462535858154 859 263 872 279
face 0.00849074125289917 859 263 872 279
face 0.00848245620727539 859 263 872 279
face 0.008062481880187988 859 263 872 279
face 0.008025050163269043 859 263 872 279
face 0.00789177417755127 859 263 872 279
face 0.007777392864227295 859 263 872 279
face 0.007376432418823242 859 263 872 279
face 0.0073213279247283936 859 263 872 279
face 0.007201164960861206 859 263 872 279
face 0.0070525407791137695 859 263 872 279
face 0.00704425573348999 859 263 872 279
face 0.0068447887897491455 859 263 872 279
face 0.006713777780532837 859 263 872 279
face 0.00655519962310791 859 263 872 279
face 0.006483584642410278 859 263 872 279
face 0.006439626216888428 859 263 872 279
face 0.00635722279548645 859 263 872 279
face 0.006230860948562622 859 263 872 279
face 0.005993634462356567 859 263 872 279
face 0.005981743335723877 859 263 872 279
face 0.005856573581695557 859 263 872 279
face 0.005730867385864258 859 263 872 279
face 0.005717456340789795 859 263 872 279
face 0.0057152509689331055 859 263 872 279
face 0.005710810422897339 859 263 872 279
face 0.005682766437530518 859 263 872 279
face 0.005628347396850586 859 263 872 279
face 0.005554318428039551 859 263 872 279
face 0.005473732948303223 859 263 872 279
face 0.005452245473861694 859 263 872 279
face 0.005451589822769165 859 263 872 279
face 0.005357116460800171 859 263 872 279
face 0.005170255899429321 859 263 872 279
face 0.005017101764678955 859 263 872 279
face 0.004984498023986816 859 263 872 279
face 0.00497281551361084 859 263 872 279
face 0.004946857690811157 859 263 872 279
face 0.004942834377288818 859 263 872 279
face 0.004836976528167725 859 263 872 279
face 0.004777342081069946 859 263 872 279
face 0.004764050245285034 859 263 872 279
face 0.004729241132736206 859 263 872 279
face 0.004596978425979614 859 263 872 279
face 0.004586577415466309 859 263 872 279
face 0.004511058330535889 859 263 872 279
face 0.004474043846130371 859 263 872 279
face 0.00445103645324707 859 263 872 279
face 0.004416823387145996 859 263 872 279
face 0.004368007183074951 859 263 872 279
face 0.004363656044006348 859 263 872 279
face 0.004351884126663208 859 263 872 279
face 0.004343807697296143 859 263 872 279
face 0.004297465085983276 859 263 872 279
face 0.004292517900466919 859 263 872 279
face 0.004267275333404541 859 263 872 279
face 0.004161745309829712 859 263 872 279
face 0.004157304763793945 859 263 872 279
face 0.004101485013961792 859 263 872 279
face 0.0040877461433410645 859 263 872 279
face 0.004044592380523682 859 263 872 279
face 0.004020184278488159 859 263 872 279
face 0.004014462232589722 859 263 872 279
face 0.003995329141616821 859 263 872 279
