face 0.9952901601791382 241 88 382 266
face 0.9930682182312012 819 64 860 123
face 0.832528829574585 670 73 702 127
face 0.7841931581497192 957 71 984 121
face 0.6892610788345337 876 54 902 94
face 0.19490784406661987 876 54 902 94
face 0.08016371726989746 876 54 902 94
face 0.06921717524528503 876 54 902 94
face 0.06339263916015625 876 54 902 94
face 0.05973890423774719 876 54 902 94
face 0.04927879571914673 876 54 902 94
face 0.04331541061401367 876 54 902 94
face 0.04126054048538208 876 54 902 94
face 0.02272951602935791 876 54 902 94
face 0.020508140325546265 876 54 902 94
face 0.020426928997039795 876 54 902 94
face 0.01982930302619934 876 54 902 94
face 0.019827693700790405 876 54 902 94
face 0.018590599298477173 876 54 902 94
face 0.018498539924621582 876 54 902 94
face 0.01750132441520691 876 54 902 94
face 0.016959458589553833 876 54 902 94
face 0.016374707221984863 876 54 902 94
face 0.015329420566558838 876 54 902 94
face 0.014495491981506348 876 54 902 94
face 0.014236241579055786 876 54 902 94
face 0.011606425046920776 876 54 902 94
face 0.011349260807037354 876 54 902 94
face 0.0113372802734375 876 54 902 94
face 0.010798007249832153 876 54 902 94
face 0.010533660650253296 876 54 902 94
face 0.010361999273300171 876 54 902 94
face 0.010020226240158081 876 54 902 94
face 0.009972751140594482 876 54 902 94
face 0.009963840246200562 876 54 902 94
face 0.009952753782272339 876 54 902 94
face 0.009719997644424438 876 54 902 94
face 0.00966683030128479 876 54 902 94
face 0.009631544351577759 876 54 902 94
face 0.008970141410827637 876 54 902 94
face 0.008222728967666626 876 54 902 94
face 0.007983356714248657 876 54 902 94
face 0.007630288600921631 876 54 902 94
face 0.00754198431968689 876 54 902 94
face 0.007461845874786377 876 54 902 94
face 0.007413774728775024 876 54 902 94
face 0.007386445999145508 876 54 902 94
face 0.007204920053482056 876 54 902 94
face 0.0071430504322052 876 54 902 94
face 0.006818294525146484 876 54 902 94
face 0.006780087947845459 876 54 902 94
face 0.006751060485839844 876 54 902 94
face 0.006705582141876221 876 54 902 94
face 0.006629645824432373 876 54 902 94
face 0.006605982780456543 876 54 902 94
face 0.006570219993591309 876 54 902 94
face 0.006200820207595825 876 54 902 94
face 0.006129592657089233 876 54 902 94
face 0.006008267402648926 876 54 902 94
face 0.005908966064453125 876 54 902 94
face 0.005892068147659302 876 54 902 94
face 0.005889475345611572 876 54 902 94
face 0.005740135908126831 876 54 902 94
face 0.005721718072891235 876 54 902 94
face 0.005588024854660034 876 54 902 94
face 0.0055655837059021 876 54 902 94
face 0.005397677421569824 876 54 902 94
face 0.005361646413803101 876 54 902 94
face 0.005245000123977661 876 54 902 94
face 0.005227148532867432 876 54 902 94
face 0.0052145421504974365 876 54 902 94
face 0.005181670188903809 876 54 902 94
face 0.005024135112762451 876 54 902 94
face 0.005009710788726807 876 54 902 94
face 0.004939168691635132 876 54 902 94
face 0.0049370527267456055 876 54 902 94
face 0.004902750253677368 876 54 902 94
face 0.004887312650680542 876 54 902 94
face 0.004796832799911499 876 54 902 94
face 0.004746377468109131 876 54 902 94
face 0.0047020018100738525 876 54 902 94
face 0.004652142524719238 876 54 902 94
face 0.004600882530212402 876 54 902 94
face 0.004516243934631348 876 54 902 94
face 0.004495978355407715 876 54 902 94
face 0.004476577043533325 876 54 902 94
face 0.004443496465682983 876 54 902 94
face 0.004416286945343018 876 54 902 94
face 0.004409462213516235 876 54 902 94
face 0.004398256540298462 876 54 902 94
face 0.004344671964645386 876 54 902 94
face 0.004334926605224609 876 54 902 94
face 0.004262268543243408 876 54 902 94
face 0.004251003265380859 876 54 902 94
face 0.004203289747238159 876 54 902 94
face 0.0041967034339904785 876 54 902 94
face 0.004159688949584961 876 54 902 94
face 0.00413966178894043 876 54 902 94
face 0.004129081964492798 876 54 902 94
face 0.004114300012588501 876 54 902 94
