face 0.8118725419044495 304 151 475 393
face 0.0393013060092926 304 151 475 393
face 0.03920981287956238 304 151 475 393
face 0.038197487592697144 304 151 475 393
face 0.020829200744628906 304 151 475 393
face 0.01866176724433899 304 151 475 393
face 0.01831910014152527 304 151 475 393
face 0.018221884965896606 304 151 475 393
face 0.014987260103225708 304 151 475 393
face 0.0142536461353302 304 151 475 393
face 0.013983756303787231 304 151 475 393
face 0.012125760316848755 304 151 475 393
face 0.01148197054862976 304 151 475 393
face 0.01146116852760315 304 151 475 393
face 0.011071205139160156 304 151 475 393
face 0.010945826768875122 304 151 475 393
face 0.010271161794662476 304 151 475 393
face 0.009241551160812378 304 151 475 393
face 0.008722752332687378 304 151 475 393
face 0.007908910512924194 304 151 475 393
face 0.0076254308223724365 304 151 475 393
face 0.007449984550476074 304 151 475 393
face 0.007324576377868652 304 151 475 393
face 0.0073213279247283936 304 151 475 393
face 0.007295072078704834 304 151 475 393
face 0.007092863321304321 304 151 475 393
face 0.0070371925830841064 304 151 475 393
face 0.007008492946624756 304 151 475 393
face 0.006677865982055664 304 151 475 393
face 0.006495445966720581 304 151 475 393
face 0.006391644477844238 304 151 475 393
face 0.006376177072525024 304 151 475 393
face 0.006366729736328125 304 151 475 393
face 0.006286650896072388 304 151 475 393
face 0.0062631964683532715 304 151 475 393
face 0.006197243928909302 304 151 475 393
face 0.006180167198181152 304 151 475 393
face 0.006171524524688721 304 151 475 393
face 0.006126493215560913 304 151 475 393
face 0.006098061800003052 304 151 475 393
face 0.006063342094421387 304 151 475 393
face 0.005937755107879639 304 151 475 393
face 0.005846619606018066 304 151 475 393
face 0.005808979272842407 304 151 475 393
face 0.005792468786239624 304 151 475 393
face 0.005688518285751343 304 151 475 393
face 0.005598694086074829 304 151 475 393
face 0.005586475133895874 304 151 475 393
face 0.005452930927276611 304 151 475 393
face 0.005383819341659546 304 151 475 393
face 0.005304008722305298 304 151 475 393
face 0.0052664875984191895 304 151 475 393
face 0.005244314670562744 304 151 475 393
face 0.0052363574504852295 304 151 475 393
face 0.005202263593673706 304 151 475 393
face 0.00519871711730957 304 151 475 393
face 0.005168825387954712 304 151 475 393
face 0.005149394273757935 304 151 475 393
face 0.005130857229232788 304 151 475 393
face 0.005087465047836304 304 151 475 393
face 0.005053132772445679 304 151 475 393
face 0.005029767751693726 304 151 475 393
face 0.00502246618270874 304 151 475 393
face 0.004927158355712891 304 151 475 393
face 0.004915744066238403 304 151 475 393
face 0.004908174276351929 304 151 475 393
face 0.004871666431427002 304 151 475 393
face 0.004861950874328613 304 151 475 393
face 0.004836142063140869 304 151 475 393
face 0.004775971174240112 304 151 475 393
face 0.004731982946395874 304 151 475 393
face 0.004729866981506348 304 151 475 393
face 0.004710555076599121 304 151 475 393
face 0.004708647727966309 304 151 475 393
face 0.004676103591918945 304 151 475 393
face 0.0045698583126068115 304 151 475 393
face 0.004553705453872681 304 151 475 393
face 0.004548102617263794 304 151 475 393
face 0.004503160715103149 304 151 475 393
face 0.004410773515701294 304 151 475 393
face 0.004366874694824219 304 151 475 393
face 0.004343867301940918 304 151 475 393
face 0.004336923360824585 304 151 475 393
face 0.004335373640060425 304 151 475 393
face 0.004298090934753418 304 151 475 393
face 0.004281371831893921 304 151 475 393
face 0.004280596971511841 304 151 475 393
face 0.004280179738998413 304 151 475 393
face 0.00420650839805603 304 151 475 393
face 0.004184931516647339 304 151 475 393
face 0.004126876592636108 304 151 475 393
face 0.004042893648147583 304 151 475 393
face 0.004039466381072998 304 151 475 393
face 0.004024505615234375 304 151 475 393
face 0.003979474306106567 304 151 475 393
face 0.003977864980697632 304 151 475 393
face 0.003973275423049927 304 151 475 393
face 0.003934025764465332 304 151 475 393
face 0.003932207822799683 304 151 475 393
face 0.003926187753677368 304 151 475 393
