face 0.9883867502212524 116 380 178 460
face 0.930618166923523 438 377 495 455
face 0.23332181572914124 438 377 495 455
face 0.05520600080490112 438 377 495 455
face 0.04314228892326355 438 377 495 455
face 0.037693172693252563 438 377 495 455
face 0.02874302864074707 438 377 495 455
face 0.027967631816864014 438 377 495 455
face 0.027965903282165527 438 377 495 455
face 0.02781185507774353 438 377 495 455
face 0.02478531002998352 438 377 495 455
face 0.02454999089241028 438 377 495 455
face 0.024388521909713745 438 377 495 455
face 0.024348735809326172 438 377 495 455
face 0.02244552969932556 438 377 495 455
face 0.021138697862625122 438 377 495 455
face 0.020460158586502075 438 377 495 455
face 0.017636388540267944 438 377 495 455
face 0.01643344759941101 438 377 495 455
face 0.0164128839969635 438 377 495 455
face 0.016075730323791504 438 377 495 455
face 0.016021281480789185 438 377 495 455
face 0.014694809913635254 438 377 495 455
face 0.013882040977478027 438 377 495 455
face 0.013336271047592163 438 377 495 455
face 0.013204574584960938 438 377 495 455
face 0.01226159930229187 438 377 495 455
face 0.01213836669921875 438 377 495 455
face 0.011631041765213013 438 377 495 455
face 0.011080831289291382 438 377 495 455
face 0.010926872491836548 438 377 495 455
face 0.010917693376541138 438 377 495 455
face 0.010853350162506104 438 377 495 455
face 0.0107899010181427 438 377 495 455
face 0.010575026273727417 438 377 495 455
face 0.010514527559280396 438 377 495 455
face 0.01021277904510498 438 377 495 455
face 0.010162115097045898 438 377 495 455
face 0.010039061307907104 438 377 495 455
face 0.009730041027069092 438 377 495 455
face 0.009665697813034058 438 377 495 455
face 0.009496033191680908 438 377 495 455
face 0.009286224842071533 438 377 495 455
face 0.00900501012802124 438 377 495 455
face 0.008870869874954224 438 377 495 455
face 0.008673012256622314 438 377 495 455
face 0.007808029651641846 438 377 495 455
face 0.007792919874191284 438 377 495 455
face 0.007637530565261841 438 377 495 455
face 0.007552981376647949 438 377 495 455
face 0.007246464490890503 438 377 495 455
face 0.007217586040496826 438 377 495 455
face 0.00715985894203186 438 377 495 455
face 0.007054656744003296 438 377 495 455
face 0.006867110729217529 438 377 495 455
face 0.006852626800537109 438 377 495 455
face 0.0068013668060302734 438 377 495 455
face 0.0066092610359191895 438 377 495 455
face 0.006543666124343872 438 377 495 455
face 0.006522148847579956 438 377 495 455
face 0.00616869330406189 438 377 495 455
face 0.006050676107406616 438 377 495 455
face 0.005938172340393066 438 377 495 455
face 0.005804598331451416 438 377 495 455
face 0.0057468414306640625 438 377 495 455
face 0.005647003650665283 438 377 495 455
face 0.005570799112319946 438 377 495 455
face 0.005437076091766357 438 377 495 455
face 0.005395859479904175 438 377 495 455
face 0.0053764283657073975 438 377 495 455
face 0.005278587341308594 438 377 495 455
face 0.005228668451309204 438 377 495 455
face 0.0052040815353393555 438 377 495 455
face 0.005118966102600098 438 377 495 455
face 0.005088061094284058 438 377 495 455
face 0.004942655563354492 438 377 495 455
face 0.0049336254596710205 438 377 495 455
face 0.004924029111862183 438 377 495 455
face 0.004848271608352661 438 377 495 455
face 0.00479358434677124 438 377 495 455
face 0.004703342914581299 438 377 495 455
face 0.004682868719100952 438 377 495 455
face 0.004658728837966919 438 377 495 455
face 0.004563719034194946 438 377 495 455
face 0.004517048597335815 438 377 495 455
face 0.004464149475097656 438 377 495 455
face 0.004430323839187622 438 377 495 455
face 0.0043190717697143555 438 377 495 455
face 0.00430724024772644 438 377 495 455
face 0.004296243190765381 438 377 495 455
face 0.004295557737350464 438 377 495 455
face 0.004293292760848999 438 377 495 455
face 0.00421479344367981 438 377 495 455
face 0.004205912351608276 438 377 495 455
face 0.0041387975215911865 438 377 495 455
face 0.004103273153305054 438 377 495 455
face 0.004094332456588745 438 377 495 455
face 0.0040781497955322266 438 377 495 455
face 0.004054367542266846 438 377 495 455
face 0.0040375590324401855 438 377 495 455
