face 0.9487314820289612 610 452 659 528
face 0.9135075807571411 461 370 485 403
face 0.64286208152771 236 412 260 451
face 0.5313644409179688 347 370 367 398
face 0.3565025329589844 347 370 367 398
face 0.342662513256073 347 370 367 398
face 0.3371468186378479 347 370 367 398
face 0.31694239377975464 347 370 367 398
face 0.27998054027557373 347 370 367 398
face 0.2790110111236572 347 370 367 398
face 0.23992076516151428 347 370 367 398
face 0.23664948344230652 347 370 367 398
face 0.19365695118904114 347 370 367 398
face 0.17910191416740417 347 370 367 398
face 0.17841050028800964 347 370 367 398
face 0.17059758305549622 347 370 367 398
face 0.16313114762306213 347 370 367 398
face 0.16030246019363403 347 370 367 398
face 0.15519455075263977 347 370 367 398
face 0.15491965413093567 347 370 367 398
face 0.15239465236663818 347 370 367 398
face 0.11769524216651917 347 370 367 398
face 0.11520090699195862 347 370 367 398
face 0.10826680064201355 347 370 367 398
face 0.09468120336532593 347 370 367 398
face 0.09405910968780518 347 370 367 398
face 0.0936436653137207 347 370 367 398
face 0.09347817301750183 347 370 367 398
face 0.09023243188858032 347 370 367 398
face 0.08830451965332031 347 370 367 398
face 0.08327275514602661 347 370 367 398
face 0.0778767466545105 347 370 367 398
face 0.07579705119132996 347 370 367 398
face 0.07578575611114502 347 370 367 398
face 0.06994074583053589 347 370 367 398
face 0.0694054365158081 347 370 367 398
face 0.06889998912811279 347 370 367 398
face 0.06759554147720337 347 370 367 398
face 0.06455433368682861 347 370 367 398
face 0.06375366449356079 347 370 367 398
face 0.06343168020248413 347 370 367 398
face 0.061911314725875854 347 370 367 398
face 0.05997586250305176 347 370 367 398
face 0.058023035526275635 347 370 367 398
face 0.05728203058242798 347 370 367 398
face 0.0526241660118103 347 370 367 398
face 0.051120907068252563 347 370 367 398
face 0.050098419189453125 347 370 367 398
face 0.04885205626487732 347 370 367 398
face 0.04537081718444824 347 370 367 398
face 0.04522526264190674 347 370 367 398
face 0.04511082172393799 347 370 367 398
face 0.0450378954410553 347 370 367 398
face 0.043321430683135986 347 370 367 398
face 0.04245612025260925 347 370 367 398
face 0.0414409339427948 347 370 367 398
face 0.040849924087524414 347 370 367 398
face 0.040349602699279785 347 370 367 398
face 0.040288686752319336 347 370 367 398
face 0.04026079177856445 347 370 367 398
face 0.039882779121398926 347 370 367 398
face 0.03981003165245056 347 370 367 398
face 0.038876622915267944 347 370 367 398
face 0.03781932592391968 347 370 367 398
face 0.03684154152870178 347 370 367 398
face 0.03462544083595276 347 370 367 398
face 0.03261154890060425 347 370 367 398
face 0.031999826431274414 347 370 367 398
face 0.03146079182624817 347 370 367 398
face 0.031392037868499756 347 370 367 398
face 0.030184298753738403 347 370 367 398
face 0.03012174367904663 347 370 367 398
face 0.02891269326210022 347 370 367 398
face 0.02808132767677307 347 370 367 398
face 0.027916699647903442 347 370 367 398
face 0.027904093265533447 347 370 367 398
face 0.02702021598815918 347 370 367 398
face 0.02689117193222046 347 370 367 398
face 0.02656567096710205 347 370 367 398
face 0.02648743987083435 347 370 367 398
face 0.02645707130432129 347 370 367 398
face 0.025354385375976562 347 370 367 398
face 0.024774491786956787 347 370 367 398
face 0.023974210023880005 347 370 367 398
face 0.023791342973709106 347 370 367 398
face 0.023784488439559937 347 370 367 398
face 0.023718714714050293 347 370 367 398
face 0.02322399616241455 347 370 367 398
face 0.023183733224868774 347 370 367 398
face 0.023108989000320435 347 370 367 398
face 0.022602170705795288 347 370 367 398
face 0.022545427083969116 347 370 367 398
face 0.022445350885391235 347 370 367 398
face 0.02192312479019165 347 370 367 398
face 0.021331995725631714 347 370 367 398
face 0.02115383744239807 347 370 367 398
face 0.021036088466644287 347 370 367 398
face 0.020864099264144897 347 370 367 398
face 0.020548582077026367 347 370 367 398
face 0.020132452249526978 347 370 367 398
