face 0.6987080574035645 470 158 496 198
face 0.141998291015625 470 158 496 198
face 0.1322525441646576 470 158 496 198
face 0.11533629894256592 470 158 496 198
face 0.10029706358909607 470 158 496 198
face 0.0992668867111206 470 158 496 198
face 0.08602339029312134 470 158 496 198
face 0.07261070609092712 470 158 496 198
face 0.06385594606399536 470 158 496 198
face 0.060981184244155884 470 158 496 198
face 0.06035485863685608 470 158 496 198
face 0.05842411518096924 470 158 496 198
face 0.05651453137397766 470 158 496 198
face 0.05345061421394348 470 158 496 198
face 0.051455020904541016 470 158 496 198
face 0.0453890860080719 470 158 496 198
face 0.043261438608169556 470 158 496 198
face 0.042601585388183594 470 158 496 198
face 0.0412769615650177 470 158 496 198
face 0.04053300619125366 470 158 496 198
face 0.03968808054924011 470 158 496 198
face 0.039660483598709106 470 158 496 198
face 0.03945544362068176 470 158 496 198
face 0.03509014844894409 470 158 496 198
face 0.03290829062461853 470 158 496 198
face 0.032354652881622314 470 158 496 198
face 0.031154990196228027 470 158 496 198
face 0.030810683965682983 470 158 496 198
face 0.030476272106170654 470 158 496 198
face 0.02975401282310486 470 158 496 198
face 0.028474807739257812 470 158 496 198
face 0.02711614966392517 470 158 496 198
face 0.026007920503616333 470 158 496 198
face 0.025564610958099365 470 158 496 198
face 0.023984163999557495 470 158 496 198
face 0.023918449878692627 470 158 496 198
face 0.023829877376556396 470 158 496 198
face 0.023781567811965942 470 158 496 198
face 0.02370208501815796 470 158 496 198
face 0.022100985050201416 470 158 496 198
face 0.021937072277069092 470 158 496 198
face 0.021289795637130737 470 158 496 198
face 0.020836085081100464 470 158 496 198
face 0.02047574520111084 470 158 496 198
face 0.019110888242721558 470 158 496 198
face 0.019050151109695435 470 158 496 198
face 0.01830151677131653 470 158 496 198
face 0.01810610294342041 470 158 496 198
face 0.01759815216064453 470 158 496 198
face 0.01705867052078247 470 158 496 198
face 0.016998112201690674 470 158 496 198
face 0.016958683729171753 470 158 496 198
face 0.01690027117729187 470 158 496 198
face 0.016746312379837036 470 158 496 198
face 0.01597839593887329 470 158 496 198
face 0.015331774950027466 470 158 496 198
face 0.01533016562461853 470 158 496 198
face 0.015245586633682251 470 158 496 198
face 0.01523900032043457 470 158 496 198
face 0.01516789197921753 470 158 496 198
face 0.015019923448562622 470 158 496 198
face 0.014572560787200928 470 158 496 198
face 0.014429211616516113 470 158 496 198
face 0.01433098316192627 470 158 496 198
face 0.014189541339874268 470 158 496 198
face 0.013939380645751953 470 158 496 198
face 0.013861268758773804 470 158 496 198
face 0.013196587562561035 470 158 496 198
face 0.012511402368545532 470 158 496 198
face 0.01221272349357605 470 158 496 198
face 0.011879205703735352 470 158 496 198
face 0.011592119932174683 470 158 496 198
face 0.011575788259506226 470 158 496 198
face 0.011570483446121216 470 158 496 198
face 0.011520475149154663 470 158 496 198
face 0.011307001113891602 470 158 496 198
face 0.011100977659225464 470 158 496 198
face 0.010985374450683594 470 158 496 198
face 0.010804712772369385 470 158 496 198
face 0.010685592889785767 470 158 496 198
face 0.010684400796890259 470 158 496 198
face 0.010407775640487671 470 158 496 198
face 0.010348469018936157 470 158 496 198
face 0.010326951742172241 470 158 496 198
face 0.010095596313476562 470 158 496 198
face 0.010080516338348389 470 158 496 198
face 0.010073840618133545 470 158 496 198
face 0.010066688060760498 470 158 496 198
face 0.01002153754234314 470 158 496 198
face 0.009905844926834106 470 158 496 198
face 0.009797275066375732 470 158 496 198
face 0.009699314832687378 470 158 496 198
face 0.009659916162490845 470 158 496 198
face 0.00942966341972351 470 158 496 198
face 0.0092276930809021 470 158 496 198
face 0.009214609861373901 470 158 496 198
face 0.00917196273803711 470 158 496 198
face 0.00901290774345398 470 158 496 198
face 0.008897781372070312 470 158 496 198
face 0.008844345808029175 470 158 496 198
