face 0.9997622966766357 277 0 821 576
face 0.005253821611404419 277 0 821 576
face 0.004882991313934326 277 0 821 576
face 0.004007428884506226 277 0 821 576
face 0.0036061108112335205 277 0 821 576
face 0.0028753578662872314 277 0 821 576
face 0.002814948558807373 277 0 821 576
face 0.0028109848499298096 277 0 821 576
face 0.0027184486389160156 277 0 821 576
face 0.0026844143867492676 277 0 821 576
face 0.0026814043521881104 277 0 821 576
face 0.002634674310684204 277 0 821 576
face 0.0026089251041412354 277 0 821 576
face 0.002602308988571167 277 0 821 576
face 0.002496480941772461 277 0 821 576
face 0.0024918317794799805 277 0 821 576
face 0.0024562180042266846 277 0 821 576
face 0.0024443864822387695 277 0 821 576
face 0.002421259880065918 277 0 821 576
face 0.0023824870586395264 277 0 821 576
face 0.0023641884326934814 277 0 821 576
face 0.0023331940174102783 277 0 821 576
face 0.0023013949394226074 277 0 821 576
face 0.0023005902767181396 277 0 821 576
face 0.0022926926612854004 277 0 821 576
face 0.0022405385971069336 277 0 821 576
face 0.002216935157775879 277 0 821 576
face 0.002209693193435669 277 0 821 576
face 0.002140909433364868 277 0 821 576
face 0.002123713493347168 277 0 821 576
face 0.0020751655101776123 277 0 821 576
face 0.0020672976970672607 277 0 821 576
face 0.002044856548309326 277 0 821 576
face 0.0020309090614318848 277 0 821 576
face 0.0020285844802856445 277 0 821 576
face 0.002024054527282715 277 0 821 576
face 0.0020012259483337402 277 0 821 576
face 0.0019992291927337646 277 0 821 576
face 0.001979738473892212 277 0 821 576
face 0.0019770562648773193 277 0 821 576
face 0.001962721347808838 277 0 821 576
face 0.0019507110118865967 277 0 821 576
face 0.0019397735595703125 277 0 821 576
face 0.0019354820251464844 277 0 821 576
face 0.001917123794555664 277 0 821 576
face 0.0019150376319885254 277 0 821 576
face 0.0019117891788482666 277 0 821 576
face 0.0019079744815826416 277 0 821 576
face 0.0018940567970275879 277 0 821 576
face 0.001884162425994873 277 0 821 576
face 0.0018751919269561768 277 0 821 576
face 0.001860886812210083 277 0 821 576
face 0.0018202364444732666 277 0 821 576
face 0.0017860829830169678 277 0 821 576
face 0.0017573237419128418 277 0 821 576
face 0.0017524361610412598 277 0 821 576
face 0.0017431378364562988 277 0 821 576
face 0.0017405152320861816 277 0 821 576
face 0.0017348527908325195 277 0 821 576
face 0.0017338693141937256 277 0 821 576
face 0.0017050504684448242 277 0 821 576
face 0.0017038583755493164 277 0 821 576
face 0.0016954243183135986 277 0 821 576
face 0.0016932785511016846 277 0 821 576
face 0.0016898810863494873 277 0 821 576
face 0.0016757845878601074 277 0 821 576
face 0.0016667842864990234 277 0 821 576
face 0.0016551315784454346 277 0 821 576
face 0.0016541779041290283 277 0 821 576
face 0.0016537010669708252 277 0 821 576
face 0.0016515851020812988 277 0 821 576
face 0.0016466379165649414 277 0 821 576
face 0.0016434192657470703 277 0 821 576
face 0.0016412138938903809 277 0 821 576
face 0.0016254186630249023 277 0 821 576
face 0.00161018967628479 277 0 821 576
face 0.0016063451766967773 277 0 821 576
face 0.0016027987003326416 277 0 821 576
face 0.0015999078750610352 277 0 821 576
face 0.0015631020069122314 277 0 821 576
face 0.001529604196548462 277 0 821 576
face 0.0015146136283874512 277 0 821 576
face 0.0014949440956115723 277 0 821 576
face 0.0014911890029907227 277 0 821 576
face 0.001490563154220581 277 0 821 576
face 0.0014865696430206299 277 0 821 576
face 0.001486450433731079 277 0 821 576
face 0.0014740228652954102 277 0 821 576
face 0.001458972692489624 277 0 821 576
face 0.0014355182647705078 277 0 821 576
face 0.0014299452304840088 277 0 821 576
face 0.0014294981956481934 277 0 821 576
face 0.0014284253120422363 277 0 821 576
face 0.0014088749885559082 277 0 821 576
face 0.0014033019542694092 277 0 821 576
face 0.0013730823993682861 277 0 821 576
face 0.0013726353645324707 277 0 821 576
face 0.0013632774353027344 277 0 821 576
face 0.0013505816459655762 277 0 821 576
face 0.0013439059257507324 277 0 821 576
