face 0.9742798805236816 900 187 919 216
face 0.9568542242050171 586 231 609 261
face 0.6470227241516113 318 226 336 253
face 0.19761055707931519 318 226 336 253
face 0.10564613342285156 318 226 336 253
face 0.092326819896698 318 226 336 253
face 0.07595926523208618 318 226 336 253
face 0.0697752833366394 318 226 336 253
face 0.056880563497543335 318 226 336 253
face 0.054675906896591187 318 226 336 253
face 0.04574263095855713 318 226 336 253
face 0.04433494806289673 318 226 336 253
face 0.039033740758895874 318 226 336 253
face 0.03865805268287659 318 226 336 253
face 0.03751778602600098 318 226 336 253
face 0.03600996732711792 318 226 336 253
face 0.035817623138427734 318 226 336 253
face 0.03218302130699158 318 226 336 253
face 0.03124222159385681 318 226 336 253
face 0.02920958399772644 318 226 336 253
face 0.02681395411491394 318 226 336 253
face 0.02632734179496765 318 226 336 253
face 0.02470722794532776 318 226 336 253
face 0.023767292499542236 318 226 336 253
face 0.022697240114212036 318 226 336 253
face 0.022400259971618652 318 226 336 253
face 0.022350281476974487 318 226 336 253
face 0.02140730619430542 318 226 336 253
face 0.018300265073776245 318 226 336 253
face 0.018294066190719604 318 226 336 253
face 0.01589950919151306 318 226 336 253
face 0.015422850847244263 318 226 336 253
face 0.01510670781135559 318 226 336 253
face 0.013942718505859375 318 226 336 253
face 0.013736993074417114 318 226 336 253
face 0.013547182083129883 318 226 336 253
face 0.01346316933631897 318 226 336 253
face 0.013382136821746826 318 226 336 253
face 0.012951493263244629 318 226 336 253
face 0.012136608362197876 318 226 336 253
face 0.011950403451919556 318 226 336 253
face 0.011887669563293457 318 226 336 253
face 0.011552691459655762 318 226 336 253
face 0.011444419622421265 318 226 336 253
face 0.011417359113693237 318 226 336 253
face 0.01063448190689087 318 226 336 253
face 0.010605573654174805 318 226 336 253
face 0.010033607482910156 318 226 336 253
face 0.009109258651733398 318 226 336 253
face 0.008978784084320068 318 226 336 253
face 0.00887972116470337 318 226 336 253
face 0.008786231279373169 318 226 336 253
face 0.008389532566070557 318 226 336 253
face 0.008300811052322388 318 226 336 253
face 0.007914423942565918 318 226 336 253
face 0.007889866828918457 318 226 336 253
face 0.007715970277786255 318 226 336 253
face 0.007287800312042236 318 226 336 253
face 0.006608247756958008 318 226 336 253
face 0.006358742713928223 318 226 336 253
face 0.006308823823928833 318 226 336 253
face 0.006307840347290039 318 226 336 253
face 0.006091117858886719 318 226 336 253
face 0.006035923957824707 318 226 336 253
face 0.006009101867675781 318 226 336 253
face 0.005783498287200928 318 226 336 253
face 0.005682647228240967 318 226 336 253
face 0.005576878786087036 318 226 336 253
face 0.005374878644943237 318 226 336 253
face 0.005370527505874634 318 226 336 253
face 0.00531730055809021 318 226 336 253
face 0.0052297115325927734 318 226 336 253
face 0.005074113607406616 318 226 336 253
face 0.005046248435974121 318 226 336 253
face 0.0049842894077301025 318 226 336 253
face 0.004944503307342529 318 226 336 253
face 0.004944473505020142 318 226 336 253
face 0.004839479923248291 318 226 336 253
face 0.0047904253005981445 318 226 336 253
face 0.004781126976013184 318 226 336 253
face 0.004763394594192505 318 226 336 253
face 0.004476487636566162 318 226 336 253
face 0.004438519477844238 318 226 336 253
face 0.004434496164321899 318 226 336 253
face 0.004380762577056885 318 226 336 253
face 0.0043267905712127686 318 226 336 253
face 0.004299521446228027 318 226 336 253
face 0.004275321960449219 318 226 336 253
face 0.004210025072097778 318 226 336 253
face 0.004154592752456665 318 226 336 253
face 0.00407060980796814 318 226 336 253
face 0.003903299570083618 318 226 336 253
face 0.003848344087600708 318 226 336 253
face 0.0036949217319488525 318 226 336 253
face 0.003686875104904175 318 226 336 253
face 0.003684401512145996 318 226 336 253
face 0.0036306679248809814 318 226 336 253
face 0.0036257505416870117 318 226 336 253
face 0.0035903453826904297 318 226 336 253
face 0.0035801827907562256 318 226 336 253
