face 0.6962244510650635 563 142 614 207
face 0.06001359224319458 563 142 614 207
face 0.05271151661872864 563 142 614 207
face 0.04944407939910889 563 142 614 207
face 0.02458694577217102 563 142 614 207
face 0.02397620677947998 563 142 614 207
face 0.021481305360794067 563 142 614 207
face 0.01901647448539734 563 142 614 207
face 0.01825547218322754 563 142 614 207
face 0.015647292137145996 563 142 614 207
face 0.012585878372192383 563 142 614 207
face 0.01234164834022522 563 142 614 207
face 0.012196749448776245 563 142 614 207
face 0.010737329721450806 563 142 614 207
face 0.010653018951416016 563 142 614 207
face 0.009820640087127686 563 142 614 207
face 0.009440302848815918 563 142 614 207
face 0.00924527645111084 563 142 614 207
face 0.009138941764831543 563 142 614 207
face 0.009093284606933594 563 142 614 207
face 0.009031534194946289 563 142 614 207
face 0.00902014970779419 563 142 614 207
face 0.008786797523498535 563 142 614 207
face 0.008629024028778076 563 142 614 207
face 0.008503079414367676 563 142 614 207
face 0.008379250764846802 563 142 614 207
face 0.007726222276687622 563 142 614 207
face 0.007699698209762573 563 142 614 207
face 0.007499903440475464 563 142 614 207
face 0.0073258280754089355 563 142 614 207
face 0.006987154483795166 563 142 614 207
face 0.006958305835723877 563 142 614 207
face 0.006820321083068848 563 142 614 207
face 0.006612032651901245 563 142 614 207
face 0.006603986024856567 563 142 614 207
face 0.006411254405975342 563 142 614 207
face 0.006327688694000244 563 142 614 207
face 0.006220608949661255 563 142 614 207
face 0.006095707416534424 563 142 614 207
face 0.006034493446350098 563 142 614 207
face 0.0060020387172698975 563 142 614 207
face 0.005961745977401733 563 142 614 207
face 0.0059084296226501465 563 142 614 207
face 0.005897969007492065 563 142 614 207
face 0.005877822637557983 563 142 614 207
face 0.005842357873916626 563 142 614 207
face 0.005839914083480835 563 142 614 207
face 0.005687415599822998 563 142 614 207
face 0.005552321672439575 563 142 614 207
face 0.005499541759490967 563 142 614 207
face 0.005441844463348389 563 142 614 207
face 0.005418688058853149 563 142 614 207
face 0.005418241024017334 563 142 614 207
face 0.005373179912567139 563 142 614 207
face 0.005356520414352417 563 142 614 207
face 0.005355656147003174 563 142 614 207
face 0.005287766456604004 563 142 614 207
face 0.005254000425338745 563 142 614 207
face 0.0052093565464019775 563 142 614 207
face 0.005129098892211914 563 142 614 207
face 0.005022406578063965 563 142 614 207
face 0.004879564046859741 563 142 614 207
face 0.004762768745422363 563 142 614 207
face 0.004755496978759766 563 142 614 207
face 0.004729330539703369 563 142 614 207
face 0.004706025123596191 563 142 614 207
face 0.004639029502868652 563 142 614 207
face 0.004571825265884399 563 142 614 207
face 0.004478394985198975 563 142 614 207
face 0.004474908113479614 563 142 614 207
face 0.004465550184249878 563 142 614 207
face 0.004425466060638428 563 142 614 207
face 0.00442272424697876 563 142 614 207
face 0.004395663738250732 563 142 614 207
face 0.004306048154830933 563 142 614 207
face 0.00428694486618042 563 142 614 207
face 0.004286617040634155 563 142 614 207
face 0.004283517599105835 563 142 614 207
face 0.004242241382598877 563 142 614 207
face 0.004219472408294678 563 142 614 207
face 0.004118204116821289 563 142 614 207
face 0.00402715802192688 563 142 614 207
face 0.0040135979652404785 563 142 614 207
face 0.003988325595855713 563 142 614 207
face 0.00398099422454834 563 142 614 207
face 0.003947556018829346 563 142 614 207
face 0.003944128751754761 563 142 614 207
face 0.003796190023422241 563 142 614 207
face 0.0037857890129089355 563 142 614 207
face 0.003760308027267456 563 142 614 207
face 0.003760218620300293 563 142 614 207
face 0.0037382543087005615 563 142 614 207
face 0.0037362277507781982 563 142 614 207
face 0.0037350356578826904 563 142 614 207
face 0.003725200891494751 563 142 614 207
face 0.003697127103805542 563 142 614 207
face 0.0036907196044921875 563 142 614 207
face 0.003688335418701172 563 142 614 207
face 0.0036687850952148438 563 142 614 207
face 0.0036139190196990967 563 142 614 207
