face 0.9984738230705261 488 90 538 150
face 0.9755952954292297 877 92 934 165
face 0.9031312465667725 280 310 328 371
face 0.7791755199432373 343 123 366 151
face 0.7740455865859985 620 95 665 159
face 0.7174034118652344 231 89 262 141
face 0.3371888995170593 231 89 262 141
face 0.17878717184066772 231 89 262 141
face 0.11670884490013123 231 89 262 141
face 0.09525173902511597 231 89 262 141
face 0.062261104583740234 231 89 262 141
face 0.061703771352767944 231 89 262 141
face 0.051777184009552 231 89 262 141
face 0.039315879344940186 231 89 262 141
face 0.03655490279197693 231 89 262 141
face 0.02882850170135498 231 89 262 141
face 0.028104662895202637 231 89 262 141
face 0.027904242277145386 231 89 262 141
face 0.026768893003463745 231 89 262 141
face 0.025242000818252563 231 89 262 141
face 0.024859756231307983 231 89 262 141
face 0.02472519874572754 231 89 262 141
face 0.02439868450164795 231 89 262 141
face 0.023642390966415405 231 89 262 141
face 0.02332216501235962 231 89 262 141
face 0.022671788930892944 231 89 262 141
face 0.021189749240875244 231 89 262 141
face 0.020736783742904663 231 89 262 141
face 0.020322144031524658 231 89 262 141
face 0.020199120044708252 231 89 262 141
face 0.020085275173187256 231 89 262 141
face 0.020030498504638672 231 89 262 141
face 0.019944071769714355 231 89 262 141
face 0.019381940364837646 231 89 262 141
face 0.018849581480026245 231 89 262 141
face 0.018821924924850464 231 89 262 141
face 0.018642783164978027 231 89 262 141
face 0.017973780632019043 231 89 262 141
face 0.01794344186782837 231 89 262 141
face 0.017737895250320435 231 89 262 141
face 0.017367184162139893 231 89 262 141
face 0.017347395420074463 231 89 262 141
face 0.017231881618499756 231 89 262 141
face 0.01637178659439087 231 89 262 141
face 0.01626768708229065 231 89 262 141
face 0.01595446467399597 231 89 262 141
face 0.015512228012084961 231 89 262 141
face 0.01549309492111206 231 89 262 141
face 0.014871567487716675 231 89 262 141
face 0.014725804328918457 231 89 262 141
face 0.014690995216369629 231 89 262 141
face 0.014303654432296753 231 89 262 141
face 0.013955235481262207 231 89 262 141
face 0.013830572366714478 231 89 262 141
face 0.013747453689575195 231 89 262 141
face 0.013628721237182617 231 89 262 141
face 0.013336986303329468 231 89 262 141
face 0.013318628072738647 231 89 262 141
face 0.013066798448562622 231 89 262 141
face 0.012695908546447754 231 89 262 141
face 0.012541890144348145 231 89 262 141
face 0.012385129928588867 231 89 262 141
face 0.012263238430023193 231 89 262 141
face 0.012002289295196533 231 89 262 141
face 0.011867433786392212 231 89 262 141
face 0.011841446161270142 231 89 262 141
face 0.011835187673568726 231 89 262 141
face 0.01174163818359375 231 89 262 141
face 0.011700063943862915 231 89 262 141
face 0.011550039052963257 231 89 262 141
face 0.011317938566207886 231 89 262 141
face 0.01130184531211853 231 89 262 141
face 0.011278241872787476 231 89 262 141
face 0.011259466409683228 231 89 262 141
face 0.011212676763534546 231 89 262 141
face 0.011174380779266357 231 89 262 141
face 0.010914117097854614 231 89 262 141
face 0.01084047555923462 231 89 262 141
face 0.010804623365402222 231 89 262 141
face 0.010132044553756714 231 89 262 141
face 0.010031729936599731 231 89 262 141
face 0.009944647550582886 231 89 262 141
face 0.009938865900039673 231 89 262 141
face 0.009853452444076538 231 89 262 141
face 0.009845137596130371 231 89 262 141
face 0.009678363800048828 231 89 262 141
face 0.009663879871368408 231 89 262 141
face 0.00948992371559143 231 89 262 141
face 0.009461671113967896 231 89 262 141
face 0.009443968534469604 231 89 262 141
face 0.009410887956619263 231 89 262 141
face 0.009390950202941895 231 89 262 141
face 0.009375512599945068 231 89 262 141
face 0.009326368570327759 231 89 262 141
face 0.00919431447982788 231 89 262 141
face 0.009175777435302734 231 89 262 141
face 0.009066075086593628 231 89 262 141
face 0.009037971496582031 231 89 262 141
face 0.008714348077774048 231 89 262 141
face 0.008609384298324585 231 89 262 141
