face 0.9777073860168457 562 182 599 213
face 0.9018164873123169 954 189 1012 264
face 0.6092166304588318 642 168 686 211
face 0.4488757848739624 642 168 686 211
face 0.28944844007492065 642 168 686 211
face 0.1566198468208313 642 168 686 211
face 0.09350734949111938 642 168 686 211
face 0.05910158157348633 642 168 686 211
face 0.055419981479644775 642 168 686 211
face 0.051658451557159424 642 168 686 211
face 0.04100295901298523 642 168 686 211
face 0.037119269371032715 642 168 686 211
face 0.03604549169540405 642 168 686 211
face 0.035738855600357056 642 168 686 211
face 0.03198319673538208 642 168 686 211
face 0.031681329011917114 642 168 686 211
face 0.03148642182350159 642 168 686 211
face 0.027748405933380127 642 168 686 211
face 0.02664417028427124 642 168 686 211
face 0.02654293179512024 642 168 686 211
face 0.024558693170547485 642 168 686 211
face 0.0244409441947937 642 168 686 211
face 0.024149805307388306 642 168 686 211
face 0.024124085903167725 642 168 686 211
face 0.023902803659439087 642 168 686 211
face 0.02366948127746582 642 168 686 211
face 0.023339420557022095 642 168 686 211
face 0.023014575242996216 642 168 686 211
face 0.022616058588027954 642 168 686 211
face 0.0223771333694458 642 168 686 211
face 0.02165195345878601 642 168 686 211
face 0.020704954862594604 642 168 686 211
face 0.019672155380249023 642 168 686 211
face 0.01949712634086609 642 168 686 211
face 0.018900752067565918 642 168 686 211
face 0.01869678497314453 642 168 686 211
face 0.018623441457748413 642 168 686 211
face 0.018298625946044922 642 168 686 211
face 0.017988622188568115 642 168 686 211
face 0.01751554012298584 642 168 686 211
face 0.017442137002944946 642 168 686 211
face 0.017419010400772095 642 168 686 211
face 0.017258405685424805 642 168 686 211
face 0.017190366983413696 642 168 686 211
face 0.016546040773391724 642 168 686 211
face 0.016456514596939087 642 168 686 211
face 0.01618129014968872 642 168 686 211
face 0.01615390181541443 642 168 686 211
face 0.01602765917778015 642 168 686 211
face 0.015960536897182465 642 168 686 211
face 0.015943557024002075 642 168 686 211
face 0.015941619873046875 642 168 686 211
face 0.015420407056808472 642 168 686 211
face 0.01528632640838623 642 168 686 211
face 0.015283823013305664 642 168 686 211
face 0.015228509902954102 642 168 686 211
face 0.015174180269241333 642 168 686 211
face 0.01506805419921875 642 168 686 211
face 0.015038996934890747 642 168 686 211
face 0.014918863773345947 642 168 686 211
face 0.014505743980407715 642 168 686 211
face 0.014281094074249268 642 168 686 211
face 0.014130741357803345 642 168 686 211
face 0.01403316855430603 642 168 686 211
face 0.01399904489517212 642 168 686 211
face 0.01392221450805664 642 168 686 211
face 0.013908743858337402 642 168 686 211
face 0.013451457023620605 642 168 686 211
face 0.013449519872665405 642 168 686 211
face 0.013345420360565186 642 168 686 211
face 0.013280421495437622 642 168 686 211
face 0.013221174478530884 642 168 686 211
face 0.01314467191696167 642 168 686 211
face 0.013032257556915283 642 168 686 211
face 0.012930959463119507 642 168 686 211
face 0.012692242860794067 642 168 686 211
face 0.012563437223434448 642 168 686 211
face 0.012291252613067627 642 168 686 211
face 0.01227790117263794 642 168 686 211
face 0.012258946895599365 642 168 686 211
face 0.012190848588943481 642 168 686 211
face 0.012126773595809937 642 168 686 211
face 0.011933684349060059 642 168 686 211
face 0.011911094188690186 642 168 686 211
face 0.011846452951431274 642 168 686 211
face 0.011803030967712402 642 168 686 211
face 0.011587798595428467 642 168 686 211
face 0.011582404375076294 642 168 686 211
face 0.011518508195877075 642 168 686 211
face 0.011500924825668335 642 168 686 211
face 0.01137155294418335 642 168 686 211
face 0.011323630809783936 642 168 686 211
face 0.011288255453109741 642 168 686 211
face 0.011266946792602539 642 168 686 211
face 0.01123759150505066 642 168 686 211
face 0.011116176843643188 642 168 686 211
face 0.011097490787506104 642 168 686 211
face 0.011017322540283203 642 168 686 211
face 0.01092037558555603 642 168 686 211
face 0.010840088129043579 642 168 686 211
