face 0.8526128530502319 869 276 913 320
face 0.5240665078163147 395 274 423 309
face 0.4161343276500702 395 274 423 309
face 0.360357403755188 395 274 423 309
face 0.27288469672203064 395 274 423 309
face 0.2573065459728241 395 274 423 309
face 0.17981159687042236 395 274 423 309
face 0.13933011889457703 395 274 423 309
face 0.10693943500518799 395 274 423 309
face 0.08760672807693481 395 274 423 309
face 0.07508298754692078 395 274 423 309
face 0.05006930232048035 395 274 423 309
face 0.0457608699798584 395 274 423 309
face 0.04549714922904968 395 274 423 309
face 0.043563395738601685 395 274 423 309
face 0.04169905185699463 395 274 423 309
face 0.03604215383529663 395 274 423 309
face 0.031694650650024414 395 274 423 309
face 0.03023594617843628 395 274 423 309
face 0.02845466136932373 395 274 423 309
face 0.023194938898086548 395 274 423 309
face 0.022739112377166748 395 274 423 309
face 0.020652800798416138 395 274 423 309
face 0.020181775093078613 395 274 423 309
face 0.019986897706985474 395 274 423 309
face 0.019745945930480957 395 274 423 309
face 0.019340097904205322 395 274 423 309
face 0.019114822149276733 395 274 423 309
face 0.018881797790527344 395 274 423 309
face 0.018355488777160645 395 274 423 309
face 0.017989903688430786 395 274 423 309
face 0.017394274473190308 395 274 423 309
face 0.01728394627571106 395 274 423 309
face 0.01669973134994507 395 274 423 309
face 0.014842212200164795 395 274 423 309
face 0.014193475246429443 395 274 423 309
face 0.0139102041721344 395 274 423 309
face 0.013804137706756592 395 274 423 309
face 0.013696134090423584 395 274 423 309
face 0.013145983219146729 395 274 423 309
face 0.01301276683807373 395 274 423 309
face 0.012730628252029419 395 274 423 309
face 0.012263596057891846 395 274 423 309
face 0.01212272047996521 395 274 423 309
face 0.011861413717269897 395 274 423 309
face 0.011810332536697388 395 274 423 309
face 0.011604726314544678 395 274 423 309
face 0.011570066213607788 395 274 423 309
face 0.011239498853683472 395 274 423 309
face 0.011199146509170532 395 274 423 309
face 0.010923326015472412 395 274 423 309
face 0.010465681552886963 395 274 423 309
face 0.0103645920753479 395 274 423 309
face 0.010123133659362793 395 274 423 309
face 0.00981062650680542 395 274 423 309
face 0.009733259677886963 395 274 423 309
face 0.00972864031791687 395 274 423 309
face 0.009693145751953125 395 274 423 309
face 0.009689420461654663 395 274 423 309
face 0.00948306918144226 395 274 423 309
face 0.009476542472839355 395 274 423 309
face 0.00937458872795105 395 274 423 309
face 0.00911492109298706 395 274 423 309
face 0.009110838174819946 395 274 423 309
face 0.009045243263244629 395 274 423 309
face 0.009021073579788208 395 274 423 309
face 0.008980721235275269 395 274 423 309
face 0.008939892053604126 395 274 423 309
face 0.008925169706344604 395 274 423 309
face 0.008812963962554932 395 274 423 309
face 0.008733659982681274 395 274 423 309
face 0.008724123239517212 395 274 423 309
face 0.008634001016616821 395 274 423 309
face 0.00854414701461792 395 274 423 309
face 0.008529841899871826 395 274 423 309
face 0.00827762484550476 395 274 423 309
face 0.008045852184295654 395 274 423 309
face 0.00804409384727478 395 274 423 309
face 0.007995694875717163 395 274 423 309
face 0.007985800504684448 395 274 423 309
face 0.007985502481460571 395 274 423 309
face 0.007850944995880127 395 274 423 309
face 0.007823050022125244 395 274 423 309
face 0.00770801305770874 395 274 423 309
face 0.0076856911182403564 395 274 423 309
face 0.007659703493118286 395 274 423 309
face 0.007656902074813843 395 274 423 309
face 0.007643401622772217 395 274 423 309
face 0.007637381553649902 395 274 423 309
face 0.007579535245895386 395 274 423 309
face 0.007539600133895874 395 274 423 309
face 0.007491439580917358 395 274 423 309
face 0.007444918155670166 395 274 423 309
face 0.0073861777782440186 395 274 423 309
face 0.007306903600692749 395 274 423 309
face 0.007242739200592041 395 274 423 309
face 0.007225245237350464 395 274 423 309
face 0.007194072008132935 395 274 423 309
face 0.007189244031906128 395 274 423 309
face 0.007176876068115234 395 274 423 309
