face 0.9808636903762817 349 166 391 214
face 0.9662337303161621 642 168 701 249
face 0.6377009749412537 132 169 163 207
face 0.37975800037384033 132 169 163 207
face 0.13388139009475708 132 169 163 207
face 0.09341078996658325 132 169 163 207
face 0.08040261268615723 132 169 163 207
face 0.05473199486732483 132 169 163 207
face 0.05086547136306763 132 169 163 207
face 0.03808861970901489 132 169 163 207
face 0.026980608701705933 132 169 163 207
face 0.02342855930328369 132 169 163 207
face 0.021989554166793823 132 169 163 207
face 0.021057605743408203 132 169 163 207
face 0.020997285842895508 132 169 163 207
face 0.020592868328094482 132 169 163 207
face 0.01951649785041809 132 169 163 207
face 0.019432097673416138 132 169 163 207
face 0.019055694341659546 132 169 163 207
face 0.01883569359779358 132 169 163 207
face 0.018428683280944824 132 169 163 207
face 0.017248302698135376 132 169 163 207
face 0.015913158655166626 132 169 163 207
face 0.015587061643600464 132 169 163 207
face 0.015217721462249756 132 169 163 207
face 0.013451904058456421 132 169 163 207
face 0.013433188199996948 132 169 163 207
face 0.013110905885696411 132 169 163 207
face 0.012778043746948242 132 169 163 207
face 0.012502014636993408 132 169 163 207
face 0.011838555335998535 132 169 163 207
face 0.010928183794021606 132 169 163 207
face 0.010211586952209473 132 169 163 207
face 0.010049641132354736 132 169 163 207
face 0.00985535979270935 132 169 163 207
face 0.009271323680877686 132 169 163 207
face 0.008801579475402832 132 169 163 207
face 0.0087776780128479 132 169 163 207
face 0.008205711841583252 132 169 163 207
face 0.008163005113601685 132 169 163 207
face 0.008103609085083008 132 169 163 207
face 0.007884383201599121 132 169 163 207
face 0.00777435302734375 132 169 163 207
face 0.007752448320388794 132 169 163 207
face 0.00758892297744751 132 169 163 207
face 0.007577031850814819 132 169 163 207
face 0.007435113191604614 132 169 163 207
face 0.0073906779289245605 132 169 163 207
face 0.007172822952270508 132 169 163 207
face 0.00684744119644165 132 169 163 207
face 0.006831854581832886 132 169 163 207
face 0.0065968334674835205 132 169 163 207
face 0.0065839290618896484 132 169 163 207
face 0.006577014923095703 132 169 163 207
face 0.00656476616859436 132 169 163 207
face 0.006532132625579834 132 169 163 207
face 0.006511181592941284 132 169 163 207
face 0.006397843360900879 132 169 163 207
face 0.006189316511154175 132 169 163 207
face 0.006175905466079712 132 169 163 207
face 0.006145745515823364 132 169 163 207
face 0.006074845790863037 132 169 163 207
face 0.006024032831192017 132 169 163 207
face 0.006016194820404053 132 169 163 207
face 0.0060145556926727295 132 169 163 207
face 0.005916625261306763 132 169 163 207
face 0.005892246961593628 132 169 163 207
face 0.0057218074798583984 132 169 163 207
face 0.005683839321136475 132 169 163 207
face 0.005617320537567139 132 169 163 207
face 0.005518466234207153 132 169 163 207
face 0.0054433345794677734 132 169 163 207
face 0.005419790744781494 132 169 163 207
face 0.005364507436752319 132 169 163 207
face 0.0051348209381103516 132 169 163 207
face 0.005091995000839233 132 169 163 207
face 0.005083829164505005 132 169 163 207
face 0.0050002336502075195 132 169 163 207
face 0.004881769418716431 132 169 163 207
face 0.0048583149909973145 132 169 163 207
face 0.004850804805755615 132 169 163 207
face 0.004771023988723755 132 169 163 207
face 0.004620790481567383 132 169 163 207
face 0.00456690788269043 132 169 163 207
face 0.0044532716274261475 132 169 163 207
face 0.004449963569641113 132 169 163 207
face 0.004433721303939819 132 169 163 207
face 0.004432469606399536 132 169 163 207
face 0.004418075084686279 132 169 163 207
face 0.004346758127212524 132 169 163 207
face 0.004335165023803711 132 169 163 207
face 0.0043167173862457275 132 169 163 207
face 0.004264891147613525 132 169 163 207
face 0.004248172044754028 132 169 163 207
face 0.004234492778778076 132 169 163 207
face 0.0041945576667785645 132 169 163 207
face 0.004132121801376343 132 169 163 207
face 0.004082530736923218 132 169 163 207
face 0.003994941711425781 132 169 163 207
face 0.003939598798751831 132 169 163 207
