face 0.9940935969352722 222 319 295 406
face 0.9911012649536133 759 109 819 188
face 0.9791282415390015 439 117 501 183
face 0.8697620630264282 707 314 788 415
face 0.05966988205909729 707 314 788 415
face 0.05779305100440979 707 314 788 415
face 0.044962942600250244 707 314 788 415
face 0.04313385486602783 707 314 788 415
face 0.03272974491119385 707 314 788 415
face 0.029411792755126953 707 314 788 415
face 0.028023183345794678 707 314 788 415
face 0.02652493119239807 707 314 788 415
face 0.021540820598602295 707 314 788 415
face 0.018868237733840942 707 314 788 415
face 0.017207056283950806 707 314 788 415
face 0.01713663339614868 707 314 788 415
face 0.01677766442298889 707 314 788 415
face 0.01589667797088623 707 314 788 415
face 0.013685226440429688 707 314 788 415
face 0.01343575119972229 707 314 788 415
face 0.013425171375274658 707 314 788 415
face 0.013201981782913208 707 314 788 415
face 0.012965977191925049 707 314 788 415
face 0.012756019830703735 707 314 788 415
face 0.01264539361000061 707 314 788 415
face 0.01237824559211731 707 314 788 415
face 0.012136071920394897 707 314 788 415
face 0.011995702981948853 707 314 788 415
face 0.011515796184539795 707 314 788 415
face 0.011364638805389404 707 314 788 415
face 0.011238038539886475 707 314 788 415
face 0.01116076111793518 707 314 788 415
face 0.011048644781112671 707 314 788 415
face 0.01091817021369934 707 314 788 415
face 0.01052829623222351 707 314 788 415
face 0.010357856750488281 707 314 788 415
face 0.01028585433959961 707 314 788 415
face 0.01024085283279419 707 314 788 415
face 0.010217726230621338 707 314 788 415
face 0.01013230998069048 707 314 788 415
face 0.009965330362319946 707 314 788 415
face 0.009950339794158936 707 314 788 415
face 0.00994446873664856 707 314 788 415
face 0.00983777642250061 707 314 788 415
face 0.009813696146011353 707 314 788 415
face 0.009593933820724487 707 314 788 415
face 0.0093630850315094 707 314 788 415
face 0.009354621171951294 707 314 788 415
face 0.009220421314239502 707 314 788 415
face 0.009157419204711914 707 314 788 415
face 0.009062647819519043 707 314 788 415
face 0.009020835161209106 707 314 788 415
face 0.008957624435424805 707 314 788 415
face 0.008817166090011597 707 314 788 415
face 0.008785039186477661 707 314 788 415
face 0.008702993392944336 707 314 788 415
face 0.008701503276824951 707 314 788 415
face 0.008679568767547607 707 314 788 415
face 0.008678585290908813 707 314 788 415
face 0.008639663457870483 707 314 788 415
face 0.00859120488166809 707 314 788 415
face 0.008534103631973267 707 314 788 415
face 0.008412599563598633 707 314 788 415
face 0.008343428373336792 707 314 788 415
face 0.008324205875396729 707 314 788 415
face 0.008280962705612183 707 314 788 415
face 0.00818568468093872 707 314 788 415
face 0.00792306661605835 707 314 788 415
face 0.007880330085754395 707 314 788 415
face 0.00783511996269226 707 314 788 415
face 0.007835030555725098 707 314 788 415
face 0.007812947034835815 707 314 788 415
face 0.007775843143463135 707 314 788 415
face 0.007749348878860474 707 314 788 415
face 0.0077250003814697266 707 314 788 415
face 0.0076306164264678955 707 314 788 415
face 0.007561385631561279 707 314 788 415
face 0.007518291473388672 707 314 788 415
face 0.007474541664123535 707 314 788 415
face 0.0074658989906311035 707 314 788 415
face 0.007434844970703125 707 314 788 415
face 0.007427245378494263 707 314 788 415
face 0.007419198751449585 707 314 788 415
face 0.0073830485343933105 707 314 788 415
face 0.007360488176345825 707 314 788 415
face 0.0072522759437561035 707 314 788 415
face 0.007229626178741455 707 314 788 415
face 0.0071547627449035645 707 314 788 415
face 0.007062643766403198 707 314 788 415
face 0.007038772106170654 707 314 788 415
face 0.0070213377475738525 707 314 788 415
face 0.007004857063293457 707 314 788 415
face 0.006970077753067017 707 314 788 415
face 0.006968170404434204 707 314 788 415
face 0.006894469261169434 707 314 788 415
face 0.006840735673904419 707 314 788 415
face 0.006825923919677734 707 314 788 415
face 0.0067560672760009766 707 314 788 415
face 0.006685018539428711 707 314 788 415
face 0.006663113832473755 707 314 788 415
