face 0.9760802984237671 551 109 602 169
face 0.9751262068748474 462 41 498 86
face 0.06803607940673828 462 41 498 86
face 0.05473402142524719 462 41 498 86
face 0.046419739723205566 462 41 498 86
face 0.04618588089942932 462 41 498 86
face 0.044078439474105835 462 41 498 86
face 0.04026564955711365 462 41 498 86
face 0.03746357560157776 462 41 498 86
face 0.037252992391586304 462 41 498 86
face 0.03614926338195801 462 41 498 86
face 0.03541615605354309 462 41 498 86
face 0.03449365496635437 462 41 498 86
face 0.033410489559173584 462 41 498 86
face 0.033317893743515015 462 41 498 86
face 0.03219160437583923 462 41 498 86
face 0.02938687801361084 462 41 498 86
face 0.027307897806167603 462 41 498 86
face 0.02659592032432556 462 41 498 86
face 0.026478439569473267 462 41 498 86
face 0.02637884020805359 462 41 498 86
face 0.026141375303268433 462 41 498 86
face 0.025276660919189453 462 41 498 86
face 0.02435702085494995 462 41 498 86
face 0.023870915174484253 462 41 498 86
face 0.023766815662384033 462 41 498 86
face 0.023634880781173706 462 41 498 86
face 0.023418724536895752 462 41 498 86
face 0.023368746042251587 462 41 498 86
face 0.023328185081481934 462 41 498 86
face 0.02310621738433838 462 41 498 86
face 0.022471070289611816 462 41 498 86
face 0.02213624119758606 462 41 498 86
face 0.021477043628692627 462 41 498 86
face 0.020406991243362427 462 41 498 86
face 0.020372241735458374 462 41 498 86
face 0.02005329728126526 462 41 498 86
face 0.01985648274421692 462 41 498 86
face 0.01965692639350891 462 41 498 86
face 0.019245892763137817 462 41 498 86
face 0.01892337203025818 462 41 498 86
face 0.018689602613449097 462 41 498 86
face 0.017832010984420776 462 41 498 86
face 0.017083406448364258 462 41 498 86
face 0.016940951347351074 462 41 498 86
face 0.01685357093811035 462 41 498 86
face 0.016772300004959106 462 41 498 86
face 0.016574501991271973 462 41 498 86
face 0.016422361135482788 462 41 498 86
face 0.016059279441833496 462 41 498 86
face 0.015988290309906006 462 41 498 86
face 0.01587572693824768 462 41 498 86
face 0.01574757695198059 462 41 498 86
face 0.015294492244720459 462 41 498 86
face 0.015117049217224121 462 41 498 86
face 0.015003085136413574 462 41 498 86
face 0.014879763126373291 462 41 498 86
face 0.01487472653388977 462 41 498 86
face 0.014809578657150269 462 41 498 86
face 0.014779984951019287 462 41 498 86
face 0.014538794755935669 462 41 498 86
face 0.014314025640487671 462 41 498 86
face 0.01430600881576538 462 41 498 86
face 0.014303743839263916 462 41 498 86
face 0.014061570167541504 462 41 498 86
face 0.01398816704750061 462 41 498 86
face 0.013956308364868164 462 41 498 86
face 0.013774365186691284 462 41 498 86
face 0.013333946466445923 462 41 498 86
face 0.01331833004951477 462 41 498 86
face 0.013135075569152832 462 41 498 86
face 0.013048946857452393 462 41 498 86
face 0.013024747371673584 462 41 498 86
face 0.013010770082473755 462 41 498 86
face 0.012962549924850464 462 41 498 86
face 0.012880444526672363 462 41 498 86
face 0.012722432613372803 462 41 498 86
face 0.012604564428329468 462 41 498 86
face 0.01256510615348816 462 41 498 86
face 0.012275725603103638 462 41 498 86
face 0.012210249900817871 462 41 498 86
face 0.012148469686508179 462 41 498 86
face 0.012137085199356079 462 41 498 86
face 0.011908620595932007 462 41 498 86
face 0.011781394481658936 462 41 498 86
face 0.01176479458808899 462 41 498 86
face 0.01174086332321167 462 41 498 86
face 0.011430799961090088 462 41 498 86
face 0.011395305395126343 462 41 498 86
face 0.01132434606552124 462 41 498 86
face 0.010762274265289307 462 41 498 86
face 0.010580062866210938 462 41 498 86
face 0.010557830333709717 462 41 498 86
face 0.01037365198135376 462 41 498 86
face 0.010365039110183716 462 41 498 86
face 0.010293364524841309 462 41 498 86
face 0.010288119316101074 462 41 498 86
face 0.010180175304412842 462 41 498 86
face 0.010114341974258423 462 41 498 86
face 0.010112375020980835 462 41 498 86
