face 0.9695755243301392 615 129 648 181
face 0.9572631120681763 652 36 681 74
face 0.9533852338790894 763 87 807 149
face 0.6774553060531616 467 118 506 162
face 0.4625329375267029 467 118 506 162
face 0.38287124037742615 467 118 506 162
face 0.1378028392791748 467 118 506 162
face 0.1239725649356842 467 118 506 162
face 0.10671588778495789 467 118 506 162
face 0.09084752202033997 467 118 506 162
face 0.061027079820632935 467 118 506 162
face 0.05986621975898743 467 118 506 162
face 0.05204892158508301 467 118 506 162
face 0.043691486120224 467 118 506 162
face 0.04043129086494446 467 118 506 162
face 0.033409833908081055 467 118 506 162
face 0.03244712948799133 467 118 506 162
face 0.02785545587539673 467 118 506 162
face 0.025639235973358154 467 118 506 162
face 0.025465041399002075 467 118 506 162
face 0.024815291166305542 467 118 506 162
face 0.024308115243911743 467 118 506 162
face 0.02300933003425598 467 118 506 162
face 0.020804256200790405 467 118 506 162
face 0.020522266626358032 467 118 506 162
face 0.020423531532287598 467 118 506 162
face 0.02041485905647278 467 118 506 162
face 0.020069509744644165 467 118 506 162
face 0.020033448934555054 467 118 506 162
face 0.01979893445968628 467 118 506 162
face 0.019733846187591553 467 118 506 162
face 0.01825609803199768 467 118 506 162
face 0.01809731125831604 467 118 506 162
face 0.01787582039833069 467 118 506 162
face 0.01767149567604065 467 118 506 162
face 0.017160683870315552 467 118 506 162
face 0.015509963035583496 467 118 506 162
face 0.015075981616973877 467 118 506 162
face 0.014906376600265503 467 118 506 162
face 0.01464003324508667 467 118 506 162
face 0.014560490846633911 467 118 506 162
face 0.014417856931686401 467 118 506 162
face 0.014126986265182495 467 118 506 162
face 0.013999968767166138 467 118 506 162
face 0.013815641403198242 467 118 506 162
face 0.01373264193534851 467 118 506 162
face 0.013612151145935059 467 118 506 162
face 0.013474345207214355 467 118 506 162
face 0.013429522514343262 467 118 506 162
face 0.013394802808761597 467 118 506 162
face 0.012548267841339111 467 118 506 162
face 0.012276887893676758 467 118 506 162
face 0.01212984323501587 467 118 506 162
face 0.011897027492523193 467 118 506 162
face 0.011875033378601074 467 118 506 162
face 0.011607378721237183 467 118 506 162
face 0.011484146118164062 467 118 506 162
face 0.011377543210983276 467 118 506 162
face 0.01137155294418335 467 118 506 162
face 0.011193722486495972 467 118 506 162
face 0.011146694421768188 467 118 506 162
face 0.01109585165977478 467 118 506 162
face 0.01095852255821228 467 118 506 162
face 0.010823309421539307 467 118 506 162
face 0.010493546724319458 467 118 506 162
face 0.010178565979003906 467 118 506 162
face 0.010116040706634521 467 118 506 162
face 0.010095357894897461 467 118 506 162
face 0.010004162788391113 467 118 506 162
face 0.010002166032791138 467 118 506 162
face 0.009945511817932129 467 118 506 162
face 0.009820818901062012 467 118 506 162
face 0.009816408157348633 467 118 506 162
face 0.009763509035110474 467 118 506 162
face 0.009705841541290283 467 118 506 162
face 0.009583979845046997 467 118 506 162
face 0.00943705439567566 467 118 506 162
face 0.009161710739135742 467 118 506 162
face 0.00912424921989441 467 118 506 162
face 0.009027361869812012 467 118 506 162
face 0.008821040391921997 467 118 506 162
face 0.008766382932662964 467 118 506 162
face 0.008757174015045166 467 118 506 162
face 0.008730709552764893 467 118 506 162
face 0.008723676204681396 467 118 506 162
face 0.008659660816192627 467 118 506 162
face 0.008598029613494873 467 118 506 162
face 0.008550465106964111 467 118 506 162
face 0.008548825979232788 467 118 506 162
face 0.00851711630821228 467 118 506 162
face 0.008504778146743774 467 118 506 162
face 0.008500725030899048 467 118 506 162
face 0.008445411920547485 467 118 506 162
face 0.00842556357383728 467 118 506 162
face 0.008421480655670166 467 118 506 162
face 0.008394569158554077 467 118 506 162
face 0.008385241031646729 467 118 506 162
face 0.008373826742172241 467 118 506 162
face 0.008240818977355957 467 118 506 162
face 0.008192688226699829 467 118 506 162
