face 0.9698628187179565 837 381 868 419
face 0.24828428030014038 837 381 868 419
face 0.20193183422088623 837 381 868 419
face 0.17351976037025452 837 381 868 419
face 0.14584815502166748 837 381 868 419
face 0.11310368776321411 837 381 868 419
face 0.10275354981422424 837 381 868 419
face 0.10048690438270569 837 381 868 419
face 0.08938604593276978 837 381 868 419
face 0.08309048414230347 837 381 868 419
face 0.08207368850708008 837 381 868 419
face 0.07987275719642639 837 381 868 419
face 0.07859629392623901 837 381 868 419
face 0.0730084478855133 837 381 868 419
face 0.06963557004928589 837 381 868 419
face 0.06763017177581787 837 381 868 419
face 0.04696318507194519 837 381 868 419
face 0.04642602801322937 837 381 868 419
face 0.04635283350944519 837 381 868 419
face 0.04333621263504028 837 381 868 419
face 0.04277995228767395 837 381 868 419
face 0.042754948139190674 837 381 868 419
face 0.039335429668426514 837 381 868 419
face 0.037757158279418945 837 381 868 419
face 0.036677807569503784 837 381 868 419
face 0.03461027145385742 837 381 868 419
face 0.03453674912452698 837 381 868 419
face 0.034218817949295044 837 381 868 419
face 0.03368806838989258 837 381 868 419
face 0.033062875270843506 837 381 868 419
face 0.03264319896697998 837 381 868 419
face 0.032607197761535645 837 381 868 419
face 0.030741631984710693 837 381 868 419
face 0.03033509850502014 837 381 868 419
face 0.02977430820465088 837 381 868 419
face 0.02901938557624817 837 381 868 419
face 0.028177499771118164 837 381 868 419
face 0.02809283137321472 837 381 868 419
face 0.027367472648620605 837 381 868 419
face 0.027281522750854492 837 381 868 419
face 0.025572925806045532 837 381 868 419
face 0.024829059839248657 837 381 868 419
face 0.02408549189567566 837 381 868 419
face 0.02381688356399536 837 381 868 419
face 0.023193448781967163 837 381 868 419
face 0.02304014563560486 837 381 868 419
face 0.022813916206359863 837 381 868 419
face 0.02208879590034485 837 381 868 419
face 0.021540552377700806 837 381 868 419
face 0.021233022212982178 837 381 868 419
face 0.020825743675231934 837 381 868 419
face 0.020575761795043945 837 381 868 419
face 0.019148647785186768 837 381 868 419
face 0.01909688115119934 837 381 868 419
face 0.018951207399368286 837 381 868 419
face 0.018911153078079224 837 381 868 419
face 0.018813788890838623 837 381 868 419
face 0.018398910760879517 837 381 868 419
face 0.01812019944190979 837 381 868 419
face 0.018055975437164307 837 381 868 419
face 0.017930537462234497 837 381 868 419
face 0.01738959550857544 837 381 868 419
face 0.017315179109573364 837 381 868 419
face 0.016927987337112427 837 381 868 419
face 0.016630470752716064 837 381 868 419
face 0.01648789644241333 837 381 868 419
face 0.015268176794052124 837 381 868 419
face 0.015230566263198853 837 381 868 419
face 0.01508435606956482 837 381 868 419
face 0.014973938465118408 837 381 868 419
face 0.014919579029083252 837 381 868 419
face 0.014871537685394287 837 381 868 419
face 0.014429181814193726 837 381 868 419
face 0.01433524489402771 837 381 868 419
face 0.014313310384750366 837 381 868 419
face 0.0143049955368042 837 381 868 419
face 0.014286071062088013 837 381 868 419
face 0.014261603355407715 837 381 868 419
face 0.014136135578155518 837 381 868 419
face 0.014055758714675903 837 381 868 419
face 0.013979285955429077 837 381 868 419
face 0.013525217771530151 837 381 868 419
face 0.013410001993179321 837 381 868 419
face 0.013301312923431396 837 381 868 419
face 0.013144880533218384 837 381 868 419
face 0.01307418942451477 837 381 868 419
face 0.012924492359161377 837 381 868 419
face 0.01291358470916748 837 381 868 419
face 0.012789607048034668 837 381 868 419
face 0.0127544105052948 837 381 868 419
face 0.012736320495605469 837 381 868 419
face 0.012603968381881714 837 381 868 419
face 0.012476325035095215 837 381 868 419
face 0.01244160532951355 837 381 868 419
face 0.012301355600357056 837 381 868 419
face 0.012261390686035156 837 381 868 419
face 0.012246817350387573 837 381 868 419
face 0.0122433602809906 837 381 868 419
face 0.01223599910736084 837 381 868 419
face 0.012126952409744263 837 381 868 419
