face 0.9255834817886353 252 203 330 319
face 0.7267147302627563 580 199 658 323
face 0.03097158670425415 580 199 658 323
face 0.02315804362297058 580 199 658 323
face 0.021661490201950073 580 199 658 323
face 0.018292754888534546 580 199 658 323
face 0.01737913489341736 580 199 658 323
face 0.017356574535369873 580 199 658 323
face 0.01586034893989563 580 199 658 323
face 0.015433967113494873 580 199 658 323
face 0.015391826629638672 580 199 658 323
face 0.015184164047241211 580 199 658 323
face 0.015180975198745728 580 199 658 323
face 0.015122711658477783 580 199 658 323
face 0.014539182186126709 580 199 658 323
face 0.013366997241973877 580 199 658 323
face 0.013341546058654785 580 199 658 323
face 0.012831956148147583 580 199 658 323
face 0.012626886367797852 580 199 658 323
face 0.012595534324645996 580 199 658 323
face 0.011796802282333374 580 199 658 323
face 0.01144266128540039 580 199 658 323
face 0.011437952518463135 580 199 658 323
face 0.010912775993347168 580 199 658 323
face 0.010524123907089233 580 199 658 323
face 0.009763449430465698 580 199 658 323
face 0.009636729955673218 580 199 658 323
face 0.00956028699874878 580 199 658 323
face 0.009448736906051636 580 199 658 323
face 0.009190350770950317 580 199 658 323
face 0.008799314498901367 580 199 658 323
face 0.008722454309463501 580 199 658 323
face 0.008348286151885986 580 199 658 323
face 0.008278489112854004 580 199 658 323
face 0.008185476064682007 580 199 658 323
face 0.008164376020431519 580 199 658 323
face 0.008081436157226562 580 199 658 323
face 0.00783151388168335 580 199 658 323
face 0.007803767919540405 580 199 658 323
face 0.007732212543487549 580 199 658 323
face 0.007690131664276123 580 199 658 323
face 0.007594883441925049 580 199 658 323
face 0.007569938898086548 580 199 658 323
face 0.007369428873062134 580 199 658 323
face 0.007165402173995972 580 199 658 323
face 0.006747186183929443 580 199 658 323
face 0.006728172302246094 580 199 658 323
face 0.0066543519496917725 580 199 658 323
face 0.006651878356933594 580 199 658 323
face 0.006643772125244141 580 199 658 323
face 0.0064688026905059814 580 199 658 323
face 0.006353408098220825 580 199 658 323
face 0.006261646747589111 580 199 658 323
face 0.005968421697616577 580 199 658 323
face 0.0059569478034973145 580 199 658 323
face 0.005914926528930664 580 199 658 323
face 0.005855143070220947 580 199 658 323
face 0.005812466144561768 580 199 658 323
face 0.005596905946731567 580 199 658 323
face 0.005592316389083862 580 199 658 323
face 0.005474597215652466 580 199 658 323
face 0.005356848239898682 580 199 658 323
face 0.005298972129821777 580 199 658 323
face 0.0052681565284729 580 199 658 323
face 0.0052637457847595215 580 199 658 323
face 0.00516432523727417 580 199 658 323
face 0.004983663558959961 580 199 658 323
face 0.004983067512512207 580 199 658 323
face 0.00489431619644165 580 199 658 323
face 0.0048809051513671875 580 199 658 323
face 0.004637092351913452 580 199 658 323
face 0.004631459712982178 580 199 658 323
face 0.004589736461639404 580 199 658 323
face 0.0045785605907440186 580 199 658 323
face 0.004512667655944824 580 199 658 323
face 0.004498153924942017 580 199 658 323
face 0.004485994577407837 580 199 658 323
face 0.004443049430847168 580 199 658 323
face 0.004435360431671143 580 199 658 323
face 0.0044293999671936035 580 199 658 323
face 0.004359513521194458 580 199 658 323
face 0.004320263862609863 580 199 658 323
face 0.0042524635791778564 580 199 658 323
face 0.004246801137924194 580 199 658 323
face 0.004225820302963257 580 199 658 323
face 0.00419577956199646 580 199 658 323
face 0.004182279109954834 580 199 658 323
face 0.004175305366516113 580 199 658 323
face 0.004121869802474976 580 199 658 323
face 0.004076749086380005 580 199 658 323
face 0.004036545753479004 580 199 658 323
face 0.004030764102935791 580 199 658 323
face 0.004005014896392822 580 199 658 323
face 0.00388374924659729 580 199 658 323
face 0.003846973180770874 580 199 658 323
face 0.003834158182144165 580 199 658 323
face 0.003788769245147705 580 199 658 323
face 0.003777235746383667 580 199 658 323
face 0.00377500057220459 580 199 658 323
face 0.0036858022212982178 580 199 658 323
