face 0.896303653717041 873 210 897 246
face 0.8708374500274658 873 481 929 549
face 0.8646945953369141 95 177 114 203
face 0.6577281951904297 121 373 154 428
face 0.6172052621841431 944 219 967 252
face 0.559715211391449 319 39 357 89
face 0.5499406456947327 1000 236 1022 264
face 0.5411344170570374 505 3 543 55
face 0.46476274728775024 505 3 543 55
face 0.44014525413513184 505 3 543 55
face 0.32734063267707825 505 3 543 55
face 0.3159705400466919 505 3 543 55
face 0.3009675145149231 505 3 543 55
face 0.2971033453941345 505 3 543 55
face 0.29028570652008057 505 3 543 55
face 0.28932642936706543 505 3 543 55
face 0.28157490491867065 505 3 543 55
face 0.27860119938850403 505 3 543 55
face 0.2655957043170929 505 3 543 55
face 0.2510586977005005 505 3 543 55
face 0.24954932928085327 505 3 543 55
face 0.24448955059051514 505 3 543 55
face 0.24320071935653687 505 3 543 55
face 0.23982009291648865 505 3 543 55
face 0.2394239902496338 505 3 543 55
face 0.23640984296798706 505 3 543 55
face 0.21545249223709106 505 3 543 55
face 0.21288564801216125 505 3 543 55
face 0.21016919612884521 505 3 543 55
face 0.20276865363121033 505 3 543 55
face 0.19909146428108215 505 3 543 55
face 0.18949782848358154 505 3 543 55
face 0.187641441822052 505 3 543 55
face 0.1833951771259308 505 3 543 55
face 0.180722177028656 505 3 543 55
face 0.17884540557861328 505 3 543 55
face 0.1683797836303711 505 3 543 55
face 0.1649235486984253 505 3 543 55
face 0.15934544801712036 505 3 543 55
face 0.1589033305644989 505 3 543 55
face 0.15747606754302979 505 3 543 55
face 0.15378576517105103 505 3 543 55
face 0.1533268392086029 505 3 543 55
face 0.15224269032478333 505 3 543 55
face 0.15029102563858032 505 3 543 55
face 0.14966672658920288 505 3 543 55
face 0.14793676137924194 505 3 543 55
face 0.1456609070301056 505 3 543 55
face 0.13719168305397034 505 3 543 55
face 0.13052672147750854 505 3 543 55
face 0.1276109218597412 505 3 543 55
face 0.1207263171672821 505 3 543 55
face 0.12061205506324768 505 3 543 55
face 0.11550062894821167 505 3 543 55
face 0.11488005518913269 505 3 543 55
face 0.11114135384559631 505 3 543 55
face 0.10629767179489136 505 3 543 55
face 0.10527479648590088 505 3 543 55
face 0.10311725735664368 505 3 543 55
face 0.1023189127445221 505 3 543 55
face 0.09921988844871521 505 3 543 55
face 0.09871706366539001 505 3 543 55
face 0.09842678904533386 505 3 543 55
face 0.09775996208190918 505 3 543 55
face 0.09772878885269165 505 3 543 55
face 0.09671705961227417 505 3 543 55
face 0.09632465243339539 505 3 543 55
face 0.09591984748840332 505 3 543 55
face 0.09454202651977539 505 3 543 55
face 0.092479407787323 505 3 543 55
face 0.09108197689056396 505 3 543 55
face 0.09070590138435364 505 3 543 55
face 0.09048125147819519 505 3 543 55
face 0.08987820148468018 505 3 543 55
face 0.08910396695137024 505 3 543 55
face 0.08787921071052551 505 3 543 55
face 0.08753365278244019 505 3 543 55
face 0.08752408623695374 505 3 543 55
face 0.0864298939704895 505 3 543 55
face 0.08448734879493713 505 3 543 55
face 0.08218121528625488 505 3 543 55
face 0.08218005299568176 505 3 543 55
face 0.08047154545783997 505 3 543 55
face 0.0802900493144989 505 3 543 55
face 0.0796293318271637 505 3 543 55
face 0.07935309410095215 505 3 543 55
face 0.07934293150901794 505 3 543 55
face 0.07791104912757874 505 3 543 55
face 0.07767000794410706 505 3 543 55
face 0.07696846127510071 505 3 543 55
face 0.07600000500679016 505 3 543 55
face 0.07525619864463806 505 3 543 55
face 0.07433903217315674 505 3 543 55
face 0.07278797030448914 505 3 543 55
face 0.07274851202964783 505 3 543 55
face 0.07228267192840576 505 3 543 55
face 0.07197663187980652 505 3 543 55
face 0.07182928919792175 505 3 543 55
face 0.06912228465080261 505 3 543 55
face 0.06902071833610535 505 3 543 55
