face 0.9669240713119507 449 144 507 213
face 0.8455809950828552 651 200 709 269
face 0.6293783187866211 564 343 606 402
face 0.5515115857124329 768 195 831 268
face 0.45431289076805115 768 195 831 268
face 0.1979587972164154 768 195 831 268
face 0.16986042261123657 768 195 831 268
face 0.10527855157852173 768 195 831 268
face 0.08762198686599731 768 195 831 268
face 0.07911887764930725 768 195 831 268
face 0.05301913619041443 768 195 831 268
face 0.04766494035720825 768 195 831 268
face 0.045650333166122437 768 195 831 268
face 0.04290270805358887 768 195 831 268
face 0.03677254915237427 768 195 831 268
face 0.03603413701057434 768 195 831 268
face 0.0355454683303833 768 195 831 268
face 0.03214803338050842 768 195 831 268
face 0.03116142749786377 768 195 831 268
face 0.030504673719406128 768 195 831 268
face 0.028328895568847656 768 195 831 268
face 0.027079105377197266 768 195 831 268
face 0.026126384735107422 768 195 831 268
face 0.02532711625099182 768 195 831 268
face 0.024405866861343384 768 195 831 268
face 0.02370429039001465 768 195 831 268
face 0.021947503089904785 768 195 831 268
face 0.021681636571884155 768 195 831 268
face 0.02060621976852417 768 195 831 268
face 0.02042287588119507 768 195 831 268
face 0.02013951539993286 768 195 831 268
face 0.019366532564163208 768 195 831 268
face 0.0192834734916687 768 195 831 268
face 0.018803030252456665 768 195 831 268
face 0.01827523112297058 768 195 831 268
face 0.017428040504455566 768 195 831 268
face 0.01738300919532776 768 195 831 268
face 0.017297357320785522 768 195 831 268
face 0.01561763882637024 768 195 831 268
face 0.015239149332046509 768 195 831 268
face 0.014868438243865967 768 195 831 268
face 0.014532238245010376 768 195 831 268
face 0.014487802982330322 768 195 831 268
face 0.014016151428222656 768 195 831 268
face 0.013973742723464966 768 195 831 268
face 0.013969838619232178 768 195 831 268
face 0.013938307762145996 768 195 831 268
face 0.013892769813537598 768 195 831 268
face 0.013847321271896362 768 195 831 268
face 0.01381826400756836 768 195 831 268
face 0.0137653648853302 768 195 831 268
face 0.013705164194107056 768 195 831 268
face 0.013567179441452026 768 195 831 268
face 0.01328626275062561 768 195 831 268
face 0.01314765214920044 768 195 831 268
face 0.012917101383209229 768 195 831 268
face 0.012888520956039429 768 195 831 268
face 0.012842774391174316 768 195 831 268
face 0.012628138065338135 768 195 831 268
face 0.012430042028427124 768 195 831 268
face 0.012232184410095215 768 195 831 268
face 0.012088596820831299 768 195 831 268
face 0.011613279581069946 768 195 831 268
face 0.011598348617553711 768 195 831 268
face 0.011579364538192749 768 195 831 268
face 0.011563301086425781 768 195 831 268
face 0.011531054973602295 768 195 831 268
face 0.011261165142059326 768 195 831 268
face 0.011107832193374634 768 195 831 268
face 0.010662645101547241 768 195 831 268
face 0.01046985387802124 768 195 831 268
face 0.01017257571220398 768 195 831 268
face 0.010169684886932373 768 195 831 268
face 0.01002153754234314 768 195 831 268
face 0.009754806756973267 768 195 831 268
face 0.009715348482131958 768 195 831 268
face 0.009602338075637817 768 195 831 268
face 0.00933307409286499 768 195 831 268
face 0.009043365716934204 768 195 831 268
face 0.009024739265441895 768 195 831 268
face 0.008820176124572754 768 195 831 268
face 0.008801043033599854 768 195 831 268
face 0.008797556161880493 768 195 831 268
face 0.008636653423309326 768 195 831 268
face 0.008502155542373657 768 195 831 268
face 0.008492916822433472 768 195 831 268
face 0.008481532335281372 768 195 831 268
face 0.008437424898147583 768 195 831 268
face 0.008311271667480469 768 195 831 268
face 0.008285611867904663 768 195 831 268
face 0.008221805095672607 768 195 831 268
face 0.008085697889328003 768 195 831 268
face 0.008083820343017578 768 195 831 268
face 0.008019685745239258 768 195 831 268
face 0.007992208003997803 768 195 831 268
face 0.007827341556549072 768 195 831 268
face 0.0077987611293792725 768 195 831 268
face 0.007791012525558472 768 195 831 268
face 0.007784724235534668 768 195 831 268
face 0.007749319076538086 768 195 831 268
