face 0.7449272871017456 151 107 233 209
face 0.7260785102844238 474 616 486 631
face 0.6499718427658081 63 572 84 605
face 0.6198167204856873 137 603 161 640
face 0.5504298210144043 577 601 591 617
face 0.44698986411094666 577 601 591 617
face 0.2865743637084961 577 601 591 617
face 0.2577483654022217 577 601 591 617
face 0.25010940432548523 577 601 591 617
face 0.233769953250885 577 601 591 617
face 0.15997684001922607 577 601 591 617
face 0.1322605311870575 577 601 591 617
face 0.12535670399665833 577 601 591 617
face 0.11369949579238892 577 601 591 617
face 0.10641881823539734 577 601 591 617
face 0.10641452670097351 577 601 591 617
face 0.10403802990913391 577 601 591 617
face 0.08653333783149719 577 601 591 617
face 0.08186504244804382 577 601 591 617
face 0.07818016409873962 577 601 591 617
face 0.0724291205406189 577 601 591 617
face 0.07180508971214294 577 601 591 617
face 0.06403803825378418 577 601 591 617
face 0.05557209253311157 577 601 591 617
face 0.04826799035072327 577 601 591 617
face 0.046757012605667114 577 601 591 617
face 0.04661080241203308 577 601 591 617
face 0.04624256491661072 577 601 591 617
face 0.04490995407104492 577 601 591 617
face 0.04483881592750549 577 601 591 617
face 0.04415613412857056 577 601 591 617
face 0.042430341243743896 577 601 591 617
face 0.041652292013168335 577 601 591 617
face 0.04159101843833923 577 601 591 617
face 0.04119288921356201 577 601 591 617
face 0.041003674268722534 577 601 591 617
face 0.04085180163383484 577 601 591 617
face 0.04038947820663452 577 601 591 617
face 0.039068520069122314 577 601 591 617
face 0.03899398446083069 577 601 591 617
face 0.03823333978652954 577 601 591 617
face 0.036668360233306885 577 601 591 617
face 0.036452680826187134 577 601 591 617
face 0.03464066982269287 577 601 591 617
face 0.032104164361953735 577 601 591 617
face 0.0319366455078125 577 601 591 617
face 0.03133809566497803 577 601 591 617
face 0.030205965042114258 577 601 591 617
face 0.029199331998825073 577 601 591 617
face 0.028934091329574585 577 601 591 617
face 0.028398066759109497 577 601 591 617
face 0.028373807668685913 577 601 591 617
face 0.02806517481803894 577 601 591 617
face 0.026580899953842163 577 601 591 617
face 0.026481330394744873 577 601 591 617
face 0.025645583868026733 577 601 591 617
face 0.025394290685653687 577 601 591 617
face 0.02531266212463379 577 601 591 617
face 0.025283247232437134 577 601 591 617
face 0.025230586528778076 577 601 591 617
face 0.024919480085372925 577 601 591 617
face 0.024905264377593994 577 601 591 617
face 0.024881720542907715 577 601 591 617
face 0.024396240711212158 577 601 591 617
face 0.023921102285385132 577 601 591 617
face 0.021557331085205078 577 601 591 617
face 0.02131637930870056 577 601 591 617
face 0.02105891704559326 577 601 591 617
face 0.021014243364334106 577 601 591 617
face 0.01976028084754944 577 601 591 617
face 0.019542783498764038 577 601 591 617
face 0.01924794912338257 577 601 591 617
face 0.01885044574737549 577 601 591 617
face 0.0185011625289917 577 601 591 617
face 0.017948776483535767 577 601 591 617
face 0.017863482236862183 577 601 591 617
face 0.017773300409317017 577 601 591 617
face 0.017694324254989624 577 601 591 617
face 0.017411231994628906 577 601 591 617
face 0.017112255096435547 577 601 591 617
face 0.016796797513961792 577 601 591 617
face 0.01632329821586609 577 601 591 617
face 0.01594412326812744 577 601 591 617
face 0.015623211860656738 577 601 591 617
face 0.01553460955619812 577 601 591 617
face 0.015484720468521118 577 601 591 617
face 0.015478342771530151 577 601 591 617
face 0.015183031558990479 577 601 591 617
face 0.015153616666793823 577 601 591 617
face 0.015014737844467163 577 601 591 617
face 0.014775604009628296 577 601 591 617
face 0.014689117670059204 577 601 591 617
face 0.014648139476776123 577 601 591 617
face 0.01445111632347107 577 601 591 617
face 0.014435946941375732 577 601 591 617
face 0.014284282922744751 577 601 591 617
face 0.014134407043457031 577 601 591 617
face 0.014117240905761719 577 601 591 617
face 0.013748764991760254 577 601 591 617
face 0.013515979051589966 577 601 591 617
