face 0.9607383012771606 387 137 503 256
face 0.06673401594161987 387 137 503 256
face 0.04512646794319153 387 137 503 256
face 0.04417604207992554 387 137 503 256
face 0.03979119658470154 387 137 503 256
face 0.03886410593986511 387 137 503 256
face 0.038773179054260254 387 137 503 256
face 0.038159459829330444 387 137 503 256
face 0.037068068981170654 387 137 503 256
face 0.03309085965156555 387 137 503 256
face 0.03296709060668945 387 137 503 256
face 0.03178474307060242 387 137 503 256
face 0.03061652183532715 387 137 503 256
face 0.027890682220458984 387 137 503 256
face 0.02771267294883728 387 137 503 256
face 0.02734467387199402 387 137 503 256
face 0.026978373527526855 387 137 503 256
face 0.025596976280212402 387 137 503 256
face 0.02494475245475769 387 137 503 256
face 0.02388063073158264 387 137 503 256
face 0.02354303002357483 387 137 503 256
face 0.023122578859329224 387 137 503 256
face 0.02281641960144043 387 137 503 256
face 0.020139724016189575 387 137 503 256
face 0.01904243230819702 387 137 503 256
face 0.018976211547851562 387 137 503 256
face 0.018481045961380005 387 137 503 256
face 0.016395121812820435 387 137 503 256
face 0.016345232725143433 387 137 503 256
face 0.016049504280090332 387 137 503 256
face 0.01547616720199585 387 137 503 256
face 0.01538953185081482 387 137 503 256
face 0.01535719633102417 387 137 503 256
face 0.014939993619918823 387 137 503 256
face 0.01476094126701355 387 137 503 256
face 0.014395147562026978 387 137 503 256
face 0.014378905296325684 387 137 503 256
face 0.014131158590316772 387 137 503 256
face 0.013801634311676025 387 137 503 256
face 0.013540178537368774 387 137 503 256
face 0.01271316409111023 387 137 503 256
face 0.01245194673538208 387 137 503 256
face 0.012210994958877563 387 137 503 256
face 0.01220753788948059 387 137 503 256
face 0.01194453239440918 387 137 503 256
face 0.0115031898021698 387 137 503 256
face 0.011397033929824829 387 137 503 256
face 0.011230409145355225 387 137 503 256
face 0.010748863220214844 387 137 503 256
face 0.010432988405227661 387 137 503 256
face 0.010310143232345581 387 137 503 256
face 0.010113447904586792 387 137 503 256
face 0.009928464889526367 387 137 503 256
face 0.009826064109802246 387 137 503 256
face 0.009551525115966797 387 137 503 256
face 0.009384125471115112 387 137 503 256
face 0.009206324815750122 387 137 503 256
face 0.009008437395095825 387 137 503 256
face 0.00898018479347229 387 137 503 256
face 0.00896504521369934 387 137 503 256
face 0.008863568305969238 387 137 503 256
face 0.008855551481246948 387 137 503 256
face 0.008682876825332642 387 137 503 256
face 0.008469939231872559 387 137 503 256
face 0.008403807878494263 387 137 503 256
face 0.008397728204727173 387 137 503 256
face 0.008303344249725342 387 137 503 256
face 0.00823831558227539 387 137 503 256
face 0.008210450410842896 387 137 503 256
face 0.008197605609893799 387 137 503 256
face 0.008186817169189453 387 137 503 256
face 0.008159041404724121 387 137 503 256
face 0.00813966989517212 387 137 503 256
face 0.008072763681411743 387 137 503 256
face 0.008046090602874756 387 137 503 256
face 0.008044123649597168 387 137 503 256
face 0.007981598377227783 387 137 503 256
face 0.007934510707855225 387 137 503 256
face 0.007911652326583862 387 137 503 256
face 0.007871091365814209 387 137 503 256
face 0.007858067750930786 387 137 503 256
face 0.007822632789611816 387 137 503 256
face 0.007711738348007202 387 137 503 256
face 0.00753331184387207 387 137 503 256
face 0.0075151920318603516 387 137 503 256
face 0.007359892129898071 387 137 503 256
face 0.007166802883148193 387 137 503 256
face 0.007158458232879639 387 137 503 256
face 0.007142513990402222 387 137 503 256
face 0.00711783766746521 387 137 503 256
face 0.007053762674331665 387 137 503 256
face 0.007034182548522949 387 137 503 256
face 0.007016927003860474 387 137 503 256
face 0.00700792670249939 387 137 503 256
face 0.006950110197067261 387 137 503 256
face 0.006938159465789795 387 137 503 256
face 0.006908595561981201 387 137 503 256
face 0.006894618272781372 387 137 503 256
face 0.006856143474578857 387 137 503 256
face 0.0067594945430755615 387 137 503 256
