face 0.9943392276763916 482 309 495 327
face 0.9442163109779358 427 317 439 332
face 0.7891511917114258 409 370 423 386
face 0.7505351305007935 453 351 466 367
face 0.6360942125320435 518 336 530 352
face 0.09554019570350647 518 336 530 352
face 0.09034433960914612 518 336 530 352
face 0.08562129735946655 518 336 530 352
face 0.08434560894966125 518 336 530 352
face 0.05798479914665222 518 336 530 352
face 0.04722929000854492 518 336 530 352
face 0.04446271061897278 518 336 530 352
face 0.03493398427963257 518 336 530 352
face 0.031401604413986206 518 336 530 352
face 0.03063488006591797 518 336 530 352
face 0.02872428297996521 518 336 530 352
face 0.02792602777481079 518 336 530 352
face 0.02473849058151245 518 336 530 352
face 0.021237850189208984 518 336 530 352
face 0.021187901496887207 518 336 530 352
face 0.020177364349365234 518 336 530 352
face 0.01962113380432129 518 336 530 352
face 0.018799275159835815 518 336 530 352
face 0.01858016848564148 518 336 530 352
face 0.01712089776992798 518 336 530 352
face 0.013417363166809082 518 336 530 352
face 0.011142492294311523 518 336 530 352
face 0.009582102298736572 518 336 530 352
face 0.009291291236877441 518 336 530 352
face 0.008952170610427856 518 336 530 352
face 0.008287787437438965 518 336 530 352
face 0.00825396180152893 518 336 530 352
face 0.008073180913925171 518 336 530 352
face 0.008052259683609009 518 336 530 352
face 0.0074815452098846436 518 336 530 352
face 0.0074356794357299805 518 336 530 352
face 0.007416725158691406 518 336 530 352
face 0.007259756326675415 518 336 530 352
face 0.006962716579437256 518 336 530 352
face 0.006282806396484375 518 336 530 352
face 0.0061705708503723145 518 336 530 352
face 0.006157368421554565 518 336 530 352
face 0.006079882383346558 518 336 530 352
face 0.00589984655380249 518 336 530 352
face 0.005879908800125122 518 336 530 352
face 0.005836367607116699 518 336 530 352
face 0.005806952714920044 518 336 530 352
face 0.005796462297439575 518 336 530 352
face 0.005608856678009033 518 336 530 352
face 0.0056035518646240234 518 336 530 352
face 0.005592137575149536 518 336 530 352
face 0.005485653877258301 518 336 530 352
face 0.005398422479629517 518 336 530 352
face 0.005334138870239258 518 336 530 352
face 0.005313605070114136 518 336 530 352
face 0.005307316780090332 518 336 530 352
face 0.005194365978240967 518 336 530 352
face 0.005142539739608765 518 336 530 352
face 0.005027890205383301 518 336 530 352
face 0.00499957799911499 518 336 530 352
face 0.0049751996994018555 518 336 530 352
face 0.004874050617218018 518 336 530 352
face 0.004864245653152466 518 336 530 352
face 0.004807859659194946 518 336 530 352
face 0.00472337007522583 518 336 530 352
face 0.004685163497924805 518 336 530 352
face 0.004634290933609009 518 336 530 352
face 0.004554420709609985 518 336 530 352
face 0.0044502317905426025 518 336 530 352
face 0.004401952028274536 518 336 530 352
face 0.004320234060287476 518 336 530 352
face 0.004224807024002075 518 336 530 352
face 0.004150956869125366 518 336 530 352
face 0.004068970680236816 518 336 530 352
face 0.004067867994308472 518 336 530 352
face 0.004057437181472778 518 336 530 352
face 0.0040302574634552 518 336 530 352
face 0.00400853157043457 518 336 530 352
face 0.004007488489151001 518 336 530 352
face 0.003962606191635132 518 336 530 352
face 0.003953754901885986 518 336 530 352
face 0.0038605332374572754 518 336 530 352
face 0.0038296878337860107 518 336 530 352
face 0.003825455904006958 518 336 530 352
face 0.0038024485111236572 518 336 530 352
face 0.0037520229816436768 518 336 530 352
face 0.0037099719047546387 518 336 530 352
face 0.003687649965286255 518 336 530 352
face 0.00364840030670166 518 336 530 352
face 0.0036015212535858154 518 336 530 352
face 0.003569483757019043 518 336 530 352
face 0.0035634636878967285 518 336 530 352
face 0.0035569965839385986 518 336 530 352
face 0.0034883320331573486 518 336 530 352
face 0.003469020128250122 518 336 530 352
face 0.00345650315284729 518 336 530 352
face 0.0034558773040771484 518 336 530 352
face 0.0033777952194213867 518 336 530 352
face 0.0033212900161743164 518 336 530 352
face 0.003306090831756592 518 336 530 352
