face 0.9488821029663086 629 107 680 169
face 0.6863561868667603 873 81 932 157
face 0.553743302822113 693 121 736 176
face 0.4415624439716339 693 121 736 176
face 0.4203115999698639 693 121 736 176
face 0.0503537654876709 693 121 736 176
face 0.0429668128490448 693 121 736 176
face 0.036852240562438965 693 121 736 176
face 0.03414991497993469 693 121 736 176
face 0.029378652572631836 693 121 736 176
face 0.025756418704986572 693 121 736 176
face 0.025672554969787598 693 121 736 176
face 0.02490052580833435 693 121 736 176
face 0.02181398868560791 693 121 736 176
face 0.019027769565582275 693 121 736 176
face 0.017617136240005493 693 121 736 176
face 0.017457127571105957 693 121 736 176
face 0.01608121395111084 693 121 736 176
face 0.013465136289596558 693 121 736 176
face 0.01316535472869873 693 121 736 176
face 0.011515051126480103 693 121 736 176
face 0.01141577959060669 693 121 736 176
face 0.010979503393173218 693 121 736 176
face 0.010959833860397339 693 121 736 176
face 0.010491997003555298 693 121 736 176
face 0.010152637958526611 693 121 736 176
face 0.00961834192276001 693 121 736 176
face 0.009595662355422974 693 121 736 176
face 0.00954967737197876 693 121 736 176
face 0.009404242038726807 693 121 736 176
face 0.009225636720657349 693 121 736 176
face 0.00918605923652649 693 121 736 176
face 0.008999884128570557 693 121 736 176
face 0.008883059024810791 693 121 736 176
face 0.008814126253128052 693 121 736 176
face 0.008744150400161743 693 121 736 176
face 0.008724421262741089 693 121 736 176
face 0.008599549531936646 693 121 736 176
face 0.008596092462539673 693 121 736 176
face 0.008500874042510986 693 121 736 176
face 0.0084056556224823 693 121 736 176
face 0.008399426937103271 693 121 736 176
face 0.00827065110206604 693 121 736 176
face 0.008224904537200928 693 121 736 176
face 0.008021444082260132 693 121 736 176
face 0.007865935564041138 693 121 736 176
face 0.007858574390411377 693 121 736 176
face 0.007639497518539429 693 121 736 176
face 0.007582187652587891 693 121 736 176
face 0.007451236248016357 693 121 736 176
face 0.007380306720733643 693 121 736 176
face 0.00737309455871582 693 121 736 176
face 0.00731012225151062 693 121 736 176
face 0.007254660129547119 693 121 736 176
face 0.007248520851135254 693 121 736 176
face 0.007194161415100098 693 121 736 176
face 0.007146656513214111 693 121 736 176
face 0.007089346647262573 693 121 736 176
face 0.007055461406707764 693 121 736 176
face 0.0070264339447021484 693 121 736 176
face 0.006950110197067261 693 121 736 176
face 0.006919294595718384 693 121 736 176
face 0.006806433200836182 693 121 736 176
face 0.006735682487487793 693 121 736 176
face 0.006711512804031372 693 121 736 176
face 0.006585806608200073 693 121 736 176
face 0.0065049827098846436 693 121 736 176
face 0.0065007805824279785 693 121 736 176
face 0.006439924240112305 693 121 736 176
face 0.006214559078216553 693 121 736 176
face 0.00609925389289856 693 121 736 176
face 0.005902320146560669 693 121 736 176
face 0.005860626697540283 693 121 736 176
face 0.005843043327331543 693 121 736 176
face 0.005782812833786011 693 121 736 176
face 0.0057270824909210205 693 121 736 176
face 0.005638986825942993 693 121 736 176
face 0.005572289228439331 693 121 736 176
face 0.005570709705352783 693 121 736 176
face 0.005515038967132568 693 121 736 176
face 0.005464315414428711 693 121 736 176
face 0.005439400672912598 693 121 736 176
face 0.005429267883300781 693 121 736 176
face 0.005380392074584961 693 121 736 176
face 0.00535207986831665 693 121 736 176
face 0.004934430122375488 693 121 736 176
face 0.004899471998214722 693 121 736 176
face 0.004890143871307373 693 121 736 176
face 0.0048854053020477295 693 121 736 176
face 0.004854083061218262 693 121 736 176
face 0.0047435760498046875 693 121 736 176
face 0.004549473524093628 693 121 736 176
face 0.004520237445831299 693 121 736 176
face 0.004510313272476196 693 121 736 176
face 0.004443317651748657 693 121 736 176
face 0.004400759935379028 693 121 736 176
face 0.0043201744556427 693 121 736 176
face 0.004318863153457642 693 121 736 176
face 0.004309147596359253 693 121 736 176
face 0.004285871982574463 693 121 736 176
