face 0.657133936882019 375 302 677 679
face 0.04183197021484375 375 302 677 679
face 0.029914766550064087 375 302 677 679
face 0.02883678674697876 375 302 677 679
face 0.027777642011642456 375 302 677 679
face 0.01960030198097229 375 302 677 679
face 0.018537938594818115 375 302 677 679
face 0.018302112817764282 375 302 677 679
face 0.01725664734840393 375 302 677 679
face 0.015836894512176514 375 302 677 679
face 0.01581522822380066 375 302 677 679
face 0.015476703643798828 375 302 677 679
face 0.01504284143447876 375 302 677 679
face 0.014897346496582031 375 302 677 679
face 0.014031022787094116 375 302 677 679
face 0.013015270233154297 375 302 677 679
face 0.012762069702148438 375 302 677 679
face 0.012709558010101318 375 302 677 679
face 0.01217806339263916 375 302 677 679
face 0.012143313884735107 375 302 677 679
face 0.010921329259872437 375 302 677 679
face 0.010888904333114624 375 302 677 679
face 0.010625094175338745 375 302 677 679
face 0.010381847620010376 375 302 677 679
face 0.009693056344985962 375 302 677 679
face 0.009609043598175049 375 302 677 679
face 0.009478151798248291 375 302 677 679
face 0.00944596529006958 375 302 677 679
face 0.009230375289916992 375 302 677 679
face 0.009057283401489258 375 302 677 679
face 0.008930593729019165 375 302 677 679
face 0.00891992449760437 375 302 677 679
face 0.00887751579284668 375 302 677 679
face 0.008744120597839355 375 302 677 679
face 0.008705824613571167 375 302 677 679
face 0.008675932884216309 375 302 677 679
face 0.008519798517227173 375 302 677 679
face 0.008452087640762329 375 302 677 679
face 0.00834280252456665 375 302 677 679
face 0.008330285549163818 375 302 677 679
face 0.008287101984024048 375 302 677 679
face 0.008032649755477905 375 302 677 679
face 0.008027315139770508 375 302 677 679
face 0.008025377988815308 375 302 677 679
face 0.008008569478988647 375 302 677 679
face 0.007991611957550049 375 302 677 679
face 0.007949769496917725 375 302 677 679
face 0.007909625768661499 375 302 677 679
face 0.007777124643325806 375 302 677 679
face 0.007767409086227417 375 302 677 679
face 0.00772443413734436 375 302 677 679
face 0.007705897092819214 375 302 677 679
face 0.007674813270568848 375 302 677 679
face 0.007640659809112549 375 302 677 679
face 0.007507443428039551 375 302 677 679
face 0.007448166608810425 375 302 677 679
face 0.0074141621589660645 375 302 677 679
face 0.007377684116363525 375 302 677 679
face 0.007306009531021118 375 302 677 679
face 0.007226794958114624 375 302 677 679
face 0.00722658634185791 375 302 677 679
face 0.007216751575469971 375 302 677 679
face 0.007176637649536133 375 302 677 679
face 0.00713011622428894 375 302 677 679
face 0.007112622261047363 375 302 677 679
face 0.007071137428283691 375 302 677 679
face 0.0069991350173950195 375 302 677 679
face 0.006992548704147339 375 302 677 679
face 0.006898343563079834 375 302 677 679
face 0.006868332624435425 375 302 677 679
face 0.006861239671707153 375 302 677 679
face 0.006795287132263184 375 302 677 679
face 0.006715446710586548 375 302 677 679
face 0.006683021783828735 375 302 677 679
face 0.006598472595214844 375 302 677 679
face 0.006434828042984009 375 302 677 679
face 0.006397157907485962 375 302 677 679
face 0.006371617317199707 375 302 677 679
face 0.00623708963394165 375 302 677 679
face 0.006234794855117798 375 302 677 679
face 0.006211340427398682 375 302 677 679
face 0.006193220615386963 375 302 677 679
face 0.006169050931930542 375 302 677 679
face 0.0060974955558776855 375 302 677 679
face 0.005969971418380737 375 302 677 679
face 0.0059420764446258545 375 302 677 679
face 0.005930453538894653 375 302 677 679
face 0.0059137046337127686 375 302 677 679
face 0.005896151065826416 375 302 677 679
face 0.005891770124435425 375 302 677 679
face 0.005848109722137451 375 302 677 679
face 0.005837202072143555 375 302 677 679
face 0.005829334259033203 375 302 677 679
face 0.00578838586807251 375 302 677 679
face 0.00578734278678894 375 302 677 679
face 0.005710870027542114 375 302 677 679
face 0.00568699836730957 375 302 677 679
face 0.0056656599044799805 375 302 677 679
face 0.005648761987686157 375 302 677 679
face 0.005631238222122192 375 302 677 679
