face 0.9886442422866821 317 90 497 332
face 0.5437422394752502 424 58 739 396
face 0.05865973234176636 424 58 739 396
face 0.04398062825202942 424 58 739 396
face 0.03831198811531067 424 58 739 396
face 0.036988526582717896 424 58 739 396
face 0.032412827014923096 424 58 739 396
face 0.027077972888946533 424 58 739 396
face 0.027013450860977173 424 58 739 396
face 0.02425938844680786 424 58 739 396
face 0.024005770683288574 424 58 739 396
face 0.02356576919555664 424 58 739 396
face 0.023375272750854492 424 58 739 396
face 0.022648274898529053 424 58 739 396
face 0.021821409463882446 424 58 739 396
face 0.021749377250671387 424 58 739 396
face 0.019185245037078857 424 58 739 396
face 0.019069522619247437 424 58 739 396
face 0.018891960382461548 424 58 739 396
face 0.018781572580337524 424 58 739 396
face 0.017463654279708862 424 58 739 396
face 0.01729533076286316 424 58 739 396
face 0.017108798027038574 424 58 739 396
face 0.017004460096359253 424 58 739 396
face 0.017002969980239868 424 58 739 396
face 0.016447216272354126 424 58 739 396
face 0.014773190021514893 424 58 739 396
face 0.01447179913520813 424 58 739 396
face 0.013870805501937866 424 58 739 396
face 0.01382070779800415 424 58 739 396
face 0.013803571462631226 424 58 739 396
face 0.013443797826766968 424 58 739 396
face 0.013235658407211304 424 58 739 396
face 0.012995034456253052 424 58 739 396
face 0.012825936079025269 424 58 739 396
face 0.012780457735061646 424 58 739 396
face 0.012147277593612671 424 58 739 396
face 0.012013614177703857 424 58 739 396
face 0.01200634241104126 424 58 739 396
face 0.0118655264377594 424 58 739 396
face 0.011837810277938843 424 58 739 396
face 0.011709600687026978 424 58 739 396
face 0.011708110570907593 424 58 739 396
face 0.011548042297363281 424 58 739 396
face 0.011382699012756348 424 58 739 396
face 0.011375129222869873 424 58 739 396
face 0.01129189133644104 424 58 739 396
face 0.011163383722305298 424 58 739 396
face 0.011161834001541138 424 58 739 396
face 0.010865062475204468 424 58 739 396
face 0.010622262954711914 424 58 739 396
face 0.010554909706115723 424 58 739 396
face 0.010526299476623535 424 58 739 396
face 0.01044929027557373 424 58 739 396
face 0.010234028100967407 424 58 739 396
face 0.010121911764144897 424 58 739 396
face 0.009952187538146973 424 58 739 396
face 0.009882807731628418 424 58 739 396
face 0.009790927171707153 424 58 739 396
face 0.009644150733947754 424 58 739 396
face 0.009570300579071045 424 58 739 396
face 0.00952380895614624 424 58 739 396
face 0.009403079748153687 424 58 739 396
face 0.009212851524353027 424 58 739 396
face 0.009121060371398926 424 58 739 396
face 0.009086430072784424 424 58 739 396
face 0.009061336517333984 424 58 739 396
face 0.00905194878578186 424 58 739 396
face 0.009010493755340576 424 58 739 396
face 0.00857040286064148 424 58 739 396
face 0.008503884077072144 424 58 739 396
face 0.008426427841186523 424 58 739 396
face 0.008414506912231445 424 58 739 396
face 0.008309364318847656 424 58 739 396
face 0.008208811283111572 424 58 739 396
face 0.008104264736175537 424 58 739 396
face 0.007976055145263672 424 58 739 396
face 0.007951557636260986 424 58 739 396
face 0.007929116487503052 424 58 739 396
face 0.007802367210388184 424 58 739 396
face 0.007685154676437378 424 58 739 396
face 0.007610917091369629 424 58 739 396
face 0.007539570331573486 424 58 739 396
face 0.007536470890045166 424 58 739 396
face 0.007529318332672119 424 58 739 396
face 0.00738447904586792 424 58 739 396
face 0.007381349802017212 424 58 739 396
face 0.007290542125701904 424 58 739 396
face 0.007262557744979858 424 58 739 396
face 0.0071021318435668945 424 58 739 396
face 0.007096648216247559 424 58 739 396
face 0.007062941789627075 424 58 739 396
face 0.007062703371047974 424 58 739 396
face 0.007037639617919922 424 58 739 396
face 0.006931185722351074 424 58 739 396
face 0.006924152374267578 424 58 739 396
face 0.006921201944351196 424 58 739 396
face 0.006897628307342529 424 58 739 396
face 0.006873220205307007 424 58 739 396
face 0.006866782903671265 424 58 739 396
