face 0.8915458917617798 790 411 821 446
face 0.7758361101150513 618 239 643 274
face 0.7197570204734802 727 380 760 418
face 0.34279489517211914 727 380 760 418
face 0.33246028423309326 727 380 760 418
face 0.27486950159072876 727 380 760 418
face 0.24981844425201416 727 380 760 418
face 0.19846570491790771 727 380 760 418
face 0.18747839331626892 727 380 760 418
face 0.16586071252822876 727 380 760 418
face 0.13063505291938782 727 380 760 418
face 0.10999664664268494 727 380 760 418
face 0.10921549797058105 727 380 760 418
face 0.10826760530471802 727 380 760 418
face 0.1047491729259491 727 380 760 418
face 0.09548428654670715 727 380 760 418
face 0.08858579397201538 727 380 760 418
face 0.08494243025779724 727 380 760 418
face 0.0841781497001648 727 380 760 418
face 0.08384311199188232 727 380 760 418
face 0.07670515775680542 727 380 760 418
face 0.07518395781517029 727 380 760 418
face 0.07450571656227112 727 380 760 418
face 0.07150071859359741 727 380 760 418
face 0.0702793300151825 727 380 760 418
face 0.06498023867607117 727 380 760 418
face 0.06491813063621521 727 380 760 418
face 0.06099247932434082 727 380 760 418
face 0.06003567576408386 727 380 760 418
face 0.05980914831161499 727 380 760 418
face 0.058997154235839844 727 380 760 418
face 0.05862042307853699 727 380 760 418
face 0.057517290115356445 727 380 760 418
face 0.05364903807640076 727 380 760 418
face 0.05328574776649475 727 380 760 418
face 0.05027160048484802 727 380 760 418
face 0.049808502197265625 727 380 760 418
face 0.049342066049575806 727 380 760 418
face 0.04919782280921936 727 380 760 418
face 0.04909464716911316 727 380 760 418
face 0.04754769802093506 727 380 760 418
face 0.04726916551589966 727 380 760 418
face 0.04683181643486023 727 380 760 418
face 0.04660588502883911 727 380 760 418
face 0.04550090432167053 727 380 760 418
face 0.04533308744430542 727 380 760 418
face 0.044592082500457764 727 380 760 418
face 0.04443672299385071 727 380 760 418
face 0.04249688982963562 727 380 760 418
face 0.04168081283569336 727 380 760 418
face 0.04145798087120056 727 380 760 418
face 0.04093042016029358 727 380 760 418
face 0.039723753929138184 727 380 760 418
face 0.03895488381385803 727 380 760 418
face 0.03868228197097778 727 380 760 418
face 0.03863373398780823 727 380 760 418
face 0.0384124219417572 727 380 760 418
face 0.038097530603408813 727 380 760 418
face 0.03791564702987671 727 380 760 418
face 0.0377403199672699 727 380 760 418
face 0.03758761286735535 727 380 760 418
face 0.03700774908065796 727 380 760 418
face 0.036987125873565674 727 380 760 418
face 0.03669184446334839 727 380 760 418
face 0.036011338233947754 727 380 760 418
face 0.03597775101661682 727 380 760 418
face 0.035755664110183716 727 380 760 418
face 0.03574332594871521 727 380 760 418
face 0.03573831915855408 727 380 760 418
face 0.03560137748718262 727 380 760 418
face 0.03558078408241272 727 380 760 418
face 0.03526744246482849 727 380 760 418
face 0.03480115532875061 727 380 760 418
face 0.03466483950614929 727 380 760 418
face 0.03465399146080017 727 380 760 418
face 0.034464746713638306 727 380 760 418
face 0.03433436155319214 727 380 760 418
face 0.03406473994255066 727 380 760 418
face 0.03389975428581238 727 380 760 418
face 0.03366661071777344 727 380 760 418
face 0.0334399938583374 727 380 760 418
face 0.03279867768287659 727 380 760 418
face 0.03183397650718689 727 380 760 418
face 0.03133302927017212 727 380 760 418
face 0.030825048685073853 727 380 760 418
face 0.030373573303222656 727 380 760 418
face 0.02990823984146118 727 380 760 418
face 0.02969813346862793 727 380 760 418
face 0.029378503561019897 727 380 760 418
face 0.029366731643676758 727 380 760 418
face 0.02936282753944397 727 380 760 418
face 0.029296666383743286 727 380 760 418
face 0.02923646569252014 727 380 760 418
face 0.028998851776123047 727 380 760 418
face 0.028951257467269897 727 380 760 418
face 0.02852228283882141 727 380 760 418
face 0.028418898582458496 727 380 760 418
face 0.028364181518554688 727 380 760 418
face 0.028001517057418823 727 380 760 418
face 0.027835220098495483 727 380 760 418
