face 0.8568311929702759 273 114 368 265
face 0.043063342571258545 273 114 368 265
face 0.03336834907531738 273 114 368 265
face 0.028933674097061157 273 114 368 265
face 0.027697831392288208 273 114 368 265
face 0.026855140924453735 273 114 368 265
face 0.025995612144470215 273 114 368 265
face 0.022509783506393433 273 114 368 265
face 0.02069738507270813 273 114 368 265
face 0.020100802183151245 273 114 368 265
face 0.01880154013633728 273 114 368 265
face 0.017415285110473633 273 114 368 265
face 0.015431255102157593 273 114 368 265
face 0.014892786741256714 273 114 368 265
face 0.013881534337997437 273 114 368 265
face 0.013598203659057617 273 114 368 265
face 0.013593167066574097 273 114 368 265
face 0.012222349643707275 273 114 368 265
face 0.012002676725387573 273 114 368 265
face 0.011858224868774414 273 114 368 265
face 0.01163586974143982 273 114 368 265
face 0.011436998844146729 273 114 368 265
face 0.011421948671340942 273 114 368 265
face 0.010458052158355713 273 114 368 265
face 0.01017501950263977 273 114 368 265
face 0.010033130645751953 273 114 368 265
face 0.009647190570831299 273 114 368 265
face 0.009610921144485474 273 114 368 265
face 0.009261161088943481 273 114 368 265
face 0.009175688028335571 273 114 368 265
face 0.00917518138885498 273 114 368 265
face 0.00907135009765625 273 114 368 265
face 0.009068071842193604 273 114 368 265
face 0.008928626775741577 273 114 368 265
face 0.008864820003509521 273 114 368 265
face 0.00880315899848938 273 114 368 265
face 0.008732140064239502 273 114 368 265
face 0.008512169122695923 273 114 368 265
face 0.008476972579956055 273 114 368 265
face 0.008349061012268066 273 114 368 265
face 0.00818750262260437 273 114 368 265
face 0.008186697959899902 273 114 368 265
face 0.008186668157577515 273 114 368 265
face 0.008116394281387329 273 114 368 265
face 0.00804319977760315 273 114 368 265
face 0.008013784885406494 273 114 368 265
face 0.007774710655212402 273 114 368 265
face 0.007420361042022705 273 114 368 265
face 0.00735020637512207 273 114 368 265
face 0.007275789976119995 273 114 368 265
face 0.007251262664794922 273 114 368 265
face 0.007230043411254883 273 114 368 265
face 0.007191389799118042 273 114 368 265
face 0.0071593523025512695 273 114 368 265
face 0.00698438286781311 273 114 368 265
face 0.006811708211898804 273 114 368 265
face 0.006803542375564575 273 114 368 265
face 0.006776988506317139 273 114 368 265
face 0.006656169891357422 273 114 368 265
face 0.006620198488235474 273 114 368 265
face 0.00655210018157959 273 114 368 265
face 0.0065465569496154785 273 114 368 265
face 0.0065347254276275635 273 114 368 265
face 0.006433635950088501 273 114 368 265
face 0.006419241428375244 273 114 368 265
face 0.00637403130531311 273 114 368 265
face 0.006366819143295288 273 114 368 265
face 0.006363928318023682 273 114 368 265
face 0.00634273886680603 273 114 368 265
face 0.006333589553833008 273 114 368 265
face 0.006266206502914429 273 114 368 265
face 0.0062070488929748535 273 114 368 265
face 0.006169021129608154 273 114 368 265
face 0.0061185359954833984 273 114 368 265
face 0.006096839904785156 273 114 368 265
face 0.006025761365890503 273 114 368 265
face 0.005939275026321411 273 114 368 265
face 0.005914241075515747 273 114 368 265
face 0.0059032142162323 273 114 368 265
face 0.005768865346908569 273 114 368 265
face 0.00568881630897522 273 114 368 265
face 0.00560334324836731 273 114 368 265
face 0.005546092987060547 273 114 368 265
face 0.005488574504852295 273 114 368 265
face 0.005469858646392822 273 114 368 265
face 0.0054326653480529785 273 114 368 265
face 0.005397975444793701 273 114 368 265
face 0.005397528409957886 273 114 368 265
face 0.005348801612854004 273 114 368 265
face 0.005338311195373535 273 114 368 265
face 0.005336374044418335 273 114 368 265
face 0.005244523286819458 273 114 368 265
face 0.005165547132492065 273 114 368 265
face 0.005150049924850464 273 114 368 265
face 0.0050871968269348145 273 114 368 265
face 0.005086690187454224 273 114 368 265
face 0.005084574222564697 273 114 368 265
face 0.005075365304946899 273 114 368 265
face 0.005037963390350342 273 114 368 265
face 0.0050165653228759766 273 114 368 265
