face 0.9889856576919556 689 116 755 192
face 0.9731531739234924 409 299 490 403
face 0.862540602684021 774 334 851 418
face 0.4797559976577759 774 334 851 418
face 0.25374990701675415 774 334 851 418
face 0.06792441010475159 774 334 851 418
face 0.06442669034004211 774 334 851 418
face 0.04508867859840393 774 334 851 418
face 0.030042827129364014 774 334 851 418
face 0.026316523551940918 774 334 851 418
face 0.023074984550476074 774 334 851 418
face 0.02298218011856079 774 334 851 418
face 0.021618574857711792 774 334 851 418
face 0.020533740520477295 774 334 851 418
face 0.01945638656616211 774 334 851 418
face 0.019436419010162354 774 334 851 418
face 0.017901211977005005 774 334 851 418
face 0.017138808965682983 774 334 851 418
face 0.016754567623138428 774 334 851 418
face 0.01651090383529663 774 334 851 418
face 0.016187965869903564 774 334 851 418
face 0.015091896057128906 774 334 851 418
face 0.01382938027381897 774 334 851 418
face 0.013823270797729492 774 334 851 418
face 0.01380544900894165 774 334 851 418
face 0.013530641794204712 774 334 851 418
face 0.012278199195861816 774 334 851 418
face 0.011979222297668457 774 334 851 418
face 0.011826753616333008 774 334 851 418
face 0.011353820562362671 774 334 851 418
face 0.011335492134094238 774 334 851 418
face 0.011257827281951904 774 334 851 418
face 0.011156648397445679 774 334 851 418
face 0.011148840188980103 774 334 851 418
face 0.010831683874130249 774 334 851 418
face 0.010761171579360962 774 334 851 418
face 0.010679394006729126 774 334 851 418
face 0.010565727949142456 774 334 851 418
face 0.010436087846755981 774 334 851 418
face 0.010204702615737915 774 334 851 418
face 0.009933620691299438 774 334 851 418
face 0.009886324405670166 774 334 851 418
face 0.00974416732788086 774 334 851 418
face 0.009540647268295288 774 334 851 418
face 0.009379029273986816 774 334 851 418
face 0.00931251049041748 774 334 851 418
face 0.009236663579940796 774 334 851 418
face 0.00913161039352417 774 334 851 418
face 0.00912487506866455 774 334 851 418
face 0.009028643369674683 774 334 851 418
face 0.008946239948272705 774 334 851 418
face 0.00881338119506836 774 334 851 418
face 0.008794188499450684 774 334 851 418
face 0.008722871541976929 774 334 851 418
face 0.008517056703567505 774 334 851 418
face 0.008483141660690308 774 334 851 418
face 0.008481919765472412 774 334 851 418
face 0.00843822956085205 774 334 851 418
face 0.00841456651687622 774 334 851 418
face 0.008343160152435303 774 334 851 418
face 0.00831177830696106 774 334 851 418
face 0.008284717798233032 774 334 851 418
face 0.008166909217834473 774 334 851 418
face 0.00811535120010376 774 334 851 418
face 0.008086860179901123 774 334 851 418
face 0.008037716150283813 774 334 851 418
face 0.00802573561668396 774 334 851 418
face 0.007928073406219482 774 334 851 418
face 0.007844537496566772 774 334 851 418
face 0.007823914289474487 774 334 851 418
face 0.0077880918979644775 774 334 851 418
face 0.007719248533248901 774 334 851 418
face 0.007711917161941528 774 334 851 418
face 0.007684290409088135 774 334 851 418
face 0.007634013891220093 774 334 851 418
face 0.0075705647468566895 774 334 851 418
face 0.007561415433883667 774 334 851 418
face 0.007555127143859863 774 334 851 418
face 0.00711485743522644 774 334 851 418
face 0.007079899311065674 774 334 851 418
face 0.007029324769973755 774 334 851 418
face 0.0070220232009887695 774 334 851 418
face 0.00696796178817749 774 334 851 418
face 0.0069471001625061035 774 334 851 418
face 0.006931662559509277 774 334 851 418
face 0.006877779960632324 774 334 851 418
face 0.006844460964202881 774 334 851 418
face 0.006836831569671631 774 334 851 418
face 0.006776332855224609 774 334 851 418
face 0.006768852472305298 774 334 851 418
face 0.006651252508163452 774 334 851 418
face 0.006629049777984619 774 334 851 418
face 0.0066149234771728516 774 334 851 418
face 0.006611675024032593 774 334 851 418
face 0.006588876247406006 774 334 851 418
face 0.006546825170516968 774 334 851 418
face 0.006535440683364868 774 334 851 418
face 0.0064973533153533936 774 334 851 418
face 0.00648161768913269 774 334 851 418
face 0.0064813196659088135 774 334 851 418
