face 0.9616154432296753 602 376 660 444
face 0.9438234567642212 464 378 522 449
face 0.7470930814743042 107 407 175 467
face 0.5910748243331909 287 350 363 427
face 0.5740524530410767 824 409 887 487
face 0.3997389078140259 824 409 887 487
face 0.3903924226760864 824 409 887 487
face 0.3414880335330963 824 409 887 487
face 0.10712176561355591 824 409 887 487
face 0.08520984649658203 824 409 887 487
face 0.06798145174980164 824 409 887 487
face 0.06362167000770569 824 409 887 487
face 0.052645862102508545 824 409 887 487
face 0.04520761966705322 824 409 887 487
face 0.04441824555397034 824 409 887 487
face 0.02792680263519287 824 409 887 487
face 0.023964673280715942 824 409 887 487
face 0.023321688175201416 824 409 887 487
face 0.021668732166290283 824 409 887 487
face 0.02159222960472107 824 409 887 487
face 0.02060839533805847 824 409 887 487
face 0.019087553024291992 824 409 887 487
face 0.018295615911483765 824 409 887 487
face 0.018269717693328857 824 409 887 487
face 0.017732977867126465 824 409 887 487
face 0.017566144466400146 824 409 887 487
face 0.017079174518585205 824 409 887 487
face 0.016758620738983154 824 409 887 487
face 0.01644080877304077 824 409 887 487
face 0.016366004943847656 824 409 887 487
face 0.016326963901519775 824 409 887 487
face 0.015766650438308716 824 409 887 487
face 0.015680581331253052 824 409 887 487
face 0.014526724815368652 824 409 887 487
face 0.014365345239639282 824 409 887 487
face 0.014153927564620972 824 409 887 487
face 0.013910949230194092 824 409 887 487
face 0.013037234544754028 824 409 887 487
face 0.012940973043441772 824 409 887 487
face 0.012551218271255493 824 409 887 487
face 0.011918485164642334 824 409 887 487
face 0.011722594499588013 824 409 887 487
face 0.011287808418273926 824 409 887 487
face 0.010968327522277832 824 409 887 487
face 0.010727673768997192 824 409 887 487
face 0.01062878966331482 824 409 887 487
face 0.01053476333618164 824 409 887 487
face 0.010273456573486328 824 409 887 487
face 0.010166347026824951 824 409 887 487
face 0.010037511587142944 824 409 887 487
face 0.010025322437286377 824 409 887 487
face 0.009806007146835327 824 409 887 487
face 0.00970315933227539 824 409 887 487
face 0.009581893682479858 824 409 887 487
face 0.009579896926879883 824 409 887 487
face 0.009511172771453857 824 409 887 487
face 0.009404897689819336 824 409 887 487
face 0.009017020463943481 824 409 887 487
face 0.008966565132141113 824 409 887 487
face 0.00881698727607727 824 409 887 487
face 0.008181512355804443 824 409 887 487
face 0.008172988891601562 824 409 887 487
face 0.008135885000228882 824 409 887 487
face 0.007993161678314209 824 409 887 487
face 0.007930099964141846 824 409 887 487
face 0.007924944162368774 824 409 887 487
face 0.007880985736846924 824 409 887 487
face 0.007835924625396729 824 409 887 487
face 0.007779955863952637 824 409 887 487
face 0.007750988006591797 824 409 887 487
face 0.00770685076713562 824 409 887 487
face 0.007705062627792358 824 409 887 487
face 0.007585018873214722 824 409 887 487
face 0.0075418949127197266 824 409 887 487
face 0.0072608888149261475 824 409 887 487
face 0.0072255730628967285 824 409 887 487
face 0.007214546203613281 824 409 887 487
face 0.007179915904998779 824 409 887 487
face 0.007160097360610962 824 409 887 487
face 0.0071563720703125 824 409 887 487
face 0.007075846195220947 824 409 887 487
face 0.007062643766403198 824 409 887 487
face 0.007024943828582764 824 409 887 487
face 0.006993919610977173 824 409 887 487
face 0.006965190172195435 824 409 887 487
face 0.006962299346923828 824 409 887 487
face 0.006858617067337036 824 409 887 487
face 0.00682106614112854 824 409 887 487
face 0.006814867258071899 824 409 887 487
face 0.006800264120101929 824 409 887 487
face 0.0067220330238342285 824 409 887 487
face 0.006638765335083008 824 409 887 487
face 0.006623506546020508 824 409 887 487
face 0.006606876850128174 824 409 887 487
face 0.006599754095077515 824 409 887 487
face 0.006541073322296143 824 409 887 487
face 0.006539583206176758 824 409 887 487
face 0.006531178951263428 824 409 887 487
face 0.006502240896224976 824 409 887 487
face 0.006462007761001587 824 409 887 487
