face 0.8741410970687866 565 261 802 524
face 0.13245081901550293 565 261 802 524
face 0.11059358716011047 565 261 802 524
face 0.09073314070701599 565 261 802 524
face 0.0840054452419281 565 261 802 524
face 0.08307895064353943 565 261 802 524
face 0.0823485255241394 565 261 802 524
face 0.07752031087875366 565 261 802 524
face 0.07458734512329102 565 261 802 524
face 0.06010356545448303 565 261 802 524
face 0.05558332800865173 565 261 802 524
face 0.050913453102111816 565 261 802 524
face 0.04989355802536011 565 261 802 524
face 0.043517887592315674 565 261 802 524
face 0.039511024951934814 565 261 802 524
face 0.038222432136535645 565 261 802 524
face 0.03750205039978027 565 261 802 524
face 0.03676789999008179 565 261 802 524
face 0.03469586372375488 565 261 802 524
face 0.03454136848449707 565 261 802 524
face 0.03448644280433655 565 261 802 524
face 0.030516743659973145 565 261 802 524
face 0.028759539127349854 565 261 802 524
face 0.02629101276397705 565 261 802 524
face 0.025280684232711792 565 261 802 524
face 0.024607837200164795 565 261 802 524
face 0.023550868034362793 565 261 802 524
face 0.02260497212409973 565 261 802 524
face 0.02127501368522644 565 261 802 524
face 0.020748943090438843 565 261 802 524
face 0.02007278800010681 565 261 802 524
face 0.019854962825775146 565 261 802 524
face 0.019108861684799194 565 261 802 524
face 0.018793165683746338 565 261 802 524
face 0.016889184713363647 565 261 802 524
face 0.015940994024276733 565 261 802 524
face 0.015383720397949219 565 261 802 524
face 0.014954209327697754 565 261 802 524
face 0.014690428972244263 565 261 802 524
face 0.014181196689605713 565 261 802 524
face 0.013808876276016235 565 261 802 524
face 0.013566255569458008 565 261 802 524
face 0.013500243425369263 565 261 802 524
face 0.013135164976119995 565 261 802 524
face 0.01303189992904663 565 261 802 524
face 0.012888818979263306 565 261 802 524
face 0.01285254955291748 565 261 802 524
face 0.01279681921005249 565 261 802 524
face 0.012723386287689209 565 261 802 524
face 0.012242704629898071 565 261 802 524
face 0.01205936074256897 565 261 802 524
face 0.012000083923339844 565 261 802 524
face 0.011964678764343262 565 261 802 524
face 0.011732906103134155 565 261 802 524
face 0.01165345311164856 565 261 802 524
face 0.01164788007736206 565 261 802 524
face 0.011624127626419067 565 261 802 524
face 0.011565864086151123 565 261 802 524
face 0.01148495078086853 565 261 802 524
face 0.01145017147064209 565 261 802 524
face 0.011324495077133179 565 261 802 524
face 0.011254072189331055 565 261 802 524
face 0.011080026626586914 565 261 802 524
face 0.01105344295501709 565 261 802 524
face 0.011039167642593384 565 261 802 524
face 0.010939449071884155 565 261 802 524
face 0.010899633169174194 565 261 802 524
face 0.01055973768234253 565 261 802 524
face 0.010531485080718994 565 261 802 524
face 0.01051861047744751 565 261 802 524
face 0.01022997498512268 565 261 802 524
face 0.010166168212890625 565 261 802 524
face 0.010007411241531372 565 261 802 524
face 0.010006338357925415 565 261 802 524
face 0.010001808404922485 565 261 802 524
face 0.009632021188735962 565 261 802 524
face 0.009562194347381592 565 261 802 524
face 0.009519577026367188 565 261 802 524
face 0.009493917226791382 565 261 802 524
face 0.00944286584854126 565 261 802 524
face 0.009428977966308594 565 261 802 524
face 0.009337574243545532 565 261 802 524
face 0.009333133697509766 565 261 802 524
face 0.009171515703201294 565 261 802 524
face 0.0089491605758667 565 261 802 524
face 0.008800029754638672 565 261 802 524
face 0.008743315935134888 565 261 802 524
face 0.008715540170669556 565 261 802 524
face 0.008707195520401001 565 261 802 524
face 0.00847652554512024 565 261 802 524
face 0.008406639099121094 565 261 802 524
face 0.008406460285186768 565 261 802 524
face 0.00829276442527771 565 261 802 524
face 0.008238106966018677 565 261 802 524
face 0.008222728967666626 565 261 802 524
face 0.008062392473220825 565 261 802 524
face 0.008009731769561768 565 261 802 524
face 0.007804304361343384 565 261 802 524
face 0.00773581862449646 565 261 802 524
face 0.007659584283828735 565 261 802 524
