face 0.9748430252075195 401 249 426 282
face 0.5193221569061279 546 225 557 240
face 0.43838685750961304 546 225 557 240
face 0.4310922920703888 546 225 557 240
face 0.1754189133644104 546 225 557 240
face 0.1693536639213562 546 225 557 240
face 0.16933241486549377 546 225 557 240
face 0.16865944862365723 546 225 557 240
face 0.15865382552146912 546 225 557 240
face 0.13229474425315857 546 225 557 240
face 0.1093737781047821 546 225 557 240
face 0.08954206109046936 546 225 557 240
face 0.08789733052253723 546 225 557 240
face 0.08645656704902649 546 225 557 240
face 0.08247658610343933 546 225 557 240
face 0.07607674598693848 546 225 557 240
face 0.07537320256233215 546 225 557 240
face 0.07033523917198181 546 225 557 240
face 0.06542500853538513 546 225 557 240
face 0.06347984075546265 546 225 557 240
face 0.06243246793746948 546 225 557 240
face 0.06223669648170471 546 225 557 240
face 0.06161805987358093 546 225 557 240
face 0.06087464094161987 546 225 557 240
face 0.05770328640937805 546 225 557 240
face 0.05664879083633423 546 225 557 240
face 0.056288957595825195 546 225 557 240
face 0.05314520001411438 546 225 557 240
face 0.05277267098426819 546 225 557 240
face 0.05144616961479187 546 225 557 240
face 0.05067291855812073 546 225 557 240
face 0.04517313838005066 546 225 557 240
face 0.042832374572753906 546 225 557 240
face 0.04224422574043274 546 225 557 240
face 0.03794127702713013 546 225 557 240
face 0.037716031074523926 546 225 557 240
face 0.03741234540939331 546 225 557 240
face 0.036623209714889526 546 225 557 240
face 0.03601187467575073 546 225 557 240
face 0.03553071618080139 546 225 557 240
face 0.035460442304611206 546 225 557 240
face 0.03515499830245972 546 225 557 240
face 0.03466227650642395 546 225 557 240
face 0.03389406204223633 546 225 557 240
face 0.0337834358215332 546 225 557 240
face 0.03366827964782715 546 225 557 240
face 0.03206080198287964 546 225 557 240
face 0.03195193409919739 546 225 557 240
face 0.029849201440811157 546 225 557 240
face 0.029473870992660522 546 225 557 240
face 0.028841257095336914 546 225 557 240
face 0.028681278228759766 546 225 557 240
face 0.028263717889785767 546 225 557 240
face 0.02772510051727295 546 225 557 240
face 0.027055829763412476 546 225 557 240
face 0.02663886547088623 546 225 557 240
face 0.026341915130615234 546 225 557 240
face 0.026341378688812256 546 225 557 240
face 0.024042963981628418 546 225 557 240
face 0.023353397846221924 546 225 557 240
face 0.023032426834106445 546 225 557 240
face 0.022844940423965454 546 225 557 240
face 0.022674232721328735 546 225 557 240
face 0.021685391664505005 546 225 557 240
face 0.021383434534072876 546 225 557 240
face 0.020738035440444946 546 225 557 240
face 0.02056717872619629 546 225 557 240
face 0.019900858402252197 546 225 557 240
face 0.01919955015182495 546 225 557 240
face 0.01906108856201172 546 225 557 240
face 0.017924070358276367 546 225 557 240
face 0.017662853002548218 546 225 557 240
face 0.0173509418964386 546 225 557 240
face 0.017326682806015015 546 225 557 240
face 0.016987353563308716 546 225 557 240
face 0.016981065273284912 546 225 557 240
face 0.016436994075775146 546 225 557 240
face 0.01631629467010498 546 225 557 240
face 0.015869468450546265 546 225 557 240
face 0.015819698572158813 546 225 557 240
face 0.01570028066635132 546 225 557 240
face 0.015517711639404297 546 225 557 240
face 0.014838606119155884 546 225 557 240
face 0.014685213565826416 546 225 557 240
face 0.014338165521621704 546 225 557 240
face 0.013269245624542236 546 225 557 240
face 0.0132179856300354 546 225 557 240
face 0.013053089380264282 546 225 557 240
face 0.013031214475631714 546 225 557 240
face 0.013023167848587036 546 225 557 240
face 0.013015329837799072 546 225 557 240
face 0.012576878070831299 546 225 557 240
face 0.012518614530563354 546 225 557 240
face 0.012480705976486206 546 225 557 240
face 0.012129545211791992 546 225 557 240
face 0.011874943971633911 546 225 557 240
face 0.011261135339736938 546 225 557 240
face 0.011217713356018066 546 225 557 240
face 0.010913074016571045 546 225 557 240
face 0.010841906070709229 546 225 557 240
