face 0.9987363815307617 226 71 258 112
face 0.9973918199539185 56 33 88 72
face 0.9949964284896851 505 219 551 268
face 0.9949042797088623 125 29 155 68
face 0.9138243198394775 330 97 363 138
face 0.7365249395370483 174 44 210 89
face 0.6916877031326294 848 39 893 98
face 0.5178976058959961 669 49 708 110
face 0.1687760055065155 669 49 708 110
face 0.14525771141052246 669 49 708 110
face 0.1394229531288147 669 49 708 110
face 0.12537556886672974 669 49 708 110
face 0.12109214067459106 669 49 708 110
face 0.06823363900184631 669 49 708 110
face 0.061452239751815796 669 49 708 110
face 0.05324476957321167 669 49 708 110
face 0.04773896932601929 669 49 708 110
face 0.03427678346633911 669 49 708 110
face 0.032831668853759766 669 49 708 110
face 0.03227248787879944 669 49 708 110
face 0.026841729879379272 669 49 708 110
face 0.026564717292785645 669 49 708 110
face 0.024851620197296143 669 49 708 110
face 0.024475783109664917 669 49 708 110
face 0.024259328842163086 669 49 708 110
face 0.023743480443954468 669 49 708 110
face 0.020117253065109253 669 49 708 110
face 0.02002158761024475 669 49 708 110
face 0.01877787709236145 669 49 708 110
face 0.01705378293991089 669 49 708 110
face 0.01638999581336975 669 49 708 110
face 0.016206026077270508 669 49 708 110
face 0.01581442356109619 669 49 708 110
face 0.015664875507354736 669 49 708 110
face 0.015037566423416138 669 49 708 110
face 0.014906197786331177 669 49 708 110
face 0.014775067567825317 669 49 708 110
face 0.014734387397766113 669 49 708 110
face 0.01431933045387268 669 49 708 110
face 0.013890653848648071 669 49 708 110
face 0.013838142156600952 669 49 708 110
face 0.013703078031539917 669 49 708 110
face 0.013533264398574829 669 49 708 110
face 0.013483375310897827 669 49 708 110
face 0.013336896896362305 669 49 708 110
face 0.013166457414627075 669 49 708 110
face 0.013036966323852539 669 49 708 110
face 0.012934565544128418 669 49 708 110
face 0.012687206268310547 669 49 708 110
face 0.012614518404006958 669 49 708 110
face 0.012446492910385132 669 49 708 110
face 0.012437641620635986 669 49 708 110
face 0.012424379587173462 669 49 708 110
face 0.012265264987945557 669 49 708 110
face 0.012177646160125732 669 49 708 110
face 0.012058496475219727 669 49 708 110
face 0.0119553804397583 669 49 708 110
face 0.011951565742492676 669 49 708 110
face 0.01180565357208252 669 49 708 110
face 0.011616885662078857 669 49 708 110
face 0.011112809181213379 669 49 708 110
face 0.010969400405883789 669 49 708 110
face 0.010910093784332275 669 49 708 110
face 0.010890781879425049 669 49 708 110
face 0.010782003402709961 669 49 708 110
face 0.010682612657546997 669 49 708 110
face 0.010624796152114868 669 49 708 110
face 0.010535180568695068 669 49 708 110
face 0.010423600673675537 669 49 708 110
face 0.010373711585998535 669 49 708 110
face 0.010343164205551147 669 49 708 110
face 0.01033562421798706 669 49 708 110
face 0.01031261682510376 669 49 708 110
face 0.010083824396133423 669 49 708 110
face 0.010061860084533691 669 49 708 110
face 0.010010331869125366 669 49 708 110
face 0.009850561618804932 669 49 708 110
face 0.00977674126625061 669 49 708 110
face 0.009418457746505737 669 49 708 110
face 0.00912049412727356 669 49 708 110
face 0.009100854396820068 669 49 708 110
face 0.009088248014450073 669 49 708 110
face 0.008980214595794678 669 49 708 110
face 0.008953839540481567 669 49 708 110
face 0.008845001459121704 669 49 708 110
face 0.008781850337982178 669 49 708 110
face 0.008775383234024048 669 49 708 110
face 0.008680343627929688 669 49 708 110
face 0.008505553007125854 669 49 708 110
face 0.008472293615341187 669 49 708 110
face 0.00839841365814209 669 49 708 110
face 0.008183211088180542 669 49 708 110
face 0.00809594988822937 669 49 708 110
face 0.007963061332702637 669 49 708 110
face 0.007907509803771973 669 49 708 110
face 0.007896184921264648 669 49 708 110
face 0.007792830467224121 669 49 708 110
face 0.007734209299087524 669 49 708 110
face 0.007584989070892334 669 49 708 110
face 0.0075370073318481445 669 49 708 110
