face 0.9511403441429138 378 76 565 344
face 0.04618123173713684 378 76 565 344
face 0.04517444968223572 378 76 565 344
face 0.04420247673988342 378 76 565 344
face 0.033048540353775024 378 76 565 344
face 0.02902624011039734 378 76 565 344
face 0.028829842805862427 378 76 565 344
face 0.026761025190353394 378 76 565 344
face 0.02649909257888794 378 76 565 344
face 0.02084726095199585 378 76 565 344
face 0.018162548542022705 378 76 565 344
face 0.01700007915496826 378 76 565 344
face 0.016373813152313232 378 76 565 344
face 0.01598334312438965 378 76 565 344
face 0.015791893005371094 378 76 565 344
face 0.01535007357597351 378 76 565 344
face 0.013987213373184204 378 76 565 344
face 0.013062000274658203 378 76 565 344
face 0.012416690587997437 378 76 565 344
face 0.012231409549713135 378 76 565 344
face 0.012101560831069946 378 76 565 344
face 0.011412829160690308 378 76 565 344
face 0.011256873607635498 378 76 565 344
face 0.011095762252807617 378 76 565 344
face 0.010921597480773926 378 76 565 344
face 0.010848701000213623 378 76 565 344
face 0.010391563177108765 378 76 565 344
face 0.010297387838363647 378 76 565 344
face 0.010259687900543213 378 76 565 344
face 0.010155737400054932 378 76 565 344
face 0.009901970624923706 378 76 565 344
face 0.00976651906967163 378 76 565 344
face 0.009449392557144165 378 76 565 344
face 0.009275764226913452 378 76 565 344
face 0.009142279624938965 378 76 565 344
face 0.00897073745727539 378 76 565 344
face 0.008824706077575684 378 76 565 344
face 0.008811086416244507 378 76 565 344
face 0.008809715509414673 378 76 565 344
face 0.008755326271057129 378 76 565 344
face 0.00854155421257019 378 76 565 344
face 0.008538484573364258 378 76 565 344
face 0.008533835411071777 378 76 565 344
face 0.008458256721496582 378 76 565 344
face 0.008219659328460693 378 76 565 344
face 0.008049041032791138 378 76 565 344
face 0.007916361093521118 378 76 565 344
face 0.007327020168304443 378 76 565 344
face 0.0071236491203308105 378 76 565 344
face 0.007102787494659424 378 76 565 344
face 0.007093578577041626 378 76 565 344
face 0.007087618112564087 378 76 565 344
face 0.0070542097091674805 378 76 565 344
face 0.006996840238571167 378 76 565 344
face 0.006937533617019653 378 76 565 344
face 0.006760895252227783 378 76 565 344
face 0.006758064031600952 378 76 565 344
face 0.006755232810974121 378 76 565 344
face 0.006699472665786743 378 76 565 344
face 0.006696164608001709 378 76 565 344
face 0.006661117076873779 378 76 565 344
face 0.006613552570343018 378 76 565 344
face 0.006366610527038574 378 76 565 344
face 0.006288975477218628 378 76 565 344
face 0.0062417685985565186 378 76 565 344
face 0.006169706583023071 378 76 565 344
face 0.005993545055389404 378 76 565 344
face 0.005943983793258667 378 76 565 344
face 0.00591084361076355 378 76 565 344
face 0.005909234285354614 378 76 565 344
face 0.005821883678436279 378 76 565 344
face 0.0057585835456848145 378 76 565 344
face 0.005638569593429565 378 76 565 344
face 0.005561530590057373 378 76 565 344
face 0.005400538444519043 378 76 565 344
face 0.005312681198120117 378 76 565 344
face 0.0052682459354400635 378 76 565 344
face 0.005219489336013794 378 76 565 344
face 0.005213886499404907 378 76 565 344
face 0.005174785852432251 378 76 565 344
face 0.005114346742630005 378 76 565 344
face 0.005114197731018066 378 76 565 344
face 0.005106598138809204 378 76 565 344
face 0.005034148693084717 378 76 565 344
face 0.005024373531341553 378 76 565 344
face 0.004960119724273682 378 76 565 344
face 0.0049076080322265625 378 76 565 344
face 0.0049065351486206055 378 76 565 344
face 0.004865050315856934 378 76 565 344
face 0.004864364862442017 378 76 565 344
face 0.0048333704471588135 378 76 565 344
face 0.0048111677169799805 378 76 565 344
face 0.0048084259033203125 378 76 565 344
face 0.004772782325744629 378 76 565 344
face 0.004657238721847534 378 76 565 344
face 0.004546791315078735 378 76 565 344
face 0.004533648490905762 378 76 565 344
face 0.004506498575210571 378 76 565 344
face 0.004444926977157593 378 76 565 344
face 0.004419386386871338 378 76 565 344
