face 0.9995002746582031 340 304 773 934
face 0.005425870418548584 340 304 773 934
face 0.004441738128662109 340 304 773 934
face 0.004411280155181885 340 304 773 934
face 0.0042750537395477295 340 304 773 934
face 0.004153519868850708 340 304 773 934
face 0.004035323858261108 340 304 773 934
face 0.0040205419063568115 340 304 773 934
face 0.003962218761444092 340 304 773 934
face 0.0038909912109375 340 304 773 934
face 0.003801017999649048 340 304 773 934
face 0.0037424862384796143 340 304 773 934
face 0.0036916136741638184 340 304 773 934
face 0.0036763548851013184 340 304 773 934
face 0.0036456286907196045 340 304 773 934
face 0.0036377012729644775 340 304 773 934
face 0.003512650728225708 340 304 773 934
face 0.0034234821796417236 340 304 773 934
face 0.0033521950244903564 340 304 773 934
face 0.00327339768409729 340 304 773 934
face 0.003243565559387207 340 304 773 934
face 0.003146618604660034 340 304 773 934
face 0.0031393766403198242 340 304 773 934
face 0.00305059552192688 340 304 773 934
face 0.0030441880226135254 340 304 773 934
face 0.00303080677986145 340 304 773 934
face 0.0029971301555633545 340 304 773 934
face 0.0028385818004608154 340 304 773 934
face 0.0028367936611175537 340 304 773 934
face 0.0028012096881866455 340 304 773 934
face 0.0027846992015838623 340 304 773 934
face 0.0027509331703186035 340 304 773 934
face 0.0026706457138061523 340 304 773 934
face 0.002657979726791382 340 304 773 934
face 0.0026504695415496826 340 304 773 934
face 0.002621263265609741 340 304 773 934
face 0.002534836530685425 340 304 773 934
face 0.0023488104343414307 340 304 773 934
face 0.0023418664932250977 340 304 773 934
face 0.0023351311683654785 340 304 773 934
face 0.0023320019245147705 340 304 773 934
face 0.002304643392562866 340 304 773 934
face 0.002298206090927124 340 304 773 934
face 0.002293527126312256 340 304 773 934
face 0.002284526824951172 340 304 773 934
face 0.002257019281387329 340 304 773 934
face 0.0022375285625457764 340 304 773 934
face 0.0021643638610839844 340 304 773 934
face 0.0021476447582244873 340 304 773 934
face 0.0021408796310424805 340 304 773 934
face 0.002137899398803711 340 304 773 934
face 0.002130955457687378 340 304 773 934
face 0.0021052658557891846 340 304 773 934
face 0.0020981431007385254 340 304 773 934
face 0.0020977258682250977 340 304 773 934
face 0.0020398199558258057 340 304 773 934
face 0.0020360350608825684 340 304 773 934
face 0.0020341873168945312 340 304 773 934
face 0.0020265579223632812 340 304 773 934
face 0.002002418041229248 340 304 773 934
face 0.0019930005073547363 340 304 773 934
face 0.001961737871170044 340 304 773 934
face 0.00195467472076416 340 304 773 934
face 0.0019361674785614014 340 304 773 934
face 0.0019241869449615479 340 304 773 934
face 0.0019168555736541748 340 304 773 934
face 0.0018957257270812988 340 304 773 934
face 0.0018944144248962402 340 304 773 934
face 0.001862943172454834 340 304 773 934
face 0.0018602311611175537 340 304 773 934
face 0.001855015754699707 340 304 773 934
face 0.0018534958362579346 340 304 773 934
face 0.0018480122089385986 340 304 773 934
face 0.0018471777439117432 340 304 773 934
face 0.0018312633037567139 340 304 773 934
face 0.0018243789672851562 340 304 773 934
face 0.0017969310283660889 340 304 773 934
face 0.0017962753772735596 340 304 773 934
face 0.0017962455749511719 340 304 773 934
face 0.0017947852611541748 340 304 773 934
face 0.0017835497856140137 340 304 773 934
face 0.0017526447772979736 340 304 773 934
face 0.0017375051975250244 340 304 773 934
face 0.0017337501049041748 340 304 773 934
face 0.0017326772212982178 340 304 773 934
face 0.0017054378986358643 340 304 773 934
face 0.0017043352127075195 340 304 773 934
face 0.0017026066780090332 340 304 773 934
face 0.0017001926898956299 340 304 773 934
face 0.0016646385192871094 340 304 773 934
face 0.0016637444496154785 340 304 773 934
face 0.0016501545906066895 340 304 773 934
face 0.001645505428314209 340 304 773 934
face 0.0016410350799560547 340 304 773 934
face 0.0016383826732635498 340 304 773 934
face 0.0016335248947143555 340 304 773 934
face 0.0016261935234069824 340 304 773 934
face 0.00162583589553833 340 304 773 934
face 0.0016215741634368896 340 304 773 934
face 0.0016141235828399658 340 304 773 934
