face 0.999470591545105 272 223 317 291
face 0.9990717768669128 542 257 580 308
face 0.9987133741378784 822 321 860 374
face 0.9980459809303284 672 197 710 255
face 0.9971932172775269 921 159 966 221
face 0.996399462223053 763 164 804 228
face 0.9959473609924316 928 326 970 380
face 0.9939812421798706 330 130 364 185
face 0.9906368851661682 612 116 648 167
face 0.976150631904602 143 214 192 283
face 0.973888635635376 226 185 271 249
face 0.9733176827430725 393 221 432 277
face 0.9497319459915161 63 239 104 298
face 0.9334700703620911 365 284 404 340
face 0.9104577898979187 421 117 459 172
face 0.902681827545166 84 171 127 223
face 0.8725476861000061 587 218 624 268
face 0.8169008493423462 452 246 494 304
face 0.8071197867393494 469 161 507 215
face 0.6966592669487 728 331 767 389
face 0.6328187584877014 195 144 233 196
face 0.5772522687911987 631 280 668 332
face 0.4319707453250885 631 280 668 332
face 0.39096519351005554 631 280 668 332
face 0.2164209485054016 631 280 668 332
face 0.14723023772239685 631 280 668 332
face 0.14487266540527344 631 280 668 332
face 0.025403499603271484 631 280 668 332
face 0.025159448385238647 631 280 668 332
face 0.023819297552108765 631 280 668 332
face 0.02224677801132202 631 280 668 332
face 0.01966920495033264 631 280 668 332
face 0.016965627670288086 631 280 668 332
face 0.01659095287322998 631 280 668 332
face 0.016458451747894287 631 280 668 332
face 0.015032380819320679 631 280 668 332
face 0.01288709044456482 631 280 668 332
face 0.012202173471450806 631 280 668 332
face 0.01126202940940857 631 280 668 332
face 0.010602980852127075 631 280 668 332
face 0.0105305016040802 631 280 668 332
face 0.010484367609024048 631 280 668 332
face 0.010409712791442871 631 280 668 332
face 0.00994020700454712 631 280 668 332
face 0.009699851274490356 631 280 668 332
face 0.009666472673416138 631 280 668 332
face 0.009571224451065063 631 280 668 332
face 0.009346097707748413 631 280 668 332
face 0.008935809135437012 631 280 668 332
face 0.008779436349868774 631 280 668 332
face 0.008304685354232788 631 280 668 332
face 0.008123695850372314 631 280 668 332
face 0.007952511310577393 631 280 668 332
face 0.007909119129180908 631 280 668 332
face 0.007543444633483887 631 280 668 332
face 0.007351398468017578 631 280 668 332
face 0.007187455892562866 631 280 668 332
face 0.007104724645614624 631 280 668 332
face 0.007039844989776611 631 280 668 332
face 0.007032334804534912 631 280 668 332
face 0.006656050682067871 631 280 668 332
face 0.006591230630874634 631 280 668 332
face 0.006486713886260986 631 280 668 332
face 0.006474494934082031 631 280 668 332
face 0.006380409002304077 631 280 668 332
face 0.006175488233566284 631 280 668 332
face 0.006135344505310059 631 280 668 332
face 0.006041675806045532 631 280 668 332
face 0.0060318708419799805 631 280 668 332
face 0.005751281976699829 631 280 668 332
face 0.005589097738265991 631 280 668 332
face 0.005372971296310425 631 280 668 332
face 0.005325734615325928 631 280 668 332
face 0.005324751138687134 631 280 668 332
face 0.00528109073638916 631 280 668 332
face 0.0052412450313568115 631 280 668 332
face 0.005210012197494507 631 280 668 332
face 0.005184799432754517 631 280 668 332
face 0.0051038265228271484 631 280 668 332
face 0.004978209733963013 631 280 668 332
face 0.004903256893157959 631 280 668 332
face 0.00481376051902771 631 280 668 332
face 0.004722028970718384 631 280 668 332
face 0.004669547080993652 631 280 668 332
face 0.004658907651901245 631 280 668 332
face 0.00462716817855835 631 280 668 332
face 0.004578322172164917 631 280 668 332
face 0.004494696855545044 631 280 668 332
face 0.004461824893951416 631 280 668 332
face 0.004435718059539795 631 280 668 332
face 0.004354327917098999 631 280 668 332
face 0.004329651594161987 631 280 668 332
face 0.004287660121917725 631 280 668 332
face 0.004279464483261108 631 280 668 332
face 0.004277527332305908 631 280 668 332
face 0.004207104444503784 631 280 668 332
face 0.004206031560897827 631 280 668 332
face 0.00418516993522644 631 280 668 332
face 0.004122018814086914 631 280 668 332
face 0.004071027040481567 631 280 668 332
