face 0.5430795550346375 756 195 829 300
face 0.10139456391334534 756 195 829 300
face 0.07509720325469971 756 195 829 300
face 0.05168929696083069 756 195 829 300
face 0.0488450825214386 756 195 829 300
face 0.04732385277748108 756 195 829 300
face 0.0287359356880188 756 195 829 300
face 0.027435123920440674 756 195 829 300
face 0.022878587245941162 756 195 829 300
face 0.02173405885696411 756 195 829 300
face 0.020205765962600708 756 195 829 300
face 0.016584694385528564 756 195 829 300
face 0.015375465154647827 756 195 829 300
face 0.013970434665679932 756 195 829 300
face 0.01351165771484375 756 195 829 300
face 0.013293415307998657 756 195 829 300
face 0.012969434261322021 756 195 829 300
face 0.012838482856750488 756 195 829 300
face 0.011872649192810059 756 195 829 300
face 0.009921938180923462 756 195 829 300
face 0.009853243827819824 756 195 829 300
face 0.009846776723861694 756 195 829 300
face 0.009565263986587524 756 195 829 300
face 0.009256333112716675 756 195 829 300
face 0.008371680974960327 756 195 829 300
face 0.008275866508483887 756 195 829 300
face 0.00815516710281372 756 195 829 300
face 0.007737159729003906 756 195 829 300
face 0.007435739040374756 756 195 829 300
face 0.007390618324279785 756 195 829 300
face 0.007256567478179932 756 195 829 300
face 0.0071908533573150635 756 195 829 300
face 0.006968587636947632 756 195 829 300
face 0.006963282823562622 756 195 829 300
face 0.0068028271198272705 756 195 829 300
face 0.0067615807056427 756 195 829 300
face 0.006603837013244629 756 195 829 300
face 0.006459146738052368 756 195 829 300
face 0.006409883499145508 756 195 829 300
face 0.006382077932357788 756 195 829 300
face 0.006284356117248535 756 195 829 300
face 0.006244689226150513 756 195 829 300
face 0.006171226501464844 756 195 829 300
face 0.006016910076141357 756 195 829 300
face 0.00600665807723999 756 195 829 300
face 0.0059056878089904785 756 195 829 300
face 0.005800157785415649 756 195 829 300
face 0.005710691213607788 756 195 829 300
face 0.005674958229064941 756 195 829 300
face 0.005621999502182007 756 195 829 300
face 0.005499511957168579 756 195 829 300
face 0.0054832398891448975 756 195 829 300
face 0.005477041006088257 756 195 829 300
face 0.005442202091217041 756 195 829 300
face 0.005415290594100952 756 195 829 300
face 0.00536760687828064 756 195 829 300
face 0.005318135023117065 756 195 829 300
face 0.005251795053482056 756 195 829 300
face 0.005216062068939209 756 195 829 300
face 0.005185067653656006 756 195 829 300
face 0.005157291889190674 756 195 829 300
face 0.005125761032104492 756 195 829 300
face 0.005097001791000366 756 195 829 300
face 0.005059868097305298 756 195 829 300
face 0.005055218935012817 756 195 829 300
face 0.005026400089263916 756 195 829 300
face 0.005003482103347778 756 195 829 300
face 0.00500074028968811 756 195 829 300
face 0.004862278699874878 756 195 829 300
face 0.0048576295375823975 756 195 829 300
face 0.004789829254150391 756 195 829 300
face 0.004778355360031128 756 195 829 300
face 0.004701852798461914 756 195 829 300
face 0.0046877264976501465 756 195 829 300
face 0.004602491855621338 756 195 829 300
face 0.004573911428451538 756 195 829 300
face 0.004569262266159058 756 195 829 300
face 0.004500389099121094 756 195 829 300
face 0.004467636346817017 756 195 829 300
face 0.004398554563522339 756 195 829 300
face 0.004321187734603882 756 195 829 300
face 0.004234999418258667 756 195 829 300
face 0.004216581583023071 756 195 829 300
face 0.004205942153930664 756 195 829 300
face 0.0041730403900146484 756 195 829 300
face 0.004163652658462524 756 195 829 300
face 0.004143655300140381 756 195 829 300
face 0.0041394829750061035 756 195 829 300
face 0.004131197929382324 756 195 829 300
face 0.004110574722290039 756 195 829 300
face 0.004092812538146973 756 195 829 300
face 0.0040603578090667725 756 195 829 300
face 0.0040246546268463135 756 195 829 300
face 0.004013866186141968 756 195 829 300
face 0.003945112228393555 756 195 829 300
face 0.0038844943046569824 756 195 829 300
face 0.003878355026245117 756 195 829 300
face 0.0038467347621917725 756 195 829 300
face 0.0038381218910217285 756 195 829 300
face 0.0037862062454223633 756 195 829 300
