face 0.6277596950531006 529 98 626 213
face 0.39322125911712646 529 98 626 213
face 0.04772311449050903 529 98 626 213
face 0.028994083404541016 529 98 626 213
face 0.026042282581329346 529 98 626 213
face 0.02508026361465454 529 98 626 213
face 0.024266839027404785 529 98 626 213
face 0.02383357286453247 529 98 626 213
face 0.02320331335067749 529 98 626 213
face 0.02212938666343689 529 98 626 213
face 0.021346986293792725 529 98 626 213
face 0.017272084951400757 529 98 626 213
face 0.015601247549057007 529 98 626 213
face 0.014447778463363647 529 98 626 213
face 0.013312697410583496 529 98 626 213
face 0.013191282749176025 529 98 626 213
face 0.012901544570922852 529 98 626 213
face 0.012413561344146729 529 98 626 213
face 0.011317044496536255 529 98 626 213
face 0.01125440001487732 529 98 626 213
face 0.011225759983062744 529 98 626 213
face 0.011065274477005005 529 98 626 213
face 0.00987786054611206 529 98 626 213
face 0.009855389595031738 529 98 626 213
face 0.009832173585891724 529 98 626 213
face 0.00975579023361206 529 98 626 213
face 0.00973561406135559 529 98 626 213
face 0.00973162055015564 529 98 626 213
face 0.009365886449813843 529 98 626 213
face 0.009243667125701904 529 98 626 213
face 0.009101808071136475 529 98 626 213
face 0.008810192346572876 529 98 626 213
face 0.008690685033798218 529 98 626 213
face 0.008283168077468872 529 98 626 213
face 0.0081234872341156 529 98 626 213
face 0.00808781385421753 529 98 626 213
face 0.008013546466827393 529 98 626 213
face 0.007756590843200684 529 98 626 213
face 0.007746826857328415 529 98 626 213
face 0.007632464170455933 529 98 626 213
face 0.007438093423843384 529 98 626 213
face 0.006984889507293701 529 98 626 213
face 0.006940364837646484 529 98 626 213
face 0.006879597902297974 529 98 626 213
face 0.006697148084640503 529 98 626 213
face 0.006356030702590942 529 98 626 213
face 0.0063211917877197266 529 98 626 213
face 0.006310850381851196 529 98 626 213
face 0.006310552358627319 529 98 626 213
face 0.00627562403678894 529 98 626 213
face 0.0062323808670043945 529 98 626 213
face 0.0061686038970947266 529 98 626 213
face 0.006062567234039307 529 98 626 213
face 0.0060395002365112305 529 98 626 213
face 0.006001949310302734 529 98 626 213
face 0.005944669246673584 529 98 626 213
face 0.005937397480010986 529 98 626 213
face 0.0058078765869140625 529 98 626 213
face 0.005806267261505127 529 98 626 213
face 0.005789011716842651 529 98 626 213
face 0.005788475275039673 529 98 626 213
face 0.00577959418296814 529 98 626 213
face 0.005730748176574707 529 98 626 213
face 0.005692601203918457 529 98 626 213
face 0.005688220262527466 529 98 626 213
face 0.005672544240951538 529 98 626 213
face 0.005662679672241211 529 98 626 213
face 0.005653560161590576 529 98 626 213
face 0.005525916814804077 529 98 626 213
face 0.005515605211257935 529 98 626 213
face 0.005490779876708984 529 98 626 213
face 0.005414366722106934 529 98 626 213
face 0.005307793617248535 529 98 626 213
face 0.005300670862197876 529 98 626 213
face 0.005284249782562256 529 98 626 213
face 0.005223572254180908 529 98 626 213
face 0.005130648612976074 529 98 626 213
face 0.00512203574180603 529 98 626 213
face 0.005104511976242065 529 98 626 213
face 0.005100041627883911 529 98 626 213
face 0.005062609910964966 529 98 626 213
face 0.005004525184631348 529 98 626 213
face 0.004975706338882446 529 98 626 213
face 0.004955202341079712 529 98 626 213
face 0.004798322916030884 529 98 626 213
face 0.0047824084758758545 529 98 626 213
face 0.004770547151565552 529 98 626 213
face 0.004736870527267456 529 98 626 213
face 0.0047148168087005615 529 98 626 213
face 0.004701673984527588 529 98 626 213
face 0.004698306322097778 529 98 626 213
face 0.004645943641662598 529 98 626 213
face 0.0045967698097229 529 98 626 213
face 0.004578292369842529 529 98 626 213
face 0.004566073417663574 529 98 626 213
face 0.004564553499221802 529 98 626 213
face 0.004544436931610107 529 98 626 213
face 0.004535406827926636 529 98 626 213
face 0.0044851601123809814 529 98 626 213
face 0.004457592964172363 529 98 626 213
