face 0.9974693655967712 133 115 211 212
face 0.993527352809906 567 114 642 204
face 0.9888006448745728 501 496 593 629
face 0.9171637296676636 774 61 855 165
face 0.8107047080993652 370 124 447 233
face 0.009098351001739502 370 124 447 233
face 0.008272945880889893 370 124 447 233
face 0.007973045110702515 370 124 447 233
face 0.007612794637680054 370 124 447 233
face 0.0075175464153289795 370 124 447 233
face 0.006245851516723633 370 124 447 233
face 0.005447715520858765 370 124 447 233
face 0.005440026521682739 370 124 447 233
face 0.0053517818450927734 370 124 447 233
face 0.0048126280307769775 370 124 447 233
face 0.004481583833694458 370 124 447 233
face 0.004385501146316528 370 124 447 233
face 0.004184544086456299 370 124 447 233
face 0.00416034460067749 370 124 447 233
face 0.0040215253829956055 370 124 447 233
face 0.003835529088973999 370 124 447 233
face 0.0037418007850646973 370 124 447 233
face 0.0036294162273406982 370 124 447 233
face 0.003604799509048462 370 124 447 233
face 0.003481537103652954 370 124 447 233
face 0.0032855868339538574 370 124 447 233
face 0.0032251477241516113 370 124 447 233
face 0.003070831298828125 370 124 447 233
face 0.0030610263347625732 370 124 447 233
face 0.003057926893234253 370 124 447 233
face 0.0030550360679626465 370 124 447 233
face 0.003047466278076172 370 124 447 233
face 0.003042519325390458 370 124 447 233
face 0.0030381083488464355 370 124 447 233
face 0.002990543842315674 370 124 447 233
face 0.0029693245887756348 370 124 447 233
face 0.0029532313346862793 370 124 447 233
face 0.002920478582382202 370 124 447 233
face 0.002909362316131592 370 124 447 233
face 0.002878248691558838 370 124 447 233
face 0.0027622580528259277 370 124 447 233
face 0.0027219951152801514 370 124 447 233
face 0.002692490816116333 370 124 447 233
face 0.002682417631149292 370 124 447 233
face 0.002618759870529175 370 124 447 233
face 0.002571284770965576 370 124 447 233
face 0.002566993236541748 370 124 447 233
face 0.002564668655395508 370 124 447 233
face 0.002512812614440918 370 124 447 233
face 0.002508491277694702 370 124 447 233
face 0.0024874210357666016 370 124 447 233
face 0.0024370551109313965 370 124 447 233
face 0.002409636974334717 370 124 447 233
face 0.0023736655712127686 370 124 447 233
face 0.002367377281188965 370 124 447 233
face 0.0023627877235412598 370 124 447 233
face 0.002347290515899658 370 124 447 233
face 0.002306044101715088 370 124 447 233
face 0.002272486686706543 370 124 447 233
face 0.0021742582321166992 370 124 447 233
face 0.0021272897720336914 370 124 447 233
face 0.0021238327026367188 370 124 447 233
face 0.002108842134475708 370 124 447 233
face 0.0020965635776519775 370 124 447 233
face 0.002091437578201294 370 124 447 233
face 0.002064824104309082 370 124 447 233
face 0.002062469720840454 370 124 447 233
face 0.0020562410354614258 370 124 447 233
face 0.0020505189895629883 370 124 447 233
face 0.0020431876182556152 370 124 447 233
face 0.0020211338996887207 370 124 447 233
face 0.002016007900238037 370 124 447 233
face 0.0020096302032470703 370 124 447 233
face 0.0020082592964172363 370 124 447 233
face 0.0019888877868652344 370 124 447 233
face 0.001984894275665283 370 124 447 233
face 0.0019353032112121582 370 124 447 233
face 0.0019240975379943848 370 124 447 233
face 0.0019041895866394043 370 124 447 233
face 0.001846611499786377 370 124 447 233
face 0.0018378496170043945 370 124 447 233
face 0.0018202364444732666 370 124 447 233
face 0.0018005967140197754 370 124 447 233
face 0.0017981231212615967 370 124 447 233
face 0.0017928779125213623 370 124 447 233
face 0.001790076494216919 370 124 447 233
face 0.0017787516117095947 370 124 447 233
face 0.0017663538455963135 370 124 447 233
face 0.0017644166946411133 370 124 447 233
face 0.0017295777797698975 370 124 447 233
face 0.0016914904117584229 370 124 447 233
face 0.0016803741455078125 370 124 447 233
face 0.0016578733921051025 370 124 447 233
face 0.0016429424285888672 370 124 447 233
face 0.0016354024410247803 370 124 447 233
face 0.00160980224609375 370 124 447 233
face 0.0016071796417236328 370 124 447 233
face 0.0015641450881958008 370 124 447 233
face 0.0015257596969604492 370 124 447 233
face 0.001511991024017334 370 124 447 233
