face 0.995879054069519 481 118 618 311
face 0.013717859983444214 481 118 618 311
face 0.012158036231994629 481 118 618 311
face 0.01051783561706543 481 118 618 311
face 0.009372055530548096 481 118 618 311
face 0.009068012237548828 481 118 618 311
face 0.008100330829620361 481 118 618 311
face 0.007847636938095093 481 118 618 311
face 0.007537424564361572 481 118 618 311
face 0.007505625486373901 481 118 618 311
face 0.007298916578292847 481 118 618 311
face 0.007129848003387451 481 118 618 311
face 0.006919264793395996 481 118 618 311
face 0.006849497556686401 481 118 618 311
face 0.006629526615142822 481 118 618 311
face 0.006414860486984253 481 118 618 311
face 0.006388455629348755 481 118 618 311
face 0.006335586309432983 481 118 618 311
face 0.006290644407272339 481 118 618 311
face 0.006051361560821533 481 118 618 311
face 0.005919367074966431 481 118 618 311
face 0.005808621644973755 481 118 618 311
face 0.005732059478759766 481 118 618 311
face 0.005701035261154175 481 118 618 311
face 0.005650520324707031 481 118 618 311
face 0.005560547113418579 481 118 618 311
face 0.005466431379318237 481 118 618 311
face 0.005096882581710815 481 118 618 311
face 0.0049676597118377686 481 118 618 311
face 0.0048968493938446045 481 118 618 311
face 0.004856735467910767 481 118 618 311
face 0.0048482418060302734 481 118 618 311
face 0.004830300807952881 481 118 618 311
face 0.004647016525268555 481 118 618 311
face 0.004603654146194458 481 118 618 311
face 0.0045320093631744385 481 118 618 311
face 0.004507243633270264 481 118 618 311
face 0.004487514495849609 481 118 618 311
face 0.004473477602005005 481 118 618 311
face 0.00446927547454834 481 118 618 311
face 0.004377484321594238 481 118 618 311
face 0.004254728555679321 481 118 618 311
face 0.0041468143463134766 481 118 618 311
face 0.004065275192260742 481 118 618 311
face 0.004043459892272949 481 118 618 311
face 0.0040128231048583984 481 118 618 311
face 0.004008203744888306 481 118 618 311
face 0.003995388746261597 481 118 618 311
face 0.003949552774429321 481 118 618 311
face 0.0038901865482330322 481 118 618 311
face 0.0037681162357330322 481 118 618 311
face 0.0037561357021331787 481 118 618 311
face 0.0037467777729034424 481 118 618 311
face 0.003723710775375366 481 118 618 311
face 0.0036660730838775635 481 118 618 311
face 0.003636568784713745 481 118 618 311
face 0.0036298036575317383 481 118 618 311
face 0.0036162137985229492 481 118 618 311
face 0.0035641491413116455 481 118 618 311
face 0.0035590827465057373 481 118 618 311
face 0.003517657518386841 481 118 618 311
face 0.0034607350826263428 481 118 618 311
face 0.003443688154220581 481 118 618 311
face 0.0034428834915161133 481 118 618 311
face 0.003424137830734253 481 118 618 311
face 0.0033972561359405518 481 118 618 311
face 0.003372788429260254 481 118 618 311
face 0.003303229808807373 481 118 618 311
face 0.0032807588577270508 481 118 618 311
face 0.0032783448696136475 481 118 618 311
face 0.0032761096954345703 481 118 618 311
face 0.003257453441619873 481 118 618 311
face 0.0032521486282348633 481 118 618 311
face 0.003094017505645752 481 118 618 311
face 0.003064662218093872 481 118 618 311
face 0.002989351749420166 481 118 618 311
face 0.0029407143592834473 481 118 618 311
face 0.002925574779510498 481 118 618 311
face 0.0029032230377197266 481 118 618 311
face 0.002874225378036499 481 118 618 311
face 0.0028724372386932373 481 118 618 311
face 0.0028628110885620117 481 118 618 311
face 0.0028578639030456543 481 118 618 311
face 0.0028505027294158936 481 118 618 311
face 0.002820432186126709 481 118 618 311
face 0.002751946449279785 481 118 618 311
face 0.002751082181930542 481 118 618 311
face 0.002741575241088867 481 118 618 311
face 0.002729862928390503 481 118 618 311
face 0.002687215805053711 481 118 618 311
face 0.002676159143447876 481 118 618 311
face 0.0026649832725524902 481 118 618 311
face 0.0026587843894958496 481 118 618 311
face 0.002644777297973633 481 118 618 311
face 0.0026407837867736816 481 118 618 311
face 0.002584904432296753 481 118 618 311
face 0.0025642216205596924 481 118 618 311
face 0.002542346715927124 481 118 618 311
face 0.002522021532058716 481 118 618 311
face 0.0025022029876708984 481 118 618 311
