face 0.956829309463501 309 332 328 360
face 0.8882879018783569 889 382 902 404
face 0.882135272026062 939 373 954 397
face 0.8597145080566406 591 307 607 333
face 0.835706353187561 626 369 641 391
face 0.7904694080352783 831 379 844 401
face 0.6945948600769043 580 403 602 429
face 0.6942468285560608 141 407 155 432
face 0.6105107665061951 725 330 739 354
face 0.5273777842521667 676 345 691 370
face 0.4865744411945343 676 345 691 370
face 0.4681570827960968 676 345 691 370
face 0.36855077743530273 676 345 691 370
face 0.24346289038658142 676 345 691 370
face 0.15102919936180115 676 345 691 370
face 0.1430802047252655 676 345 691 370
face 0.13539645075798035 676 345 691 370
face 0.12934407591819763 676 345 691 370
face 0.12725505232810974 676 345 691 370
face 0.09621629118919373 676 345 691 370
face 0.08911210298538208 676 345 691 370
face 0.07931795716285706 676 345 691 370
face 0.06453907489776611 676 345 691 370
face 0.05616256594657898 676 345 691 370
face 0.05493295192718506 676 345 691 370
face 0.054421305656433105 676 345 691 370
face 0.053966522216796875 676 345 691 370
face 0.049197494983673096 676 345 691 370
face 0.043447643518447876 676 345 691 370
face 0.042982518672943115 676 345 691 370
face 0.04219871759414673 676 345 691 370
face 0.04073035717010498 676 345 691 370
face 0.03885117173194885 676 345 691 370
face 0.03466862440109253 676 345 691 370
face 0.031090199947357178 676 345 691 370
face 0.029699236154556274 676 345 691 370
face 0.02967938780784607 676 345 691 370
face 0.02839723229408264 676 345 691 370
face 0.027879953384399414 676 345 691 370
face 0.02673196792602539 676 345 691 370
face 0.02611878514289856 676 345 691 370
face 0.024858444929122925 676 345 691 370
face 0.02373233437538147 676 345 691 370
face 0.021929949522018433 676 345 691 370
face 0.020815402269363403 676 345 691 370
face 0.01967903971672058 676 345 691 370
face 0.019532442092895508 676 345 691 370
face 0.019264787435531616 676 345 691 370
face 0.01854044198989868 676 345 691 370
face 0.01829385757446289 676 345 691 370
face 0.017527997493743896 676 345 691 370
face 0.014843553304672241 676 345 691 370
face 0.014773428440093994 676 345 691 370
face 0.014646440744400024 676 345 691 370
face 0.013136148452758789 676 345 691 370
face 0.013026386499404907 676 345 691 370
face 0.01289793848991394 676 345 691 370
face 0.012730389833450317 676 345 691 370
face 0.011931508779525757 676 345 691 370
face 0.011009544134140015 676 345 691 370
face 0.010475128889083862 676 345 691 370
face 0.009995788335800171 676 345 691 370
face 0.009600132703781128 676 345 691 370
face 0.009425312280654907 676 345 691 370
face 0.009187847375869751 676 345 691 370
face 0.00884711742401123 676 345 691 370
face 0.008823364973068237 676 345 691 370
face 0.007594794034957886 676 345 691 370
face 0.007510781288146973 676 345 691 370
face 0.007495969533920288 676 345 691 370
face 0.007019907236099243 676 345 691 370
face 0.006909757852554321 676 345 691 370
face 0.006891071796417236 676 345 691 370
face 0.0068611204624176025 676 345 691 370
face 0.006761103868484497 676 345 691 370
face 0.006644159555435181 676 345 691 370
face 0.006528735160827637 676 345 691 370
face 0.006522506475448608 676 345 691 370
face 0.006487727165222168 676 345 691 370
face 0.006149500608444214 676 345 691 370
face 0.0054360926151275635 676 345 691 370
face 0.005361020565032959 676 345 691 370
face 0.005340158939361572 676 345 691 370
face 0.005129039287567139 676 345 691 370
face 0.004936575889587402 676 345 691 370
face 0.004929602146148682 676 345 691 370
face 0.004925668239593506 676 345 691 370
face 0.004896193742752075 676 345 691 370
face 0.004808992147445679 676 345 691 370
face 0.004724472761154175 676 345 691 370
face 0.0046627819538116455 676 345 691 370
face 0.004657953977584839 676 345 691 370
face 0.00465160608291626 676 345 691 370
face 0.0046427249908447266 676 345 691 370
face 0.0045871734619140625 676 345 691 370
face 0.004462838172912598 676 345 691 370
face 0.00443693995475769 676 345 691 370
face 0.004385083913803101 676 345 691 370
face 0.00438082218170166 676 345 691 370
face 0.00436362624168396 676 345 691 370
