face 0.4740927219390869 440 123 494 194
face 0.054803431034088135 440 123 494 194
face 0.04666024446487427 440 123 494 194
face 0.043773800134658813 440 123 494 194
face 0.038219571113586426 440 123 494 194
face 0.03745201230049133 440 123 494 194
face 0.03282034397125244 440 123 494 194
face 0.032321274280548096 440 123 494 194
face 0.031605929136276245 440 123 494 194
face 0.031016111373901367 440 123 494 194
face 0.030702799558639526 440 123 494 194
face 0.029969871044158936 440 123 494 194
face 0.029798239469528198 440 123 494 194
face 0.029155880212783813 440 123 494 194
face 0.02673029899597168 440 123 494 194
face 0.026614665985107422 440 123 494 194
face 0.02653065323829651 440 123 494 194
face 0.02495056390762329 440 123 494 194
face 0.024542689323425293 440 123 494 194
face 0.023386776447296143 440 123 494 194
face 0.023369640111923218 440 123 494 194
face 0.022489994764328003 440 123 494 194
face 0.022407442331314087 440 123 494 194
face 0.021448642015457153 440 123 494 194
face 0.021174460649490356 440 123 494 194
face 0.020914584398269653 440 123 494 194
face 0.020670652389526367 440 123 494 194
face 0.020548909902572632 440 123 494 194
face 0.020505636930465698 440 123 494 194
face 0.019832581281661987 440 123 494 194
face 0.019601285457611084 440 123 494 194
face 0.01904892921447754 440 123 494 194
face 0.019016683101654053 440 123 494 194
face 0.018821775913238525 440 123 494 194
face 0.018711507320404053 440 123 494 194
face 0.017705142498016357 440 123 494 194
face 0.01764237880706787 440 123 494 194
face 0.017527461051940918 440 123 494 194
face 0.017516523599624634 440 123 494 194
face 0.017268508672714233 440 123 494 194
face 0.015256315469741821 440 123 494 194
face 0.015146225690841675 440 123 494 194
face 0.01503223180770874 440 123 494 194
face 0.014916688203811646 440 123 494 194
face 0.01480942964553833 440 123 494 194
face 0.014681071043014526 440 123 494 194
face 0.014585793018341064 440 123 494 194
face 0.01386713981628418 440 123 494 194
face 0.013584017753601074 440 123 494 194
face 0.013340920209884644 440 123 494 194
face 0.013157933950424194 440 123 494 194
face 0.01306992769241333 440 123 494 194
face 0.013054251670837402 440 123 494 194
face 0.012967467308044434 440 123 494 194
face 0.012814253568649292 440 123 494 194
face 0.012567132711410522 440 123 494 194
face 0.01241523027420044 440 123 494 194
face 0.012407928705215454 440 123 494 194
face 0.012220829725265503 440 123 494 194
face 0.012061476707458496 440 123 494 194
face 0.011905580759048462 440 123 494 194
face 0.011839896440505981 440 123 494 194
face 0.011769711971282959 440 123 494 194
face 0.011713922023773193 440 123 494 194
face 0.01167219877243042 440 123 494 194
face 0.011655271053314209 440 123 494 194
face 0.011649340391159058 440 123 494 194
face 0.01162099838256836 440 123 494 194
face 0.011534184217453003 440 123 494 194
face 0.011531859636306763 440 123 494 194
face 0.01142844557762146 440 123 494 194
face 0.011378049850463867 440 123 494 194
face 0.011354207992553711 440 123 494 194
face 0.011345058679580688 440 123 494 194
face 0.011280983686447144 440 123 494 194
face 0.011279433965682983 440 123 494 194
face 0.011004000902175903 440 123 494 194
face 0.010943204164505005 440 123 494 194
face 0.010802477598190308 440 123 494 194
face 0.010676383972167969 440 123 494 194
face 0.010638803243637085 440 123 494 194
face 0.010634690523147583 440 123 494 194
face 0.010634273290634155 440 123 494 194
face 0.010605275630950928 440 123 494 194
face 0.010554730892181396 440 123 494 194
face 0.010508149862289429 440 123 494 194
face 0.010474950075149536 440 123 494 194
face 0.010465413331985474 440 123 494 194
face 0.010166436433792114 440 123 494 194
face 0.01007699966430664 440 123 494 194
face 0.010045796632766724 440 123 494 194
face 0.01003807783126831 440 123 494 194
face 0.010024964809417725 440 123 494 194
face 0.010014325380325317 440 123 494 194
face 0.010013669729232788 440 123 494 194
face 0.009993880987167358 440 123 494 194
face 0.009848982095718384 440 123 494 194
face 0.00970718264579773 440 123 494 194
face 0.009690582752227783 440 123 494 194
face 0.009647279977798462 440 123 494 194
