face 0.9983699321746826 368 107 730 564
face 0.0032400190830230713 368 107 730 564
face 0.002968817949295044 368 107 730 564
face 0.0028797686100006104 368 107 730 564
face 0.0026413798332214355 368 107 730 564
face 0.002590358257293701 368 107 730 564
face 0.002415478229522705 368 107 730 564
face 0.002180814743041992 368 107 730 564
face 0.0019298791885375977 368 107 730 564
face 0.0019073188304901123 368 107 730 564
face 0.0018839240074157715 368 107 730 564
face 0.001854926347732544 368 107 730 564
face 0.0018320679664611816 368 107 730 564
face 0.0018315315246582031 368 107 730 564
face 0.0018086731433868408 368 107 730 564
face 0.0017448365688323975 368 107 730 564
face 0.0017417669296264648 368 107 730 564
face 0.0017003118991851807 368 107 730 564
face 0.0016836225986480713 368 107 730 564
face 0.001673370599746704 368 107 730 564
face 0.0016551017761230469 368 107 730 564
face 0.0016514360904693604 368 107 730 564
face 0.0016351640224456787 368 107 730 564
face 0.0015869140625 368 107 730 564
face 0.0015831589698791504 368 107 730 564
face 0.0015722811222076416 368 107 730 564
face 0.001523435115814209 368 107 730 564
face 0.0015130043029785156 368 107 730 564
face 0.0015054941177368164 368 107 730 564
face 0.00148850679397583 368 107 730 564
face 0.0014796257019042969 368 107 730 564
face 0.0014713406562805176 368 107 730 564
face 0.0014573633670806885 368 107 730 564
face 0.0014414489269256592 368 107 730 564
face 0.0014367997646331787 368 107 730 564
face 0.0014342665672302246 368 107 730 564
face 0.0014279186725616455 368 107 730 564
face 0.0014059245586395264 368 107 730 564
face 0.001396089792251587 368 107 730 564
face 0.0013897120952606201 368 107 730 564
face 0.0013501942157745361 368 107 730 564
face 0.0013482868671417236 368 107 730 564
face 0.00132712721824646 368 107 730 564
face 0.0013245046138763428 368 107 730 564
face 0.0013169348239898682 368 107 730 564
face 0.001309424638748169 368 107 730 564
face 0.0013035237789154053 368 107 730 564
face 0.0013005435466766357 368 107 730 564
face 0.0012835264205932617 368 107 730 564
face 0.0012425482273101807 368 107 730 564
face 0.001236259937286377 368 107 730 564
face 0.0012354254722595215 368 107 730 564
face 0.0012211799621582031 368 107 730 564
face 0.0012161731719970703 368 107 730 564
face 0.001214742660522461 368 107 730 564
face 0.0012042224407196045 368 107 730 564
face 0.001196831464767456 368 107 730 564
face 0.001196354627609253 368 107 730 564
face 0.0011776387691497803 368 107 730 564
face 0.0011760890483856201 368 107 730 564
face 0.001174330711364746 368 107 730 564
face 0.0011691749095916748 368 107 730 564
face 0.0011688768863677979 368 107 730 564
face 0.0011676549911499023 368 107 730 564
face 0.0011577010154724121 368 107 730 564
face 0.0011477768421173096 368 107 730 564
face 0.0011453330516815186 368 107 730 564
face 0.0011405348777770996 368 107 730 564
face 0.0011387169361114502 368 107 730 564
face 0.0011254847049713135 368 107 730 564
face 0.0011239945888519287 368 107 730 564
face 0.0011206269264221191 368 107 730 564
face 0.0011188685894012451 368 107 730 564
face 0.0011168420314788818 368 107 730 564
face 0.001113981008529663 368 107 730 564
face 0.0011104047298431396 368 107 730 564
face 0.001110374927520752 368 107 730 564
face 0.001097947359085083 368 107 730 564
face 0.001096099615097046 368 107 730 564
face 0.0010884404182434082 368 107 730 564
face 0.0010845661163330078 368 107 730 564
face 0.0010815560817718506 368 107 730 564
face 0.001079857349395752 368 107 730 564
face 0.001078873872756958 368 107 730 564
face 0.0010753273963928223 368 107 730 564
face 0.0010721087455749512 368 107 730 564
face 0.0010701119899749756 368 107 730 564
face 0.0010561943054199219 368 107 730 564
face 0.0010559558868408203 368 107 730 564
face 0.0010514557361602783 368 107 730 564
face 0.0010500550270080566 368 107 730 564
face 0.001042872667312622 368 107 730 564
face 0.0010426342487335205 368 107 730 564
face 0.001042097806930542 368 107 730 564
face 0.0010382533073425293 368 107 730 564
face 0.0010273158550262451 368 107 730 564
face 0.0010223984718322754 368 107 730 564
face 0.001021265983581543 368 107 730 564
face 0.0010194480419158936 368 107 730 564
face 0.0010181665420532227 368 107 730 564
