face 0.9995843172073364 376 323 415 371
face 0.9995637536048889 501 187 531 222
face 0.9992340803146362 574 131 607 173
face 0.9987746477127075 381 212 411 249
face 0.9976159334182739 771 207 799 242
face 0.9969488382339478 251 210 280 248
face 0.9936974048614502 827 190 858 228
face 0.9929210543632507 472 324 516 376
face 0.9925692677497864 586 340 631 392
face 0.9767299890518188 442 192 472 228
face 0.9440444707870483 774 359 826 416
face 0.9400379061698914 726 209 752 242
face 0.9141581058502197 114 303 156 352
face 0.8803452253341675 687 371 733 425
face 0.8522949814796448 251 320 295 372
face 0.6485430002212524 659 194 690 231
face 0.5299699306488037 321 209 346 243
face 0.31743937730789185 321 209 346 243
face 0.032954782247543335 321 209 346 243
face 0.03152725100517273 321 209 346 243
face 0.0281657874584198 321 209 346 243
face 0.014671355485916138 321 209 346 243
face 0.013669908046722412 321 209 346 243
face 0.013173818588256836 321 209 346 243
face 0.012794196605682373 321 209 346 243
face 0.010039955377578735 321 209 346 243
face 0.009742587804794312 321 209 346 243
face 0.00866207480430603 321 209 346 243
face 0.008457064628601074 321 209 346 243
face 0.007957428693771362 321 209 346 243
face 0.006578773260116577 321 209 346 243
face 0.006471693515777588 321 209 346 243
face 0.006376147270202637 321 209 346 243
face 0.005342930555343628 321 209 346 243
face 0.005149155855178833 321 209 346 243
face 0.005048990249633789 321 209 346 243
face 0.004973888397216797 321 209 346 243
face 0.004960119724273682 321 209 346 243
face 0.004871994256973267 321 209 346 243
face 0.0047415196895599365 321 209 346 243
face 0.004691362380981445 321 209 346 243
face 0.00435715913772583 321 209 346 243
face 0.0042012035846710205 321 209 346 243
face 0.004150301218032837 321 209 346 243
face 0.004148215055465698 321 209 346 243
face 0.00407940149307251 321 209 346 243
face 0.004022866487503052 321 209 346 243
face 0.004014462232589722 321 209 346 243
face 0.003743767738342285 321 209 346 243
face 0.00359952449798584 321 209 346 243
face 0.0035755932331085205 321 209 346 243
face 0.003567129373550415 321 209 346 243
face 0.0035628080368041992 321 209 346 243
face 0.003530174493789673 321 209 346 243
face 0.0034176409244537354 321 209 346 243
face 0.0033643245697021484 321 209 346 243
face 0.003309965133666992 321 209 346 243
face 0.0032140612602233887 321 209 346 243
face 0.0031727850437164307 321 209 346 243
face 0.0031508803367614746 321 209 346 243
face 0.003039062023162842 321 209 346 243
face 0.002883732318878174 321 209 346 243
face 0.0028169751167297363 321 209 346 243
face 0.0027661919593811035 321 209 346 243
face 0.0027365684509277344 321 209 346 243
face 0.0026212334632873535 321 209 346 243
face 0.0025743842124938965 321 209 346 243
face 0.0024365782737731934 321 209 346 243
face 0.0024181604385375977 321 209 346 243
face 0.0023650825023651123 321 209 346 243
face 0.0023569464683532715 321 209 346 243
face 0.002273350954055786 321 209 346 243
face 0.0022399425506591797 321 209 346 243
face 0.002169787883758545 321 209 346 243
face 0.002140730619430542 321 209 346 243
face 0.0021385550498962402 321 209 346 243
face 0.0021362900733947754 321 209 346 243
face 0.002128779888153076 321 209 346 243
face 0.002113819122314453 321 209 346 243
face 0.002106696367263794 321 209 346 243
face 0.002056986093521118 321 209 346 243
face 0.001962989568710327 321 209 346 243
face 0.001953125 321 209 346 243
face 0.0019046962261199951 321 209 346 243
face 0.0018875598907470703 321 209 346 243
face 0.0018851757049560547 321 209 346 243
face 0.0018656551837921143 321 209 346 243
face 0.0018306970596313477 321 209 346 243
face 0.0018243789672851562 321 209 346 243
face 0.0018182992935180664 321 209 346 243
face 0.001791924238204956 321 209 346 243
face 0.0017771422863006592 321 209 346 243
face 0.001756519079208374 321 209 346 243
face 0.0017279386520385742 321 209 346 243
face 0.0017214417457580566 321 209 346 243
face 0.0017068684101104736 321 209 346 243
face 0.001631021499633789 321 209 346 243
face 0.0016258955001831055 321 209 346 243
face 0.0016181468963623047 321 209 346 243
face 0.0016160309314727783 321 209 346 243
