face 0.988053560256958 442 173 470 204
face 0.9845892190933228 342 100 366 129
face 0.9416114091873169 656 99 682 134
face 0.9250333309173584 840 60 901 137
face 0.9091100096702576 596 147 629 182
face 0.9049743413925171 418 37 435 55
face 0.8610363602638245 792 275 855 351
face 0.8599761128425598 122 262 165 312
face 0.8591252565383911 745 126 810 197
face 0.855739176273346 516 294 555 337
face 0.8282634615898132 352 38 368 56
face 0.827448844909668 339 74 358 96
face 0.8123480081558228 396 4 413 20
face 0.7564816474914551 476 196 507 229
face 0.6317809820175171 396 73 414 95
face 0.5805676579475403 352 3 366 17
face 0.530179500579834 476 124 500 150
face 0.5281274318695068 363 48 381 67
face 0.516259491443634 450 0 464 12
face 0.39808744192123413 450 0 464 12
face 0.3814406991004944 450 0 464 12
face 0.3660450875759125 450 0 464 12
face 0.2668321430683136 450 0 464 12
face 0.22063195705413818 450 0 464 12
face 0.20139837265014648 450 0 464 12
face 0.19391414523124695 450 0 464 12
face 0.18416181206703186 450 0 464 12
face 0.17900580167770386 450 0 464 12
face 0.1742643117904663 450 0 464 12
face 0.16418743133544922 450 0 464 12
face 0.14275339245796204 450 0 464 12
face 0.131268709897995 450 0 464 12
face 0.1298598051071167 450 0 464 12
face 0.12648847699165344 450 0 464 12
face 0.1094723641872406 450 0 464 12
face 0.09692877531051636 450 0 464 12
face 0.09576946496963501 450 0 464 12
face 0.08606395125389099 450 0 464 12
face 0.07890290021896362 450 0 464 12
face 0.07709181308746338 450 0 464 12
face 0.07616487145423889 450 0 464 12
face 0.06795966625213623 450 0 464 12
face 0.06128999590873718 450 0 464 12
face 0.05366876721382141 450 0 464 12
face 0.04784795641899109 450 0 464 12
face 0.047398895025253296 450 0 464 12
face 0.047258347272872925 450 0 464 12
face 0.04555469751358032 450 0 464 12
face 0.04365819692611694 450 0 464 12
face 0.042512476444244385 450 0 464 12
face 0.04250270128250122 450 0 464 12
face 0.042302876710891724 450 0 464 12
face 0.041873544454574585 450 0 464 12
face 0.039672911167144775 450 0 464 12
face 0.03914552927017212 450 0 464 12
face 0.03521460294723511 450 0 464 12
face 0.034604817628860474 450 0 464 12
face 0.03286665678024292 450 0 464 12
face 0.032298922538757324 450 0 464 12
face 0.0321977436542511 450 0 464 12
face 0.031887590885162354 450 0 464 12
face 0.03186348080635071 450 0 464 12
face 0.03138652443885803 450 0 464 12
face 0.03126633167266846 450 0 464 12
face 0.030941516160964966 450 0 464 12
face 0.030108094215393066 450 0 464 12
face 0.029901742935180664 450 0 464 12
face 0.02642330527305603 450 0 464 12
face 0.026083916425704956 450 0 464 12
face 0.025669962167739868 450 0 464 12
face 0.024255335330963135 450 0 464 12
face 0.024085700511932373 450 0 464 12
face 0.023230910301208496 450 0 464 12
face 0.02299860119819641 450 0 464 12
face 0.022459059953689575 450 0 464 12
face 0.022339046001434326 450 0 464 12
face 0.02120932936668396 450 0 464 12
face 0.02080357074737549 450 0 464 12
face 0.01995977759361267 450 0 464 12
face 0.019936323165893555 450 0 464 12
face 0.01989734172821045 450 0 464 12
face 0.01962113380432129 450 0 464 12
face 0.01948884129524231 450 0 464 12
face 0.01946258544921875 450 0 464 12
face 0.018799126148223877 450 0 464 12
face 0.018606573343276978 450 0 464 12
face 0.018461108207702637 450 0 464 12
face 0.018247276544570923 450 0 464 12
face 0.018060743808746338 450 0 464 12
face 0.017586946487426758 450 0 464 12
face 0.017584770917892456 450 0 464 12
face 0.01691928505897522 450 0 464 12
face 0.016731053590774536 450 0 464 12
face 0.016469955444335938 450 0 464 12
face 0.01638507843017578 450 0 464 12
face 0.01634877920150757 450 0 464 12
face 0.015827476978302002 450 0 464 12
face 0.015193134546279907 450 0 464 12
face 0.015099912881851196 450 0 464 12
face 0.015012532472610474 450 0 464 12
