face 0.9877288341522217 681 351 696 372
face 0.9811509251594543 460 347 481 379
face 0.9640884399414062 537 373 558 405
face 0.10912281274795532 537 373 558 405
face 0.061359286308288574 537 373 558 405
face 0.023554444313049316 537 373 558 405
face 0.02278384566307068 537 373 558 405
face 0.0175398588180542 537 373 558 405
face 0.016812443733215332 537 373 558 405
face 0.01668897271156311 537 373 558 405
face 0.015463054180145264 537 373 558 405
face 0.015340298414230347 537 373 558 405
face 0.01465412974357605 537 373 558 405
face 0.013221263885498047 537 373 558 405
face 0.011933386325836182 537 373 558 405
face 0.011921912431716919 537 373 558 405
face 0.010557055473327637 537 373 558 405
face 0.010525882244110107 537 373 558 405
face 0.009987235069274902 537 373 558 405
face 0.009337007999420166 537 373 558 405
face 0.00874367356300354 537 373 558 405
face 0.008570998907089233 537 373 558 405
face 0.007771313190460205 537 373 558 405
face 0.007617920637130737 537 373 558 405
face 0.007496088743209839 537 373 558 405
face 0.007298648357391357 537 373 558 405
face 0.00711292028427124 537 373 558 405
face 0.006979793310165405 537 373 558 405
face 0.006960362195968628 537 373 558 405
face 0.006818443536758423 537 373 558 405
face 0.006813526153564453 537 373 558 405
face 0.006793379783630371 537 373 558 405
face 0.006711602210998535 537 373 558 405
face 0.0065985918045043945 537 373 558 405
face 0.006541043519973755 537 373 558 405
face 0.006462473422288895 537 373 558 405
face 0.006457090377807617 537 373 558 405
face 0.006382644176483154 537 373 558 405
face 0.006376445293426514 537 373 558 405
face 0.006374061107635498 537 373 558 405
face 0.006357461214065552 537 373 558 405
face 0.0062844157218933105 537 373 558 405
face 0.006257086992263794 537 373 558 405
face 0.006168633699417114 537 373 558 405
face 0.006144315004348755 537 373 558 405
face 0.006099075078964233 537 373 558 405
face 0.005964308977127075 537 373 558 405
face 0.005881994962692261 537 373 558 405
face 0.005829811096191406 537 373 558 405
face 0.0057833194732666016 537 373 558 405
face 0.005728542804718018 537 373 558 405
face 0.0057048797607421875 537 373 558 405
face 0.0057010650634765625 537 373 558 405
face 0.005627632141113281 537 373 558 405
face 0.005625665187835693 537 373 558 405
face 0.005624651908874512 537 373 558 405
face 0.0053383708000183105 537 373 558 405
face 0.005237281322479248 537 373 558 405
face 0.005224883556365967 537 373 558 405
face 0.0051918625831604 537 373 558 405
face 0.005169987678527832 537 373 558 405
face 0.005102097988128662 537 373 558 405
face 0.00509980320930481 537 373 558 405
face 0.005083620548248291 537 373 558 405
face 0.005066812038421631 537 373 558 405
face 0.005056798458099365 537 373 558 405
face 0.0049751996994018555 537 373 558 405
face 0.004952281713485718 537 373 558 405
face 0.004945635795593262 537 373 558 405
face 0.004939377307891846 537 373 558 405
face 0.004938870668411255 537 373 558 405
face 0.00487065315246582 537 373 558 405
face 0.004837989807128906 537 373 558 405
face 0.004768073558807373 537 373 558 405
face 0.004764467477798462 537 373 558 405
face 0.004745453596115112 537 373 558 405
face 0.004719525575637817 537 373 558 405
face 0.004706084728240967 537 373 558 405
face 0.004678785800933838 537 373 558 405
face 0.0046554505825042725 537 373 558 405
face 0.004552900791168213 537 373 558 405
face 0.004529595375061035 537 373 558 405
face 0.004438668489456177 537 373 558 405
face 0.004436522722244263 537 373 558 405
face 0.004396647214889526 537 373 558 405
face 0.004381448030471802 537 373 558 405
face 0.004381060600280762 537 373 558 405
face 0.004281431436538696 537 373 558 405
face 0.004258155822753906 537 373 558 405
face 0.004172682762145996 537 373 558 405
face 0.004166841506958008 537 373 558 405
face 0.004152476787567139 537 373 558 405
face 0.004131942987442017 537 373 558 405
face 0.004092097282409668 537 373 558 405
face 0.004045456647872925 537 373 558 405
face 0.0040445029735565186 537 373 558 405
face 0.004025757312774658 537 373 558 405
face 0.00400957465171814 537 373 558 405
face 0.003982990980148315 537 373 558 405
face 0.00393250584602356 537 373 558 405
