face 0.997979462146759 407 57 672 374
face 0.010387629270553589 407 57 672 374
face 0.009493052959442139 407 57 672 374
face 0.00909048318862915 407 57 672 374
face 0.008358508348464966 407 57 672 374
face 0.005692869424819946 407 57 672 374
face 0.005661278963088989 407 57 672 374
face 0.00557592511177063 407 57 672 374
face 0.005450934171676636 407 57 672 374
face 0.0054447948932647705 407 57 672 374
face 0.0054437220096588135 407 57 672 374
face 0.00534483790397644 407 57 672 374
face 0.005041152238845825 407 57 672 374
face 0.004900336265563965 407 57 672 374
face 0.004408806562423706 407 57 672 374
face 0.004278242588043213 407 57 672 374
face 0.004089623689651489 407 57 672 374
face 0.0039556026458740234 407 57 672 374
face 0.0038934648036956787 407 57 672 374
face 0.003775566816329956 407 57 672 374
face 0.0037553906440734863 407 57 672 374
face 0.003636091947555542 407 57 672 374
face 0.0035497844219207764 407 57 672 374
face 0.003527343273162842 407 57 672 374
face 0.0035168230533599854 407 57 672 374
face 0.003503262996673584 407 57 672 374
face 0.0034156441688537598 407 57 672 374
face 0.003328680992126465 407 57 672 374
face 0.0032938122749328613 407 57 672 374
face 0.0032722055912017822 407 57 672 374
face 0.003226339817047119 407 57 672 374
face 0.0031944215297698975 407 57 672 374
face 0.003124415874481201 407 57 672 374
face 0.0030990242958068848 407 57 672 374
face 0.0030768513679504395 407 57 672 374
face 0.0030668675899505615 407 57 672 374
face 0.0030411183834075928 407 57 672 374
face 0.0030021965503692627 407 57 672 374
face 0.002980053424835205 407 57 672 374
face 0.002938687801361084 407 57 672 374
face 0.0029383301734924316 407 57 672 374
face 0.0028940141201019287 407 57 672 374
face 0.002878516912460327 407 57 672 374
face 0.0028412342071533203 407 57 672 374
face 0.0028320252895355225 407 57 672 374
face 0.0028238296508789062 407 57 672 374
face 0.0027895569801330566 407 57 672 374
face 0.002774566411972046 407 57 672 374
face 0.0027571022510528564 407 57 672 374
face 0.0027341842651367188 407 57 672 374
face 0.0027003586292266846 407 57 672 374
face 0.002665966749191284 407 57 672 374
face 0.0026580989360809326 407 57 672 374
face 0.002607285976409912 407 57 672 374
face 0.0025973618030548096 407 57 672 374
face 0.002586543560028076 407 57 672 374
face 0.0025766193866729736 407 57 672 374
face 0.0025694668292999268 407 57 672 374
face 0.0025535523891448975 407 57 672 374
face 0.0025087594985961914 407 57 672 374
face 0.0024954676628112793 407 57 672 374
face 0.0024744272232055664 407 57 672 374
face 0.0024695992469787598 407 57 672 374
face 0.002448439598083496 407 57 672 374
face 0.0024186372756958008 407 57 672 374
face 0.002412647008895874 407 57 672 374
face 0.002409636974334717 407 57 672 374
face 0.0024079084396362305 407 57 672 374
face 0.002407282590866089 407 57 672 374
face 0.002400040626525879 407 57 672 374
face 0.002337545156478882 407 57 672 374
face 0.0023229122161865234 407 57 672 374
face 0.0022961199283599854 407 57 672 374
face 0.0022719204425811768 407 57 672 374
face 0.00225222110748291 407 57 672 374
face 0.002232670783996582 407 57 672 374
face 0.0022307932376861572 407 57 672 374
face 0.002206772565841675 407 57 672 374
face 0.0022033751010894775 407 57 672 374
face 0.0021964609622955322 407 57 672 374
face 0.0021853744983673096 407 57 672 374
face 0.0021831393241882324 407 57 672 374
face 0.002169579267501831 407 57 672 374
face 0.002167940139770508 407 57 672 374
face 0.0021405816078186035 407 57 672 374
face 0.0021359026432037354 407 57 672 374
face 0.0021277666091918945 407 57 672 374
face 0.002098590135574341 407 57 672 374
face 0.0020880401134490967 407 57 672 374
face 0.0020630061626434326 407 57 672 374
face 0.0020504891872406006 407 57 672 374
face 0.0020447969436645508 407 57 672 374
face 0.0020353496074676514 407 57 672 374
face 0.0020301640033721924 407 57 672 374
face 0.002004653215408325 407 57 672 374
face 0.001989811658859253 407 57 672 374
face 0.0019826889038085938 407 57 672 374
face 0.0019732117652893066 407 57 672 374
face 0.001970946788787842 407 57 672 374
face 0.0019526183605194092 407 57 672 374
