face 0.9980229735374451 106 193 172 271
face 0.9763010740280151 744 237 804 321
face 0.9395696520805359 447 197 515 275
face 0.03875723481178284 447 197 515 275
face 0.017276495695114136 447 197 515 275
face 0.015144914388656616 447 197 515 275
face 0.01239156723022461 447 197 515 275
face 0.011615842580795288 447 197 515 275
face 0.011602312326431274 447 197 515 275
face 0.011333853006362915 447 197 515 275
face 0.010736256837844849 447 197 515 275
face 0.009204387664794922 447 197 515 275
face 0.009095877408981323 447 197 515 275
face 0.008959382772445679 447 197 515 275
face 0.008843541145324707 447 197 515 275
face 0.008266448974609375 447 197 515 275
face 0.007952898740768433 447 197 515 275
face 0.007764160633087158 447 197 515 275
face 0.007746845483779907 447 197 515 275
face 0.007419556379318237 447 197 515 275
face 0.007348924875259399 447 197 515 275
face 0.007255762815475464 447 197 515 275
face 0.007084697484970093 447 197 515 275
face 0.006987959146499634 447 197 515 275
face 0.00677761435508728 447 197 515 275
face 0.006712377071380615 447 197 515 275
face 0.006565898656845093 447 197 515 275
face 0.006306976079940796 447 197 515 275
face 0.0060880184173583984 447 197 515 275
face 0.0060739219188690186 447 197 515 275
face 0.0060672760009765625 447 197 515 275
face 0.0060217976570129395 447 197 515 275
face 0.005660593509674072 447 197 515 275
face 0.005614876747131348 447 197 515 275
face 0.0055481791496276855 447 197 515 275
face 0.0055457353591918945 447 197 515 275
face 0.005479156970977783 447 197 515 275
face 0.005451887845993042 447 197 515 275
face 0.00539165735244751 447 197 515 275
face 0.00524631142616272 447 197 515 275
face 0.005218237638473511 447 197 515 275
face 0.005072504281997681 447 197 515 275
face 0.004881054162979126 447 197 515 275
face 0.004857361316680908 447 197 515 275
face 0.004704207181930542 447 197 515 275
face 0.004593253135681152 447 197 515 275
face 0.004526585340499878 447 197 515 275
face 0.0044626593589782715 447 197 515 275
face 0.004445433616638184 447 197 515 275
face 0.004365593194961548 447 197 515 275
face 0.004289507865905762 447 197 515 275
face 0.004259049892425537 447 197 515 275
face 0.0042528510093688965 447 197 515 275
face 0.0041086673736572266 447 197 515 275
face 0.004008352756500244 447 197 515 275
face 0.003974854946136475 447 197 515 275
face 0.003872603178024292 447 197 515 275
face 0.0038059651851654053 447 197 515 275
face 0.00367659330368042 447 197 515 275
face 0.0036744773387908936 447 197 515 275
face 0.0036142170429229736 447 197 515 275
face 0.0035982728004455566 447 197 515 275
face 0.0035745203495025635 447 197 515 275
face 0.0034528374671936035 447 197 515 275
face 0.0034375786781311035 447 197 515 275
face 0.0034274160861968994 447 197 515 275
face 0.0034240782260894775 447 197 515 275
face 0.0033937692642211914 447 197 515 275
face 0.0033792853355407715 447 197 515 275
face 0.0033576786518096924 447 197 515 275
face 0.0033572912216186523 447 197 515 275
face 0.0033306479454040527 447 197 515 275
face 0.0032670199871063232 447 197 515 275
face 0.0032570362091064453 447 197 515 275
face 0.0032404661178588867 447 197 515 275
face 0.0032378435134887695 447 197 515 275
face 0.0032175183296203613 447 197 515 275
face 0.003194659948348999 447 197 515 275
face 0.0031852424144744873 447 197 515 275
face 0.0031813979148864746 447 197 515 275
face 0.003085404634475708 447 197 515 275
face 0.003054797649383545 447 197 515 275
face 0.003051936626434326 447 197 515 275
face 0.0030113160610198975 447 197 515 275
face 0.0030036866664886475 447 197 515 275
face 0.00292244553565979 447 197 515 275
face 0.002919524908065796 447 197 515 275
face 0.0028852522373199463 447 197 515 275
face 0.0028791725635528564 447 197 515 275
face 0.0028749704360961914 447 197 515 275
face 0.0028336048126220703 447 197 515 275
face 0.00282973051071167 447 197 515 275
face 0.002807915210723877 447 197 515 275
face 0.0027585625648498535 447 197 515 275
face 0.0027518272399902344 447 197 515 275
face 0.002743154764175415 447 197 515 275
face 0.0027409493923187256 447 197 515 275
face 0.0027107298374176025 447 197 515 275
face 0.002707749605178833 447 197 515 275
face 0.002697765827178955 447 197 515 275
