face 0.21750932931900024 422 267 439 290
face 0.1970893144607544 422 267 439 290
face 0.07172998785972595 422 267 439 290
face 0.0673379898071289 422 267 439 290
face 0.058259665966033936 422 267 439 290
face 0.04759809374809265 422 267 439 290
face 0.0470488965511322 422 267 439 290
face 0.039682865142822266 422 267 439 290
face 0.038763463497161865 422 267 439 290
face 0.03669896721839905 422 267 439 290
face 0.036184161901474 422 267 439 290
face 0.03445717692375183 422 267 439 290
face 0.027823209762573242 422 267 439 290
face 0.027662217617034912 422 267 439 290
face 0.02540653944015503 422 267 439 290
face 0.022774070501327515 422 267 439 290
face 0.02228415012359619 422 267 439 290
face 0.022140204906463623 422 267 439 290
face 0.020833581686019897 422 267 439 290
face 0.019192248582839966 422 267 439 290
face 0.01903003454208374 422 267 439 290
face 0.01837068796157837 422 267 439 290
face 0.018286198377609253 422 267 439 290
face 0.017557978630065918 422 267 439 290
face 0.017184138298034668 422 267 439 290
face 0.01702404022216797 422 267 439 290
face 0.0170096755027771 422 267 439 290
face 0.015668869018554688 422 267 439 290
face 0.015521079301834106 422 267 439 290
face 0.015155136585235596 422 267 439 290
face 0.01508280634880066 422 267 439 290
face 0.014835864305496216 422 267 439 290
face 0.014347285032272339 422 267 439 290
face 0.014169126749038696 422 267 439 290
face 0.013927847146987915 422 267 439 290
face 0.013311445713043213 422 267 439 290
face 0.013078629970550537 422 267 439 290
face 0.0126248300075531 422 267 439 290
face 0.012582719326019287 422 267 439 290
face 0.012526720762252808 422 267 439 290
face 0.012376517057418823 422 267 439 290
face 0.012170463800430298 422 267 439 290
face 0.01212841272354126 422 267 439 290
face 0.012103468179702759 422 267 439 290
face 0.012035548686981201 422 267 439 290
face 0.012001752853393555 422 267 439 290
face 0.011791229248046875 422 267 439 290
face 0.011691182851791382 422 267 439 290
face 0.01167801022529602 422 267 439 290
face 0.011527687311172485 422 267 439 290
face 0.011193960905075073 422 267 439 290
face 0.011070847511291504 422 267 439 290
face 0.010946184396743774 422 267 439 290
face 0.010857045650482178 422 267 439 290
face 0.01043650507926941 422 267 439 290
face 0.01039135456085205 422 267 439 290
face 0.01026761531829834 422 267 439 290
face 0.01013609766960144 422 267 439 290
face 0.00998196005821228 422 267 439 290
face 0.009911775588989258 422 267 439 290
face 0.00972139835357666 422 267 439 290
face 0.00971934199333191 422 267 439 290
face 0.009573400020599365 422 267 439 290
face 0.009554564952850342 422 267 439 290
face 0.009440302848815918 422 267 439 290
face 0.009426325559616089 422 267 439 290
face 0.009385466575622559 422 267 439 290
face 0.00932350754737854 422 267 439 290
face 0.009042322635650635 422 267 439 290
face 0.008992254734039307 422 267 439 290
face 0.008703500032424927 422 267 439 290
face 0.008675068616867065 422 267 439 290
face 0.008643865585327148 422 267 439 290
face 0.008539378643035889 422 267 439 290
face 0.008419424295425415 422 267 439 290
face 0.008387356996536255 422 267 439 290
face 0.008257418870925903 422 267 439 290
face 0.008228957653045654 422 267 439 290
face 0.008099287748336792 422 267 439 290
face 0.00803220272064209 422 267 439 290
face 0.008007735013961792 422 267 439 290
face 0.007974982261657715 422 267 439 290
face 0.007966190576553345 422 267 439 290
face 0.007949411869049072 422 267 439 290
face 0.007817238569259644 422 267 439 290
face 0.0078119635581970215 422 267 439 290
face 0.0077495276927948 422 267 439 290
face 0.007681518793106079 422 267 439 290
face 0.007657796144485474 422 267 439 290
face 0.007613152265548706 422 267 439 290
face 0.0075736939907073975 422 267 439 290
face 0.007465720176696777 422 267 439 290
face 0.007434368133544922 422 267 439 290
face 0.007356762886047363 422 267 439 290
face 0.007282912731170654 422 267 439 290
face 0.007225751876831055 422 267 439 290
face 0.007161527872085571 422 267 439 290
face 0.007115453481674194 422 267 439 290
face 0.0071044862270355225 422 267 439 290
face 0.007049053907394409 422 267 439 290
