face 0.9987566471099854 344 287 371 320
face 0.9983896613121033 875 393 911 436
face 0.9976222515106201 180 282 206 314
face 0.9277167320251465 518 257 541 288
face 0.9254785180091858 664 295 689 329
face 0.9194056987762451 466 184 488 214
face 0.8973487615585327 461 313 485 342
face 0.8971151113510132 523 292 547 324
face 0.885753870010376 739 230 761 261
face 0.8791258335113525 355 243 378 273
face 0.8605324029922485 823 248 848 279
face 0.85272616147995 55 375 91 417
face 0.8398616313934326 108 280 136 311
face 0.8232012391090393 742 316 767 349
face 0.7875655889511108 733 375 765 414
face 0.7763117551803589 19 258 49 288
face 0.7705637216567993 564 312 587 341
face 0.7625046968460083 814 276 841 311
face 0.7580463886260986 17 219 41 247
face 0.7389392852783203 568 207 589 238
face 0.7377259731292725 259 276 285 308
face 0.7157031893730164 867 297 897 335
face 0.6852874159812927 733 280 756 312
face 0.670515239238739 621 278 645 311
face 0.6486616134643555 560 294 583 326
face 0.640996515750885 409 276 431 306
face 0.6255325078964233 391 263 413 293
face 0.6236858367919922 52 174 75 207
face 0.6193773746490479 619 255 640 285
face 0.6183584332466125 619 213 640 245
face 0.6156231164932251 445 280 468 311
face 0.6082134246826172 76 213 98 240
face 0.5986945629119873 495 220 517 250
face 0.582308828830719 448 247 470 278
face 0.574740469455719 133 189 154 219
face 0.5555435419082642 864 307 896 344
face 0.5502894520759583 570 190 591 221
face 0.5467177629470825 461 223 482 251
face 0.5364975929260254 310 215 330 243
face 0.5135816335678101 839 215 861 246
face 0.5020216107368469 98 278 126 310
face 0.4918186664581299 98 278 126 310
face 0.4708443284034729 98 278 126 310
face 0.4524224102497101 98 278 126 310
face 0.4388177990913391 98 278 126 310
face 0.43416330218315125 98 278 126 310
face 0.42852720618247986 98 278 126 310
face 0.4041971266269684 98 278 126 310
face 0.40395230054855347 98 278 126 310
face 0.3908127248287201 98 278 126 310
face 0.36511319875717163 98 278 126 310
face 0.3630654513835907 98 278 126 310
face 0.32923513650894165 98 278 126 310
face 0.3229052424430847 98 278 126 310
face 0.31905797123908997 98 278 126 310
face 0.3136144280433655 98 278 126 310
face 0.2870974540710449 98 278 126 310
face 0.28673437237739563 98 278 126 310
face 0.2656509280204773 98 278 126 310
face 0.25785964727401733 98 278 126 310
face 0.2569897770881653 98 278 126 310
face 0.24228674173355103 98 278 126 310
face 0.23284703493118286 98 278 126 310
face 0.2286701500415802 98 278 126 310
face 0.22257721424102783 98 278 126 310
face 0.22172817587852478 98 278 126 310
face 0.2189822494983673 98 278 126 310
face 0.20746412873268127 98 278 126 310
face 0.19091477990150452 98 278 126 310
face 0.1809503436088562 98 278 126 310
face 0.15495586395263672 98 278 126 310
face 0.15411967039108276 98 278 126 310
face 0.15277209877967834 98 278 126 310
face 0.1487448513507843 98 278 126 310
face 0.14832505583763123 98 278 126 310
face 0.13833600282669067 98 278 126 310
face 0.11133542656898499 98 278 126 310
face 0.10860368609428406 98 278 126 310
face 0.09912359714508057 98 278 126 310
face 0.0963764488697052 98 278 126 310
face 0.09296733140945435 98 278 126 310
face 0.08232453465461731 98 278 126 310
face 0.07600075006484985 98 278 126 310
face 0.07141983509063721 98 278 126 310
face 0.06299012899398804 98 278 126 310
face 0.052564918994903564 98 278 126 310
face 0.05196264386177063 98 278 126 310
face 0.04789057374000549 98 278 126 310
face 0.047466784715652466 98 278 126 310
face 0.04638385772705078 98 278 126 310
face 0.046034157276153564 98 278 126 310
face 0.04594680666923523 98 278 126 310
face 0.045418351888656616 98 278 126 310
face 0.04399043321609497 98 278 126 310
face 0.039925336837768555 98 278 126 310
face 0.0388413667678833 98 278 126 310
face 0.0385625958442688 98 278 126 310
face 0.03809523582458496 98 278 126 310
face 0.03710579872131348 98 278 126 310
face 0.03494453430175781 98 278 126 310
