face 0.9729260206222534 11 44 239 316
face 0.22700917720794678 11 44 239 316
face 0.08409702777862549 11 44 239 316
face 0.05668973922729492 11 44 239 316
face 0.04463392496109009 11 44 239 316
face 0.04104849696159363 11 44 239 316
face 0.04065757989883423 11 44 239 316
face 0.03938513994216919 11 44 239 316
face 0.03862416744232178 11 44 239 316
face 0.03697618842124939 11 44 239 316
face 0.03535863757133484 11 44 239 316
face 0.03341042995452881 11 44 239 316
face 0.03274837136268616 11 44 239 316
face 0.03108590841293335 11 44 239 316
face 0.029203951358795166 11 44 239 316
face 0.02709105610847473 11 44 239 316
face 0.02604427933692932 11 44 239 316
face 0.024087131023406982 11 44 239 316
face 0.02309727668762207 11 44 239 316
face 0.022256821393966675 11 44 239 316
face 0.02214747667312622 11 44 239 316
face 0.02137276530265808 11 44 239 316
face 0.020967841148376465 11 44 239 316
face 0.020251810550689697 11 44 239 316
face 0.0192984938621521 11 44 239 316
face 0.018015176057815552 11 44 239 316
face 0.017683863639831543 11 44 239 316
face 0.015760332345962524 11 44 239 316
face 0.015288442373275757 11 44 239 316
face 0.015223473310470581 11 44 239 316
face 0.014510244131088257 11 44 239 316
face 0.012112945318222046 11 44 239 316
face 0.010616600513458252 11 44 239 316
face 0.010364323854446411 11 44 239 316
face 0.010098487138748169 11 44 239 316
face 0.009997963905334473 11 44 239 316
face 0.009774118661880493 11 44 239 316
face 0.009694784879684448 11 44 239 316
face 0.009486019611358643 11 44 239 316
face 0.00934019684791565 11 44 239 316
face 0.009288758039474487 11 44 239 316
face 0.008674293756484985 11 44 239 316
face 0.008526384830474854 11 44 239 316
face 0.008425623178482056 11 44 239 316
face 0.008363395929336548 11 44 239 316
face 0.008297085762023926 11 44 239 316
face 0.008161395788192749 11 44 239 316
face 0.007946550846099854 11 44 239 316
face 0.007595807313919067 11 44 239 316
face 0.007571160793304443 11 44 239 316
face 0.007219076156616211 11 44 239 316
face 0.007218360900878906 11 44 239 316
face 0.00676235556602478 11 44 239 316
face 0.0066664814949035645 11 44 239 316
face 0.006593436002731323 11 44 239 316
face 0.006568342447280884 11 44 239 316
face 0.006493926048278809 11 44 239 316
face 0.00647735595703125 11 44 239 316
face 0.006386905908584595 11 44 239 316
face 0.006036520004272461 11 44 239 316
face 0.006005138158798218 11 44 239 316
face 0.0057489871978759766 11 44 239 316
face 0.005490392446517944 11 44 239 316
face 0.005452454090118408 11 44 239 316
face 0.005396932363510132 11 44 239 316
face 0.005071043968200684 11 44 239 316
face 0.005058348178863525 11 44 239 316
face 0.005049765110015869 11 44 239 316
face 0.004966139793395996 11 44 239 316
face 0.004881083965301514 11 44 239 316
face 0.004827529191970825 11 44 239 316
face 0.004625797271728516 11 44 239 316
face 0.004510611295700073 11 44 239 316
face 0.0044550299644470215 11 44 239 316
face 0.004150509834289551 11 44 239 316
face 0.004110425710678101 11 44 239 316
face 0.004105299711227417 11 44 239 316
face 0.004063695669174194 11 44 239 316
face 0.003997117280960083 11 44 239 316
face 0.003982961177825928 11 44 239 316
face 0.003943800926208496 11 44 239 316
face 0.003896862268447876 11 44 239 316
face 0.003871709108352661 11 44 239 316
face 0.00382155179977417 11 44 239 316
face 0.0037514865398406982 11 44 239 316
face 0.0037468373775482178 11 44 239 316
face 0.003667473793029785 11 44 239 316
face 0.0036407113075256348 11 44 239 316
face 0.003583937883377075 11 44 239 316
face 0.0035569369792938232 11 44 239 316
face 0.0035125911235809326 11 44 239 316
face 0.00348624587059021 11 44 239 316
face 0.003460407257080078 11 44 239 316
face 0.003445863723754883 11 44 239 316
face 0.0033857524394989014 11 44 239 316
face 0.0033335089683532715 11 44 239 316
face 0.003323495388031006 11 44 239 316
face 0.00331154465675354 11 44 239 316
face 0.003290891647338867 11 44 239 316
face 0.003273308277130127 11 44 239 316
