face 0.9980039596557617 311 405 689 835
face 0.07325637340545654 311 405 689 835
face 0.04447561502456665 311 405 689 835
face 0.041703999042510986 311 405 689 835
face 0.041127949953079224 311 405 689 835
face 0.036123126745224 311 405 689 835
face 0.03551110625267029 311 405 689 835
face 0.033236920833587646 311 405 689 835
face 0.03181275725364685 311 405 689 835
face 0.03084513545036316 311 405 689 835
face 0.02924749255180359 311 405 689 835
face 0.027489900588989258 311 405 689 835
face 0.02707052230834961 311 405 689 835
face 0.025677651166915894 311 405 689 835
face 0.02339702844619751 311 405 689 835
face 0.023081183433532715 311 405 689 835
face 0.021942615509033203 311 405 689 835
face 0.02111595869064331 311 405 689 835
face 0.020601093769073486 311 405 689 835
face 0.019253462553024292 311 405 689 835
face 0.018199890851974487 311 405 689 835
face 0.017316818237304688 311 405 689 835
face 0.017101913690567017 311 405 689 835
face 0.016602516174316406 311 405 689 835
face 0.016142666339874268 311 405 689 835
face 0.01525154709815979 311 405 689 835
face 0.015150785446166992 311 405 689 835
face 0.014830082654953003 311 405 689 835
face 0.014017552137374878 311 405 689 835
face 0.013941943645477295 311 405 689 835
face 0.013898521661758423 311 405 689 835
face 0.013630479574203491 311 405 689 835
face 0.013349145650863647 311 405 689 835
face 0.013302057981491089 311 405 689 835
face 0.013067513704299927 311 405 689 835
face 0.012895554304122925 311 405 689 835
face 0.012543410062789917 311 405 689 835
face 0.01213786005973816 311 405 689 835
face 0.012003332376480103 311 405 689 835
face 0.01178082823753357 311 405 689 835
face 0.011744081974029541 311 405 689 835
face 0.011691510677337646 311 405 689 835
face 0.011626720428466797 311 405 689 835
face 0.011498957872390747 311 405 689 835
face 0.011485427618026733 311 405 689 835
face 0.011355489492416382 311 405 689 835
face 0.011336475610733032 311 405 689 835
face 0.011257022619247437 311 405 689 835
face 0.010976314544677734 311 405 689 835
face 0.010710209608078003 311 405 689 835
face 0.01066887378692627 311 405 689 835
face 0.010555386543273926 311 405 689 835
face 0.010406136512756348 311 405 689 835
face 0.010390162467956543 311 405 689 835
face 0.00987669825553894 311 405 689 835
face 0.009830981492996216 311 405 689 835
face 0.009660989046096802 311 405 689 835
face 0.009642481803894043 311 405 689 835
face 0.00963360071182251 311 405 689 835
face 0.00950673222541809 311 405 689 835
face 0.009473949670791626 311 405 689 835
face 0.00941351056098938 311 405 689 835
face 0.009402453899383545 311 405 689 835
face 0.009391367435455322 311 405 689 835
face 0.00936901569366455 311 405 689 835
face 0.009359031915664673 311 405 689 835
face 0.009344279766082764 311 405 689 835
face 0.009326815605163574 311 405 689 835
face 0.009309381246566772 311 405 689 835
face 0.009279012680053711 311 405 689 835
face 0.009255021810531616 311 405 689 835
face 0.009121149778366089 311 405 689 835
face 0.009055674076080322 311 405 689 835
face 0.008887529373168945 311 405 689 835
face 0.008778929710388184 311 405 689 835
face 0.00876837968826294 311 405 689 835
face 0.008758634328842163 311 405 689 835
face 0.008523672819137573 311 405 689 835
face 0.008249014616012573 311 405 689 835
face 0.008173048496246338 311 405 689 835
face 0.008117258548736572 311 405 689 835
face 0.007953435182571411 311 405 689 835
face 0.007937222719192505 311 405 689 835
face 0.007936269044876099 311 405 689 835
face 0.0078054070472717285 311 405 689 835
face 0.007801324129104614 311 405 689 835
face 0.0076621174812316895 311 405 689 835
face 0.007636368274688721 311 405 689 835
face 0.0076351165771484375 311 405 689 835
face 0.007606089115142822 311 405 689 835
face 0.00758478045463562 311 405 689 835
face 0.0075817108154296875 311 405 689 835
face 0.007576107978820801 311 405 689 835
face 0.0075258612632751465 311 405 689 835
face 0.0074044764041900635 311 405 689 835
face 0.00735589861869812 311 405 689 835
face 0.007267355918884277 311 405 689 835
face 0.007236570119857788 311 405 689 835
face 0.007231414318084717 311 405 689 835
face 0.007200032472610474 311 405 689 835
