face 0.9867508411407471 626 458 643 483
face 0.9637017250061035 225 452 244 479
face 0.9623308777809143 746 472 763 494
face 0.961178719997406 523 429 536 451
face 0.9606746435165405 81 444 98 467
face 0.9593207240104675 889 451 908 476
face 0.9586196541786194 365 431 378 452
face 0.9457451105117798 311 443 328 468
face 0.9404951333999634 825 427 843 449
face 0.9301537275314331 146 415 160 434
face 0.9280315637588501 56 431 70 451
face 0.9276843667030334 413 432 427 455
face 0.924126148223877 572 428 586 450
face 0.9211880564689636 469 432 482 453
face 0.9006297588348389 942 429 960 453
face 0.8929588794708252 182 424 197 445
face 0.8105342984199524 824 456 844 480
face 0.8047187328338623 297 427 311 446
face 0.7794152498245239 934 447 953 473
face 0.7427123785018921 474 442 489 465
face 0.6850712299346924 212 457 227 479
face 0.6730340719223022 124 446 141 469
face 0.6621341109275818 572 447 586 470
face 0.6220523715019226 28 424 46 450
face 0.5961050987243652 415 439 431 465
face 0.570777952671051 683 453 699 477
face 0.512797474861145 359 442 375 465
face 0.48280227184295654 359 442 375 465
face 0.3634207844734192 359 442 375 465
face 0.305496484041214 359 442 375 465
face 0.30084991455078125 359 442 375 465
face 0.2749124765396118 359 442 375 465
face 0.18255117535591125 359 442 375 465
face 0.1739509403705597 359 442 375 465
face 0.15800118446350098 359 442 375 465
face 0.15185478329658508 359 442 375 465
face 0.1277422308921814 359 442 375 465
face 0.11023217439651489 359 442 375 465
face 0.0922275185585022 359 442 375 465
face 0.09173297882080078 359 442 375 465
face 0.08051323890686035 359 442 375 465
face 0.07608503103256226 359 442 375 465
face 0.073687344789505 359 442 375 465
face 0.0703849196434021 359 442 375 465
face 0.06371921300888062 359 442 375 465
face 0.0582410991191864 359 442 375 465
face 0.051604241132736206 359 442 375 465
face 0.048034101724624634 359 442 375 465
face 0.04677340388298035 359 442 375 465
face 0.044087499380111694 359 442 375 465
face 0.04394185543060303 359 442 375 465
face 0.04309073090553284 359 442 375 465
face 0.040897220373153687 359 442 375 465
face 0.03941154479980469 359 442 375 465
face 0.038768649101257324 359 442 375 465
face 0.035976946353912354 359 442 375 465
face 0.03350129723548889 359 442 375 465
face 0.03202253580093384 359 442 375 465
face 0.0313950777053833 359 442 375 465
face 0.029606252908706665 359 442 375 465
face 0.029420167207717896 359 442 375 465
face 0.02576059103012085 359 442 375 465
face 0.025134891271591187 359 442 375 465
face 0.02230498194694519 359 442 375 465
face 0.022264212369918823 359 442 375 465
face 0.02099454402923584 359 442 375 465
face 0.020714610815048218 359 442 375 465
face 0.02033141255378723 359 442 375 465
face 0.02009865641593933 359 442 375 465
face 0.019177556037902832 359 442 375 465
face 0.018816620111465454 359 442 375 465
face 0.018498122692108154 359 442 375 465
face 0.017804741859436035 359 442 375 465
face 0.017794638872146606 359 442 375 465
face 0.017253011465072632 359 442 375 465
face 0.01698148250579834 359 442 375 465
face 0.016785353422164917 359 442 375 465
face 0.016239583492279053 359 442 375 465
face 0.016009658575057983 359 442 375 465
face 0.015980571508407593 359 442 375 465
face 0.015900254249572754 359 442 375 465
face 0.015332043170928955 359 442 375 465
face 0.015245109796524048 359 442 375 465
face 0.014906257390975952 359 442 375 465
face 0.01465258002281189 359 442 375 465
face 0.014497697353363037 359 442 375 465
face 0.014387160539627075 359 442 375 465
face 0.013724744319915771 359 442 375 465
face 0.013677775859832764 359 442 375 465
face 0.013414502143859863 359 442 375 465
face 0.013055950403213501 359 442 375 465
face 0.012967675924301147 359 442 375 465
face 0.012690871953964233 359 442 375 465
face 0.012181311845779419 359 442 375 465
face 0.011533856391906738 359 442 375 465
face 0.010172903537750244 359 442 375 465
face 0.009789317846298218 359 442 375 465
face 0.009167313575744629 359 442 375 465
face 0.00908610224723816 359 442 375 465
face 0.008772134780883789 359 442 375 465
