face 0.7314727306365967 330 1094 414 1205
face 0.6583402752876282 676 1055 761 1175
face 0.5256894826889038 446 379 924 651
face 0.4243125319480896 446 379 924 651
face 0.09105575084686279 446 379 924 651
face 0.08041125535964966 446 379 924 651
face 0.04716980457305908 446 379 924 651
face 0.043031662702560425 446 379 924 651
face 0.03826913237571716 446 379 924 651
face 0.03387308120727539 446 379 924 651
face 0.03374335169792175 446 379 924 651
face 0.033630192279815674 446 379 924 651
face 0.03344640135765076 446 379 924 651
face 0.03129410743713379 446 379 924 651
face 0.02959403395652771 446 379 924 651
face 0.029225289821624756 446 379 924 651
face 0.02831137180328369 446 379 924 651
face 0.028010427951812744 446 379 924 651
face 0.027541041374206543 446 379 924 651
face 0.02748170495033264 446 379 924 651
face 0.02724030613899231 446 379 924 651
face 0.026364296674728394 446 379 924 651
face 0.02584517002105713 446 379 924 651
face 0.025651514530181885 446 379 924 651
face 0.025637418031692505 446 379 924 651
face 0.024717867374420166 446 379 924 651
face 0.02398580312728882 446 379 924 651
face 0.02358347177505493 446 379 924 651
face 0.023333221673965454 446 379 924 651
face 0.02311098575592041 446 379 924 651
face 0.022264927625656128 446 379 924 651
face 0.022165507078170776 446 379 924 651
face 0.021861523389816284 446 379 924 651
face 0.021849513053894043 446 379 924 651
face 0.021655768156051636 446 379 924 651
face 0.021387606859207153 446 379 924 651
face 0.02111804485321045 446 379 924 651
face 0.021061480045318604 446 379 924 651
face 0.02096712589263916 446 379 924 651
face 0.02053433656692505 446 379 924 651
face 0.020510852336883545 446 379 924 651
face 0.02042210102081299 446 379 924 651
face 0.020383358001708984 446 379 924 651
face 0.020309239625930786 446 379 924 651
face 0.0202409029006958 446 379 924 651
face 0.020189493894577026 446 379 924 651
face 0.020032525062561035 446 379 924 651
face 0.019959181547164917 446 379 924 651
face 0.01991105079650879 446 379 924 651
face 0.019578367471694946 446 379 924 651
face 0.01944836974143982 446 379 924 651
face 0.019194990396499634 446 379 924 651
face 0.01900419592857361 446 379 924 651
face 0.01899784803390503 446 379 924 651
face 0.01890161633491516 446 379 924 651
face 0.017788350582122803 446 379 924 651
face 0.017541319131851196 446 379 924 651
face 0.017232835292816162 446 379 924 651
face 0.017077356576919556 446 379 924 651
face 0.017006993293762207 446 379 924 651
face 0.01679021120071411 446 379 924 651
face 0.016669422388076782 446 379 924 651
face 0.016643524169921875 446 379 924 651
face 0.01648727059364319 446 379 924 651
face 0.01627400517463684 446 379 924 651
face 0.01613113284111023 446 379 924 651
face 0.015776634216308594 446 379 924 651
face 0.01572522521018982 446 379 924 651
face 0.015694648027420044 446 379 924 651
face 0.015628695487976074 446 379 924 651
face 0.015499234199523926 446 379 924 651
face 0.01515612006187439 446 379 924 651
face 0.015139728784561157 446 379 924 651
face 0.01487499475479126 446 379 924 651
face 0.014473557472229004 446 379 924 651
face 0.014458239078521729 446 379 924 651
face 0.014363318681716919 446 379 924 651
face 0.014228343963623047 446 379 924 651
face 0.014032512903213501 446 379 924 651
face 0.014020562171936035 446 379 924 651
face 0.01397201418876648 446 379 924 651
face 0.013909190893173218 446 379 924 651
face 0.013890206813812256 446 379 924 651
face 0.013546079397201538 446 379 924 651
face 0.013534247875213623 446 379 924 651
face 0.013425350189208984 446 379 924 651
face 0.013372451066970825 446 379 924 651
face 0.013370752334594727 446 379 924 651
face 0.013286620378494263 446 379 924 651
face 0.01321345567703247 446 379 924 651
face 0.01313367486000061 446 379 924 651
face 0.013117790222167969 446 379 924 651
face 0.013074159622192383 446 379 924 651
face 0.01295161247253418 446 379 924 651
face 0.012784987688064575 446 379 924 651
face 0.012775808572769165 446 379 924 651
face 0.012771964073181152 446 379 924 651
face 0.012648582458496094 446 379 924 651
face 0.01264721155166626 446 379 924 651
face 0.012587428092956543 446 379 924 651
