face 0.8230394124984741 812 92 835 131
face 0.7949510812759399 970 155 988 180
face 0.26118355989456177 970 155 988 180
face 0.06670457124710083 970 155 988 180
face 0.04434749484062195 970 155 988 180
face 0.0349564254283905 970 155 988 180
face 0.032166510820388794 970 155 988 180
face 0.029565423727035522 970 155 988 180
face 0.025679558515548706 970 155 988 180
face 0.021039634943008423 970 155 988 180
face 0.019783884286880493 970 155 988 180
face 0.018265128135681152 970 155 988 180
face 0.01817607879638672 970 155 988 180
face 0.01794898509979248 970 155 988 180
face 0.01595228910446167 970 155 988 180
face 0.015617221593856812 970 155 988 180
face 0.015110403299331665 970 155 988 180
face 0.013956129550933838 970 155 988 180
face 0.013799071311950684 970 155 988 180
face 0.013697415590286255 970 155 988 180
face 0.013012975454330444 970 155 988 180
face 0.012804418802261353 970 155 988 180
face 0.012000888586044312 970 155 988 180
face 0.01151314377784729 970 155 988 180
face 0.011491715908050537 970 155 988 180
face 0.011160463094711304 970 155 988 180
face 0.010014891624450684 970 155 988 180
face 0.009599477052688599 970 155 988 180
face 0.009326726198196411 970 155 988 180
face 0.008820861577987671 970 155 988 180
face 0.008621007204055786 970 155 988 180
face 0.008562445640563965 970 155 988 180
face 0.008561432361602783 970 155 988 180
face 0.008473634719848633 970 155 988 180
face 0.00836948025971651 970 155 988 180
face 0.008259415626525879 970 155 988 180
face 0.008249878883361816 970 155 988 180
face 0.008195996284484863 970 155 988 180
face 0.00802987813949585 970 155 988 180
face 0.007933378219604492 970 155 988 180
face 0.00760728120803833 970 155 988 180
face 0.007105499505996704 970 155 988 180
face 0.006945312023162842 970 155 988 180
face 0.006709575653076172 970 155 988 180
face 0.006546735763549805 970 155 988 180
face 0.006489396095275879 970 155 988 180
face 0.006459265947341919 970 155 988 180
face 0.006047576665878296 970 155 988 180
face 0.005951881408691406 970 155 988 180
face 0.0058300793170928955 970 155 988 180
face 0.005675405263900757 970 155 988 180
face 0.005585163831710815 970 155 988 180
face 0.005577206611633301 970 155 988 180
face 0.005553752183914185 970 155 988 180
face 0.005513429641723633 970 155 988 180
face 0.005485802888870239 970 155 988 180
face 0.005443692207336426 970 155 988 180
face 0.005406796932220459 970 155 988 180
face 0.005241096019744873 970 155 988 180
face 0.005217462778091431 970 155 988 180
face 0.005093038082122803 970 155 988 180
face 0.004844635725021362 970 155 988 180
face 0.004830777645111084 970 155 988 180
face 0.00482979416847229 970 155 988 180
face 0.0047716498374938965 970 155 988 180
face 0.004438430070877075 970 155 988 180
face 0.00442621111869812 970 155 988 180
face 0.004396975040435791 970 155 988 180
face 0.004388630390167236 970 155 988 180
face 0.004377812147140503 970 155 988 180
face 0.004376083612442017 970 155 988 180
face 0.004322528839111328 970 155 988 180
face 0.004276543855667114 970 155 988 180
face 0.004234194755554199 970 155 988 180
face 0.004101872444152832 970 155 988 180
face 0.004095584154129028 970 155 988 180
face 0.004095137119293213 970 155 988 180
face 0.0040749311447143555 970 155 988 180
face 0.004052788019180298 970 155 988 180
face 0.004036515951156616 970 155 988 180
face 0.004026144742965698 970 155 988 180
face 0.004002422094345093 970 155 988 180
face 0.003962814807891846 970 155 988 180
face 0.003924697637557983 970 155 988 180
face 0.003918349742889404 970 155 988 180
face 0.0038529038429260254 970 155 988 180
face 0.003766357898712158 970 155 988 180
face 0.0037602484226226807 970 155 988 180
face 0.0036604106426239014 970 155 988 180
face 0.0036540329456329346 970 155 988 180
face 0.0035500824451446533 970 155 988 180
face 0.0035349130630493164 970 155 988 180
face 0.0035302340984344482 970 155 988 180
face 0.0035214126110076904 970 155 988 180
face 0.003508627414703369 970 155 988 180
face 0.003439098596572876 970 155 988 180
face 0.003398805856704712 970 155 988 180
face 0.0033311843872070312 970 155 988 180
face 0.0033031105995178223 970 155 988 180
face 0.0032873153686523438 970 155 988 180
