face 0.9976959228515625 453 186 491 229
face 0.9932606220245361 514 147 547 188
face 0.9719523191452026 912 244 960 293
face 0.964682400226593 618 131 647 170
face 0.9185110330581665 781 121 802 147
face 0.9148867130279541 685 85 706 113
face 0.806579053401947 322 56 340 81
face 0.7488126754760742 894 59 913 81
face 0.6546252965927124 487 29 500 55
face 0.6152283549308777 177 60 195 87
face 0.5931064486503601 262 69 280 94
face 0.5881032347679138 931 82 953 106
face 0.5566294193267822 418 49 432 73
face 0.44697922468185425 418 49 432 73
face 0.42219552397727966 418 49 432 73
face 0.38254207372665405 418 49 432 73
face 0.30027514696121216 418 49 432 73
face 0.2965364158153534 418 49 432 73
face 0.2224096655845642 418 49 432 73
face 0.21735379099845886 418 49 432 73
face 0.19082263112068176 418 49 432 73
face 0.19012317061424255 418 49 432 73
face 0.1736029088497162 418 49 432 73
face 0.17193740606307983 418 49 432 73
face 0.16846033930778503 418 49 432 73
face 0.12744742631912231 418 49 432 73
face 0.10208827257156372 418 49 432 73
face 0.10182404518127441 418 49 432 73
face 0.08847269415855408 418 49 432 73
face 0.08195236325263977 418 49 432 73
face 0.08137574791908264 418 49 432 73
face 0.077330082654953 418 49 432 73
face 0.06439444422721863 418 49 432 73
face 0.06356969475746155 418 49 432 73
face 0.05264785885810852 418 49 432 73
face 0.05072292685508728 418 49 432 73
face 0.042662203311920166 418 49 432 73
face 0.04028657078742981 418 49 432 73
face 0.03756722807884216 418 49 432 73
face 0.03634127974510193 418 49 432 73
face 0.036088258028030396 418 49 432 73
face 0.03544357419013977 418 49 432 73
face 0.030212223529815674 418 49 432 73
face 0.028476357460021973 418 49 432 73
face 0.027780979871749878 418 49 432 73
face 0.02626514434814453 418 49 432 73
face 0.024453550577163696 418 49 432 73
face 0.023943036794662476 418 49 432 73
face 0.02348273992538452 418 49 432 73
face 0.022806107997894287 418 49 432 73
face 0.022181689739227295 418 49 432 73
face 0.019599497318267822 418 49 432 73
face 0.019475042819976807 418 49 432 73
face 0.017686843872070312 418 49 432 73
face 0.01692262291908264 418 49 432 73
face 0.0163724422454834 418 49 432 73
face 0.015027761459350586 418 49 432 73
face 0.014940768480300903 418 49 432 73
face 0.014114409685134888 418 49 432 73
face 0.013214737176895142 418 49 432 73
face 0.013032019138336182 418 49 432 73
face 0.013020753860473633 418 49 432 73
face 0.012801587581634521 418 49 432 73
face 0.012451380491256714 418 49 432 73
face 0.012187182903289795 418 49 432 73
face 0.012025326490402222 418 49 432 73
face 0.011849403381347656 418 49 432 73
face 0.011814862489700317 418 49 432 73
face 0.01152852177619934 418 49 432 73
face 0.011450439691543579 418 49 432 73
face 0.011246651411056519 418 49 432 73
face 0.011231154203414917 418 49 432 73
face 0.01094701886177063 418 49 432 73
face 0.010848551988601685 418 49 432 73
face 0.010745853185653687 418 49 432 73
face 0.010584920644760132 418 49 432 73
face 0.010569244623184204 418 49 432 73
face 0.01039421558380127 418 49 432 73
face 0.009860605001449585 418 49 432 73
face 0.009748607873916626 418 49 432 73
face 0.00968790054321289 418 49 432 73
face 0.009373247623443604 418 49 432 73
face 0.009332478046417236 418 49 432 73
face 0.009330123662948608 418 49 432 73
face 0.009320259094238281 418 49 432 73
face 0.009104341268539429 418 49 432 73
face 0.008517026901245117 418 49 432 73
face 0.008515775203704834 418 49 432 73
face 0.008190661668777466 418 49 432 73
face 0.007819831371307373 418 49 432 73
face 0.0077893733978271484 418 49 432 73
face 0.007710844278335571 418 49 432 73
face 0.007604449987411499 418 49 432 73
face 0.007567673921585083 418 49 432 73
face 0.007291316986083984 418 49 432 73
face 0.007270455360412598 418 49 432 73
face 0.007072955369949341 418 49 432 73
face 0.007029235363006592 418 49 432 73
face 0.007013648748397827 418 49 432 73
face 0.006845295429229736 418 49 432 73
