face 0.9996006488800049 195 74 217 101
face 0.9983118772506714 464 82 485 107
face 0.9977691173553467 307 49 328 75
face 0.9973036050796509 886 80 903 101
face 0.9967626333236694 794 87 813 111
face 0.9835422039031982 96 54 116 79
face 0.9727576971054077 551 75 569 98
face 0.9320864677429199 367 77 387 100
face 0.7085642218589783 974 69 991 91
face 0.5882090330123901 386 82 405 105
face 0.5609155893325806 699 62 718 85
face 0.4796304702758789 699 62 718 85
face 0.38762304186820984 699 62 718 85
face 0.2727639675140381 699 62 718 85
face 0.24058952927589417 699 62 718 85
face 0.15587067604064941 699 62 718 85
face 0.14209866523742676 699 62 718 85
face 0.10892081260681152 699 62 718 85
face 0.10071128606796265 699 62 718 85
face 0.092243492603302 699 62 718 85
face 0.08042672276496887 699 62 718 85
face 0.06952404975891113 699 62 718 85
face 0.06588739156723022 699 62 718 85
face 0.06580498814582825 699 62 718 85
face 0.06195896863937378 699 62 718 85
face 0.06177327036857605 699 62 718 85
face 0.057752639055252075 699 62 718 85
face 0.0552157461643219 699 62 718 85
face 0.0525568425655365 699 62 718 85
face 0.05209872126579285 699 62 718 85
face 0.050992876291275024 699 62 718 85
face 0.048853158950805664 699 62 718 85
face 0.046746253967285156 699 62 718 85
face 0.04671606421470642 699 62 718 85
face 0.04538583755493164 699 62 718 85
face 0.04388570785522461 699 62 718 85
face 0.04321330785751343 699 62 718 85
face 0.04311063885688782 699 62 718 85
face 0.042870134115219116 699 62 718 85
face 0.03897064924240112 699 62 718 85
face 0.03551095724105835 699 62 718 85
face 0.035401761531829834 699 62 718 85
face 0.035125792026519775 699 62 718 85
face 0.03490710258483887 699 62 718 85
face 0.034246861934661865 699 62 718 85
face 0.03413301706314087 699 62 718 85
face 0.03375998139381409 699 62 718 85
face 0.032845497131347656 699 62 718 85
face 0.03266832232475281 699 62 718 85
face 0.03206387162208557 699 62 718 85
face 0.031538426876068115 699 62 718 85
face 0.030408114194869995 699 62 718 85
face 0.029778331518173218 699 62 718 85
face 0.02827891707420349 699 62 718 85
face 0.02693265676498413 699 62 718 85
face 0.025960803031921387 699 62 718 85
face 0.02562776207923889 699 62 718 85
face 0.02529779076576233 699 62 718 85
face 0.025165408849716187 699 62 718 85
face 0.02442270517349243 699 62 718 85
face 0.02375510334968567 699 62 718 85
face 0.023552149534225464 699 62 718 85
face 0.022653788328170776 699 62 718 85
face 0.02207764983177185 699 62 718 85
face 0.021471530199050903 699 62 718 85
face 0.020001769065856934 699 62 718 85
face 0.01989448070526123 699 62 718 85
face 0.01989176869392395 699 62 718 85
face 0.019487977027893066 699 62 718 85
face 0.019331395626068115 699 62 718 85
face 0.01925116777420044 699 62 718 85
face 0.018792301416397095 699 62 718 85
face 0.018356353044509888 699 62 718 85
face 0.017805367708206177 699 62 718 85
face 0.01764807105064392 699 62 718 85
face 0.017215341329574585 699 62 718 85
face 0.01678532361984253 699 62 718 85
face 0.01676654815673828 699 62 718 85
face 0.016512572765350342 699 62 718 85
face 0.015655815601348877 699 62 718 85
face 0.015541136264801025 699 62 718 85
face 0.015501290559768677 699 62 718 85
face 0.014569014310836792 699 62 718 85
face 0.014496803283691406 699 62 718 85
face 0.014309287071228027 699 62 718 85
face 0.01407352089881897 699 62 718 85
face 0.013984322547912598 699 62 718 85
face 0.01393243670463562 699 62 718 85
face 0.013204365968704224 699 62 718 85
face 0.013038098812103271 699 62 718 85
face 0.012984931468963623 699 62 718 85
face 0.012869328260421753 699 62 718 85
face 0.012804269790649414 699 62 718 85
face 0.01277768611907959 699 62 718 85
face 0.012402743101119995 699 62 718 85
face 0.012368917465209961 699 62 718 85
face 0.011961907148361206 699 62 718 85
face 0.010922521352767944 699 62 718 85
face 0.010862886905670166 699 62 718 85
face 0.010777026414871216 699 62 718 85
