face 0.9980002641677856 95 79 499 382
face 0.024346649646759033 95 79 499 382
face 0.022847741842269897 95 79 499 382
face 0.01952347159385681 95 79 499 382
face 0.01914253830909729 95 79 499 382
face 0.018906980752944946 95 79 499 382
face 0.017934203147888184 95 79 499 382
face 0.017824500799179077 95 79 499 382
face 0.016178548336029053 95 79 499 382
face 0.015144884586334229 95 79 499 382
face 0.01466485857963562 95 79 499 382
face 0.014272153377532959 95 79 499 382
face 0.012657523155212402 95 79 499 382
face 0.011816561222076416 95 79 499 382
face 0.011580556631088257 95 79 499 382
face 0.011183679103851318 95 79 499 382
face 0.01109093427658081 95 79 499 382
face 0.010969549417495728 95 79 499 382
face 0.010962843894958496 95 79 499 382
face 0.010867029428482056 95 79 499 382
face 0.010836303234100342 95 79 499 382
face 0.01074931025505066 95 79 499 382
face 0.010385006666183472 95 79 499 382
face 0.010300964117050171 95 79 499 382
face 0.00990527868270874 95 79 499 382
face 0.009723663330078125 95 79 499 382
face 0.009594619274139404 95 79 499 382
face 0.009502977132797241 95 79 499 382
face 0.0093575119972229 95 79 499 382
face 0.009086191654205322 95 79 499 382
face 0.00906321406364441 95 79 499 382
face 0.008983343839645386 95 79 499 382
face 0.008941799402236938 95 79 499 382
face 0.008940637111663818 95 79 499 382
face 0.008898526430130005 95 79 499 382
face 0.008895963430404663 95 79 499 382
face 0.008837968111038208 95 79 499 382
face 0.00872790813446045 95 79 499 382
face 0.008542925119400024 95 79 499 382
face 0.00838366150856018 95 79 499 382
face 0.008355826139450073 95 79 499 382
face 0.008030235767364502 95 79 499 382
face 0.00798460841178894 95 79 499 382
face 0.007906198501586914 95 79 499 382
face 0.007867783308029175 95 79 499 382
face 0.007646471261978149 95 79 499 382
face 0.007512181997299194 95 79 499 382
face 0.007483780384063721 95 79 499 382
face 0.007412612438201904 95 79 499 382
face 0.007403969764709473 95 79 499 382
face 0.007196962833404541 95 79 499 382
face 0.006970643997192383 95 79 499 382
face 0.0069450438022613525 95 79 499 382
face 0.006895601749420166 95 79 499 382
face 0.0068822503089904785 95 79 499 382
face 0.006832867860794067 95 79 499 382
face 0.00682106614112854 95 79 499 382
face 0.006741166114807129 95 79 499 382
face 0.006578505039215088 95 79 499 382
face 0.006547689437866211 95 79 499 382
face 0.006479442119598389 95 79 499 382
face 0.006468594074249268 95 79 499 382
face 0.0064465999603271484 95 79 499 382
face 0.006424695253372192 95 79 499 382
face 0.006404578685760498 95 79 499 382
face 0.006393522024154663 95 79 499 382
face 0.006370961666107178 95 79 499 382
face 0.006370246410369873 95 79 499 382
face 0.006252169609069824 95 79 499 382
face 0.006172388792037964 95 79 499 382
face 0.006097376346588135 95 79 499 382
face 0.006071269512176514 95 79 499 382
face 0.0060672760009765625 95 79 499 382
face 0.006065160036087036 95 79 499 382
face 0.006042957305908203 95 79 499 382
face 0.005991935729980469 95 79 499 382
face 0.00598713755607605 95 79 499 382
face 0.005967080593109131 95 79 499 382
face 0.005908161401748657 95 79 499 382
face 0.005900353193283081 95 79 499 382
face 0.005891531705856323 95 79 499 382
face 0.0058758556842803955 95 79 499 382
face 0.005813688039779663 95 79 499 382
face 0.005790889263153076 95 79 499 382
face 0.005757570266723633 95 79 499 382
face 0.005673259496688843 95 79 499 382
face 0.005671769380569458 95 79 499 382
face 0.005646109580993652 95 79 499 382
face 0.005622416734695435 95 79 499 382
face 0.005611598491668701 95 79 499 382
face 0.005602240562438965 95 79 499 382
face 0.0056002140045166016 95 79 499 382
face 0.005596160888671875 95 79 499 382
face 0.005586504936218262 95 79 499 382
face 0.005552798509597778 95 79 499 382
face 0.0055252909660339355 95 79 499 382
face 0.005415380001068115 95 79 499 382
face 0.005384117364883423 95 79 499 382
face 0.0053098201751708984 95 79 499 382
face 0.005218297243118286 95 79 499 382
