face 0.9839550256729126 359 44 480 216
face 0.10672768950462341 359 44 480 216
face 0.09206834435462952 359 44 480 216
face 0.05707088112831116 359 44 480 216
face 0.05637887120246887 359 44 480 216
face 0.054505497217178345 359 44 480 216
face 0.04991406202316284 359 44 480 216
face 0.04644608497619629 359 44 480 216
face 0.038563281297683716 359 44 480 216
face 0.0380382239818573 359 44 480 216
face 0.03589716553688049 359 44 480 216
face 0.03306257724761963 359 44 480 216
face 0.027989894151687622 359 44 480 216
face 0.026675671339035034 359 44 480 216
face 0.025181859731674194 359 44 480 216
face 0.023479938507080078 359 44 480 216
face 0.022735804319381714 359 44 480 216
face 0.020764797925949097 359 44 480 216
face 0.019632160663604736 359 44 480 216
face 0.019339144229888916 359 44 480 216
face 0.01900574564933777 359 44 480 216
face 0.018867909908294678 359 44 480 216
face 0.01727154850959778 359 44 480 216
face 0.017109155654907227 359 44 480 216
face 0.017064183950424194 359 44 480 216
face 0.016421914100646973 359 44 480 216
face 0.01631397008895874 359 44 480 216
face 0.016126245260238647 359 44 480 216
face 0.016124844551086426 359 44 480 216
face 0.015919089317321777 359 44 480 216
face 0.01573386788368225 359 44 480 216
face 0.015478700399398804 359 44 480 216
face 0.014733552932739258 359 44 480 216
face 0.013880789279937744 359 44 480 216
face 0.01335933804512024 359 44 480 216
face 0.013022661209106445 359 44 480 216
face 0.012743085622787476 359 44 480 216
face 0.012453943490982056 359 44 480 216
face 0.012450724840164185 359 44 480 216
face 0.012252837419509888 359 44 480 216
face 0.0122128427028656 359 44 480 216
face 0.012182146310806274 359 44 480 216
face 0.011805593967437744 359 44 480 216
face 0.011800289154052734 359 44 480 216
face 0.011709719896316528 359 44 480 216
face 0.011606812477111816 359 44 480 216
face 0.011572480201721191 359 44 480 216
face 0.01150965690612793 359 44 480 216
face 0.01139676570892334 359 44 480 216
face 0.011209636926651001 359 44 480 216
face 0.010810047388076782 359 44 480 216
face 0.01041516661643982 359 44 480 216
face 0.010304301977157593 359 44 480 216
face 0.009849488735198975 359 44 480 216
face 0.00980234146118164 359 44 480 216
face 0.009742438793182373 359 44 480 216
face 0.009567081928253174 359 44 480 216
face 0.009502708911895752 359 44 480 216
face 0.009298980236053467 359 44 480 216
face 0.00928613543510437 359 44 480 216
face 0.009259283542633057 359 44 480 216
face 0.00924721360206604 359 44 480 216
face 0.009202301502227783 359 44 480 216
face 0.008846938610076904 359 44 480 216
face 0.008841723203659058 359 44 480 216
face 0.008805721998214722 359 44 480 216
face 0.008766621351242065 359 44 480 216
face 0.008586198091506958 359 44 480 216
face 0.008579224348068237 359 44 480 216
face 0.00845751166343689 359 44 480 216
face 0.00835275650024414 359 44 480 216
face 0.008346229791641235 359 44 480 216
face 0.008318305015563965 359 44 480 216
face 0.008298248052597046 359 44 480 216
face 0.008275806903839111 359 44 480 216
face 0.007730305194854736 359 44 480 216
face 0.00745922327041626 359 44 480 216
face 0.00742030143737793 359 44 480 216
face 0.007273316383361816 359 44 480 216
face 0.0071929097175598145 359 44 480 216
face 0.007064610719680786 359 44 480 216
face 0.0069509148597717285 359 44 480 216
face 0.006894558668136597 359 44 480 216
face 0.006737321615219116 359 44 480 216
face 0.006731778383255005 359 44 480 216
face 0.006722241640090942 359 44 480 216
face 0.006710231304168701 359 44 480 216
face 0.006629645824432373 359 44 480 216
face 0.006606400012969971 359 44 480 216
face 0.0065073370933532715 359 44 480 216
face 0.006288021802902222 359 44 480 216
face 0.006260305643081665 359 44 480 216
face 0.005991250276565552 359 44 480 216
face 0.005881279706954956 359 44 480 216
face 0.005875259637832642 359 44 480 216
face 0.005850464105606079 359 44 480 216
face 0.005784481763839722 359 44 480 216
face 0.00566256046295166 359 44 480 216
face 0.005627155303955078 359 44 480 216
face 0.005578428506851196 359 44 480 216
