face 0.9980462789535522 422 20 724 320
face 0.28713172674179077 422 20 724 320
face 0.03564572334289551 422 20 724 320
face 0.035205066204071045 422 20 724 320
face 0.029621750116348267 422 20 724 320
face 0.028133034706115723 422 20 724 320
face 0.02447250485420227 422 20 724 320
face 0.021753370761871338 422 20 724 320
face 0.01961025595664978 422 20 724 320
face 0.01954120397567749 422 20 724 320
face 0.018953800201416016 422 20 724 320
face 0.017287850379943848 422 20 724 320
face 0.017139673233032227 422 20 724 320
face 0.016806691884994507 422 20 724 320
face 0.014395058155059814 422 20 724 320
face 0.014084696769714355 422 20 724 320
face 0.013806164264678955 422 20 724 320
face 0.013287484645843506 422 20 724 320
face 0.01307716965675354 422 20 724 320
face 0.011532127857208252 422 20 724 320
face 0.011043578386306763 422 20 724 320
face 0.010933667421340942 422 20 724 320
face 0.01085159182548523 422 20 724 320
face 0.01074400544166565 422 20 724 320
face 0.01048627495765686 422 20 724 320
face 0.010248422622680664 422 20 724 320
face 0.009681284427642822 422 20 724 320
face 0.009646594524383545 422 20 724 320
face 0.009566038846969604 422 20 724 320
face 0.009483754634857178 422 20 724 320
face 0.008777916431427002 422 20 724 320
face 0.008740812540054321 422 20 724 320
face 0.008576542139053345 422 20 724 320
face 0.008422493934631348 422 20 724 320
face 0.008285224437713623 422 20 724 320
face 0.008244901895523071 422 20 724 320
face 0.008016735315322876 422 20 724 320
face 0.007661372423171997 422 20 724 320
face 0.007192254066467285 422 20 724 320
face 0.007127583026885986 422 20 724 320
face 0.007068336009979248 422 20 724 320
face 0.006998538970947266 422 20 724 320
face 0.0069158077239990234 422 20 724 320
face 0.006812751293182373 422 20 724 320
face 0.006805628538131714 422 20 724 320
face 0.006643205881118774 422 20 724 320
face 0.006617993116378784 422 20 724 320
face 0.00652429461479187 422 20 724 320
face 0.006429523229598999 422 20 724 320
face 0.006420791149139404 422 20 724 320
face 0.006409347057342529 422 20 724 320
face 0.006321221590042114 422 20 724 320
face 0.006222575902938843 422 20 724 320
face 0.0061626136302948 422 20 724 320
face 0.006147980690002441 422 20 724 320
face 0.00608748197555542 422 20 724 320
face 0.0060269832611083984 422 20 724 320
face 0.005940377712249756 422 20 724 320
face 0.005889832973480225 422 20 724 320
face 0.005883336067199707 422 20 724 320
face 0.005805283784866333 422 20 724 320
face 0.005802541971206665 422 20 724 320
face 0.005780637264251709 422 20 724 320
face 0.005724281072616577 422 20 724 320
face 0.00557398796081543 422 20 724 320
face 0.005545467138290405 422 20 724 320
face 0.0055411458015441895 422 20 724 320
face 0.0054929256439208984 422 20 724 320
face 0.005480825901031494 422 20 724 320
face 0.005467742681503296 422 20 724 320
face 0.005400925874710083 422 20 724 320
face 0.005355924367904663 422 20 724 320
face 0.005325794219970703 422 20 724 320
face 0.005319058895111084 422 20 724 320
face 0.005246251821517944 422 20 724 320
face 0.005168259143829346 422 20 724 320
face 0.005163669586181641 422 20 724 320
face 0.005067735910415649 422 20 724 320
face 0.005011618137359619 422 20 724 320
face 0.004984945058822632 422 20 724 320
face 0.004915207624435425 422 20 724 320
face 0.004820704460144043 422 20 724 320
face 0.004815876483917236 422 20 724 320
face 0.004807859659194946 422 20 724 320
face 0.00478750467300415 422 20 724 320
face 0.004734903573989868 422 20 724 320
face 0.004658371210098267 422 20 724 320
face 0.004655778408050537 422 20 724 320
face 0.004596710205078125 422 20 724 320
face 0.004377812147140503 422 20 724 320
face 0.004327446222305298 422 20 724 320
face 0.004250913858413696 422 20 724 320
face 0.0042417943477630615 422 20 724 320
face 0.00423663854598999 422 20 724 320
face 0.004175841808319092 422 20 724 320
face 0.004174262285232544 422 20 724 320
face 0.0041700005531311035 422 20 724 320
face 0.00416448712348938 422 20 724 320
face 0.004098713397979736 422 20 724 320
face 0.004086732864379883 422 20 724 320
