face 0.9959444999694824 380 129 510 325
face 0.010619163513183594 380 129 510 325
face 0.010524451732635498 380 129 510 325
face 0.010282397270202637 380 129 510 325
face 0.009668856859207153 380 129 510 325
face 0.009468615055084229 380 129 510 325
face 0.008080482482910156 380 129 510 325
face 0.0079268217086792 380 129 510 325
face 0.007365763187408447 380 129 510 325
face 0.007003664970397949 380 129 510 325
face 0.00669369101524353 380 129 510 325
face 0.006667107343673706 380 129 510 325
face 0.006485968828201294 380 129 510 325
face 0.006433069705963135 380 129 510 325
face 0.006394058465957642 380 129 510 325
face 0.00620684027671814 380 129 510 325
face 0.006124824285507202 380 129 510 325
face 0.0059667229652404785 380 129 510 325
face 0.005827277898788452 380 129 510 325
face 0.005749017000198364 380 129 510 325
face 0.005710184574127197 380 129 510 325
face 0.0056681036949157715 380 129 510 325
face 0.005666285753250122 380 129 510 325
face 0.00559881329536438 380 129 510 325
face 0.005497366189956665 380 129 510 325
face 0.005454272031784058 380 129 510 325
face 0.005389869213104248 380 129 510 325
face 0.005157768726348877 380 129 510 325
face 0.005070745944976807 380 129 510 325
face 0.005059599876403809 380 129 510 325
face 0.005036026239395142 380 129 510 325
face 0.005011647939682007 380 129 510 325
face 0.005005985498428345 380 129 510 325
face 0.00496441125869751 380 129 510 325
face 0.004957050085067749 380 129 510 325
face 0.004912525415420532 380 129 510 325
face 0.004894077777862549 380 129 510 325
face 0.0048919618129730225 380 129 510 325
face 0.004853367805480957 380 129 510 325
face 0.004792958498001099 380 129 510 325
face 0.0047605037689208984 380 129 510 325
face 0.004719346761703491 380 129 510 325
face 0.004686266183853149 380 129 510 325
face 0.0046548545360565186 380 129 510 325
face 0.004537045955657959 380 129 510 325
face 0.004496753215789795 380 129 510 325
face 0.0043093860149383545 380 129 510 325
face 0.004268139600753784 380 129 510 325
face 0.004261761903762817 380 129 510 325
face 0.0042570531368255615 380 129 510 325
face 0.004253000020980835 380 129 510 325
face 0.0041976869106292725 380 129 510 325
face 0.004167079925537109 380 129 510 325
face 0.004160523414611816 380 129 510 325
face 0.004048347473144531 380 129 510 325
face 0.00403207540512085 380 129 510 325
face 0.0039941370487213135 380 129 510 325
face 0.0039934515953063965 380 129 510 325
face 0.003970205783843994 380 129 510 325
face 0.0039553046226501465 380 129 510 325
face 0.003944039344787598 380 129 510 325
face 0.00393339991569519 380 129 510 325
face 0.0038743317127227783 380 129 510 325
face 0.003873378038406372 380 129 510 325
face 0.0038547515869140625 380 129 510 325
face 0.0038529932498931885 380 129 510 325
face 0.0038320720195770264 380 129 510 325
face 0.003831624984741211 380 129 510 325
face 0.0038050413131713867 380 129 510 325
face 0.0038034915924072266 380 129 510 325
face 0.0037285685539245605 380 129 510 325
face 0.003724902868270874 380 129 510 325
face 0.003713369369506836 380 129 510 325
face 0.003689497709274292 380 129 510 325
face 0.0036778151988983154 380 129 510 325
face 0.0036615729331970215 380 129 510 325
face 0.0036545991897583008 380 129 510 325
face 0.0036191046237945557 380 129 510 325
face 0.0036108791828155518 380 129 510 325
face 0.003579169511795044 380 129 510 325
face 0.0035440921783447266 380 129 510 325
face 0.003504127264022827 380 129 510 325
face 0.0034853219985961914 380 129 510 325
face 0.003478914499282837 380 129 510 325
face 0.003441423177719116 380 129 510 325
face 0.003420025110244751 380 129 510 325
face 0.0034025907516479492 380 129 510 325
face 0.003388911485671997 380 129 510 325
face 0.0033884048461914062 380 129 510 325
face 0.003371596336364746 380 129 510 325
face 0.0033671557903289795 380 129 510 325
face 0.003360062837600708 380 129 510 325
face 0.0033299028873443604 380 129 510 325
face 0.003321528434753418 380 129 510 325
face 0.0032980740070343018 380 129 510 325
face 0.0032936036586761475 380 129 510 325
face 0.0032853782176971436 380 129 510 325
face 0.0032806694507598877 380 129 510 325
face 0.003279447555541992 380 129 510 325
face 0.003243863582611084 380 129 510 325
