face 0.9598450064659119 422 405 518 526
face 0.048835158348083496 422 405 518 526
face 0.029460161924362183 422 405 518 526
face 0.028798967599868774 422 405 518 526
face 0.02066284418106079 422 405 518 526
face 0.01969394087791443 422 405 518 526
face 0.019355803728103638 422 405 518 526
face 0.018717318773269653 422 405 518 526
face 0.018301725387573242 422 405 518 526
face 0.016961216926574707 422 405 518 526
face 0.015622615814208984 422 405 518 526
face 0.015594691038131714 422 405 518 526
face 0.015389889478683472 422 405 518 526
face 0.015341788530349731 422 405 518 526
face 0.015288740396499634 422 405 518 526
face 0.015142709016799927 422 405 518 526
face 0.014847159385681152 422 405 518 526
face 0.014551818370819092 422 405 518 526
face 0.014410197734832764 422 405 518 526
face 0.014398664236068726 422 405 518 526
face 0.014348924160003662 422 405 518 526
face 0.014141201972961426 422 405 518 526
face 0.014083713293075562 422 405 518 526
face 0.013980746269226074 422 405 518 526
face 0.013884514570236206 422 405 518 526
face 0.013766318559646606 422 405 518 526
face 0.013332068920135498 422 405 518 526
face 0.012870877981185913 422 405 518 526
face 0.012806296348571777 422 405 518 526
face 0.012411922216415405 422 405 518 526
face 0.012222349643707275 422 405 518 526
face 0.012183666229248047 422 405 518 526
face 0.01204022765159607 422 405 518 526
face 0.01195254921913147 422 405 518 526
face 0.011595189571380615 422 405 518 526
face 0.011565357446670532 422 405 518 526
face 0.01149439811706543 422 405 518 526
face 0.011358261108398438 422 405 518 526
face 0.011329442262649536 422 405 518 526
face 0.011233121156692505 422 405 518 526
face 0.011134922504425049 422 405 518 526
face 0.011121809482574463 422 405 518 526
face 0.011036664247512817 422 405 518 526
face 0.010928809642791748 422 405 518 526
face 0.010707080364227295 422 405 518 526
face 0.010601788759231567 422 405 518 526
face 0.010396122932434082 422 405 518 526
face 0.01033860445022583 422 405 518 526
face 0.010299593210220337 422 405 518 526
face 0.010287821292877197 422 405 518 526
face 0.010181039571762085 422 405 518 526
face 0.010015368461608887 422 405 518 526
face 0.009985029697418213 422 405 518 526
face 0.009930610656738281 422 405 518 526
face 0.009841471910476685 422 405 518 526
face 0.00981980562210083 422 405 518 526
face 0.009694725275039673 422 405 518 526
face 0.009621024131774902 422 405 518 526
face 0.009602963924407959 422 405 518 526
face 0.009501904249191284 422 405 518 526
face 0.009456247091293335 422 405 518 526
face 0.009416073560714722 422 405 518 526
face 0.009357422590255737 422 405 518 526
face 0.009259551763534546 422 405 518 526
face 0.009143590927124023 422 405 518 526
face 0.009092628955841064 422 405 518 526
face 0.009067237377166748 422 405 518 526
face 0.009058624505996704 422 405 518 526
face 0.00902092456817627 422 405 518 526
face 0.009007424116134644 422 405 518 526
face 0.008975565433502197 422 405 518 526
face 0.008962154388427734 422 405 518 526
face 0.008927226066589355 422 405 518 526
face 0.008922696113586426 422 405 518 526
face 0.008822888135910034 422 405 518 526
face 0.00880742073059082 422 405 518 526
face 0.008671462535858154 422 405 518 526
face 0.008662194013595581 422 405 518 526
face 0.008564203977584839 422 405 518 526
face 0.008541971445083618 422 405 518 526
face 0.008540749549865723 422 405 518 526
face 0.008528172969818115 422 405 518 526
face 0.00846773386001587 422 405 518 526
face 0.008422702550888062 422 405 518 526
face 0.008359968662261963 422 405 518 526
face 0.00827530026435852 422 405 518 526
face 0.008273512125015259 422 405 518 526
face 0.008124887943267822 422 405 518 526
face 0.008013397455215454 422 405 518 526
face 0.007994771003723145 422 405 518 526
face 0.007913321256637573 422 405 518 526
face 0.007841676473617554 422 405 518 526
face 0.007720530033111572 422 405 518 526
face 0.0076826512813568115 422 405 518 526
face 0.007662177085876465 422 405 518 526
face 0.007617056369781494 422 405 518 526
face 0.007609039545059204 422 405 518 526
face 0.007569015026092529 422 405 518 526
face 0.007537573575973511 422 405 518 526
face 0.007535964250564575 422 405 518 526
