face 0.9327946901321411 471 383 484 399
face 0.8832427263259888 257 410 270 427
face 0.8623688220977783 329 416 340 431
face 0.7246643900871277 424 431 435 446
face 0.4896165430545807 424 431 435 446
face 0.37729915976524353 424 431 435 446
face 0.372586190700531 424 431 435 446
face 0.3206043243408203 424 431 435 446
face 0.30103057622909546 424 431 435 446
face 0.22604936361312866 424 431 435 446
face 0.22536766529083252 424 431 435 446
face 0.22415372729301453 424 431 435 446
face 0.1974213719367981 424 431 435 446
face 0.09353375434875488 424 431 435 446
face 0.06339016556739807 424 431 435 446
face 0.06097617745399475 424 431 435 446
face 0.043086469173431396 424 431 435 446
face 0.04194101691246033 424 431 435 446
face 0.037093669176101685 424 431 435 446
face 0.03279566764831543 424 431 435 446
face 0.03226524591445923 424 431 435 446
face 0.024320900440216064 424 431 435 446
face 0.02391114830970764 424 431 435 446
face 0.022625863552093506 424 431 435 446
face 0.022214889526367188 424 431 435 446
face 0.020167648792266846 424 431 435 446
face 0.019567161798477173 424 431 435 446
face 0.01809445023536682 424 431 435 446
face 0.016035616397857666 424 431 435 446
face 0.015046298503875732 424 431 435 446
face 0.012798309326171875 424 431 435 446
face 0.012730509042739868 424 431 435 446
face 0.012195944786071777 424 431 435 446
face 0.011879831552505493 424 431 435 446
face 0.011089146137237549 424 431 435 446
face 0.010162770748138428 424 431 435 446
face 0.009276539087295532 424 431 435 446
face 0.008720219135284424 424 431 435 446
face 0.008459866046905518 424 431 435 446
face 0.008385419845581055 424 431 435 446
face 0.007866740226745605 424 431 435 446
face 0.007725656032562256 424 431 435 446
face 0.007552891969680786 424 431 435 446
face 0.007506608963012695 424 431 435 446
face 0.007431596517562866 424 431 435 446
face 0.006989657878875732 424 431 435 446
face 0.00696718692779541 424 431 435 446
face 0.006450533866882324 424 431 435 446
face 0.006415814161300659 424 431 435 446
face 0.0062968432903289795 424 431 435 446
face 0.006287962198257446 424 431 435 446
face 0.006229758262634277 424 431 435 446
face 0.006118595600128174 424 431 435 446
face 0.005785644054412842 424 431 435 446
face 0.005594849586486816 424 431 435 446
face 0.005530625581741333 424 431 435 446
face 0.0053678154945373535 424 431 435 446
face 0.005253046751022339 424 431 435 446
face 0.005189180374145508 424 431 435 446
face 0.005012392997741699 424 431 435 446
face 0.00494384765625 424 431 435 446
face 0.004877954721450806 424 431 435 446
face 0.004778027534484863 424 431 435 446
face 0.004723101854324341 424 431 435 446
face 0.004694223403930664 424 431 435 446
face 0.0046500563621521 424 431 435 446
face 0.0044370293617248535 424 431 435 446
face 0.004428833723068237 424 431 435 446
face 0.004256516695022583 424 431 435 446
face 0.004173070192337036 424 431 435 446
face 0.004073619842529297 424 431 435 446
face 0.0040302276611328125 424 431 435 446
face 0.004013746976852417 424 431 435 446
face 0.003994941711425781 424 431 435 446
face 0.003964334726333618 424 431 435 446
face 0.003936886787414551 424 431 435 446
face 0.003912627696990967 424 431 435 446
face 0.003790616989135742 424 431 435 446
face 0.0036886632442474365 424 431 435 446
face 0.003500133752822876 424 431 435 446
face 0.0033385753631591797 424 431 435 446
face 0.0033357441425323486 424 431 435 446
face 0.003300577402114868 424 431 435 446
face 0.003261178731918335 424 431 435 446
face 0.003185868263244629 424 431 435 446
face 0.003184795379638672 424 431 435 446
face 0.0031493008136749268 424 431 435 446
face 0.0030030906200408936 424 431 435 446
face 0.0029785335063934326 424 431 435 446
face 0.002936720848083496 424 431 435 446
face 0.00293046236038208 424 431 435 446
face 0.0029132068157196045 424 431 435 446
face 0.002827167510986328 424 431 435 446
face 0.0027855336666107178 424 431 435 446
face 0.0026741325855255127 424 431 435 446
face 0.0026514530181884766 424 431 435 446
face 0.002600759267807007 424 431 435 446
face 0.002568572759628296 424 431 435 446
face 0.0025633573532104492 424 431 435 446
face 0.002543330192565918 424 431 435 446
