face 0.9957932829856873 246 133 378 310
face 0.9931391477584839 612 89 759 261
face 0.008783459663391113 612 89 759 261
face 0.007466405630111694 612 89 759 261
face 0.006889134645462036 612 89 759 261
face 0.006466865539550781 612 89 759 261
face 0.00576743483543396 612 89 759 261
face 0.005038350820541382 612 89 759 261
face 0.004818469285964966 612 89 759 261
face 0.004371136426925659 612 89 759 261
face 0.004366815090179443 612 89 759 261
face 0.004130899906158447 612 89 759 261
face 0.0041005611419677734 612 89 759 261
face 0.004057347774505615 612 89 759 261
face 0.0038868188858032227 612 89 759 261
face 0.003870457410812378 612 89 759 261
face 0.003811955451965332 612 89 759 261
face 0.003633439540863037 612 89 759 261
face 0.0035602450370788574 612 89 759 261
face 0.003482609987258911 612 89 759 261
face 0.0034052133560180664 612 89 759 261
face 0.0031055808067321777 612 89 759 261
face 0.0030535459518432617 612 89 759 261
face 0.0030189454555511475 612 89 759 261
face 0.0028663575649261475 612 89 759 261
face 0.0027734339237213135 612 89 759 261
face 0.002763509750366211 612 89 759 261
face 0.0027624666690826416 612 89 759 261
face 0.002712756395339966 612 89 759 261
face 0.002646833658218384 612 89 759 261
face 0.002595275640487671 612 89 759 261
face 0.002543836832046509 612 89 759 261
face 0.0025339722633361816 612 89 759 261
face 0.0024823546409606934 612 89 759 261
face 0.0024659335613250732 612 89 759 261
face 0.0023607611656188965 612 89 759 261
face 0.0023001134395599365 612 89 759 261
face 0.0022954344749450684 612 89 759 261
face 0.00228157639503479 612 89 759 261
face 0.002267211675643921 612 89 759 261
face 0.0022644996643066406 612 89 759 261
face 0.002263367176055908 612 89 759 261
face 0.002249419689178467 612 89 759 261
face 0.0022052526473999023 612 89 759 261
face 0.0022006332874298096 612 89 759 261
face 0.0021774470806121826 612 89 759 261
face 0.0021286606788635254 612 89 759 261
face 0.0021118521690368652 612 89 759 261
face 0.0021086037158966064 612 89 759 261
face 0.00209614634513855 612 89 759 261
face 0.0020767152309417725 612 89 759 261
face 0.0020276010036468506 612 89 759 261
face 0.002022981643676758 612 89 759 261
face 0.002006322145462036 612 89 759 261
face 0.0020035207271575928 612 89 759 261
face 0.001984834671020508 612 89 759 261
face 0.001976191997528076 612 89 759 261
face 0.001973360776901245 612 89 759 261
face 0.0019672811031341553 612 89 759 261
face 0.0019527971744537354 612 89 759 261
face 0.0019494295120239258 612 89 759 261
face 0.0019349455833435059 612 89 759 261
face 0.0019346773624420166 612 89 759 261
face 0.0019337832927703857 612 89 759 261
face 0.0019265413284301758 612 89 759 261
face 0.0019245147705078125 612 89 759 261
face 0.0019186437129974365 612 89 759 261
face 0.0019026994705200195 612 89 759 261
face 0.0018985569477081299 612 89 759 261
face 0.0018615126609802246 612 89 759 261
face 0.0018596053123474121 612 89 759 261
face 0.0018287301063537598 612 89 759 261
face 0.0018261373043060303 612 89 759 261
face 0.001793205738067627 612 89 759 261
face 0.001769423484802246 612 89 759 261
face 0.0017687082290649414 612 89 759 261
face 0.0017206370830535889 612 89 759 261
face 0.0017175674438476562 612 89 759 261
face 0.0017165839672088623 612 89 759 261
face 0.001715153455734253 612 89 759 261
face 0.001709073781967163 612 89 759 261
face 0.0017036795616149902 612 89 759 261
face 0.0017005503177642822 612 89 759 261
face 0.0016928613185882568 612 89 759 261
face 0.001679539680480957 612 89 759 261
face 0.001679450273513794 612 89 759 261
face 0.00167807936668396 612 89 759 261
face 0.0016492903232574463 612 89 759 261
face 0.0016338229179382324 612 89 759 261
face 0.0016306638717651367 612 89 759 261
face 0.0016252696514129639 612 89 759 261
face 0.0016218721866607666 612 89 759 261
face 0.0016151368618011475 612 89 759 261
face 0.001611560583114624 612 89 759 261
face 0.0016041994094848633 612 89 759 261
face 0.0016034841537475586 612 89 759 261
face 0.0015946626663208008 612 89 759 261
face 0.001568228006362915 612 89 759 261
face 0.0015597343444824219 612 89 759 261
face 0.0015379786491394043 612 89 759 261
