face 0.9981713891029358 536 225 576 276
face 0.6928223967552185 424 303 461 353
face 0.676300585269928 718 229 738 250
face 0.18398749828338623 718 229 738 250
face 0.15880709886550903 718 229 738 250
face 0.12377291917800903 718 229 738 250
face 0.08984014391899109 718 229 738 250
face 0.08685281872749329 718 229 738 250
face 0.08673465251922607 718 229 738 250
face 0.06270790100097656 718 229 738 250
face 0.061451077461242676 718 229 738 250
face 0.05541658401489258 718 229 738 250
face 0.05404666066169739 718 229 738 250
face 0.05344608426094055 718 229 738 250
face 0.053176045417785645 718 229 738 250
face 0.04875269532203674 718 229 738 250
face 0.04227405786514282 718 229 738 250
face 0.04136174917221069 718 229 738 250
face 0.0407659113407135 718 229 738 250
face 0.04011046886444092 718 229 738 250
face 0.03956800699234009 718 229 738 250
face 0.038741618394851685 718 229 738 250
face 0.037895530462265015 718 229 738 250
face 0.03684741258621216 718 229 738 250
face 0.036453962326049805 718 229 738 250
face 0.035796672105789185 718 229 738 250
face 0.0348660945892334 718 229 738 250
face 0.034298479557037354 718 229 738 250
face 0.03255477547645569 718 229 738 250
face 0.03215247392654419 718 229 738 250
face 0.030526697635650635 718 229 738 250
face 0.029857337474822998 718 229 738 250
face 0.02924501895904541 718 229 738 250
face 0.029067695140838623 718 229 738 250
face 0.02824580669403076 718 229 738 250
face 0.02793601155281067 718 229 738 250
face 0.024864554405212402 718 229 738 250
face 0.02475568652153015 718 229 738 250
face 0.024588078260421753 718 229 738 250
face 0.024574726819992065 718 229 738 250
face 0.024032413959503174 718 229 738 250
face 0.022847265005111694 718 229 738 250
face 0.021735966205596924 718 229 738 250
face 0.019840747117996216 718 229 738 250
face 0.019493699073791504 718 229 738 250
face 0.019242197275161743 718 229 738 250
face 0.018667638301849365 718 229 738 250
face 0.01861056685447693 718 229 738 250
face 0.01834610104560852 718 229 738 250
face 0.01811385154724121 718 229 738 250
face 0.017806291580200195 718 229 738 250
face 0.017345279455184937 718 229 738 250
face 0.016884565353393555 718 229 738 250
face 0.016673624515533447 718 229 738 250
face 0.01603946089744568 718 229 738 250
face 0.015757203102111816 718 229 738 250
face 0.015327900648117065 718 229 738 250
face 0.015155375003814697 718 229 738 250
face 0.015142828226089478 718 229 738 250
face 0.015077292919158936 718 229 738 250
face 0.015076488256454468 718 229 738 250
face 0.014945775270462036 718 229 738 250
face 0.014938324689865112 718 229 738 250
face 0.014910697937011719 718 229 738 250
face 0.014762043952941895 718 229 738 250
face 0.014692634344100952 718 229 738 250
face 0.014125227928161621 718 229 738 250
face 0.013965427875518799 718 229 738 250
face 0.013775795698165894 718 229 738 250
face 0.013723909854888916 718 229 738 250
face 0.013711124658584595 718 229 738 250
face 0.01312151551246643 718 229 738 250
face 0.012692064046859741 718 229 738 250
face 0.012680768966674805 718 229 738 250
face 0.0124722421169281 718 229 738 250
face 0.012404024600982666 718 229 738 250
face 0.012247264385223389 718 229 738 250
face 0.012112945318222046 718 229 738 250
face 0.011958807706832886 718 229 738 250
face 0.011934846639633179 718 229 738 250
face 0.01184237003326416 718 229 738 250
face 0.01178714632987976 718 229 738 250
face 0.01174888014793396 718 229 738 250
face 0.011423736810684204 718 229 738 250
face 0.011347532272338867 718 229 738 250
face 0.011301100254058838 718 229 738 250
face 0.011235833168029785 718 229 738 250
face 0.011177271604537964 718 229 738 250
face 0.011067509651184082 718 229 738 250
face 0.011007368564605713 718 229 738 250
face 0.010836869478225708 718 229 738 250
face 0.010829001665115356 718 229 738 250
face 0.010488569736480713 718 229 738 250
face 0.010408222675323486 718 229 738 250
face 0.0103987455368042 718 229 738 250
face 0.010392755270004272 718 229 738 250
face 0.010370641946792603 718 229 738 250
face 0.010349452495574951 718 229 738 250
face 0.01010143756866455 718 229 738 250
face 0.010036647319793701 718 229 738 250
