face 0.9545363187789917 382 294 583 523
face 0.26724016666412354 382 294 583 523
face 0.05019950866699219 382 294 583 523
face 0.04870322346687317 382 294 583 523
face 0.03840091824531555 382 294 583 523
face 0.02693551778793335 382 294 583 523
face 0.020284444093704224 382 294 583 523
face 0.018122702836990356 382 294 583 523
face 0.016656458377838135 382 294 583 523
face 0.014184296131134033 382 294 583 523
face 0.013869673013687134 382 294 583 523
face 0.012532860040664673 382 294 583 523
face 0.011731088161468506 382 294 583 523
face 0.01047775149345398 382 294 583 523
face 0.01020994782447815 382 294 583 523
face 0.009987056255340576 382 294 583 523
face 0.009714990854263306 382 294 583 523
face 0.00965571403503418 382 294 583 523
face 0.00952678918838501 382 294 583 523
face 0.00941377878189087 382 294 583 523
face 0.009046345949172974 382 294 583 523
face 0.009001225233078003 382 294 583 523
face 0.008944004774093628 382 294 583 523
face 0.008943527936935425 382 294 583 523
face 0.008906841278076172 382 294 583 523
face 0.008700132369995117 382 294 583 523
face 0.008583486080169678 382 294 583 523
face 0.00848129391670227 382 294 583 523
face 0.008283853530883789 382 294 583 523
face 0.008055031299591064 382 294 583 523
face 0.008044391870498657 382 294 583 523
face 0.007952302694320679 382 294 583 523
face 0.007915496826171875 382 294 583 523
face 0.007907688617706299 382 294 583 523
face 0.007883459329605103 382 294 583 523
face 0.007860332727432251 382 294 583 523
face 0.007744133472442627 382 294 583 523
face 0.007697045803070068 382 294 583 523
face 0.0076909661293029785 382 294 583 523
face 0.00766870379447937 382 294 583 523
face 0.007566332817077637 382 294 583 523
face 0.007423281669616699 382 294 583 523
face 0.007419705390930176 382 294 583 523
face 0.007410556077957153 382 294 583 523
face 0.0073409974575042725 382 294 583 523
face 0.007329702377319336 382 294 583 523
face 0.007243722677230835 382 294 583 523
face 0.007124781608581543 382 294 583 523
face 0.007108479738235474 382 294 583 523
face 0.007092952728271484 382 294 583 523
face 0.007054060697555542 382 294 583 523
face 0.006968110799789429 382 294 583 523
face 0.006885439157485962 382 294 583 523
face 0.006860285997390747 382 294 583 523
face 0.006847500801086426 382 294 583 523
face 0.0068206787109375 382 294 583 523
face 0.006788134574890137 382 294 583 523
face 0.006762206554412842 382 294 583 523
face 0.0067338645458221436 382 294 583 523
face 0.006731748580932617 382 294 583 523
face 0.006710171699523926 382 294 583 523
face 0.0066964030265808105 382 294 583 523
face 0.006694018840789795 382 294 583 523
face 0.00665593147277832 382 294 583 523
face 0.0066339969635009766 382 294 583 523
face 0.006633371114730835 382 294 583 523
face 0.006621569395065308 382 294 583 523
face 0.006588667631149292 382 294 583 523
face 0.006516098976135254 382 294 583 523
face 0.006424397230148315 382 294 583 523
face 0.0063536763191223145 382 294 583 523
face 0.0062732994556427 382 294 583 523
face 0.006270021200180054 382 294 583 523
face 0.006231248378753662 382 294 583 523
face 0.006184875965118408 382 294 583 523
face 0.006149858236312866 382 294 583 523
face 0.006134539842605591 382 294 583 523
face 0.00611761212348938 382 294 583 523
face 0.006097167730331421 382 294 583 523
face 0.006082981824874878 382 294 583 523
face 0.0060797929763793945 382 294 583 523
face 0.006061553955078125 382 294 583 523
face 0.006060868501663208 382 294 583 523
face 0.006044924259185791 382 294 583 523
face 0.006036609411239624 382 294 583 523
face 0.006011456251144409 382 294 583 523
face 0.005986273288726807 382 294 583 523
face 0.005936414003372192 382 294 583 523
face 0.005935549736022949 382 294 583 523
face 0.005927532911300659 382 294 583 523
face 0.005925506353378296 382 294 583 523
face 0.005821675062179565 382 294 583 523
face 0.005818575620651245 382 294 583 523
face 0.00576135516166687 382 294 583 523
face 0.005760490894317627 382 294 583 523
face 0.005751162767410278 382 294 583 523
face 0.005713850259780884 382 294 583 523
face 0.005677968263626099 382 294 583 523
face 0.005646228790283203 382 294 583 523
face 0.0056459903717041016 382 294 583 523
