face 0.8763407468795776 406 123 523 285
face 0.035137057304382324 406 123 523 285
face 0.03243660926818848 406 123 523 285
face 0.02843421697616577 406 123 523 285
face 0.027014344930648804 406 123 523 285
face 0.025422275066375732 406 123 523 285
face 0.025264710187911987 406 123 523 285
face 0.01983964443206787 406 123 523 285
face 0.018858224153518677 406 123 523 285
face 0.01740744709968567 406 123 523 285
face 0.01739025115966797 406 123 523 285
face 0.014017492532730103 406 123 523 285
face 0.012417048215866089 406 123 523 285
face 0.012363702058792114 406 123 523 285
face 0.01165306568145752 406 123 523 285
face 0.010947048664093018 406 123 523 285
face 0.010456740856170654 406 123 523 285
face 0.010423421859741211 406 123 523 285
face 0.010381549596786499 406 123 523 285
face 0.010188579559326172 406 123 523 285
face 0.009899228811264038 406 123 523 285
face 0.009490489959716797 406 123 523 285
face 0.009359151124954224 406 123 523 285
face 0.009207010269165039 406 123 523 285
face 0.008482873439788818 406 123 523 285
face 0.008425414562225342 406 123 523 285
face 0.00821220874786377 406 123 523 285
face 0.008106023073196411 406 123 523 285
face 0.00808975100517273 406 123 523 285
face 0.0075814127922058105 406 123 523 285
face 0.007510483264923096 406 123 523 285
face 0.007232993841171265 406 123 523 285
face 0.006890416145324707 406 123 523 285
face 0.006715059280395508 406 123 523 285
face 0.00670209527015686 406 123 523 285
face 0.0065566301345825195 406 123 523 285
face 0.006402850151062012 406 123 523 285
face 0.006279706954956055 406 123 523 285
face 0.006270736455917358 406 123 523 285
face 0.006218612194061279 406 123 523 285
face 0.006208896636962891 406 123 523 285
face 0.0061865150928497314 406 123 523 285
face 0.0061307549476623535 406 123 523 285
face 0.005927473306655884 406 123 523 285
face 0.00585627555847168 406 123 523 285
face 0.005855053663253784 406 123 523 285
face 0.005707979202270508 406 123 523 285
face 0.005566984415054321 406 123 523 285
face 0.005470007658004761 406 123 523 285
face 0.005432486534118652 406 123 523 285
face 0.005430281162261963 406 123 523 285
face 0.005379796028137207 406 123 523 285
face 0.005319833755493164 406 123 523 285
face 0.005288362503051758 406 123 523 285
face 0.005251109600067139 406 123 523 285
face 0.005194187164306641 406 123 523 285
face 0.005074858665466309 406 123 523 285
face 0.005024552345275879 406 123 523 285
face 0.004815846681594849 406 123 523 285
face 0.004716545343399048 406 123 523 285
face 0.004630148410797119 406 123 523 285
face 0.004485994577407837 406 123 523 285
face 0.004427552223205566 406 123 523 285
face 0.004418462514877319 406 123 523 285
face 0.0043461620807647705 406 123 523 285
face 0.004319369792938232 406 123 523 285
face 0.004116028547286987 406 123 523 285
face 0.004107773303985596 406 123 523 285
face 0.004067599773406982 406 123 523 285
face 0.004056841135025024 406 123 523 285
face 0.004019379615783691 406 123 523 285
face 0.0039979517459869385 406 123 523 285
face 0.0039675235748291016 406 123 523 285
face 0.003935903310775757 406 123 523 285
face 0.003901153802871704 406 123 523 285
face 0.0038428902626037598 406 123 523 285
face 0.003830045461654663 406 123 523 285
face 0.0038128793239593506 406 123 523 285
face 0.0037843286991119385 406 123 523 285
face 0.003775984048843384 406 123 523 285
face 0.003769606351852417 406 123 523 285
face 0.0037411749362945557 406 123 523 285
face 0.003707677125930786 406 123 523 285
face 0.0037007927894592285 406 123 523 285
face 0.003684133291244507 406 123 523 285
face 0.0036245882511138916 406 123 523 285
face 0.003607451915740967 406 123 523 285
face 0.0035262703895568848 406 123 523 285
face 0.0035060644149780273 406 123 523 285
face 0.0034894347190856934 406 123 523 285
face 0.003473520278930664 406 123 523 285
face 0.003466576337814331 406 123 523 285
face 0.0034586191177368164 406 123 523 285
face 0.003417104482650757 406 123 523 285
face 0.0034140348434448242 406 123 523 285
face 0.0034058690071105957 406 123 523 285
face 0.003384143114089966 406 123 523 285
face 0.003382652997970581 406 123 523 285
face 0.0033746063709259033 406 123 523 285
face 0.003346651792526245 406 123 523 285
