face 0.9180198907852173 197 220 339 418
face 0.04775777459144592 197 220 339 418
face 0.04414281249046326 197 220 339 418
face 0.04113626480102539 197 220 339 418
face 0.03792166709899902 197 220 339 418
face 0.037637025117874146 197 220 339 418
face 0.03648799657821655 197 220 339 418
face 0.035101741552352905 197 220 339 418
face 0.029018431901931763 197 220 339 418
face 0.027104854583740234 197 220 339 418
face 0.02390262484550476 197 220 339 418
face 0.02385568618774414 197 220 339 418
face 0.023589491844177246 197 220 339 418
face 0.02327364683151245 197 220 339 418
face 0.02325451374053955 197 220 339 418
face 0.021495789289474487 197 220 339 418
face 0.019989460706710815 197 220 339 418
face 0.019785702228546143 197 220 339 418
face 0.018807590007781982 197 220 339 418
face 0.017494946718215942 197 220 339 418
face 0.017438292503356934 197 220 339 418
face 0.017383217811584473 197 220 339 418
face 0.01719874143600464 197 220 339 418
face 0.016601085662841797 197 220 339 418
face 0.016157597303390503 197 220 339 418
face 0.01576933264732361 197 220 339 418
face 0.015710264444351196 197 220 339 418
face 0.015539675951004028 197 220 339 418
face 0.015481382608413696 197 220 339 418
face 0.015160471200942993 197 220 339 418
face 0.014764070510864258 197 220 339 418
face 0.014598935842514038 197 220 339 418
face 0.014465391635894775 197 220 339 418
face 0.01412266492843628 197 220 339 418
face 0.014018207788467407 197 220 339 418
face 0.013951152563095093 197 220 339 418
face 0.013390779495239258 197 220 339 418
face 0.012843161821365356 197 220 339 418
face 0.011826634407043457 197 220 339 418
face 0.01153475046157837 197 220 339 418
face 0.011533260345458984 197 220 339 418
face 0.01151430606842041 197 220 339 418
face 0.011411100625991821 197 220 339 418
face 0.011386483907699585 197 220 339 418
face 0.011268794536590576 197 220 339 418
face 0.011263638734817505 197 220 339 418
face 0.010808408260345459 197 220 339 418
face 0.010252058506011963 197 220 339 418
face 0.01004558801651001 197 220 339 418
face 0.0098743736743927 197 220 339 418
face 0.009720921516418457 197 220 339 418
face 0.00955665111541748 197 220 339 418
face 0.008917808532714844 197 220 339 418
face 0.008823692798614502 197 220 339 418
face 0.008716046810150146 197 220 339 418
face 0.008644133806228638 197 220 339 418
face 0.008564919233322144 197 220 339 418
face 0.008558839559555054 197 220 339 418
face 0.008379161357879639 197 220 339 418
face 0.008344709873199463 197 220 339 418
face 0.008249402046203613 197 220 339 418
face 0.008130908012390137 197 220 339 418
face 0.008088350296020508 197 220 339 418
face 0.008071184158325195 197 220 339 418
face 0.008064687252044678 197 220 339 418
face 0.007954716682434082 197 220 339 418
face 0.007924646139144897 197 220 339 418
face 0.007921099662780762 197 220 339 418
face 0.007859021425247192 197 220 339 418
face 0.007773727178573608 197 220 339 418
face 0.007654517889022827 197 220 339 418
face 0.007625013589859009 197 220 339 418
face 0.0075492262840271 197 220 339 418
face 0.007545381784439087 197 220 339 418
face 0.007458001375198364 197 220 339 418
face 0.007402151823043823 197 220 339 418
face 0.007373601198196411 197 220 339 418
face 0.007242172956466675 197 220 339 418
face 0.007232874631881714 197 220 339 418
face 0.007154524326324463 197 220 339 418
face 0.007148444652557373 197 220 339 418
face 0.007147401571273804 197 220 339 418
face 0.007030785083770752 197 220 339 418
face 0.006912916898727417 197 220 339 418
face 0.006810694932937622 197 220 339 418
face 0.0067871809005737305 197 220 339 418
face 0.006771773099899292 197 220 339 418
face 0.006727814674377441 197 220 339 418
face 0.006674408912658691 197 220 339 418
face 0.006482481956481934 197 220 339 418
face 0.006344705820083618 197 220 339 418
face 0.006200820207595825 197 220 339 418
face 0.006130874156951904 197 220 339 418
face 0.00611916184425354 197 220 339 418
face 0.006076127290725708 197 220 339 418
face 0.006061196327209473 197 220 339 418
face 0.006059199571609497 197 220 339 418
face 0.006038844585418701 197 220 339 418
face 0.0060055553913116455 197 220 339 418
face 0.005942225456237793 197 220 339 418
