face 0.9957025647163391 537 160 605 246
face 0.99298095703125 686 144 754 234
face 0.9345952272415161 227 146 291 217
face 0.8970576524734497 846 124 926 227
face 0.6588190793991089 86 100 146 183
face 0.5209329128265381 456 95 518 175
face 0.36322540044784546 456 95 518 175
face 0.04505142569541931 456 95 518 175
face 0.0394575297832489 456 95 518 175
face 0.032907575368881226 456 95 518 175
face 0.03192320466041565 456 95 518 175
face 0.02956569194793701 456 95 518 175
face 0.02820393443107605 456 95 518 175
face 0.023328959941864014 456 95 518 175
face 0.02271270751953125 456 95 518 175
face 0.022028207778930664 456 95 518 175
face 0.02122962474822998 456 95 518 175
face 0.0206528902053833 456 95 518 175
face 0.019918471574783325 456 95 518 175
face 0.019215703010559082 456 95 518 175
face 0.018251657485961914 456 95 518 175
face 0.01788020133972168 456 95 518 175
face 0.017590999603271484 456 95 518 175
face 0.017396926879882812 456 95 518 175
face 0.016545265913009644 456 95 518 175
face 0.01575678586959839 456 95 518 175
face 0.01569950580596924 456 95 518 175
face 0.015547424554824829 456 95 518 175
face 0.015470713376998901 456 95 518 175
face 0.014896810054779053 456 95 518 175
face 0.014721840620040894 456 95 518 175
face 0.014147162437438965 456 95 518 175
face 0.013787686824798584 456 95 518 175
face 0.013706564903259277 456 95 518 175
face 0.013157635927200317 456 95 518 175
face 0.012575745582580566 456 95 518 175
face 0.012205183506011963 456 95 518 175
face 0.012195616960525513 456 95 518 175
face 0.01203581690788269 456 95 518 175
face 0.011747628450393677 456 95 518 175
face 0.011597275733947754 456 95 518 175
face 0.011510133743286133 456 95 518 175
face 0.011503934860229492 456 95 518 175
face 0.011302649974822998 456 95 518 175
face 0.010947585105895996 456 95 518 175
face 0.01084136962890625 456 95 518 175
face 0.010717511177062988 456 95 518 175
face 0.010672956705093384 456 95 518 175
face 0.010582119226455688 456 95 518 175
face 0.010564416646957397 456 95 518 175
face 0.010486692190170288 456 95 518 175
face 0.01034390926361084 456 95 518 175
face 0.010281533002853394 456 95 518 175
face 0.0101090669631958 456 95 518 175
face 0.010108977556228638 456 95 518 175
face 0.01001545786857605 456 95 518 175
face 0.009864479303359985 456 95 518 175
face 0.009672462940216064 456 95 518 175
face 0.009663403034210205 456 95 518 175
face 0.009462893009185791 456 95 518 175
face 0.009439855813980103 456 95 518 175
face 0.009409904479980469 456 95 518 175
face 0.009353816509246826 456 95 518 175
face 0.009242832660675049 456 95 518 175
face 0.00924268364906311 456 95 518 175
face 0.009212732315063477 456 95 518 175
face 0.009155809879302979 456 95 518 175
face 0.008921295404434204 456 95 518 175
face 0.008818179368972778 456 95 518 175
face 0.008806377649307251 456 95 518 175
face 0.008720815181732178 456 95 518 175
face 0.008555114269256592 456 95 518 175
face 0.008386194705963135 456 95 518 175
face 0.008350789546966553 456 95 518 175
face 0.007966548204421997 456 95 518 175
face 0.007960706949234009 456 95 518 175
face 0.0079115629196167 456 95 518 175
face 0.007846832275390625 456 95 518 175
face 0.0078029632568359375 456 95 518 175
face 0.007797747850418091 456 95 518 175
face 0.007780551910400391 456 95 518 175
face 0.007773041725158691 456 95 518 175
face 0.0077225565910339355 456 95 518 175
face 0.00761646032333374 456 95 518 175
face 0.007527828216552734 456 95 518 175
face 0.007503509521484375 456 95 518 175
face 0.007479429244995117 456 95 518 175
face 0.0074638426303863525 456 95 518 175
face 0.007284402847290039 456 95 518 175
face 0.007262766361236572 456 95 518 175
face 0.00722891092300415 456 95 518 175
face 0.007165402173995972 456 95 518 175
face 0.007163017988204956 456 95 518 175
face 0.007083117961883545 456 95 518 175
face 0.007000863552093506 456 95 518 175
face 0.00692477822303772 456 95 518 175
face 0.006789565086364746 456 95 518 175
face 0.006764024496078491 456 95 518 175
face 0.006732910871505737 456 95 518 175
face 0.0067265331745147705 456 95 518 175
