face 0.9966738224029541 200 290 224 327
face 0.9680408239364624 133 274 157 310
face 0.489780455827713 133 274 157 310
face 0.1263570487499237 133 274 157 310
face 0.1037212610244751 133 274 157 310
face 0.07527443766593933 133 274 157 310
face 0.06961056590080261 133 274 157 310
face 0.030086904764175415 133 274 157 310
face 0.012898176908493042 133 274 157 310
face 0.006492525339126587 133 274 157 310
face 0.0060575902462005615 133 274 157 310
face 0.005657583475112915 133 274 157 310
face 0.005654811859130859 133 274 157 310
face 0.005644649267196655 133 274 157 310
face 0.005416661500930786 133 274 157 310
face 0.005324602127075195 133 274 157 310
face 0.005239516496658325 133 274 157 310
face 0.0051482319831848145 133 274 157 310
face 0.005035072565078735 133 274 157 310
face 0.00442659854888916 133 274 157 310
face 0.004401087760925293 133 274 157 310
face 0.004393458366394043 133 274 157 310
face 0.004245102405548096 133 274 157 310
face 0.003991425037384033 133 274 157 310
face 0.003964871168136597 133 274 157 310
face 0.003722637891769409 133 274 157 310
face 0.003615081310272217 133 274 157 310
face 0.003549814224243164 133 274 157 310
face 0.003475099802017212 133 274 157 310
face 0.003465622663497925 133 274 157 310
face 0.0034560561180114746 133 274 157 310
face 0.0034245550632476807 133 274 157 310
face 0.0033452510833740234 133 274 157 310
face 0.0032497048377990723 133 274 157 310
face 0.0031890571117401123 133 274 157 310
face 0.0030721426010131836 133 274 157 310
face 0.0029825568199157715 133 274 157 310
face 0.0029706060886383057 133 274 157 310
face 0.0029575228691101074 133 274 157 310
face 0.002804696559906006 133 274 157 310
face 0.002783477306365967 133 274 157 310
face 0.0027582943439483643 133 274 157 310
face 0.0027404427528381348 133 274 157 310
face 0.00273171067237854 133 274 157 310
face 0.002723991870880127 133 274 157 310
face 0.0026907622814178467 133 274 157 310
face 0.0026644468307495117 133 274 157 310
face 0.0026620328426361084 133 274 157 310
face 0.0026430487632751465 133 274 157 310
face 0.0025886595249176025 133 274 157 310
face 0.0025291740894317627 133 274 157 310
face 0.0025056302547454834 133 274 157 310
face 0.002481132745742798 133 274 157 310
face 0.0024788081645965576 133 274 157 310
face 0.0024595260620117188 133 274 157 310
face 0.002451956272125244 133 274 157 310
face 0.002313375473022461 133 274 157 310
face 0.002312272787094116 133 274 157 310
face 0.0023007988929748535 133 274 157 310
face 0.002272874116897583 133 274 157 310
face 0.0022642314434051514 133 274 157 310
face 0.0021675527095794678 133 274 157 310
face 0.0021608471870422363 133 274 157 310
face 0.0021343231201171875 133 274 157 310
face 0.0021252036094665527 133 274 157 310
face 0.002124786376953125 133 274 157 310
face 0.002082735300064087 133 274 157 310
face 0.002032250165939331 133 274 157 310
face 0.002007514238357544 133 274 157 310
face 0.001991480588912964 133 274 157 310
face 0.001990586519241333 133 274 157 310
face 0.0019782185554504395 133 274 157 310
face 0.0019697844982147217 133 274 157 310
face 0.0019281208515167236 133 274 157 310
face 0.0019231736660003662 133 274 157 310
face 0.0018511561211198568 133 274 157 310
face 0.0018459558486938477 133 274 157 310
face 0.0018146932125091553 133 274 157 310
face 0.0018029510974884033 133 274 157 310
face 0.0017621517181396484 133 274 157 310
face 0.0016970634460449219 133 274 157 310
face 0.001688927412033081 133 274 157 310
face 0.0016804337501525879 133 274 157 310
face 0.0016787052154541016 133 274 157 310
face 0.0016732215881347656 133 274 157 310
face 0.0016657114028930664 133 274 157 310
face 0.0016355514526367188 133 274 157 310
face 0.001617521047592163 133 274 157 310
face 0.0016137659549713135 133 274 157 310
face 0.0015934407711029053 133 274 157 310
face 0.001591503620147705 133 274 157 310
face 0.0015838444232940674 133 274 157 310
face 0.0015778839588165283 133 274 157 310
face 0.001569598913192749 133 274 157 310
face 0.001551121473312378 133 274 157 310
face 0.0014859139919281006 133 274 157 310
face 0.001463174819946289 133 274 157 310
face 0.0014564692974090576 133 274 157 310
face 0.001451253890991211 133 274 157 310
face 0.001450568437576294 133 274 157 310
