face 0.968724250793457 630 273 1024 772
face 0.9193260669708252 78 748 150 832
face 0.8048261404037476 398 872 428 903
face 0.7920377254486084 397 776 426 803
face 0.7015529870986938 16 769 60 834
face 0.6676981449127197 307 812 338 848
face 0.594639778137207 189 793 239 857
face 0.5758943557739258 380 818 411 849
face 0.2678622603416443 380 818 411 849
face 0.23093044757843018 380 818 411 849
face 0.22930395603179932 380 818 411 849
face 0.20624664425849915 380 818 411 849
face 0.1719277799129486 380 818 411 849
face 0.13497450947761536 380 818 411 849
face 0.11055728793144226 380 818 411 849
face 0.1009865403175354 380 818 411 849
face 0.07308518886566162 380 818 411 849
face 0.048790156841278076 380 818 411 849
face 0.0441398024559021 380 818 411 849
face 0.0433925986289978 380 818 411 849
face 0.0372161865234375 380 818 411 849
face 0.03486493229866028 380 818 411 849
face 0.033118098974227905 380 818 411 849
face 0.03292948007583618 380 818 411 849
face 0.027252376079559326 380 818 411 849
face 0.025899410247802734 380 818 411 849
face 0.025768011808395386 380 818 411 849
face 0.024090349674224854 380 818 411 849
face 0.02407020330429077 380 818 411 849
face 0.02354753017425537 380 818 411 849
face 0.022707313299179077 380 818 411 849
face 0.02259504795074463 380 818 411 849
face 0.02188211679458618 380 818 411 849
face 0.021646499633789062 380 818 411 849
face 0.020311206579208374 380 818 411 849
face 0.018940061330795288 380 818 411 849
face 0.018288612365722656 380 818 411 849
face 0.017693310976028442 380 818 411 849
face 0.016747474670410156 380 818 411 849
face 0.01672336459159851 380 818 411 849
face 0.016209781169891357 380 818 411 849
face 0.016016900539398193 380 818 411 849
face 0.016007453203201294 380 818 411 849
face 0.015537500381469727 380 818 411 849
face 0.01547306776046753 380 818 411 849
face 0.014384955167770386 380 818 411 849
face 0.014089852571487427 380 818 411 849
face 0.01393023133277893 380 818 411 849
face 0.013922512531280518 380 818 411 849
face 0.013827800750732422 380 818 411 849
face 0.013820052146911621 380 818 411 849
face 0.01371467113494873 380 818 411 849
face 0.013676226139068604 380 818 411 849
face 0.013379991054534912 380 818 411 849
face 0.012232154607772827 380 818 411 849
face 0.011961221694946289 380 818 411 849
face 0.011910021305084229 380 818 411 849
face 0.011636912822723389 380 818 411 849
face 0.011539041996002197 380 818 411 849
face 0.011469811201095581 380 818 411 849
face 0.01125478744506836 380 818 411 849
face 0.011000245809555054 380 818 411 849
face 0.010934293270111084 380 818 411 849
face 0.01092180609703064 380 818 411 849
face 0.010904878377914429 380 818 411 849
face 0.010791301727294922 380 818 411 849
face 0.010649114847183228 380 818 411 849
face 0.010637730360031128 380 818 411 849
face 0.010568082332611084 380 818 411 849
face 0.010468363761901855 380 818 411 849
face 0.010407775640487671 380 818 411 849
face 0.010400146245956421 380 818 411 849
face 0.010213464498519897 380 818 411 849
face 0.010189682245254517 380 818 411 849
face 0.010163187980651855 380 818 411 849
face 0.010100960731506348 380 818 411 849
face 0.010064303874969482 380 818 411 849
face 0.010050535202026367 380 818 411 849
face 0.009878933429718018 380 818 411 849
face 0.009872585535049438 380 818 411 849
face 0.009706228971481323 380 818 411 849
face 0.009387165307998657 380 818 411 849
face 0.009239345788955688 380 818 411 849
face 0.009237229824066162 380 818 411 849
face 0.009199410676956177 380 818 411 849
face 0.009051322937011719 380 818 411 849
face 0.008980035781860352 380 818 411 849
face 0.0089627206325531 380 818 411 849
face 0.008719921112060547 380 818 411 849
face 0.008702993392944336 380 818 411 849
face 0.008635610342025757 380 818 411 849
face 0.008631497621536255 380 818 411 849
face 0.00861966609954834 380 818 411 849
face 0.008594900369644165 380 818 411 849
face 0.008433014154434204 380 818 411 849
face 0.00842633843421936 380 818 411 849
face 0.008423388004302979 380 818 411 849
face 0.008396148681640625 380 818 411 849
face 0.008325248956680298 380 818 411 849
face 0.008322536945343018 380 818 411 849
