face 0.9397017955780029 578 250 603 279
face 0.9380303621292114 402 254 423 279
face 0.8929421901702881 292 252 316 286
face 0.880261242389679 624 324 649 363
face 0.46129852533340454 624 324 649 363
face 0.31496432423591614 624 324 649 363
face 0.2808399498462677 624 324 649 363
face 0.10626751184463501 624 324 649 363
face 0.07507580518722534 624 324 649 363
face 0.06727239489555359 624 324 649 363
face 0.06673434376716614 624 324 649 363
face 0.0597994327545166 624 324 649 363
face 0.056901365518569946 624 324 649 363
face 0.05538773536682129 624 324 649 363
face 0.05317622423171997 624 324 649 363
face 0.05201280117034912 624 324 649 363
face 0.05105462670326233 624 324 649 363
face 0.050705671310424805 624 324 649 363
face 0.050394535064697266 624 324 649 363
face 0.04759460687637329 624 324 649 363
face 0.04655855894088745 624 324 649 363
face 0.04535102844238281 624 324 649 363
face 0.04127222299575806 624 324 649 363
face 0.039653390645980835 624 324 649 363
face 0.03945028781890869 624 324 649 363
face 0.038257986307144165 624 324 649 363
face 0.036909282207489014 624 324 649 363
face 0.03486555814743042 624 324 649 363
face 0.034714192152023315 624 324 649 363
face 0.03463670611381531 624 324 649 363
face 0.034609317779541016 624 324 649 363
face 0.03414183855056763 624 324 649 363
face 0.032794028520584106 624 324 649 363
face 0.03070068359375 624 324 649 363
face 0.030151188373565674 624 324 649 363
face 0.029601722955703735 624 324 649 363
face 0.029487192630767822 624 324 649 363
face 0.029223203659057617 624 324 649 363
face 0.028799712657928467 624 324 649 363
face 0.02823692560195923 624 324 649 363
face 0.02772146463394165 624 324 649 363
face 0.02767258882522583 624 324 649 363
face 0.027323484420776367 624 324 649 363
face 0.026840955018997192 624 324 649 363
face 0.026724964380264282 624 324 649 363
face 0.026074498891830444 624 324 649 363
face 0.024935424327850342 624 324 649 363
face 0.024428099393844604 624 324 649 363
face 0.02436944842338562 624 324 649 363
face 0.024316608905792236 624 324 649 363
face 0.024259328842163086 624 324 649 363
face 0.02399340271949768 624 324 649 363
face 0.022862344980239868 624 324 649 363
face 0.02259761095046997 624 324 649 363
face 0.02229824662208557 624 324 649 363
face 0.022273123264312744 624 324 649 363
face 0.022009044885635376 624 324 649 363
face 0.021959900856018066 624 324 649 363
face 0.02179628610610962 624 324 649 363
face 0.021734893321990967 624 324 649 363
face 0.021508604288101196 624 324 649 363
face 0.021468520164489746 624 324 649 363
face 0.02134343981742859 624 324 649 363
face 0.02129894495010376 624 324 649 363
face 0.02078971266746521 624 324 649 363
face 0.020563840866088867 624 324 649 363
face 0.02034294605255127 624 324 649 363
face 0.020316660404205322 624 324 649 363
face 0.02013877034187317 624 324 649 363
face 0.019814670085906982 624 324 649 363
face 0.019739538431167603 624 324 649 363
face 0.019422024488449097 624 324 649 363
face 0.019185125827789307 624 324 649 363
face 0.019039660692214966 624 324 649 363
face 0.01892852783203125 624 324 649 363
face 0.018823176622390747 624 324 649 363
face 0.018707096576690674 624 324 649 363
face 0.018364250659942627 624 324 649 363
face 0.018108904361724854 624 324 649 363
face 0.01775684952735901 624 324 649 363
face 0.017321228981018066 624 324 649 363
face 0.017319828271865845 624 324 649 363
face 0.017131537199020386 624 324 649 363
face 0.016910523176193237 624 324 649 363
face 0.016711652278900146 624 324 649 363
face 0.01669907569885254 624 324 649 363
face 0.01652798056602478 624 324 649 363
face 0.016103088855743408 624 324 649 363
face 0.0159226655960083 624 324 649 363
face 0.01585209369659424 624 324 649 363
face 0.015784084796905518 624 324 649 363
face 0.015689969062805176 624 324 649 363
face 0.01568526029586792 624 324 649 363
face 0.015635788440704346 624 324 649 363
face 0.015632569789886475 624 324 649 363
face 0.015437453985214233 624 324 649 363
face 0.0152224600315094 624 324 649 363
face 0.01516386866569519 624 324 649 363
face 0.01514899730682373 624 324 649 363
face 0.01510581374168396 624 324 649 363
