face 0.9902892112731934 124 35 163 83
face 0.959106981754303 439 113 475 165
face 0.9364635944366455 603 106 639 156
face 0.9099923968315125 993 112 1019 153
face 0.8881591558456421 688 164 729 216
face 0.883924126625061 822 237 856 279
face 0.7880581617355347 58 14 92 63
face 0.7017967700958252 562 150 605 199
face 0.6000801920890808 304 99 335 133
face 0.5865973234176636 757 117 797 169
face 0.3943738639354706 757 117 797 169
face 0.3558584153652191 757 117 797 169
face 0.22861522436141968 757 117 797 169
face 0.22699087858200073 757 117 797 169
face 0.2054990530014038 757 117 797 169
face 0.18013563752174377 757 117 797 169
face 0.17824441194534302 757 117 797 169
face 0.1477929949760437 757 117 797 169
face 0.13590404391288757 757 117 797 169
face 0.12361443042755127 757 117 797 169
face 0.11637544631958008 757 117 797 169
face 0.11510977149009705 757 117 797 169
face 0.0944175124168396 757 117 797 169
face 0.09356683492660522 757 117 797 169
face 0.09356033802032471 757 117 797 169
face 0.09240329265594482 757 117 797 169
face 0.08710643649101257 757 117 797 169
face 0.08545705676078796 757 117 797 169
face 0.0831809937953949 757 117 797 169
face 0.08187305927276611 757 117 797 169
face 0.06862762570381165 757 117 797 169
face 0.04970121383666992 757 117 797 169
face 0.04810449481010437 757 117 797 169
face 0.04335033893585205 757 117 797 169
face 0.040090322494506836 757 117 797 169
face 0.037787675857543945 757 117 797 169
face 0.03622794151306152 757 117 797 169
face 0.03495055437088013 757 117 797 169
face 0.034804701805114746 757 117 797 169
face 0.03378233313560486 757 117 797 169
face 0.032829076051712036 757 117 797 169
face 0.03269001841545105 757 117 797 169
face 0.031996458768844604 757 117 797 169
face 0.030874937772750854 757 117 797 169
face 0.03008154034614563 757 117 797 169
face 0.02916020154953003 757 117 797 169
face 0.02887675166130066 757 117 797 169
face 0.028740257024765015 757 117 797 169
face 0.028269946575164795 757 117 797 169
face 0.028123855590820312 757 117 797 169
face 0.02784961462020874 757 117 797 169
face 0.027787744998931885 757 117 797 169
face 0.02740257978439331 757 117 797 169
face 0.025397956371307373 757 117 797 169
face 0.02523249387741089 757 117 797 169
face 0.024927854537963867 757 117 797 169
face 0.024301201105117798 757 117 797 169
face 0.023716628551483154 757 117 797 169
face 0.023641347885131836 757 117 797 169
face 0.022525668144226074 757 117 797 169
face 0.022370576858520508 757 117 797 169
face 0.021917343139648438 757 117 797 169
face 0.021638333797454834 757 117 797 169
face 0.021469980478286743 757 117 797 169
face 0.02092266082763672 757 117 797 169
face 0.01926368474960327 757 117 797 169
face 0.019259780645370483 757 117 797 169
face 0.019181668758392334 757 117 797 169
face 0.01893731951713562 757 117 797 169
face 0.018466711044311523 757 117 797 169
face 0.01837828755378723 757 117 797 169
face 0.018187403678894043 757 117 797 169
face 0.01810908317565918 757 117 797 169
face 0.016877800226211548 757 117 797 169
face 0.016461849212646484 757 117 797 169
face 0.01597258448600769 757 117 797 169
face 0.015693843364715576 757 117 797 169
face 0.015633702278137207 757 117 797 169
face 0.01563134789466858 757 117 797 169
face 0.015141844749450684 757 117 797 169
face 0.014821410179138184 757 117 797 169
face 0.014582186937332153 757 117 797 169
face 0.014532536268234253 757 117 797 169
face 0.014441847801208496 757 117 797 169
face 0.014413565397262573 757 117 797 169
face 0.014322429895401001 757 117 797 169
face 0.01422196626663208 757 117 797 169
face 0.014055311679840088 757 117 797 169
face 0.01392972469329834 757 117 797 169
face 0.013788014650344849 757 117 797 169
face 0.013758242130279541 757 117 797 169
face 0.013474464416503906 757 117 797 169
face 0.013322383165359497 757 117 797 169
face 0.013232260942459106 757 117 797 169
face 0.013085424900054932 757 117 797 169
face 0.012934505939483643 757 117 797 169
face 0.012670904397964478 757 117 797 169
face 0.01261088252067566 757 117 797 169
face 0.012298673391342163 757 117 797 169
face 0.012192636728286743 757 117 797 169
