face 0.9850302934646606 81 44 98 65
face 0.9724718332290649 497 188 535 232
face 0.9710458517074585 383 241 433 294
face 0.9540589451789856 563 67 588 95
face 0.4116886854171753 563 67 588 95
face 0.3105747699737549 563 67 588 95
face 0.2828323543071747 563 67 588 95
face 0.25858399271965027 563 67 588 95
face 0.25612860918045044 563 67 588 95
face 0.156927227973938 563 67 588 95
face 0.12398642301559448 563 67 588 95
face 0.11660963296890259 563 67 588 95
face 0.11653181910514832 563 67 588 95
face 0.10807919502258301 563 67 588 95
face 0.07927334308624268 563 67 588 95
face 0.056018561124801636 563 67 588 95
face 0.04867196083068848 563 67 588 95
face 0.04726743698120117 563 67 588 95
face 0.04625427722930908 563 67 588 95
face 0.04301095008850098 563 67 588 95
face 0.036307692527770996 563 67 588 95
face 0.03598397970199585 563 67 588 95
face 0.035564422607421875 563 67 588 95
face 0.03547179698944092 563 67 588 95
face 0.031931549310684204 563 67 588 95
face 0.03076264262199402 563 67 588 95
face 0.029977232217788696 563 67 588 95
face 0.022586554288864136 563 67 588 95
face 0.021127760410308838 563 67 588 95
face 0.019844859838485718 563 67 588 95
face 0.016819238662719727 563 67 588 95
face 0.015905022621154785 563 67 588 95
face 0.01557248830795288 563 67 588 95
face 0.013539135456085205 563 67 588 95
face 0.013155490159988403 563 67 588 95
face 0.013141900300979614 563 67 588 95
face 0.012535303831100464 563 67 588 95
face 0.011467337608337402 563 67 588 95
face 0.011438459157943726 563 67 588 95
face 0.011423707008361816 563 67 588 95
face 0.011279881000518799 563 67 588 95
face 0.01101723313331604 563 67 588 95
face 0.010991126298904419 563 67 588 95
face 0.01096770167350769 563 67 588 95
face 0.010820508003234863 563 67 588 95
face 0.010495811700820923 563 67 588 95
face 0.010264337062835693 563 67 588 95
face 0.010087251663208008 563 67 588 95
face 0.009832829236984253 563 67 588 95
face 0.00970691442489624 563 67 588 95
face 0.008990496397018433 563 67 588 95
face 0.008560627698898315 563 67 588 95
face 0.008492887020111084 563 67 588 95
face 0.00819900631904602 563 67 588 95
face 0.007928639650344849 563 67 588 95
face 0.00785323977470398 563 67 588 95
face 0.0076634883880615234 563 67 588 95
face 0.007652997970581055 563 67 588 95
face 0.0075792670249938965 563 67 588 95
face 0.007540881633758545 563 67 588 95
face 0.007418930530548096 563 67 588 95
face 0.007339447736740112 563 67 588 95
face 0.007303476333618164 563 67 588 95
face 0.007265985012054443 563 67 588 95
face 0.0072060227394104 563 67 588 95
face 0.00701102614402771 563 67 588 95
face 0.007005751132965088 563 67 588 95
face 0.0069078803062438965 563 67 588 95
face 0.006900012493133545 563 67 588 95
face 0.0068361759185791016 563 67 588 95
face 0.006800472736358643 563 67 588 95
face 0.006655991077423096 563 67 588 95
face 0.006641209125518799 563 67 588 95
face 0.006601423025131226 563 67 588 95
face 0.006600052118301392 563 67 588 95
face 0.0065822601318359375 563 67 588 95
face 0.006576180458068848 563 67 588 95
face 0.006560325622558594 563 67 588 95
face 0.0065330564975738525 563 67 588 95
face 0.006531834602355957 563 67 588 95
face 0.006382167339324951 563 67 588 95
face 0.006361126899719238 563 67 588 95
face 0.006286680698394775 563 67 588 95
face 0.006221950054168701 563 67 588 95
face 0.006159573793411255 563 67 588 95
face 0.006147950887680054 563 67 588 95
face 0.006108015775680542 563 67 588 95
face 0.006061553955078125 563 67 588 95
face 0.0060527026653289795 563 67 588 95
face 0.005888313055038452 563 67 588 95
face 0.005805164575576782 563 67 588 95
face 0.00578230619430542 563 67 588 95
face 0.005656391382217407 563 67 588 95
face 0.0056511759757995605 563 67 588 95
face 0.005639970302581787 563 67 588 95
face 0.00555303692817688 563 67 588 95
face 0.005494475364685059 563 67 588 95
face 0.005347132682800293 563 67 588 95
face 0.005340695381164551 563 67 588 95
face 0.005313992500305176 563 67 588 95
