face 0.9923545718193054 211 470 258 543
face 0.982427716255188 654 465 700 531
face 0.9722764492034912 3 453 54 522
face 0.9293678402900696 257 330 303 395
face 0.8571451902389526 455 511 520 601
face 0.8278223276138306 97 368 148 432
face 0.8190315961837769 311 229 361 293
face 0.7882380485534668 0 195 32 251
face 0.7834370732307434 823 151 865 207
face 0.7505680322647095 116 88 152 139
face 0.7137490510940552 0 72 27 120
face 0.7020037770271301 53 70 88 120
face 0.674760639667511 194 198 232 252
face 0.6651095151901245 84 576 137 637
face 0.5971357226371765 100 349 151 408
face 0.5724579691886902 731 154 771 210
face 0.49826574325561523 731 154 771 210
face 0.4894682765007019 731 154 771 210
face 0.46164101362228394 731 154 771 210
face 0.42623192071914673 731 154 771 210
face 0.42226549983024597 731 154 771 210
face 0.38415414094924927 731 154 771 210
face 0.37450727820396423 731 154 771 210
face 0.3598393201828003 731 154 771 210
face 0.35813871026039124 731 154 771 210
face 0.348143994808197 731 154 771 210
face 0.2821444272994995 731 154 771 210
face 0.26158320903778076 731 154 771 210
face 0.25980496406555176 731 154 771 210
face 0.2534911632537842 731 154 771 210
face 0.24793285131454468 731 154 771 210
face 0.22329095005989075 731 154 771 210
face 0.2085900902748108 731 154 771 210
face 0.194329172372818 731 154 771 210
face 0.18835678696632385 731 154 771 210
face 0.1823607087135315 731 154 771 210
face 0.1784781515598297 731 154 771 210
face 0.1724289357662201 731 154 771 210
face 0.17181327939033508 731 154 771 210
face 0.16559937596321106 731 154 771 210
face 0.16202399134635925 731 154 771 210
face 0.16133332252502441 731 154 771 210
face 0.15532290935516357 731 154 771 210
face 0.15369698405265808 731 154 771 210
face 0.15053990483283997 731 154 771 210
face 0.15044459700584412 731 154 771 210
face 0.14684882760047913 731 154 771 210
face 0.14478561282157898 731 154 771 210
face 0.14304834604263306 731 154 771 210
face 0.14049434661865234 731 154 771 210
face 0.13692742586135864 731 154 771 210
face 0.12966230511665344 731 154 771 210
face 0.1269654929637909 731 154 771 210
face 0.12325641512870789 731 154 771 210
face 0.12303590774536133 731 154 771 210
face 0.11881688237190247 731 154 771 210
face 0.111319899559021 731 154 771 210
face 0.1034296452999115 731 154 771 210
face 0.10194987058639526 731 154 771 210
face 0.0984531044960022 731 154 771 210
face 0.09471723437309265 731 154 771 210
face 0.09068605303764343 731 154 771 210
face 0.09021428227424622 731 154 771 210
face 0.0893649160861969 731 154 771 210
face 0.08916819095611572 731 154 771 210
face 0.08842006325721741 731 154 771 210
face 0.08699473738670349 731 154 771 210
face 0.08633026480674744 731 154 771 210
face 0.08631545305252075 731 154 771 210
face 0.07803863286972046 731 154 771 210
face 0.07802602648735046 731 154 771 210
face 0.07643437385559082 731 154 771 210
face 0.07496774196624756 731 154 771 210
face 0.06949430704116821 731 154 771 210
face 0.06804955005645752 731 154 771 210
face 0.06532663106918335 731 154 771 210
face 0.06500309705734253 731 154 771 210
face 0.06196188926696777 731 154 771 210
face 0.06125599145889282 731 154 771 210
face 0.06035462021827698 731 154 771 210
face 0.05911186337471008 731 154 771 210
face 0.05848148465156555 731 154 771 210
face 0.05731305480003357 731 154 771 210
face 0.05469191074371338 731 154 771 210
face 0.052529990673065186 731 154 771 210
face 0.05245515704154968 731 154 771 210
face 0.05187460780143738 731 154 771 210
face 0.049443453550338745 731 154 771 210
face 0.04940563440322876 731 154 771 210
face 0.04897278547286987 731 154 771 210
face 0.04846006631851196 731 154 771 210
face 0.04828253388404846 731 154 771 210
face 0.04819181561470032 731 154 771 210
face 0.04587942361831665 731 154 771 210
face 0.0441204309463501 731 154 771 210
face 0.04408729076385498 731 154 771 210
face 0.04301720857620239 731 154 771 210
face 0.0429304838180542 731 154 771 210
face 0.04192858934402466 731 154 771 210
face 0.0418391227722168 731 154 771 210
