face 0.9978591203689575 942 151 960 177
face 0.9925566911697388 857 157 876 182
face 0.9912880659103394 251 114 277 147
face 0.9882872700691223 593 81 647 150
face 0.9864113330841064 773 42 795 72
face 0.98450767993927 180 153 204 186
face 0.9844008684158325 908 113 925 140
face 0.9800560474395752 839 82 857 109
face 0.978790283203125 498 35 519 66
face 0.9675511717796326 420 3 439 29
face 0.9636116623878479 63 171 83 198
face 0.9415175914764404 415 46 435 74
face 0.9384026527404785 292 31 312 59
face 0.9289864897727966 945 80 964 107
face 0.9275482892990112 366 38 385 65
face 0.9248858690261841 238 26 259 54
face 0.91761314868927 142 74 164 105
face 0.9103440046310425 187 31 209 61
face 0.905220091342926 229 78 251 107
face 0.9033271670341492 877 46 898 74
face 0.9025411605834961 514 80 535 108
face 0.8862642049789429 797 84 815 109
face 0.8708778619766235 960 49 979 75
face 0.8677108287811279 340 1 358 24
face 0.8500472903251648 137 157 159 189
face 0.8424255847930908 370 73 390 101
face 0.8392786979675293 999 156 1016 182
face 0.838558554649353 849 42 866 68
face 0.815996527671814 968 104 986 131
face 0.7929662466049194 444 118 464 147
face 0.7808473706245422 500 133 526 164
face 0.7640365362167358 950 1 969 25
face 0.7590267658233643 152 1 172 26
face 0.7582511305809021 136 36 156 64
face 0.7529985904693604 355 131 382 163
face 0.7519694566726685 191 0 211 19
face 0.7326214909553528 57 78 78 108
face 0.7266812324523926 347 121 369 149
face 0.7149020433425903 448 75 468 103
face 0.7072084546089172 425 81 445 109
face 0.6980141401290894 653 44 677 75
face 0.6979228854179382 644 42 667 70
face 0.6966968178749084 994 37 1013 63
face 0.689906656742096 891 80 909 106
face 0.665699303150177 741 83 761 109
face 0.635985255241394 10 80 32 110
face 0.6007944345474243 35 39 56 67
face 0.5858948230743408 143 164 165 196
face 0.5674744844436646 523 0 542 21
face 0.555656909942627 23 31 44 59
face 0.5530601143836975 880 6 899 31
face 0.5352817177772522 615 5 635 29
face 0.5259177088737488 985 107 1004 133
face 0.5050292015075684 842 8 860 31
face 0.4934900104999542 842 8 860 31
face 0.48436757922172546 842 8 860 31
face 0.46999993920326233 842 8 860 31
face 0.4695175886154175 842 8 860 31
face 0.45868751406669617 842 8 860 31
face 0.3815279006958008 842 8 860 31
face 0.3792637586593628 842 8 860 31
face 0.3410351872444153 842 8 860 31
face 0.33838698267936707 842 8 860 31
face 0.3064017593860626 842 8 860 31
face 0.28694355487823486 842 8 860 31
face 0.268744558095932 842 8 860 31
face 0.26321977376937866 842 8 860 31
face 0.2509659230709076 842 8 860 31
face 0.2390771508216858 842 8 860 31
face 0.22636502981185913 842 8 860 31
face 0.19687896966934204 842 8 860 31
face 0.17298462986946106 842 8 860 31
face 0.166716068983078 842 8 860 31
face 0.1547304391860962 842 8 860 31
face 0.1510142683982849 842 8 860 31
face 0.15051954984664917 842 8 860 31
face 0.13948220014572144 842 8 860 31
face 0.13416534662246704 842 8 860 31
face 0.12591180205345154 842 8 860 31
face 0.11919593811035156 842 8 860 31
face 0.0795486569404602 842 8 860 31
face 0.07867458462715149 842 8 860 31
face 0.07484349608421326 842 8 860 31
face 0.06993383169174194 842 8 860 31
face 0.06946396827697754 842 8 860 31
face 0.060467153787612915 842 8 860 31
face 0.05957326292991638 842 8 860 31
face 0.05413946509361267 842 8 860 31
face 0.04905858635902405 842 8 860 31
face 0.03704747557640076 842 8 860 31
face 0.03616878390312195 842 8 860 31
face 0.034262776374816895 842 8 860 31
face 0.03238290548324585 842 8 860 31
face 0.03202137351036072 842 8 860 31
face 0.03076636791229248 842 8 860 31
face 0.028986454010009766 842 8 860 31
face 0.028640687465667725 842 8 860 31
face 0.026053905487060547 842 8 860 31
face 0.0254269540309906 842 8 860 31
face 0.025399118661880493 842 8 860 31
