face 0.9682581424713135 392 308 416 334
face 0.9437058568000793 724 303 743 325
face 0.5637044310569763 639 278 659 301
face 0.5001561045646667 913 280 935 308
face 0.38670510053634644 913 280 935 308
face 0.36369141936302185 913 280 935 308
face 0.12723839282989502 913 280 935 308
face 0.10258784890174866 913 280 935 308
face 0.08481067419052124 913 280 935 308
face 0.0712360143661499 913 280 935 308
face 0.05978405475616455 913 280 935 308
face 0.04756695032119751 913 280 935 308
face 0.04596132040023804 913 280 935 308
face 0.040584832429885864 913 280 935 308
face 0.02357587218284607 913 280 935 308
face 0.020337074995040894 913 280 935 308
face 0.019138574600219727 913 280 935 308
face 0.016816705465316772 913 280 935 308
face 0.0156002938747406 913 280 935 308
face 0.015063047409057617 913 280 935 308
face 0.014290422201156616 913 280 935 308
face 0.014165371656417847 913 280 935 308
face 0.012936413288116455 913 280 935 308
face 0.011709511280059814 913 280 935 308
face 0.01153215765953064 913 280 935 308
face 0.010575592517852783 913 280 935 308
face 0.009283453226089478 913 280 935 308
face 0.009164988994598389 913 280 935 308
face 0.009039759635925293 913 280 935 308
face 0.008317381143569946 913 280 935 308
face 0.008270323276519775 913 280 935 308
face 0.008033514022827148 913 280 935 308
face 0.007773309946060181 913 280 935 308
face 0.007639944553375244 913 280 935 308
face 0.007280290126800537 913 280 935 308
face 0.007071167230606079 913 280 935 308
face 0.0066866278648376465 913 280 935 308
face 0.006662845611572266 913 280 935 308
face 0.0066242218017578125 913 280 935 308
face 0.006336808204650879 913 280 935 308
face 0.006209522485733032 913 280 935 308
face 0.006180763244628906 913 280 935 308
face 0.005973756313323975 913 280 935 308
face 0.005973517894744873 913 280 935 308
face 0.005888313055038452 913 280 935 308
face 0.005864918231964111 913 280 935 308
face 0.005816280841827393 913 280 935 308
face 0.005695968866348267 913 280 935 308
face 0.005518823862075806 913 280 935 308
face 0.005470186471939087 913 280 935 308
face 0.005348294973373413 913 280 935 308
face 0.005210697650909424 913 280 935 308
face 0.005132913589477539 913 280 935 308
face 0.004984438419342041 913 280 935 308
face 0.0049135684967041016 913 280 935 308
face 0.0048847198486328125 913 280 935 308
face 0.004800856113433838 913 280 935 308
face 0.0047685205936431885 913 280 935 308
face 0.004683881998062134 913 280 935 308
face 0.004610627889633179 913 280 935 308
face 0.004528820514678955 913 280 935 308
face 0.00449758768081665 913 280 935 308
face 0.00419926643371582 913 280 935 308
face 0.004165023565292358 913 280 935 308
face 0.004124492406845093 913 280 935 308
face 0.004121184349060059 913 280 935 308
face 0.00407525897026062 913 280 935 308
face 0.00406193733215332 913 280 935 308
face 0.0038676559925079346 913 280 935 308
face 0.003772944211959839 913 280 935 308
face 0.003740847110748291 913 280 935 308
face 0.003698885440826416 913 280 935 308
face 0.003693103790283203 913 280 935 308
face 0.0036863982677459717 913 280 935 308
face 0.003535360097885132 913 280 935 308
face 0.0034483373165130615 913 280 935 308
face 0.003408282995223999 913 280 935 308
face 0.003326207399368286 913 280 935 308
face 0.0033253133296966553 913 280 935 308
face 0.003284752368927002 913 280 935 308
face 0.0032501518726348877 913 280 935 308
face 0.00324055552482605 913 280 935 308
face 0.0032368600368499756 913 280 935 308
face 0.0032218992710113525 913 280 935 308
face 0.0031864047050476074 913 280 935 308
face 0.0031741559505462646 913 280 935 308
face 0.0031486153602600098 913 280 935 308
face 0.0031125545501708984 913 280 935 308
face 0.0030552446842193604 913 280 935 308
face 0.0030343830585479736 913 280 935 308
face 0.002996593713760376 913 280 935 308
face 0.002978771924972534 913 280 935 308
face 0.002940237522125244 913 280 935 308
face 0.002936750650405884 913 280 935 308
face 0.0029135048389434814 913 280 935 308
face 0.0028933584690093994 913 280 935 308
face 0.002873241901397705 913 280 935 308
face 0.002857983112335205 913 280 935 308
face 0.0028555095195770264 913 280 935 308
