face 0.9992599487304688 343 214 371 253
face 0.9990298748016357 629 106 657 143
face 0.9979894757270813 768 100 796 135
face 0.9974232912063599 295 115 321 154
face 0.9972457885742188 548 99 575 136
face 0.9966081976890564 348 104 372 137
face 0.9957596063613892 393 117 419 154
face 0.995398998260498 820 119 850 153
face 0.9936206340789795 449 86 475 117
face 0.9913514256477356 246 112 273 150
face 0.9879293441772461 682 221 714 264
face 0.9831475019454956 791 220 823 259
face 0.9789094924926758 475 219 502 257
face 0.9704934358596802 709 119 737 155
face 0.9542440176010132 501 120 528 155
face 0.8520278930664062 568 234 596 273
face 0.8402044773101807 111 112 139 147
face 0.5123656392097473 842 399 873 436
face 0.5079199075698853 210 118 236 154
face 0.4658426344394684 210 118 236 154
face 0.38881370425224304 210 118 236 154
face 0.2700560688972473 210 118 236 154
face 0.1413366198539734 210 118 236 154
face 0.11005878448486328 210 118 236 154
face 0.08376985788345337 210 118 236 154
face 0.08234208822250366 210 118 236 154
face 0.06441137194633484 210 118 236 154
face 0.05625617504119873 210 118 236 154
face 0.037502795457839966 210 118 236 154
face 0.035645902156829834 210 118 236 154
face 0.0346243679523468 210 118 236 154
face 0.03320756554603577 210 118 236 154
face 0.028028100728988647 210 118 236 154
face 0.0275629460811615 210 118 236 154
face 0.019399195909500122 210 118 236 154
face 0.01918622851371765 210 118 236 154
face 0.01826128363609314 210 118 236 154
face 0.016902625560760498 210 118 236 154
face 0.015761345624923706 210 118 236 154
face 0.015279412269592285 210 118 236 154
face 0.014724195003509521 210 118 236 154
face 0.01427885890007019 210 118 236 154
face 0.01415163278579712 210 118 236 154
face 0.013341546058654785 210 118 236 154
face 0.013319671154022217 210 118 236 154
face 0.013122916221618652 210 118 236 154
face 0.012455552816390991 210 118 236 154
face 0.012214213609695435 210 118 236 154
face 0.011776864528656006 210 118 236 154
face 0.0104597806930542 210 118 236 154
face 0.010403454303741455 210 118 236 154
face 0.010350912809371948 210 118 236 154
face 0.010137081146240234 210 118 236 154
face 0.010099679231643677 210 118 236 154
face 0.010046213865280151 210 118 236 154
face 0.010008364915847778 210 118 236 154
face 0.009418100118637085 210 118 236 154
face 0.009395062923431396 210 118 236 154
face 0.009283959865570068 210 118 236 154
face 0.009228914976119995 210 118 236 154
face 0.009157925844192505 210 118 236 154
face 0.008771419525146484 210 118 236 154
face 0.008515506982803345 210 118 236 154
face 0.00839129090309143 210 118 236 154
face 0.008297979831695557 210 118 236 154
face 0.008134633302688599 210 118 236 154
face 0.00778922438621521 210 118 236 154
face 0.007779300212860107 210 118 236 154
face 0.007652580738067627 210 118 236 154
face 0.007638871669769287 210 118 236 154
face 0.007552236318588257 210 118 236 154
face 0.0074412524700164795 210 118 236 154
face 0.007339745759963989 210 118 236 154
face 0.0072734057903289795 210 118 236 154
face 0.006889998912811279 210 118 236 154
face 0.006856769323348999 210 118 236 154
face 0.006818026304244995 210 118 236 154
face 0.0066384971141815186 210 118 236 154
face 0.006630450487136841 210 118 236 154
face 0.006519734859466553 210 118 236 154
face 0.0063748955726623535 210 118 236 154
face 0.006267368793487549 210 118 236 154
face 0.006192237138748169 210 118 236 154
face 0.006190240383148193 210 118 236 154
face 0.006109356880187988 210 118 236 154
face 0.006089389324188232 210 118 236 154
face 0.006073057651519775 210 118 236 154
face 0.006024807691574097 210 118 236 154
face 0.006014078855514526 210 118 236 154
face 0.0059892237186431885 210 118 236 154
face 0.005874812602996826 210 118 236 154
face 0.005853801965713501 210 118 236 154
face 0.005794525146484375 210 118 236 154
face 0.005786031484603882 210 118 236 154
face 0.005757808685302734 210 118 236 154
face 0.0057408809661865234 210 118 236 154
face 0.005671799182891846 210 118 236 154
face 0.005511581897735596 210 118 236 154
face 0.005497932434082031 210 118 236 154
face 0.0054825544357299805 210 118 236 154
