face 0.9962654113769531 377 173 429 227
face 0.9962270855903625 602 169 650 218
face 0.9900892972946167 819 122 849 156
face 0.7935411334037781 626 86 658 119
face 0.024042904376983643 626 86 658 119
face 0.022260010242462158 626 86 658 119
face 0.021611422300338745 626 86 658 119
face 0.01946413516998291 626 86 658 119
face 0.019271522760391235 626 86 658 119
face 0.018893957138061523 626 86 658 119
face 0.015506625175476074 626 86 658 119
face 0.013798564672470093 626 86 658 119
face 0.01323246955871582 626 86 658 119
face 0.012093305587768555 626 86 658 119
face 0.011921048164367676 626 86 658 119
face 0.011893808841705322 626 86 658 119
face 0.011833250522613525 626 86 658 119
face 0.011317849159240723 626 86 658 119
face 0.011140137910842896 626 86 658 119
face 0.011021792888641357 626 86 658 119
face 0.010586857795715332 626 86 658 119
face 0.01043662428855896 626 86 658 119
face 0.010350465774536133 626 86 658 119
face 0.009828686714172363 626 86 658 119
face 0.009214431047439575 626 86 658 119
face 0.009119153022766113 626 86 658 119
face 0.008961111307144165 626 86 658 119
face 0.008637458086013794 626 86 658 119
face 0.008538395166397095 626 86 658 119
face 0.008295923471450806 626 86 658 119
face 0.008227348327636719 626 86 658 119
face 0.007928252220153809 626 86 658 119
face 0.007350891828536987 626 86 658 119
face 0.006841063499450684 626 86 658 119
face 0.006632477045059204 626 86 658 119
face 0.006385535001754761 626 86 658 119
face 0.006176650524139404 626 86 658 119
face 0.00588303804397583 626 86 658 119
face 0.005808055400848389 626 86 658 119
face 0.0057770609855651855 626 86 658 119
face 0.005738586187362671 626 86 658 119
face 0.0056524574756622314 626 86 658 119
face 0.0056154727935791016 626 86 658 119
face 0.005560398101806641 626 86 658 119
face 0.005473047494888306 626 86 658 119
face 0.005443066358566284 626 86 658 119
face 0.005387216806411743 626 86 658 119
face 0.005374491214752197 626 86 658 119
face 0.005293101072311401 626 86 658 119
face 0.005220472812652588 626 86 658 119
face 0.00519290566444397 626 86 658 119
face 0.005165457725524902 626 86 658 119
face 0.005076736211776733 626 86 658 119
face 0.005039691925048828 626 86 658 119
face 0.00485876202583313 626 86 658 119
face 0.004765719175338745 626 86 658 119
face 0.004733741283416748 626 86 658 119
face 0.004632711410522461 626 86 658 119
face 0.004623144865036011 626 86 658 119
face 0.004413872957229614 626 86 658 119
face 0.004339694976806641 626 86 658 119
face 0.004335761070251465 626 86 658 119
face 0.004196524620056152 626 86 658 119
face 0.0041381120681762695 626 86 658 119
face 0.0040400028228759766 626 86 658 119
face 0.004036426544189453 626 86 658 119
face 0.003997206687927246 626 86 658 119
face 0.003983855247497559 626 86 658 119
face 0.003959327936172485 626 86 658 119
face 0.003929704427719116 626 86 658 119
face 0.0039147138595581055 626 86 658 119
face 0.0038881003856658936 626 86 658 119
face 0.003703087568283081 626 86 658 119
face 0.003625929355621338 626 86 658 119
face 0.0036039650440216064 626 86 658 119
face 0.0035673975944519043 626 86 658 119
face 0.003557920455932617 626 86 658 119
face 0.0034967362880706787 626 86 658 119
face 0.0034163594245910645 626 86 658 119
face 0.003413766622543335 626 86 658 119
face 0.003389805555343628 626 86 658 119
face 0.003377944231033325 626 86 658 119
face 0.003377199172973633 626 86 658 119
face 0.0033445358276367188 626 86 658 119
face 0.0033359527587890625 626 86 658 119
face 0.003249913454055786 626 86 658 119
face 0.0031747519969940186 626 86 658 119
face 0.0030587613582611084 626 86 658 119
face 0.0030438601970672607 626 86 658 119
face 0.0030242502689361572 626 86 658 119
face 0.0029949843883514404 626 86 658 119
face 0.0029802322387695312 626 86 658 119
face 0.0029696524143218994 626 86 658 119
face 0.0029662251472473145 626 86 658 119
face 0.0029344558715820312 626 86 658 119
face 0.0029212534427642822 626 86 658 119
face 0.00289115309715271 626 86 658 119
face 0.0028817057609558105 626 86 658 119
face 0.0028778016567230225 626 86 658 119
face 0.0028351247310638428 626 86 658 119
