face 0.9886863231658936 478 219 544 280
face 0.853888750076294 804 23 854 99
face 0.26760274171829224 804 23 854 99
face 0.2625589966773987 804 23 854 99
face 0.19109487533569336 804 23 854 99
face 0.16659551858901978 804 23 854 99
face 0.09391671419143677 804 23 854 99
face 0.08117437362670898 804 23 854 99
face 0.07147789001464844 804 23 854 99
face 0.06602931022644043 804 23 854 99
face 0.06064984202384949 804 23 854 99
face 0.05580541491508484 804 23 854 99
face 0.05173477530479431 804 23 854 99
face 0.051531314849853516 804 23 854 99
face 0.049042701721191406 804 23 854 99
face 0.04597476124763489 804 23 854 99
face 0.041162312030792236 804 23 854 99
face 0.041071295738220215 804 23 854 99
face 0.03748041391372681 804 23 854 99
face 0.03715088963508606 804 23 854 99
face 0.03707417845726013 804 23 854 99
face 0.03638389706611633 804 23 854 99
face 0.03137904405593872 804 23 854 99
face 0.03076353669166565 804 23 854 99
face 0.030388295650482178 804 23 854 99
face 0.029267579317092896 804 23 854 99
face 0.029096335172653198 804 23 854 99
face 0.028006672859191895 804 23 854 99
face 0.02738475799560547 804 23 854 99
face 0.02535104751586914 804 23 854 99
face 0.024682968854904175 804 23 854 99
face 0.02413785457611084 804 23 854 99
face 0.023371785879135132 804 23 854 99
face 0.021930426359176636 804 23 854 99
face 0.02119693160057068 804 23 854 99
face 0.020436733961105347 804 23 854 99
face 0.0186978280544281 804 23 854 99
face 0.017764151096343994 804 23 854 99
face 0.015564709901809692 804 23 854 99
face 0.01417630910873413 804 23 854 99
face 0.013559788465499878 804 23 854 99
face 0.013451486825942993 804 23 854 99
face 0.013155877590179443 804 23 854 99
face 0.012654751539230347 804 23 854 99
face 0.012596994638442993 804 23 854 99
face 0.012442201375961304 804 23 854 99
face 0.012362688779830933 804 23 854 99
face 0.011891573667526245 804 23 854 99
face 0.01172611117362976 804 23 854 99
face 0.011590003967285156 804 23 854 99
face 0.010800331830978394 804 23 854 99
face 0.01078253984451294 804 23 854 99
face 0.010560423135757446 804 23 854 99
face 0.010357260704040527 804 23 854 99
face 0.010123759508132935 804 23 854 99
face 0.009634464979171753 804 23 854 99
face 0.009461760520935059 804 23 854 99
face 0.009257256984710693 804 23 854 99
face 0.009202182292938232 804 23 854 99
face 0.00883495807647705 804 23 854 99
face 0.008809417486190796 804 23 854 99
face 0.008753418922424316 804 23 854 99
face 0.008721619844436646 804 23 854 99
face 0.008703231811523438 804 23 854 99
face 0.008517146110534668 804 23 854 99
face 0.008407831192016602 804 23 854 99
face 0.008367717266082764 804 23 854 99
face 0.008301466703414917 804 23 854 99
face 0.008217871189117432 804 23 854 99
face 0.008209258317947388 804 23 854 99
face 0.008113980293273926 804 23 854 99
face 0.008081614971160889 804 23 854 99
face 0.008049815893173218 804 23 854 99
face 0.00788891315460205 804 23 854 99
face 0.00787198543548584 804 23 854 99
face 0.007769197225570679 804 23 854 99
face 0.007739931344985962 804 23 854 99
face 0.007596492767333984 804 23 854 99
face 0.007451683282852173 804 23 854 99
face 0.007435530424118042 804 23 854 99
face 0.007412582635879517 804 23 854 99
face 0.007399886846542358 804 23 854 99
face 0.0073194801807403564 804 23 854 99
face 0.007106184959411621 804 23 854 99
face 0.0070151686668396 804 23 854 99
face 0.006894469261169434 804 23 854 99
face 0.0068923234939575195 804 23 854 99
face 0.006854414939880371 804 23 854 99
face 0.0067695677280426025 804 23 854 99
face 0.006738036870956421 804 23 854 99
face 0.00666394829750061 804 23 854 99
face 0.006608128547668457 804 23 854 99
face 0.006607502698898315 804 23 854 99
face 0.0062122344970703125 804 23 854 99
face 0.006155073642730713 804 23 854 99
face 0.006124258041381836 804 23 854 99
face 0.006106078624725342 804 23 854 99
face 0.0059778690338134766 804 23 854 99
face 0.005890995264053345 804 23 854 99
face 0.005800962448120117 804 23 854 99
