face 0.9981459379196167 328 243 359 289
face 0.8897454142570496 567 235 599 280
face 0.2588852643966675 567 235 599 280
face 0.20415857434272766 567 235 599 280
face 0.09953978657722473 567 235 599 280
face 0.05560377240180969 567 235 599 280
face 0.040007174015045166 567 235 599 280
face 0.037986695766448975 567 235 599 280
face 0.03570559620857239 567 235 599 280
face 0.029780030250549316 567 235 599 280
face 0.028553694486618042 567 235 599 280
face 0.028262853622436523 567 235 599 280
face 0.019930988550186157 567 235 599 280
face 0.019023805856704712 567 235 599 280
face 0.018635571002960205 567 235 599 280
face 0.017615556716918945 567 235 599 280
face 0.017372190952301025 567 235 599 280
face 0.01634344458580017 567 235 599 280
face 0.014415740966796875 567 235 599 280
face 0.014302939176559448 567 235 599 280
face 0.013974040746688843 567 235 599 280
face 0.013777971267700195 567 235 599 280
face 0.01253703236579895 567 235 599 280
face 0.012488216161727905 567 235 599 280
face 0.011601507663726807 567 235 599 280
face 0.011166781187057495 567 235 599 280
face 0.011056721210479736 567 235 599 280
face 0.011052250862121582 567 235 599 280
face 0.010929882526397705 567 235 599 280
face 0.010793298482894897 567 235 599 280
face 0.010407239198684692 567 235 599 280
face 0.010298550128936768 567 235 599 280
face 0.010275125503540039 567 235 599 280
face 0.010246038436889648 567 235 599 280
face 0.009985089302062988 567 235 599 280
face 0.009781092405319214 567 235 599 280
face 0.009723484516143799 567 235 599 280
face 0.009460359811782837 567 235 599 280
face 0.00912824273109436 567 235 599 280
face 0.008965849876403809 567 235 599 280
face 0.008861720561981201 567 235 599 280
face 0.008807241916656494 567 235 599 280
face 0.008779764175415039 567 235 599 280
face 0.00871393084526062 567 235 599 280
face 0.008276790380477905 567 235 599 280
face 0.00798138976097107 567 235 599 280
face 0.007848948240280151 567 235 599 280
face 0.007779628038406372 567 235 599 280
face 0.007725805044174194 567 235 599 280
face 0.007670074701309204 567 235 599 280
face 0.007662713527679443 567 235 599 280
face 0.007492274045944214 567 235 599 280
face 0.0073912739753723145 567 235 599 280
face 0.00730624794960022 567 235 599 280
face 0.007298499345779419 567 235 599 280
face 0.007235735654830933 567 235 599 280
face 0.0071791112422943115 567 235 599 280
face 0.007075101137161255 567 235 599 280
face 0.006781160831451416 567 235 599 280
face 0.0067729949951171875 567 235 599 280
face 0.00673183798789978 567 235 599 280
face 0.006635397672653198 567 235 599 280
face 0.006627857685089111 567 235 599 280
face 0.006374090909957886 567 235 599 280
face 0.006332278251647949 567 235 599 280
face 0.006257355213165283 567 235 599 280
face 0.006208181381225586 567 235 599 280
face 0.006094783544540405 567 235 599 280
face 0.006027638912200928 567 235 599 280
face 0.0059785544872283936 567 235 599 280
face 0.005973607301712036 567 235 599 280
face 0.005947083234786987 567 235 599 280
face 0.005829602479934692 567 235 599 280
face 0.005781799554824829 567 235 599 280
face 0.005701243877410889 567 235 599 280
face 0.005633622407913208 567 235 599 280
face 0.0056209564208984375 567 235 599 280
face 0.005273967981338501 567 235 599 280
face 0.005153954029083252 567 235 599 280
face 0.005133390426635742 567 235 599 280
face 0.0051094889640808105 567 235 599 280
face 0.005067765712738037 567 235 599 280
face 0.005000382661819458 567 235 599 280
face 0.004981637001037598 567 235 599 280
face 0.0049333274364471436 567 235 599 280
face 0.004926532506942749 567 235 599 280
face 0.0048445165157318115 567 235 599 280
face 0.004827052354812622 567 235 599 280
face 0.004779309034347534 567 235 599 280
face 0.004746943712234497 567 235 599 280
face 0.0047151148319244385 567 235 599 280
face 0.004713833332061768 567 235 599 280
face 0.004659891128540039 567 235 599 280
face 0.004393249750137329 567 235 599 280
face 0.004369407892227173 567 235 599 280
face 0.004332125186920166 567 235 599 280
face 0.004288285970687866 567 235 599 280
face 0.0039224326610565186 567 235 599 280
face 0.003899484872817993 567 235 599 280
face 0.0038926005363464355 567 235 599 280
