face 0.8488912582397461 442 483 477 519
face 0.6721091270446777 64 79 137 163
face 0.5937280654907227 44 324 108 407
face 0.5093033909797668 853 53 916 119
face 0.4210965037345886 853 53 916 119
face 0.2849188446998596 853 53 916 119
face 0.2708636522293091 853 53 916 119
face 0.21565201878547668 853 53 916 119
face 0.20364955067634583 853 53 916 119
face 0.1979488730430603 853 53 916 119
face 0.19201838970184326 853 53 916 119
face 0.19089552760124207 853 53 916 119
face 0.17460167407989502 853 53 916 119
face 0.1442142128944397 853 53 916 119
face 0.1429765522480011 853 53 916 119
face 0.12842342257499695 853 53 916 119
face 0.12218406796455383 853 53 916 119
face 0.1154291033744812 853 53 916 119
face 0.11451178789138794 853 53 916 119
face 0.10867252945899963 853 53 916 119
face 0.1043597161769867 853 53 916 119
face 0.10185125470161438 853 53 916 119
face 0.09354382753372192 853 53 916 119
face 0.09095752239227295 853 53 916 119
face 0.09090051054954529 853 53 916 119
face 0.08900445699691772 853 53 916 119
face 0.08898523449897766 853 53 916 119
face 0.08643871545791626 853 53 916 119
face 0.08538690209388733 853 53 916 119
face 0.08419287204742432 853 53 916 119
face 0.07380390167236328 853 53 916 119
face 0.07275751233100891 853 53 916 119
face 0.07037344574928284 853 53 916 119
face 0.06952616572380066 853 53 916 119
face 0.0662371814250946 853 53 916 119
face 0.06577882170677185 853 53 916 119
face 0.060651689767837524 853 53 916 119
face 0.05849340558052063 853 53 916 119
face 0.05824443697929382 853 53 916 119
face 0.053409725427627563 853 53 916 119
face 0.050380706787109375 853 53 916 119
face 0.049933791160583496 853 53 916 119
face 0.04947689175605774 853 53 916 119
face 0.04804319143295288 853 53 916 119
face 0.04748886823654175 853 53 916 119
face 0.046984970569610596 853 53 916 119
face 0.04618951678276062 853 53 916 119
face 0.04555952548980713 853 53 916 119
face 0.045151323080062866 853 53 916 119
face 0.04449233412742615 853 53 916 119
face 0.0439489483833313 853 53 916 119
face 0.04383602738380432 853 53 916 119
face 0.04343870282173157 853 53 916 119
face 0.04332399368286133 853 53 916 119
face 0.04328945279121399 853 53 916 119
face 0.04279714822769165 853 53 916 119
face 0.04265141487121582 853 53 916 119
face 0.040920108556747437 853 53 916 119
face 0.03898707032203674 853 53 916 119
face 0.038118600845336914 853 53 916 119
face 0.037838637828826904 853 53 916 119
face 0.03608623147010803 853 53 916 119
face 0.035610735416412354 853 53 916 119
face 0.03507617115974426 853 53 916 119
face 0.033927589654922485 853 53 916 119
face 0.03297993540763855 853 53 916 119
face 0.03290104866027832 853 53 916 119
face 0.031343311071395874 853 53 916 119
face 0.031275659799575806 853 53 916 119
face 0.030269473791122437 853 53 916 119
face 0.029797255992889404 853 53 916 119
face 0.02961936593055725 853 53 916 119
face 0.02933734655380249 853 53 916 119
face 0.028992801904678345 853 53 916 119
face 0.02859395742416382 853 53 916 119
face 0.028549939393997192 853 53 916 119
face 0.028380215167999268 853 53 916 119
face 0.02779826521873474 853 53 916 119
face 0.027720987796783447 853 53 916 119
face 0.02754572033882141 853 53 916 119
face 0.027029335498809814 853 53 916 119
face 0.026544839143753052 853 53 916 119
face 0.02616766095161438 853 53 916 119
face 0.026125818490982056 853 53 916 119
face 0.026010781526565552 853 53 916 119
face 0.025793731212615967 853 53 916 119
face 0.02559235692024231 853 53 916 119
face 0.02539724111557007 853 53 916 119
face 0.025092124938964844 853 53 916 119
face 0.02493533492088318 853 53 916 119
face 0.02457982301712036 853 53 916 119
face 0.02456870675086975 853 53 916 119
face 0.024529635906219482 853 53 916 119
face 0.024148225784301758 853 53 916 119
face 0.024137377738952637 853 53 916 119
face 0.023878633975982666 853 53 916 119
face 0.023869454860687256 853 53 916 119
face 0.02373284101486206 853 53 916 119
face 0.02279818058013916 853 53 916 119
face 0.022769540548324585 853 53 916 119
