face 0.9832161664962769 600 62 658 128
face 0.8905574679374695 278 89 348 170
face 0.026520103216171265 278 89 348 170
face 0.022148162126541138 278 89 348 170
face 0.01741725206375122 278 89 348 170
face 0.01664721965789795 278 89 348 170
face 0.015232563018798828 278 89 348 170
face 0.014619886875152588 278 89 348 170
face 0.01257634162902832 278 89 348 170
face 0.011230051517486572 278 89 348 170
face 0.010435789823532104 278 89 348 170
face 0.010291516780853271 278 89 348 170
face 0.010115444660186768 278 89 348 170
face 0.010019898414611816 278 89 348 170
face 0.009947627782821655 278 89 348 170
face 0.009877830743789673 278 89 348 170
face 0.009178191423416138 278 89 348 170
face 0.00877755880355835 278 89 348 170
face 0.008655846118927002 278 89 348 170
face 0.00839763879776001 278 89 348 170
face 0.008331745862960815 278 89 348 170
face 0.00829431414604187 278 89 348 170
face 0.0081787109375 278 89 348 170
face 0.00789216160774231 278 89 348 170
face 0.007724791765213013 278 89 348 170
face 0.0076711177825927734 278 89 348 170
face 0.007414072751998901 278 89 348 170
face 0.007390856742858887 278 89 348 170
face 0.007207214832305908 278 89 348 170
face 0.007131844758987427 278 89 348 170
face 0.00703585147857666 278 89 348 170
face 0.0068743228912353516 278 89 348 170
face 0.00649377703666687 278 89 348 170
face 0.006407260894775391 278 89 348 170
face 0.006263166666030884 278 89 348 170
face 0.0059223473072052 278 89 348 170
face 0.005866795778274536 278 89 348 170
face 0.005856364965438843 278 89 348 170
face 0.005776822566986084 278 89 348 170
face 0.005705386400222778 278 89 348 170
face 0.005674511194229126 278 89 348 170
face 0.005663186311721802 278 89 348 170
face 0.005630195140838623 278 89 348 170
face 0.005546629428863525 278 89 348 170
face 0.0054967403411865234 278 89 348 170
face 0.005431234836578369 278 89 348 170
face 0.005392640829086304 278 89 348 170
face 0.0053465962409973145 278 89 348 170
face 0.005277037620544434 278 89 348 170
face 0.005257338285446167 278 89 348 170
face 0.005236208438873291 278 89 348 170
face 0.005231320858001709 278 89 348 170
face 0.005221426486968994 278 89 348 170
face 0.005215585231781006 278 89 348 170
face 0.005201458930969238 278 89 348 170
face 0.005184471607208252 278 89 348 170
face 0.005064815282821655 278 89 348 170
face 0.0050539374351501465 278 89 348 170
face 0.004946410655975342 278 89 348 170
face 0.004929631948471069 278 89 348 170
face 0.004857182502746582 278 89 348 170
face 0.004837065935134888 278 89 348 170
face 0.004803776741027832 278 89 348 170
face 0.004679352045059204 278 89 348 170
face 0.0046780407428741455 278 89 348 170
face 0.004622220993041992 278 89 348 170
face 0.004533588886260986 278 89 348 170
face 0.004511356353759766 278 89 348 170
face 0.004459887742996216 278 89 348 170
face 0.004428565502166748 278 89 348 170
face 0.00437319278717041 278 89 348 170
face 0.004336744546890259 278 89 348 170
face 0.004311949014663696 278 89 348 170
face 0.0042001307010650635 278 89 348 170
face 0.004142791032791138 278 89 348 170
face 0.004081279039382935 278 89 348 170
face 0.004069477319717407 278 89 348 170
face 0.004060715436935425 278 89 348 170
face 0.00405573844909668 278 89 348 170
face 0.003993302583694458 278 89 348 170
face 0.0039864182472229 278 89 348 170
face 0.003976643085479736 278 89 348 170
face 0.003976315259933472 278 89 348 170
face 0.003973931074142456 278 89 348 170
face 0.003927886486053467 278 89 348 170
face 0.003912061452865601 278 89 348 170
face 0.0038961172103881836 278 89 348 170
face 0.0038825571537017822 278 89 348 170
face 0.0038728415966033936 278 89 348 170
face 0.0038353800773620605 278 89 348 170
face 0.0038298964500427246 278 89 348 170
face 0.003799617290496826 278 89 348 170
face 0.00378379225730896 278 89 348 170
face 0.0037814676761627197 278 89 348 170
face 0.0037563443183898926 278 89 348 170
face 0.00372198224067688 278 89 348 170
face 0.0037195682525634766 278 89 348 170
face 0.0037007033824920654 278 89 348 170
face 0.0036955177783966064 278 89 348 170
face 0.0036854445934295654 278 89 348 170
