face 0.852410614490509 898 188 915 211
face 0.7881081104278564 556 293 583 326
face 0.6138725280761719 526 153 538 168
face 0.5136499404907227 474 114 483 125
face 0.5052042007446289 881 368 940 467
face 0.4522869288921356 881 368 940 467
face 0.4199833273887634 881 368 940 467
face 0.3975103199481964 881 368 940 467
face 0.3637590706348419 881 368 940 467
face 0.22607681155204773 881 368 940 467
face 0.2176072597503662 881 368 940 467
face 0.20031508803367615 881 368 940 467
face 0.185133159160614 881 368 940 467
face 0.16060671210289001 881 368 940 467
face 0.15721926093101501 881 368 940 467
face 0.14354491233825684 881 368 940 467
face 0.14262741804122925 881 368 940 467
face 0.1425972282886505 881 368 940 467
face 0.1419755518436432 881 368 940 467
face 0.1371617615222931 881 368 940 467
face 0.13481676578521729 881 368 940 467
face 0.13110646605491638 881 368 940 467
face 0.13095945119857788 881 368 940 467
face 0.12478047609329224 881 368 940 467
face 0.12055256962776184 881 368 940 467
face 0.11388573050498962 881 368 940 467
face 0.10853132605552673 881 368 940 467
face 0.10352775454521179 881 368 940 467
face 0.09850442409515381 881 368 940 467
face 0.09536832571029663 881 368 940 467
face 0.09470772743225098 881 368 940 467
face 0.08883166313171387 881 368 940 467
face 0.08842208981513977 881 368 940 467
face 0.08619406819343567 881 368 940 467
face 0.08460155129432678 881 368 940 467
face 0.07906559109687805 881 368 940 467
face 0.07811546325683594 881 368 940 467
face 0.07739681005477905 881 368 940 467
face 0.07677292823791504 881 368 940 467
face 0.07619377970695496 881 368 940 467
face 0.07244008779525757 881 368 940 467
face 0.07008388638496399 881 368 940 467
face 0.06816577911376953 881 368 940 467
face 0.06759348511695862 881 368 940 467
face 0.06300559639930725 881 368 940 467
face 0.06159430742263794 881 368 940 467
face 0.0580543577671051 881 368 940 467
face 0.05783194303512573 881 368 940 467
face 0.05645379424095154 881 368 940 467
face 0.05631422996520996 881 368 940 467
face 0.056057631969451904 881 368 940 467
face 0.05307048559188843 881 368 940 467
face 0.0511016845703125 881 368 940 467
face 0.05079653859138489 881 368 940 467
face 0.04521167278289795 881 368 940 467
face 0.04514342546463013 881 368 940 467
face 0.04473084211349487 881 368 940 467
face 0.044220030307769775 881 368 940 467
face 0.043918728828430176 881 368 940 467
face 0.043591320514678955 881 368 940 467
face 0.04327794909477234 881 368 940 467
face 0.043156206607818604 881 368 940 467
face 0.04268661141395569 881 368 940 467
face 0.04245889186859131 881 368 940 467
face 0.04048424959182739 881 368 940 467
face 0.0379694402217865 881 368 940 467
face 0.037927061319351196 881 368 940 467
face 0.037489503622055054 881 368 940 467
face 0.03726699948310852 881 368 940 467
face 0.035084158182144165 881 368 940 467
face 0.03419569134712219 881 368 940 467
face 0.033916085958480835 881 368 940 467
face 0.032501667737960815 881 368 940 467
face 0.03180214762687683 881 368 940 467
face 0.031213372945785522 881 368 940 467
face 0.031136304140090942 881 368 940 467
face 0.030677735805511475 881 368 940 467
face 0.03038477897644043 881 368 940 467
face 0.03012681007385254 881 368 940 467
face 0.030100882053375244 881 368 940 467
face 0.02999749779701233 881 368 940 467
face 0.029107332229614258 881 368 940 467
face 0.028789758682250977 881 368 940 467
face 0.027747631072998047 881 368 940 467
face 0.027738720178604126 881 368 940 467
face 0.02769187092781067 881 368 940 467
face 0.027619481086730957 881 368 940 467
face 0.027058899402618408 881 368 940 467
face 0.026497364044189453 881 368 940 467
face 0.026339977979660034 881 368 940 467
face 0.02583453059196472 881 368 940 467
face 0.025262147188186646 881 368 940 467
face 0.024272024631500244 881 368 940 467
face 0.02348819375038147 881 368 940 467
face 0.023396164178848267 881 368 940 467
face 0.023261040449142456 881 368 940 467
face 0.022956252098083496 881 368 940 467
face 0.022924840450286865 881 368 940 467
face 0.02203729748725891 881 368 940 467
face 0.02131989598274231 881 368 940 467
