face 0.9992020726203918 445 350 479 397
face 0.9986368417739868 128 322 167 369
face 0.994844377040863 725 330 757 373
face 0.9933464527130127 286 363 317 405
face 0.9872828125953674 919 312 949 356
face 0.980043888092041 246 352 280 399
face 0.9769688248634338 519 335 549 375
face 0.9698801636695862 625 352 654 393
face 0.925931453704834 669 321 697 362
face 0.9172122478485107 789 309 821 354
face 0.8944656848907471 333 333 360 374
face 0.8573873043060303 379 336 411 381
face 0.6833531856536865 603 326 631 365
face 0.5681006908416748 655 297 684 338
face 0.5185917615890503 426 285 457 330
face 0.42054495215415955 426 285 457 330
face 0.3819462060928345 426 285 457 330
face 0.3733291029930115 426 285 457 330
face 0.19929739832878113 426 285 457 330
face 0.19807672500610352 426 285 457 330
face 0.07389223575592041 426 285 457 330
face 0.07384058833122253 426 285 457 330
face 0.05429309606552124 426 285 457 330
face 0.05401569604873657 426 285 457 330
face 0.0396038293838501 426 285 457 330
face 0.03929522633552551 426 285 457 330
face 0.037736862897872925 426 285 457 330
face 0.03162044286727905 426 285 457 330
face 0.02370092272758484 426 285 457 330
face 0.021459966897964478 426 285 457 330
face 0.020650357007980347 426 285 457 330
face 0.02012297511100769 426 285 457 330
face 0.019351035356521606 426 285 457 330
face 0.01842758059501648 426 285 457 330
face 0.017269790172576904 426 285 457 330
face 0.01690661907196045 426 285 457 330
face 0.01607269048690796 426 285 457 330
face 0.015995562076568604 426 285 457 330
face 0.01561388373374939 426 285 457 330
face 0.014932096004486084 426 285 457 330
face 0.01479610800743103 426 285 457 330
face 0.013444483280181885 426 285 457 330
face 0.012763559818267822 426 285 457 330
face 0.011465191841125488 426 285 457 330
face 0.010964423418045044 426 285 457 330
face 0.01036769151687622 426 285 457 330
face 0.010343372821807861 426 285 457 330
face 0.010340571403503418 426 285 457 330
face 0.01028209924697876 426 285 457 330
face 0.010210007429122925 426 285 457 330
face 0.009893059730529785 426 285 457 330
face 0.009624987840652466 426 285 457 330
face 0.009060323238372803 426 285 457 330
face 0.008602321147918701 426 285 457 330
face 0.008460313081741333 426 285 457 330
face 0.008349090814590454 426 285 457 330
face 0.008160680532455444 426 285 457 330
face 0.008111685514450073 426 285 457 330
face 0.00733986496925354 426 285 457 330
face 0.00722232460975647 426 285 457 330
face 0.006955504417419434 426 285 457 330
face 0.006600320339202881 426 285 457 330
face 0.006481528282165527 426 285 457 330
face 0.006455659866333008 426 285 457 330
face 0.0061394572257995605 426 285 457 330
face 0.0057044923305511475 426 285 457 330
face 0.005697488784790039 426 285 457 330
face 0.005439460277557373 426 285 457 330
face 0.005407184362411499 426 285 457 330
face 0.00531354546546936 426 285 457 330
face 0.005080491304397583 426 285 457 330
face 0.00502505898475647 426 285 457 330
face 0.004967868328094482 426 285 457 330
face 0.004910647869110107 426 285 457 330
face 0.004889369010925293 426 285 457 330
face 0.004885047674179077 426 285 457 330
face 0.0048205554485321045 426 285 457 330
face 0.004693895578384399 426 285 457 330
face 0.004676997661590576 426 285 457 330
face 0.004641920328140259 426 285 457 330
face 0.0044341981410980225 426 285 457 330
face 0.004325270652770996 426 285 457 330
face 0.004260122776031494 426 285 457 330
face 0.004246801137924194 426 285 457 330
face 0.004229605197906494 426 285 457 330
face 0.004187345504760742 426 285 457 330
face 0.004174880683422089 426 285 457 330
face 0.004150480031967163 426 285 457 330
face 0.003972917795181274 426 285 457 330
face 0.0039598941802978516 426 285 457 330
face 0.0039522647857666016 426 285 457 330
face 0.0038461387157440186 426 285 457 330
face 0.0038060247898101807 426 285 457 330
face 0.0037714242935180664 426 285 457 330
face 0.0037550926208496094 426 285 457 330
face 0.0037270188331604004 426 285 457 330
face 0.0036457180976867676 426 285 457 330
face 0.0036298930644989014 426 285 457 330
face 0.003571242094039917 426 285 457 330
face 0.0035593509674072266 426 285 457 330
