face 0.9986062049865723 835 209 867 248
face 0.9984278678894043 334 241 370 280
face 0.9918777346611023 773 344 808 386
face 0.9882624745368958 563 249 591 283
face 0.9848964810371399 833 32 850 56
face 0.9821377992630005 629 138 648 165
face 0.9820178747177124 691 121 708 146
face 0.980351984500885 782 121 800 147
face 0.9776273965835571 437 239 466 274
face 0.9771198034286499 829 121 846 145
face 0.9734874963760376 951 119 967 144
face 0.9701155424118042 671 354 705 392
face 0.9686266183853149 480 146 498 170
face 0.9485547542572021 560 320 596 359
face 0.9368470907211304 367 316 406 359
face 0.9362995624542236 223 200 254 232
face 0.9345082640647888 684 47 701 71
face 0.933456540107727 943 220 977 257
face 0.922066330909729 693 149 710 174
face 0.9180587530136108 456 102 474 126
face 0.9157137870788574 996 38 1011 62
face 0.9144768714904785 620 49 636 72
face 0.9041545391082764 728 119 745 144
face 0.9040933847427368 63 36 79 57
face 0.9001411199569702 942 157 959 180
face 0.8948233723640442 794 153 811 176
face 0.8942713737487793 626 248 652 283
face 0.8846415877342224 530 106 547 130
face 0.8838047981262207 632 185 652 211
face 0.8752701282501221 511 34 528 56
face 0.8624328970909119 352 29 368 52
face 0.8597550392150879 250 182 279 214
face 0.8465169668197632 667 1 683 23
face 0.8412150144577026 757 214 785 251
face 0.8098584413528442 368 101 386 124
face 0.7879003286361694 916 10 933 34
face 0.7463300228118896 319 6 333 28
face 0.7431289553642273 695 231 729 270
face 0.7238386273384094 508 0 525 19
face 0.7139758467674255 284 321 315 357
face 0.7025420069694519 918 76 934 100
face 0.6833486557006836 935 71 952 96
face 0.6672412753105164 721 51 737 74
face 0.6664870381355286 86 171 113 205
face 0.6526796817779541 577 0 594 14
face 0.6306328177452087 897 367 931 407
face 0.6280995607376099 398 0 415 21
face 0.6197758316993713 849 2 865 22
face 0.6167994737625122 551 189 576 219
face 0.611425518989563 670 73 687 97
face 0.6049407720565796 952 47 968 71
face 0.5792547464370728 889 136 905 158
face 0.5719814300537109 469 316 510 359
face 0.5615345239639282 967 10 983 33
face 0.5602337121963501 283 345 312 381
face 0.5506166815757751 220 8 233 29
face 0.5401336550712585 253 133 270 151
face 0.5371588468551636 569 341 602 380
face 0.5278212428092957 882 120 898 144
face 0.48142728209495544 882 120 898 144
face 0.4700523316860199 882 120 898 144
face 0.46356356143951416 882 120 898 144
face 0.4522950351238251 882 120 898 144
face 0.45037755370140076 882 120 898 144
face 0.4416682720184326 882 120 898 144
face 0.4380064606666565 882 120 898 144
face 0.4273408353328705 882 120 898 144
face 0.4087715744972229 882 120 898 144
face 0.39201515913009644 882 120 898 144
face 0.3787075877189636 882 120 898 144
face 0.3769022822380066 882 120 898 144
face 0.3608049750328064 882 120 898 144
face 0.3496740460395813 882 120 898 144
face 0.3480008542537689 882 120 898 144
face 0.34189096093177795 882 120 898 144
face 0.3405287265777588 882 120 898 144
face 0.33555930852890015 882 120 898 144
face 0.3354143500328064 882 120 898 144
face 0.32993608713150024 882 120 898 144
face 0.3199084997177124 882 120 898 144
face 0.30057692527770996 882 120 898 144
face 0.2995845079421997 882 120 898 144
face 0.29448771476745605 882 120 898 144
face 0.29237866401672363 882 120 898 144
face 0.2885480523109436 882 120 898 144
face 0.2821524143218994 882 120 898 144
face 0.2792651057243347 882 120 898 144
face 0.27582624554634094 882 120 898 144
face 0.2670067548751831 882 120 898 144
face 0.2621697187423706 882 120 898 144
face 0.26146501302719116 882 120 898 144
face 0.2499626874923706 882 120 898 144
face 0.24477729201316833 882 120 898 144
face 0.2332182228565216 882 120 898 144
face 0.22801709175109863 882 120 898 144
face 0.21312358975410461 882 120 898 144
face 0.21019181609153748 882 120 898 144
face 0.20760273933410645 882 120 898 144
face 0.1966554820537567 882 120 898 144
face 0.18720495700836182 882 120 898 144
