face 0.7935934066772461 545 344 569 371
face 0.7281618118286133 177 323 195 345
face 0.6108561158180237 686 351 699 368
face 0.4753126800060272 686 351 699 368
face 0.2723981738090515 686 351 699 368
face 0.19499951601028442 686 351 699 368
face 0.1833348274230957 686 351 699 368
face 0.14915648102760315 686 351 699 368
face 0.1363418698310852 686 351 699 368
face 0.08955657482147217 686 351 699 368
face 0.08630359172821045 686 351 699 368
face 0.06261348724365234 686 351 699 368
face 0.025613456964492798 686 351 699 368
face 0.023595333099365234 686 351 699 368
face 0.020315229892730713 686 351 699 368
face 0.017817676067352295 686 351 699 368
face 0.017372727394104004 686 351 699 368
face 0.015153437852859497 686 351 699 368
face 0.014699071645736694 686 351 699 368
face 0.014626801013946533 686 351 699 368
face 0.014188617467880249 686 351 699 368
face 0.013727694749832153 686 351 699 368
face 0.012436866760253906 686 351 699 368
face 0.012222826480865479 686 351 699 368
face 0.010389834642410278 686 351 699 368
face 0.01033446192741394 686 351 699 368
face 0.009932100772857666 686 351 699 368
face 0.009550929069519043 686 351 699 368
face 0.00920155644416809 686 351 699 368
face 0.008909165859222412 686 351 699 368
face 0.0086442232131958 686 351 699 368
face 0.008375465869903564 686 351 699 368
face 0.0080832839012146 686 351 699 368
face 0.0076697468757629395 686 351 699 368
face 0.007218092679977417 686 351 699 368
face 0.006943076848983765 686 351 699 368
face 0.006762206554412842 686 351 699 368
face 0.005592972040176392 686 351 699 368
face 0.005347907543182373 686 351 699 368
face 0.0052536725997924805 686 351 699 368
face 0.0051006292924284935 686 351 699 368
face 0.004815936088562012 686 351 699 368
face 0.004494398832321167 686 351 699 368
face 0.0043513476848602295 686 351 699 368
face 0.004150688648223877 686 351 699 368
face 0.004106640815734863 686 351 699 368
face 0.004091769456863403 686 351 699 368
face 0.003980010747909546 686 351 699 368
face 0.0038158297538757324 686 351 699 368
face 0.003735482692718506 686 351 699 368
face 0.0037209391593933105 686 351 699 368
face 0.003621429204940796 686 351 699 368
face 0.0033745169639587402 686 351 699 368
face 0.0032957494258880615 686 351 699 368
face 0.0031901001930236816 686 351 699 368
face 0.0029266774654388428 686 351 699 368
face 0.0028540194034576416 686 351 699 368
face 0.0027871131896972656 686 351 699 368
face 0.0027481019496917725 686 351 699 368
face 0.0027219057083129883 686 351 699 368
face 0.0026869773864746094 686 351 699 368
face 0.0026814937591552734 686 351 699 368
face 0.0026679039001464844 686 351 699 368
face 0.002629011869430542 686 351 699 368
face 0.0026189088821411133 686 351 699 368
face 0.002459198236465454 686 351 699 368
face 0.0024553537368774414 686 351 699 368
face 0.002387315034866333 686 351 699 368
face 0.0023616254329681396 686 351 699 368
face 0.002346813678741455 686 351 699 368
face 0.0023277103900909424 686 351 699 368
face 0.002325206995010376 686 351 699 368
face 0.002323538064956665 686 351 699 368
face 0.0022541582584381104 686 351 699 368
face 0.00224912166595459 686 351 699 368
face 0.0021237730979919434 686 351 699 368
face 0.002091735601425171 686 351 699 368
face 0.002090543508529663 686 351 699 368
face 0.001967012882232666 686 351 699 368
face 0.001953303813934326 686 351 699 368
face 0.0019497573375701904 686 351 699 368
face 0.0019401311874389648 686 351 699 368
face 0.0019240081310272217 686 351 699 368
face 0.0018728673458099365 686 351 699 368
face 0.0018569231033325195 686 351 699 368
face 0.0018162429332733154 686 351 699 368
face 0.0018013417720794678 686 351 699 368
face 0.0017835795879364014 686 351 699 368
face 0.0017781257629394531 686 351 699 368
face 0.001759946346282959 686 351 699 368
face 0.0017372965812683105 686 351 699 368
face 0.0017363429069519043 686 351 699 368
face 0.0017362534999847412 686 351 699 368
face 0.0017361044883728027 686 351 699 368
face 0.0017115771770477295 686 351 699 368
face 0.0016996562480926514 686 351 699 368
face 0.0016987919807434082 686 351 699 368
face 0.0016980469226837158 686 351 699 368
face 0.0016574561595916748 686 351 699 368
face 0.0016557276248931885 686 351 699 368
