face 0.9600918889045715 181 248 202 277
face 0.7927128076553345 552 243 568 263
face 0.36794257164001465 552 243 568 263
face 0.09343451261520386 552 243 568 263
face 0.08090212941169739 552 243 568 263
face 0.06680333614349365 552 243 568 263
face 0.04088035225868225 552 243 568 263
face 0.03441891074180603 552 243 568 263
face 0.029092878103256226 552 243 568 263
face 0.028894782066345215 552 243 568 263
face 0.028282642364501953 552 243 568 263
face 0.02772095799446106 552 243 568 263
face 0.02761828899383545 552 243 568 263
face 0.027601242065429688 552 243 568 263
face 0.023802995681762695 552 243 568 263
face 0.02266019582748413 552 243 568 263
face 0.021191388368606567 552 243 568 263
face 0.01799258589744568 552 243 568 263
face 0.016478687524795532 552 243 568 263
face 0.016133755445480347 552 243 568 263
face 0.015831202268600464 552 243 568 263
face 0.014693796634674072 552 243 568 263
face 0.013636678457260132 552 243 568 263
face 0.012866884469985962 552 243 568 263
face 0.011949747800827026 552 243 568 263
face 0.011671006679534912 552 243 568 263
face 0.011353552341461182 552 243 568 263
face 0.011299729347229004 552 243 568 263
face 0.010361164808273315 552 243 568 263
face 0.010312020778656006 552 243 568 263
face 0.010115057229995728 552 243 568 263
face 0.00992894172668457 552 243 568 263
face 0.009773731231689453 552 243 568 263
face 0.00960630178451538 552 243 568 263
face 0.009556770324707031 552 243 568 263
face 0.009375423192977905 552 243 568 263
face 0.009149104356765747 552 243 568 263
face 0.008945971727371216 552 243 568 263
face 0.008916616439819336 552 243 568 263
face 0.008398234844207764 552 243 568 263
face 0.008336693048477173 552 243 568 263
face 0.008170366287231445 552 243 568 263
face 0.008054614067077637 552 243 568 263
face 0.008004516363143921 552 243 568 263
face 0.007848352193832397 552 243 568 263
face 0.007831573486328125 552 243 568 263
face 0.007574558258056641 552 243 568 263
face 0.007547229528427124 552 243 568 263
face 0.007323235273361206 552 243 568 263
face 0.007304936647415161 552 243 568 263
face 0.0072785913944244385 552 243 568 263
face 0.007191330194473267 552 243 568 263
face 0.007174432277679443 552 243 568 263
face 0.007031142711639404 552 243 568 263
face 0.006958216428756714 552 243 568 263
face 0.0069099366664886475 552 243 568 263
face 0.006817817687988281 552 243 568 263
face 0.006632179021835327 552 243 568 263
face 0.006620168685913086 552 243 568 263
face 0.006558328866958618 552 243 568 263
face 0.0064820051193237305 552 243 568 263
face 0.006442159414291382 552 243 568 263
face 0.006430178880691528 552 243 568 263
face 0.006347835063934326 552 243 568 263
face 0.006315112113952637 552 243 568 263
face 0.006194442510604858 552 243 568 263
face 0.005918323993682861 552 243 568 263
face 0.005886882543563843 552 243 568 263
face 0.0058525800704956055 552 243 568 263
face 0.005756467580795288 552 243 568 263
face 0.005719780921936035 552 243 568 263
face 0.005655258893966675 552 243 568 263
face 0.0055845677852630615 552 243 568 263
face 0.0054547786712646484 552 243 568 263
face 0.005381897557526827 552 243 568 263
face 0.005190044641494751 552 243 568 263
face 0.005091816186904907 552 243 568 263
face 0.005061626434326172 552 243 568 263
face 0.004976332187652588 552 243 568 263
face 0.0048659443855285645 552 243 568 263
face 0.004828989505767822 552 243 568 263
face 0.004795759916305542 552 243 568 263
face 0.004770427942276001 552 243 568 263
face 0.004728943109512329 552 243 568 263
face 0.004724234342575073 552 243 568 263
face 0.004694163799285889 552 243 568 263
face 0.004605531692504883 552 243 568 263
face 0.00455319881439209 552 243 568 263
face 0.004526972770690918 552 243 568 263
face 0.004515171051025391 552 243 568 263
face 0.0043867528438568115 552 243 568 263
face 0.004344254732131958 552 243 568 263
face 0.004282355308532715 552 243 568 263
face 0.004235804080963135 552 243 568 263
face 0.00419461727142334 552 243 568 263
face 0.004187077283859253 552 243 568 263
face 0.004167437553405762 552 243 568 263
face 0.004163205623626709 552 243 568 263
face 0.004152804613113403 552 243 568 263
face 0.004133373498916626 552 243 568 263
