face 0.6128560900688171 394 59 427 93
face 0.4907137155532837 394 59 427 93
face 0.4411715567111969 394 59 427 93
face 0.2096971869468689 394 59 427 93
face 0.1464892029762268 394 59 427 93
face 0.0608137845993042 394 59 427 93
face 0.060352474451065063 394 59 427 93
face 0.048728495836257935 394 59 427 93
face 0.03979313373565674 394 59 427 93
face 0.035853683948516846 394 59 427 93
face 0.03211989998817444 394 59 427 93
face 0.0317915678024292 394 59 427 93
face 0.03173243999481201 394 59 427 93
face 0.03075629472732544 394 59 427 93
face 0.02796107530593872 394 59 427 93
face 0.02554953098297119 394 59 427 93
face 0.02222415804862976 394 59 427 93
face 0.019176065921783447 394 59 427 93
face 0.01913699507713318 394 59 427 93
face 0.019041895866394043 394 59 427 93
face 0.016656875610351562 394 59 427 93
face 0.016045480966567993 394 59 427 93
face 0.015508085489273071 394 59 427 93
face 0.015287518501281738 394 59 427 93
face 0.015190660953521729 394 59 427 93
face 0.014716893434524536 394 59 427 93
face 0.014608591794967651 394 59 427 93
face 0.014602720737457275 394 59 427 93
face 0.012648016214370728 394 59 427 93
face 0.012640923261642456 394 59 427 93
face 0.012544691562652588 394 59 427 93
face 0.012469321489334106 394 59 427 93
face 0.012073934078216553 394 59 427 93
face 0.011957436800003052 394 59 427 93
face 0.011656492948532104 394 59 427 93
face 0.011005640029907227 394 59 427 93
face 0.010804891586303711 394 59 427 93
face 0.010481148958206177 394 59 427 93
face 0.010415524244308472 394 59 427 93
face 0.010399430990219116 394 59 427 93
face 0.01029813289642334 394 59 427 93
face 0.010173380374908447 394 59 427 93
face 0.009813845157623291 394 59 427 93
face 0.00977867841720581 394 59 427 93
face 0.009698331356048584 394 59 427 93
face 0.009675323963165283 394 59 427 93
face 0.009278327226638794 394 59 427 93
face 0.009058445692062378 394 59 427 93
face 0.009043335914611816 394 59 427 93
face 0.00895950198173523 394 59 427 93
face 0.00889289379119873 394 59 427 93
face 0.0085563063621521 394 59 427 93
face 0.008551180362701416 394 59 427 93
face 0.008540213108062744 394 59 427 93
face 0.008401453495025635 394 59 427 93
face 0.008080452680587769 394 59 427 93
face 0.007640540599822998 394 59 427 93
face 0.007623076438903809 394 59 427 93
face 0.007554918527603149 394 59 427 93
face 0.007414817810058594 394 59 427 93
face 0.007354110479354858 394 59 427 93
face 0.0072092413902282715 394 59 427 93
face 0.0071701109409332275 394 59 427 93
face 0.007049232721328735 394 59 427 93
face 0.0070230960845947266 394 59 427 93
face 0.007017195224761963 394 59 427 93
face 0.006986796855926514 394 59 427 93
face 0.006921917200088501 394 59 427 93
face 0.006891399621963501 394 59 427 93
face 0.006874024868011475 394 59 427 93
face 0.006861656904220581 394 59 427 93
face 0.006852686405181885 394 59 427 93
face 0.006731003522872925 394 59 427 93
face 0.00670468807220459 394 59 427 93
face 0.0066966712474823 394 59 427 93
face 0.006683975458145142 394 59 427 93
face 0.006660759449005127 394 59 427 93
face 0.0065877437591552734 394 59 427 93
face 0.0064289867877960205 394 59 427 93
face 0.006376713514328003 394 59 427 93
face 0.006372570991516113 394 59 427 93
face 0.006369888782501221 394 59 427 93
face 0.0062361061573028564 394 59 427 93
face 0.0061682164669036865 394 59 427 93
face 0.006048262119293213 394 59 427 93
face 0.0060295164585113525 394 59 427 93
face 0.006021618843078613 394 59 427 93
face 0.005988717079162598 394 59 427 93
face 0.005970090627670288 394 59 427 93
face 0.005958825349807739 394 59 427 93
face 0.005930781364440918 394 59 427 93
face 0.005921512842178345 394 59 427 93
face 0.005886971950531006 394 59 427 93
face 0.0058419108390808105 394 59 427 93
face 0.005834072828292847 394 59 427 93
face 0.0058325231075286865 394 59 427 93
face 0.005814552307128906 394 59 427 93
face 0.005796968936920166 394 59 427 93
face 0.005795657634735107 394 59 427 93
face 0.005759894847869873 394 59 427 93
