face 0.33442237973213196 639 159 835 414
face 0.3236284852027893 639 159 835 414
face 0.2451895773410797 639 159 835 414
face 0.18134793639183044 639 159 835 414
face 0.11657175421714783 639 159 835 414
face 0.1110711395740509 639 159 835 414
face 0.1031760573387146 639 159 835 414
face 0.09410017728805542 639 159 835 414
face 0.08723664283752441 639 159 835 414
face 0.0864972174167633 639 159 835 414
face 0.08183449506759644 639 159 835 414
face 0.0791793167591095 639 159 835 414
face 0.07163843512535095 639 159 835 414
face 0.06923049688339233 639 159 835 414
face 0.06793466210365295 639 159 835 414
face 0.06744062900543213 639 159 835 414
face 0.056675612926483154 639 159 835 414
face 0.053270965814590454 639 159 835 414
face 0.05100998282432556 639 159 835 414
face 0.04836165904998779 639 159 835 414
face 0.047966182231903076 639 159 835 414
face 0.04756954312324524 639 159 835 414
face 0.044193148612976074 639 159 835 414
face 0.040953874588012695 639 159 835 414
face 0.036635249853134155 639 159 835 414
face 0.036409080028533936 639 159 835 414
face 0.035729050636291504 639 159 835 414
face 0.03570905327796936 639 159 835 414
face 0.035137563943862915 639 159 835 414
face 0.03464213013648987 639 159 835 414
face 0.03428405523300171 639 159 835 414
face 0.03402718901634216 639 159 835 414
face 0.03380846977233887 639 159 835 414
face 0.03372436761856079 639 159 835 414
face 0.03316009044647217 639 159 835 414
face 0.032771527767181396 639 159 835 414
face 0.032457172870635986 639 159 835 414
face 0.03131410479545593 639 159 835 414
face 0.03062453866004944 639 159 835 414
face 0.030089855194091797 639 159 835 414
face 0.029880523681640625 639 159 835 414
face 0.029684215784072876 639 159 835 414
face 0.02941983938217163 639 159 835 414
face 0.02927333116531372 639 159 835 414
face 0.028411179780960083 639 159 835 414
face 0.027940571308135986 639 159 835 414
face 0.027063578367233276 639 159 835 414
face 0.026591837406158447 639 159 835 414
face 0.026575028896331787 639 159 835 414
face 0.02634751796722412 639 159 835 414
face 0.025682270526885986 639 159 835 414
face 0.0255470871925354 639 159 835 414
face 0.024227052927017212 639 159 835 414
face 0.024076074361801147 639 159 835 414
face 0.023830443620681763 639 159 835 414
face 0.02335965633392334 639 159 835 414
face 0.022816449403762817 639 159 835 414
face 0.022068768739700317 639 159 835 414
face 0.022043168544769287 639 159 835 414
face 0.02203845977783203 639 159 835 414
face 0.02179896831512451 639 159 835 414
face 0.021784156560897827 639 159 835 414
face 0.02099454402923584 639 159 835 414
face 0.020638257265090942 639 159 835 414
face 0.02057892084121704 639 159 835 414
face 0.019662946462631226 639 159 835 414
face 0.019558459520339966 639 159 835 414
face 0.0190601646900177 639 159 835 414
face 0.018663078546524048 639 159 835 414
face 0.018291592597961426 639 159 835 414
face 0.017621278762817383 639 159 835 414
face 0.01685693860054016 639 159 835 414
face 0.01591932773590088 639 159 835 414
face 0.015710502862930298 639 159 835 414
face 0.015567690134048462 639 159 835 414
face 0.015440523624420166 639 159 835 414
face 0.015437543392181396 639 159 835 414
face 0.015414774417877197 639 159 835 414
face 0.015249043703079224 639 159 835 414
face 0.015139102935791016 639 159 835 414
face 0.014988929033279419 639 159 835 414
face 0.014836698770523071 639 159 835 414
face 0.014835864305496216 639 159 835 414
face 0.014821797609329224 639 159 835 414
face 0.014603883028030396 639 159 835 414
face 0.014493942260742188 639 159 835 414
face 0.014482229948043823 639 159 835 414
face 0.014209270477294922 639 159 835 414
face 0.014042139053344727 639 159 835 414
face 0.013695955276489258 639 159 835 414
face 0.013626158237457275 639 159 835 414
face 0.0133514404296875 639 159 835 414
face 0.013311803340911865 639 159 835 414
face 0.013258039951324463 639 159 835 414
face 0.013219684362411499 639 159 835 414
face 0.013198643922805786 639 159 835 414
face 0.012977749109268188 639 159 835 414
face 0.012880653142929077 639 159 835 414
face 0.012878268957138062 639 159 835 414
face 0.012831956148147583 639 159 835 414
