face 0.9968549013137817 493 147 631 383
face 0.1929101049900055 493 147 631 383
face 0.16755205392837524 493 147 631 383
face 0.09744903445243835 493 147 631 383
face 0.060779452323913574 493 147 631 383
face 0.04564887285232544 493 147 631 383
face 0.04368892312049866 493 147 631 383
face 0.042439013719558716 493 147 631 383
face 0.04140329360961914 493 147 631 383
face 0.03624412417411804 493 147 631 383
face 0.03324317932128906 493 147 631 383
face 0.033033132553100586 493 147 631 383
face 0.03211236000061035 493 147 631 383
face 0.0307275652885437 493 147 631 383
face 0.0298079252243042 493 147 631 383
face 0.028068840503692627 493 147 631 383
face 0.02612435817718506 493 147 631 383
face 0.025806576013565063 493 147 631 383
face 0.025775164365768433 493 147 631 383
face 0.02485552430152893 493 147 631 383
face 0.023686081171035767 493 147 631 383
face 0.023246675729751587 493 147 631 383
face 0.021968305110931396 493 147 631 383
face 0.021876662969589233 493 147 631 383
face 0.02129116654396057 493 147 631 383
face 0.020722240209579468 493 147 631 383
face 0.020516514778137207 493 147 631 383
face 0.0205114483833313 493 147 631 383
face 0.020163029432296753 493 147 631 383
face 0.020127296447753906 493 147 631 383
face 0.02008017897605896 493 147 631 383
face 0.020033568143844604 493 147 631 383
face 0.01924443244934082 493 147 631 383
face 0.01899668574333191 493 147 631 383
face 0.01848122477531433 493 147 631 383
face 0.018416166305541992 493 147 631 383
face 0.01815330982208252 493 147 631 383
face 0.017843931913375854 493 147 631 383
face 0.01722624897956848 493 147 631 383
face 0.01708287000656128 493 147 631 383
face 0.016741394996643066 493 147 631 383
face 0.01643681526184082 493 147 631 383
face 0.015486598014831543 493 147 631 383
face 0.015469372272491455 493 147 631 383
face 0.015406697988510132 493 147 631 383
face 0.014962822198867798 493 147 631 383
face 0.014943689107894897 493 147 631 383
face 0.014679402112960815 493 147 631 383
face 0.014303982257843018 493 147 631 383
face 0.014272898435592651 493 147 631 383
face 0.014188259840011597 493 147 631 383
face 0.014074385166168213 493 147 631 383
face 0.013898491859436035 493 147 631 383
face 0.013817191123962402 493 147 631 383
face 0.013699263334274292 493 147 631 383
face 0.013531893491744995 493 147 631 383
face 0.013520091772079468 493 147 631 383
face 0.013471066951751709 493 147 631 383
face 0.013377934694290161 493 147 631 383
face 0.013135045766830444 493 147 631 383
face 0.012971341609954834 493 147 631 383
face 0.012794733047485352 493 147 631 383
face 0.012738585472106934 493 147 631 383
face 0.012713909149169922 493 147 631 383
face 0.012439638376235962 493 147 631 383
face 0.012258589267730713 493 147 631 383
face 0.012060493230819702 493 147 631 383
face 0.011972963809967041 493 147 631 383
face 0.011854201555252075 493 147 631 383
face 0.011817604303359985 493 147 631 383
face 0.01161724328994751 493 147 631 383
face 0.011476874351501465 493 147 631 383
face 0.011270612478256226 493 147 631 383
face 0.011257737874984741 493 147 631 383
face 0.011156350374221802 493 147 631 383
face 0.011061489582061768 493 147 631 383
face 0.011003226041793823 493 147 631 383
face 0.011001884937286377 493 147 631 383
face 0.010983914136886597 493 147 631 383
face 0.010937213897705078 493 147 631 383
face 0.010803073644638062 493 147 631 383
face 0.010778218507766724 493 147 631 383
face 0.010765880346298218 493 147 631 383
face 0.010598808526992798 493 147 631 383
face 0.010594576597213745 493 147 631 383
face 0.010574787855148315 493 147 631 383
face 0.010388582944869995 493 147 631 383
face 0.010116487741470337 493 147 631 383
face 0.0099831223487854 493 147 631 383
face 0.009912222623825073 493 147 631 383
face 0.009902089834213257 493 147 631 383
face 0.009831726551055908 493 147 631 383
face 0.009643137454986572 493 147 631 383
face 0.009577006101608276 493 147 631 383
face 0.009576469659805298 493 147 631 383
face 0.00955095887184143 493 147 631 383
face 0.009539484977722168 493 147 631 383
face 0.009397685527801514 493 147 631 383
face 0.009322106838226318 493 147 631 383
face 0.009320348501205444 493 147 631 383
