face 0.9505417346954346 589 174 788 420
face 0.01095619797706604 589 174 788 420
face 0.007331579923629761 589 174 788 420
face 0.00682985782623291 589 174 788 420
face 0.006562560796737671 589 174 788 420
face 0.006251007318496704 589 174 788 420
face 0.005987346172332764 589 174 788 420
face 0.005837291479110718 589 174 788 420
face 0.005811929702758789 589 174 788 420
face 0.005721688270568848 589 174 788 420
face 0.00535273551940918 589 174 788 420
face 0.0053243935108184814 589 174 788 420
face 0.005206853151321411 589 174 788 420
face 0.004903316497802734 589 174 788 420
face 0.0048871636390686035 589 174 788 420
face 0.004857927560806274 589 174 788 420
face 0.004738271236419678 589 174 788 420
face 0.0047262609004974365 589 174 788 420
face 0.004486680030822754 589 174 788 420
face 0.004399806261062622 589 174 788 420
face 0.004372894763946533 589 174 788 420
face 0.004309922456741333 589 174 788 420
face 0.004249900579452515 589 174 788 420
face 0.004229992628097534 589 174 788 420
face 0.004202783107757568 589 174 788 420
face 0.0041422247886657715 589 174 788 420
face 0.004126191139221191 589 174 788 420
face 0.004075795412063599 589 174 788 420
face 0.004072010517120361 589 174 788 420
face 0.004053980112075806 589 174 788 420
face 0.003886282444000244 589 174 788 420
face 0.0038686394691467285 589 174 788 420
face 0.0037378668785095215 589 174 788 420
face 0.003697812557220459 589 174 788 420
face 0.003694504499435425 589 174 788 420
face 0.003636777400970459 589 174 788 420
face 0.0036247074604034424 589 174 788 420
face 0.00359499454498291 589 174 788 420
face 0.003588169813156128 589 174 788 420
face 0.0034990310668945312 589 174 788 420
face 0.0034836530685424805 589 174 788 420
face 0.0034770965576171875 589 174 788 420
face 0.0034561753273010254 589 174 788 420
face 0.0034464597702026367 589 174 788 420
face 0.0033462941646575928 589 174 788 420
face 0.0032619833946228027 589 174 788 420
face 0.0032521188259124756 589 174 788 420
face 0.003213644027709961 589 174 788 420
face 0.003182023763656616 589 174 788 420
face 0.0031718015670776367 589 174 788 420
face 0.0031448006629943848 589 174 788 420
face 0.003082960844039917 589 174 788 420
face 0.0030697882175445557 589 174 788 420
face 0.00303611159324646 589 174 788 420
face 0.0029730498790740967 589 174 788 420
face 0.002957165241241455 589 174 788 420
face 0.0029207170009613037 589 174 788 420
face 0.002914637327194214 589 174 788 420
face 0.0028595030307769775 589 174 788 420
face 0.0028059184551239014 589 174 788 420
face 0.0027734041213989258 589 174 788 420
face 0.002772688865661621 589 174 788 420
face 0.002767205238342285 589 174 788 420
face 0.0027568936347961426 589 174 788 420
face 0.002714484930038452 589 174 788 420
face 0.002708524465560913 589 174 788 420
face 0.002688854932785034 589 174 788 420
face 0.0026521384716033936 589 174 788 420
face 0.0026491284370422363 589 174 788 420
face 0.0026466548442840576 589 174 788 420
face 0.002639561891555786 589 174 788 420
face 0.002598494291305542 589 174 788 420
face 0.0025742650032043457 589 174 788 420
face 0.002538710832595825 589 174 788 420
face 0.0025148093700408936 589 174 788 420
face 0.0024960339069366455 589 174 788 420
face 0.0024825334548950195 589 174 788 420
face 0.0024736523628234863 589 174 788 420
face 0.0024711787700653076 589 174 788 420
face 0.0024633407592773438 589 174 788 420
face 0.0024532675743103027 589 174 788 420
face 0.002451002597808838 589 174 788 420
face 0.002433210611343384 589 174 788 420
face 0.0024331510066986084 589 174 788 420
face 0.0024217963218688965 589 174 788 420
face 0.0024001002311706543 589 174 788 420
face 0.002384006977081299 589 174 788 420
face 0.0023643970489501953 589 174 788 420
face 0.002364128828048706 589 174 788 420
face 0.002363443374633789 589 174 788 420
face 0.002358555793762207 589 174 788 420
face 0.0023383796215057373 589 174 788 420
face 0.0023365914821624756 589 174 788 420
face 0.0023258626461029053 589 174 788 420
face 0.0023239850997924805 589 174 788 420
face 0.002317965030670166 589 174 788 420
face 0.0023165345191955566 589 174 788 420
face 0.0023157596588134766 589 174 788 420
face 0.0023097991943359375 589 174 788 420
face 0.0022975504398345947 589 174 788 420
