face 0.9006861448287964 453 167 558 311
face 0.04694908857345581 453 167 558 311
face 0.03509318828582764 453 167 558 311
face 0.029545634984970093 453 167 558 311
face 0.0286409854888916 453 167 558 311
face 0.028169900178909302 453 167 558 311
face 0.02454701066017151 453 167 558 311
face 0.022743046283721924 453 167 558 311
face 0.022733628749847412 453 167 558 311
face 0.022586703300476074 453 167 558 311
face 0.019222766160964966 453 167 558 311
face 0.018184900283813477 453 167 558 311
face 0.017856568098068237 453 167 558 311
face 0.017265111207962036 453 167 558 311
face 0.017255157232284546 453 167 558 311
face 0.016951411962509155 453 167 558 311
face 0.01693207025527954 453 167 558 311
face 0.016436338424682617 453 167 558 311
face 0.016216695308685303 453 167 558 311
face 0.015996873378753662 453 167 558 311
face 0.01521611213684082 453 167 558 311
face 0.014545917510986328 453 167 558 311
face 0.01440441608428955 453 167 558 311
face 0.013622879981994629 453 167 558 311
face 0.013413995504379272 453 167 558 311
face 0.013311147689819336 453 167 558 311
face 0.013199925422668457 453 167 558 311
face 0.01306694746017456 453 167 558 311
face 0.012828737497329712 453 167 558 311
face 0.012820541858673096 453 167 558 311
face 0.012789696455001831 453 167 558 311
face 0.012340337038040161 453 167 558 311
face 0.012222468852996826 453 167 558 311
face 0.012180536985397339 453 167 558 311
face 0.011941701173782349 453 167 558 311
face 0.011721134185791016 453 167 558 311
face 0.011622995138168335 453 167 558 311
face 0.011499881744384766 453 167 558 311
face 0.01130327582359314 453 167 558 311
face 0.011126965284347534 453 167 558 311
face 0.011054903268814087 453 167 558 311
face 0.010894089937210083 453 167 558 311
face 0.010784000158309937 453 167 558 311
face 0.010601073503494263 453 167 558 311
face 0.010595560073852539 453 167 558 311
face 0.010562717914581299 453 167 558 311
face 0.01035982370376587 453 167 558 311
face 0.010248690843582153 453 167 558 311
face 0.010247886180877686 453 167 558 311
face 0.010189473628997803 453 167 558 311
face 0.010158419609069824 453 167 558 311
face 0.01007816195487976 453 167 558 311
face 0.009984105825424194 453 167 558 311
face 0.009960353374481201 453 167 558 311
face 0.009941726922988892 453 167 558 311
face 0.009843677282333374 453 167 558 311
face 0.00983649492263794 453 167 558 311
face 0.0095367431640625 453 167 558 311
face 0.009452641010284424 453 167 558 311
face 0.009389728307723999 453 167 558 311
face 0.009081453084945679 453 167 558 311
face 0.009077668190002441 453 167 558 311
face 0.008834123611450195 453 167 558 311
face 0.0086231529712677 453 167 558 311
face 0.008606642484664917 453 167 558 311
face 0.008549928665161133 453 167 558 311
face 0.008517295122146606 453 167 558 311
face 0.008486270904541016 453 167 558 311
face 0.008440166711807251 453 167 558 311
face 0.008401334285736084 453 167 558 311
face 0.008344590663909912 453 167 558 311
face 0.008332431316375732 453 167 558 311
face 0.008263170719146729 453 167 558 311
face 0.007971644401550293 453 167 558 311
face 0.007898896932601929 453 167 558 311
face 0.00784572958946228 453 167 558 311
face 0.007735580205917358 453 167 558 311
face 0.007732778787612915 453 167 558 311
face 0.007682740688323975 453 167 558 311
face 0.0076448917388916016 453 167 558 311
face 0.007633477449417114 453 167 558 311
face 0.007415443658828735 453 167 558 311
face 0.007354795932769775 453 167 558 311
face 0.0072560906410217285 453 167 558 311
face 0.007246524095535278 453 167 558 311
face 0.007197290658950806 453 167 558 311
face 0.007012605667114258 453 167 558 311
face 0.007012158632278442 453 167 558 311
face 0.0070108771324157715 453 167 558 311
face 0.007006913423538208 453 167 558 311
face 0.0069200098514556885 453 167 558 311
face 0.006900399923324585 453 167 558 311
face 0.006880700588226318 453 167 558 311
face 0.0068385303020477295 453 167 558 311
face 0.0068063437938690186 453 167 558 311
face 0.006753772497177124 453 167 558 311
face 0.006673544645309448 453 167 558 311
face 0.006457149982452393 453 167 558 311
face 0.006442546844482422 453 167 558 311
face 0.006429851055145264 453 167 558 311
