face 0.9983192682266235 330 85 377 139
face 0.9945446252822876 158 82 219 160
face 0.9862970113754272 766 96 813 161
face 0.975555419921875 447 185 502 265
face 0.9700703620910645 626 13 680 87
face 0.9465935230255127 861 132 933 215
face 0.8779847621917725 479 40 525 96
face 0.7213093638420105 96 201 165 273
face 0.01424059271812439 96 201 165 273
face 0.011496424674987793 96 201 165 273
face 0.011278301477432251 96 201 165 273
face 0.010928630828857422 96 201 165 273
face 0.008390963077545166 96 201 165 273
face 0.006541907787322998 96 201 165 273
face 0.005785733461380005 96 201 165 273
face 0.005680829286575317 96 201 165 273
face 0.005677163600921631 96 201 165 273
face 0.00565415620803833 96 201 165 273
face 0.00563657283782959 96 201 165 273
face 0.0054735541343688965 96 201 165 273
face 0.005467206239700317 96 201 165 273
face 0.004973292350769043 96 201 165 273
face 0.004818081855773926 96 201 165 273
face 0.004783809185028076 96 201 165 273
face 0.004700690507888794 96 201 165 273
face 0.004693925380706787 96 201 165 273
face 0.004636406898498535 96 201 165 273
face 0.0046059489250183105 96 201 165 273
face 0.004499197006225586 96 201 165 273
face 0.00437965989112854 96 201 165 273
face 0.004376053810119629 96 201 165 273
face 0.004247903823852539 96 201 165 273
face 0.004220128059387207 96 201 165 273
face 0.0041391849517822266 96 201 165 273
face 0.00413551926612854 96 201 165 273
face 0.003966718912124634 96 201 165 273
face 0.003957569599151611 96 201 165 273
face 0.0038871467113494873 96 201 165 273
face 0.003803342580795288 96 201 165 273
face 0.0037970542907714844 96 201 165 273
face 0.003591567277908325 96 201 165 273
face 0.003518819808959961 96 201 165 273
face 0.0034467875957489014 96 201 165 273
face 0.003413856029510498 96 201 165 273
face 0.003400743007659912 96 201 165 273
face 0.0033866465091705322 96 201 165 273
face 0.0033706724643707275 96 201 165 273
face 0.003321051597595215 96 201 165 273
face 0.0033202767372131348 96 201 165 273
face 0.003311336040496826 96 201 165 273
face 0.0033058524131774902 96 201 165 273
face 0.0032984018325805664 96 201 165 273
face 0.003288954496383667 96 201 165 273
face 0.003281533718109131 96 201 165 273
face 0.003219515085220337 96 201 165 273
face 0.0032179057598114014 96 201 165 273
face 0.003197789192199707 96 201 165 273
face 0.0031871497631073 96 201 165 273
face 0.0031771063804626465 96 201 165 273
face 0.003174424171447754 96 201 165 273
face 0.0031687021255493164 96 201 165 273
face 0.0031668245792388916 96 201 165 273
face 0.0031300783157348633 96 201 165 273
face 0.003108382225036621 96 201 165 273
face 0.0030664801597595215 96 201 165 273
face 0.003064662218093872 96 201 165 273
face 0.0030622780323028564 96 201 165 273
face 0.0029928088188171387 96 201 165 273
face 0.0029859840869903564 96 201 165 273
face 0.002966940402984619 96 201 165 273
face 0.0029636919498443604 96 201 165 273
face 0.002932339906692505 96 201 165 273
face 0.002894461154937744 96 201 165 273
face 0.0028766393661499023 96 201 165 273
face 0.002843111753463745 96 201 165 273
face 0.0028223395347595215 96 201 165 273
face 0.0028085708618164062 96 201 165 273
face 0.002782970666885376 96 201 165 273
face 0.0026818513870239258 96 201 165 273
face 0.002647697925567627 96 201 165 273
face 0.0026225149631500244 96 201 165 273
face 0.002595245838165283 96 201 165 273
face 0.0025645792484283447 96 201 165 273
face 0.0025629401206970215 96 201 165 273
face 0.002524048089981079 96 201 165 273
face 0.002520650625228882 96 201 165 273
face 0.0025114119052886963 96 201 165 273
face 0.0025076568126678467 96 201 165 273
face 0.0024952590465545654 96 201 165 273
face 0.0024945437908172607 96 201 165 273
face 0.002486199140548706 96 201 165 273
face 0.00246623158454895 96 201 165 273
face 0.002440929412841797 96 201 165 273
face 0.0024352669715881348 96 201 165 273
face 0.0024250149726867676 96 201 165 273
face 0.002406686544418335 96 201 165 273
face 0.0024023056030273438 96 201 165 273
face 0.0024003684520721436 96 201 165 273
face 0.0023998916149139404 96 201 165 273
face 0.0023890435695648193 96 201 165 273
