face 0.9998918175697327 295 71 765 689
face 0.019598454236984253 295 71 765 689
face 0.018163174390792847 295 71 765 689
face 0.017543703317642212 295 71 765 689
face 0.015412896871566772 295 71 765 689
face 0.013303786516189575 295 71 765 689
face 0.013282835483551025 295 71 765 689
face 0.012981235980987549 295 71 765 689
face 0.012529253959655762 295 71 765 689
face 0.011946797370910645 295 71 765 689
face 0.011821240186691284 295 71 765 689
face 0.01178082823753357 295 71 765 689
face 0.010677158832550049 295 71 765 689
face 0.009984880685806274 295 71 765 689
face 0.009844928979873657 295 71 765 689
face 0.009765923023223877 295 71 765 689
face 0.009590685367584229 295 71 765 689
face 0.00951877236366272 295 71 765 689
face 0.009415119886398315 295 71 765 689
face 0.008864164352416992 295 71 765 689
face 0.00869247317314148 295 71 765 689
face 0.008631467819213867 295 71 765 689
face 0.008579492568969727 295 71 765 689
face 0.008486837148666382 295 71 765 689
face 0.008383750915527344 295 71 765 689
face 0.0083351731300354 295 71 765 689
face 0.008281081914901733 295 71 765 689
face 0.008249253034591675 295 71 765 689
face 0.0081712007522583 295 71 765 689
face 0.008104264736175537 295 71 765 689
face 0.007915407419204712 295 71 765 689
face 0.0078125 295 71 765 689
face 0.007733255624771118 295 71 765 689
face 0.0075927674770355225 295 71 765 689
face 0.007499128580093384 295 71 765 689
face 0.0071890950202941895 295 71 765 689
face 0.0069439709186553955 295 71 765 689
face 0.006854116916656494 295 71 765 689
face 0.006551235914230347 295 71 765 689
face 0.006485074758529663 295 71 765 689
face 0.006389409303665161 295 71 765 689
face 0.006289094686508179 295 71 765 689
face 0.0062802135944366455 295 71 765 689
face 0.006214767694473267 295 71 765 689
face 0.006202787160873413 295 71 765 689
face 0.006079971790313721 295 71 765 689
face 0.005983024835586548 295 71 765 689
face 0.005924046039581299 295 71 765 689
face 0.0058762431144714355 295 71 765 689
face 0.005401521921157837 295 71 765 689
face 0.005393087863922119 295 71 765 689
face 0.005380719900131226 295 71 765 689
face 0.005352437496185303 295 71 765 689
face 0.005183488130569458 295 71 765 689
face 0.005159735679626465 295 71 765 689
face 0.005117237567901611 295 71 765 689
face 0.005035430192947388 295 71 765 689
face 0.004937201738357544 295 71 765 689
face 0.004912614822387695 295 71 765 689
face 0.004899173974990845 295 71 765 689
face 0.004808187484741211 295 71 765 689
face 0.0047630369663238525 295 71 765 689
face 0.004728883504867554 295 71 765 689
face 0.004719674587249756 295 71 765 689
face 0.0047165751457214355 295 71 765 689
face 0.004711121320724487 295 71 765 689
face 0.004662990570068359 295 71 765 689
face 0.004377812147140503 295 71 765 689
face 0.004372775554656982 295 71 765 689
face 0.0043420493602752686 295 71 765 689
face 0.004318267107009888 295 71 765 689
face 0.004295051097869873 295 71 765 689
face 0.004141688346862793 295 71 765 689
face 0.004118829965591431 295 71 765 689
face 0.004108816385269165 295 71 765 689
face 0.004066735506057739 295 71 765 689
face 0.003994256258010864 295 71 765 689
face 0.003956347703933716 295 71 765 689
face 0.003892838954925537 295 71 765 689
face 0.003888934850692749 295 71 765 689
face 0.003836899995803833 295 71 765 689
face 0.00379258394241333 295 71 765 689
face 0.00378262996673584 295 71 765 689
face 0.0037415027618408203 295 71 765 689
face 0.0036746561527252197 295 71 765 689
face 0.003662616014480591 295 71 765 689
face 0.0036551356315612793 295 71 765 689
face 0.0035993754863739014 295 71 765 689
face 0.003590315580368042 295 71 765 689
face 0.003588438034057617 295 71 765 689
face 0.0035416483879089355 295 71 765 689
face 0.0035360753536224365 295 71 765 689
face 0.0035322606563568115 295 71 765 689
face 0.0034836232662200928 295 71 765 689
face 0.003483325242996216 295 71 765 689
face 0.0034236907958984375 295 71 765 689
face 0.00341874361038208 295 71 765 689
face 0.003399103879928589 295 71 765 689
face 0.0033813416957855225 295 71 765 689
face 0.0033533871173858643 295 71 765 689
