face 0.9974911212921143 214 255 377 461
face 0.8961092233657837 399 241 507 382
face 0.028574734926223755 399 241 507 382
face 0.022404223680496216 399 241 507 382
face 0.01861700415611267 399 241 507 382
face 0.01470842957496643 399 241 507 382
face 0.013461947441101074 399 241 507 382
face 0.012844949960708618 399 241 507 382
face 0.012523770332336426 399 241 507 382
face 0.01171112060546875 399 241 507 382
face 0.01168733835220337 399 241 507 382
face 0.01150617003440857 399 241 507 382
face 0.009806245565414429 399 241 507 382
face 0.009771198034286499 399 241 507 382
face 0.009288638830184937 399 241 507 382
face 0.009190171957015991 399 241 507 382
face 0.008845329284667969 399 241 507 382
face 0.008526086807250977 399 241 507 382
face 0.007204294204711914 399 241 507 382
face 0.007094830274581909 399 241 507 382
face 0.007016867399215698 399 241 507 382
face 0.006921589374542236 399 241 507 382
face 0.006686747074127197 399 241 507 382
face 0.006308227777481079 399 241 507 382
face 0.00618976354598999 399 241 507 382
face 0.00614592432975769 399 241 507 382
face 0.006082117557525635 399 241 507 382
face 0.006065398454666138 399 241 507 382
face 0.005586445331573486 399 241 507 382
face 0.00545153021812439 399 241 507 382
face 0.005426466464996338 399 241 507 382
face 0.005370527505874634 399 241 507 382
face 0.005197644233703613 399 241 507 382
face 0.005159258842468262 399 241 507 382
face 0.005150288343429565 399 241 507 382
face 0.005099594593048096 399 241 507 382
face 0.0049247145652771 399 241 507 382
face 0.00491747260093689 399 241 507 382
face 0.0049058496952056885 399 241 507 382
face 0.004874318838119507 399 241 507 382
face 0.004780083894729614 399 241 507 382
face 0.0047727227210998535 399 241 507 382
face 0.004762202501296997 399 241 507 382
face 0.004707396030426025 399 241 507 382
face 0.004660695791244507 399 241 507 382
face 0.004642099142074585 399 241 507 382
face 0.00453069806098938 399 241 507 382
face 0.004525333642959595 399 241 507 382
face 0.004463225603103638 399 241 507 382
face 0.004450708627700806 399 241 507 382
face 0.0044336020946502686 399 241 507 382
face 0.004382133483886719 399 241 507 382
face 0.004369109869003296 399 241 507 382
face 0.0043032169342041016 399 241 507 382
face 0.00430220365524292 399 241 507 382
face 0.004285156726837158 399 241 507 382
face 0.004257559776306152 399 241 507 382
face 0.004248231649398804 399 241 507 382
face 0.004244416952133179 399 241 507 382
face 0.0042112767696380615 399 241 507 382
face 0.004127591848373413 399 241 507 382
face 0.004107296466827393 399 241 507 382
face 0.004083573818206787 399 241 507 382
face 0.0040690600872039795 399 241 507 382
face 0.003991991281509399 399 241 507 382
face 0.0039002597332000732 399 241 507 382
face 0.0038145482540130615 399 241 507 382
face 0.00381430983543396 399 241 507 382
face 0.003779977560043335 399 241 507 382
face 0.0037745237350463867 399 241 507 382
face 0.0037565231323242188 399 241 507 382
face 0.0037214159965515137 399 241 507 382
face 0.0036934316158294678 399 241 507 382
face 0.00364530086517334 399 241 507 382
face 0.0035941898822784424 399 241 507 382
face 0.00355413556098938 399 241 507 382
face 0.003530144691467285 399 241 507 382
face 0.0035142600536346436 399 241 507 382
face 0.003509014844894409 399 241 507 382
face 0.0035064220428466797 399 241 507 382
face 0.003503739833831787 399 241 507 382
face 0.0035026967525482178 399 241 507 382
face 0.0034645497798919678 399 241 507 382
face 0.003462165594100952 399 241 507 382
face 0.0034515559673309326 399 241 507 382
face 0.0034162700176239014 399 241 507 382
face 0.0033876895904541016 399 241 507 382
face 0.0033653974533081055 399 241 507 382
face 0.0033629238605499268 399 241 507 382
face 0.003353685140609741 399 241 507 382
face 0.0033490359783172607 399 241 507 382
face 0.0033224523067474365 399 241 507 382
face 0.003311067819595337 399 241 507 382
face 0.0032874643802642822 399 241 507 382
face 0.0032783448696136475 399 241 507 382
face 0.0032546520233154297 399 241 507 382
face 0.003248065710067749 399 241 507 382
face 0.00323408842086792 399 241 507 382
face 0.0032041966915130615 399 241 507 382
face 0.003168344497680664 399 241 507 382
