face 0.9873385429382324 186 251 212 285
face 0.9725043177604675 788 323 812 360
face 0.9614279270172119 251 242 276 277
face 0.9467418193817139 586 255 606 285
face 0.8701078295707703 508 241 530 273
face 0.8418093323707581 291 274 315 307
face 0.15917330980300903 291 274 315 307
face 0.04471132159233093 291 274 315 307
face 0.044600844383239746 291 274 315 307
face 0.03624868392944336 291 274 315 307
face 0.035943806171417236 291 274 315 307
face 0.03479796648025513 291 274 315 307
face 0.03342464566230774 291 274 315 307
face 0.028916478157043457 291 274 315 307
face 0.028399497270584106 291 274 315 307
face 0.028286010026931763 291 274 315 307
face 0.026021182537078857 291 274 315 307
face 0.022176504135131836 291 274 315 307
face 0.021846622228622437 291 274 315 307
face 0.021592944860458374 291 274 315 307
face 0.021435976028442383 291 274 315 307
face 0.021420568227767944 291 274 315 307
face 0.020807623863220215 291 274 315 307
face 0.01907634735107422 291 274 315 307
face 0.01892608404159546 291 274 315 307
face 0.01889088749885559 291 274 315 307
face 0.018886923789978027 291 274 315 307
face 0.018746912479400635 291 274 315 307
face 0.018382996320724487 291 274 315 307
face 0.016595959663391113 291 274 315 307
face 0.016441643238067627 291 274 315 307
face 0.01621386408805847 291 274 315 307
face 0.01526564359664917 291 274 315 307
face 0.014746367931365967 291 274 315 307
face 0.014129817485809326 291 274 315 307
face 0.014002114534378052 291 274 315 307
face 0.013647228479385376 291 274 315 307
face 0.013249874114990234 291 274 315 307
face 0.012838393449783325 291 274 315 307
face 0.012524396181106567 291 274 315 307
face 0.012498408555984497 291 274 315 307
face 0.012487560510635376 291 274 315 307
face 0.012241363525390625 291 274 315 307
face 0.012212395668029785 291 274 315 307
face 0.01218491792678833 291 274 315 307
face 0.012073814868927002 291 274 315 307
face 0.011973142623901367 291 274 315 307
face 0.01187962293624878 291 274 315 307
face 0.011394530534744263 291 274 315 307
face 0.011388272047042847 291 274 315 307
face 0.011003971099853516 291 274 315 307
face 0.010951399803161621 291 274 315 307
face 0.010290563106536865 291 274 315 307
face 0.010271459817886353 291 274 315 307
face 0.010137677192687988 291 274 315 307
face 0.01001402735710144 291 274 315 307
face 0.009987682104110718 291 274 315 307
face 0.009942293167114258 291 274 315 307
face 0.009864568710327148 291 274 315 307
face 0.009842842817306519 291 274 315 307
face 0.00977829098701477 291 274 315 307
face 0.00958782434463501 291 274 315 307
face 0.009486675262451172 291 274 315 307
face 0.009294241666793823 291 274 315 307
face 0.009262114763259888 291 274 315 307
face 0.008969485759735107 291 274 315 307
face 0.008679091930389404 291 274 315 307
face 0.008590340614318848 291 274 315 307
face 0.008387207984924316 291 274 315 307
face 0.008084118366241455 291 274 315 307
face 0.008003383874893188 291 274 315 307
face 0.007745802402496338 291 274 315 307
face 0.007636159658432007 291 274 315 307
face 0.007624417543411255 291 274 315 307
face 0.007596611976623535 291 274 315 307
face 0.0073535144329071045 291 274 315 307
face 0.007203608751296997 291 274 315 307
face 0.007097572088241577 291 274 315 307
face 0.0069110095500946045 291 274 315 307
face 0.006761819124221802 291 274 315 307
face 0.006753087043762207 291 274 315 307
face 0.006706744432449341 291 274 315 307
face 0.006663650274276733 291 274 315 307
face 0.006648361682891846 291 274 315 307
face 0.006617188453674316 291 274 315 307
face 0.006605744361877441 291 274 315 307
face 0.006539076566696167 291 274 315 307
face 0.006514251232147217 291 274 315 307
face 0.006513804197311401 291 274 315 307
face 0.006476640701293945 291 274 315 307
face 0.006373196840286255 291 274 315 307
face 0.006332069635391235 291 274 315 307
face 0.006325364112854004 291 274 315 307
face 0.006229281425476074 291 274 315 307
face 0.006214559078216553 291 274 315 307
face 0.006187647581100464 291 274 315 307
face 0.006144434213638306 291 274 315 307
face 0.006131201982498169 291 274 315 307
face 0.006061464548110962 291 274 315 307
face 0.005950063467025757 291 274 315 307
