face 0.9872046709060669 639 159 835 414
face 0.0138683021068573 639 159 835 414
face 0.013000786304473877 639 159 835 414
face 0.008394420146942139 639 159 835 414
face 0.007549971342086792 639 159 835 414
face 0.007175713777542114 639 159 835 414
face 0.006642788648605347 639 159 835 414
face 0.006230145692825317 639 159 835 414
face 0.005593627691268921 639 159 835 414
face 0.005540579557418823 639 159 835 414
face 0.005043536424636841 639 159 835 414
face 0.004857510328292847 639 159 835 414
face 0.004832655191421509 639 159 835 414
face 0.0048084557056427 639 159 835 414
face 0.004747599363327026 639 159 835 414
face 0.004697293043136597 639 159 835 414
face 0.004696756601333618 639 159 835 414
face 0.004640668630599976 639 159 835 414
face 0.00463452935218811 639 159 835 414
face 0.004632145166397095 639 159 835 414
face 0.004129290580749512 639 159 835 414
face 0.004123657941818237 639 159 835 414
face 0.004120379686355591 639 159 835 414
face 0.00410887598991394 639 159 835 414
face 0.004039734601974487 639 159 835 414
face 0.004014551639556885 639 159 835 414
face 0.003954082727432251 639 159 835 414
face 0.003942996263504028 639 159 835 414
face 0.003919631242752075 639 159 835 414
face 0.0038789212703704834 639 159 835 414
face 0.003822833299636841 639 159 835 414
face 0.00380861759185791 639 159 835 414
face 0.0037716925144195557 639 159 835 414
face 0.003750145435333252 639 159 835 414
face 0.0037399232387542725 639 159 835 414
face 0.003735363483428955 639 159 835 414
face 0.0037268400192260742 639 159 835 414
face 0.0037103891372680664 639 159 835 414
face 0.0037022829055786133 639 159 835 414
face 0.003649681806564331 639 159 835 414
face 0.003596752882003784 639 159 835 414
face 0.003515183925628662 639 159 835 414
face 0.0035074353218078613 639 159 835 414
face 0.0034917593002319336 639 159 835 414
face 0.003476768732070923 639 159 835 414
face 0.0034021735191345215 639 159 835 414
face 0.0034016668796539307 639 159 835 414
face 0.0033858120441436768 639 159 835 414
face 0.003369063138961792 639 159 835 414
face 0.0033662617206573486 639 159 835 414
face 0.003331094980239868 639 159 835 414
face 0.0032936036586761475 639 159 835 414
face 0.003258228302001953 639 159 835 414
face 0.0032433271408081055 639 159 835 414
face 0.0032223165035247803 639 159 835 414
face 0.0032133162021636963 639 159 835 414
face 0.0031980574131011963 639 159 835 414
face 0.0031933486461639404 639 159 835 414
face 0.0031867921352386475 639 159 835 414
face 0.003181159496307373 639 159 835 414
face 0.00317499041557312 639 159 835 414
face 0.003157377243041992 639 159 835 414
face 0.0031512677669525146 639 159 835 414
face 0.003139972686767578 639 159 835 414
face 0.003076612949371338 639 159 835 414
face 0.003071337938308716 639 159 835 414
face 0.0030240416526794434 639 159 835 414
face 0.0030238330364227295 639 159 835 414
face 0.0029556751251220703 639 159 835 414
face 0.0029374361038208008 639 159 835 414
face 0.002936452627182007 639 159 835 414
face 0.002925664186477661 639 159 835 414
face 0.0029072463512420654 639 159 835 414
face 0.002894669771194458 639 159 835 414
face 0.002869516611099243 639 159 835 414
face 0.002865523099899292 639 159 835 414
face 0.0028635263442993164 639 159 835 414
face 0.0028593242168426514 639 159 835 414
face 0.0028097927570343018 639 159 835 414
face 0.0027564167976379395 639 159 835 414
face 0.002755671739578247 639 159 835 414
face 0.0027413666248321533 639 159 835 414
face 0.0027413368225097656 639 159 835 414
face 0.002709716558456421 639 159 835 414
face 0.002704799175262451 639 159 835 414
face 0.0026966333389282227 639 159 835 414
face 0.0026827752590179443 639 159 835 414
face 0.002659708261489868 639 159 835 414
face 0.0026542842388153076 639 159 835 414
face 0.0026448071002960205 639 159 835 414
face 0.0026271939277648926 639 159 835 414
face 0.002617388963699341 639 159 835 414
face 0.0025968849658966064 639 159 835 414
face 0.0025950968265533447 639 159 835 414
face 0.002591431140899658 639 159 835 414
face 0.00258597731590271 639 159 835 414
face 0.0025669336318969727 639 159 835 414
face 0.0025638043880462646 639 159 835 414
face 0.002533465623855591 639 159 835 414
face 0.002523750066757202 639 159 835 414
