face 0.8799216747283936 464 212 492 245
face 0.6402513980865479 923 476 954 516
face 0.5906762480735779 831 204 874 257
face 0.21995288133621216 831 204 874 257
face 0.16062960028648376 831 204 874 257
face 0.155597984790802 831 204 874 257
face 0.1107056736946106 831 204 874 257
face 0.082795649766922 831 204 874 257
face 0.08214843273162842 831 204 874 257
face 0.06154352426528931 831 204 874 257
face 0.05988222360610962 831 204 874 257
face 0.058405399322509766 831 204 874 257
face 0.053900718688964844 831 204 874 257
face 0.053034037351608276 831 204 874 257
face 0.05242350697517395 831 204 874 257
face 0.04569822549819946 831 204 874 257
face 0.04401201009750366 831 204 874 257
face 0.04378628730773926 831 204 874 257
face 0.04134836792945862 831 204 874 257
face 0.038963764905929565 831 204 874 257
face 0.038727372884750366 831 204 874 257
face 0.03414851427078247 831 204 874 257
face 0.029686659574508667 831 204 874 257
face 0.02704349160194397 831 204 874 257
face 0.02409955859184265 831 204 874 257
face 0.022483766078948975 831 204 874 257
face 0.022385358810424805 831 204 874 257
face 0.021540313959121704 831 204 874 257
face 0.0213470458984375 831 204 874 257
face 0.021279186010360718 831 204 874 257
face 0.01946154236793518 831 204 874 257
face 0.019416511058807373 831 204 874 257
face 0.01889091730117798 831 204 874 257
face 0.018638014793395996 831 204 874 257
face 0.01794072985649109 831 204 874 257
face 0.017840206623077393 831 204 874 257
face 0.01781943440437317 831 204 874 257
face 0.016635388135910034 831 204 874 257
face 0.016443997621536255 831 204 874 257
face 0.016130924224853516 831 204 874 257
face 0.016050279140472412 831 204 874 257
face 0.015165716409683228 831 204 874 257
face 0.01481446623802185 831 204 874 257
face 0.01416689157485962 831 204 874 257
face 0.014082103967666626 831 204 874 257
face 0.01330837607383728 831 204 874 257
face 0.013159185647964478 831 204 874 257
face 0.013151973485946655 831 204 874 257
face 0.012977808713912964 831 204 874 257
face 0.01288294792175293 831 204 874 257
face 0.012784004211425781 831 204 874 257
face 0.012776017189025879 831 204 874 257
face 0.012108534574508667 831 204 874 257
face 0.012039154767990112 831 204 874 257
face 0.011922299861907959 831 204 874 257
face 0.011358976364135742 831 204 874 257
face 0.011298775672912598 831 204 874 257
face 0.011204361915588379 831 204 874 257
face 0.010974019765853882 831 204 874 257
face 0.01064831018447876 831 204 874 257
face 0.010635584592819214 831 204 874 257
face 0.010137498378753662 831 204 874 257
face 0.010029405355453491 831 204 874 257
face 0.009983330965042114 831 204 874 257
face 0.009900808334350586 831 204 874 257
face 0.009774565696716309 831 204 874 257
face 0.00973239541053772 831 204 874 257
face 0.009707897901535034 831 204 874 257
face 0.009588241577148438 831 204 874 257
face 0.009578347206115723 831 204 874 257
face 0.009472489356994629 831 204 874 257
face 0.009375929832458496 831 204 874 257
face 0.009187459945678711 831 204 874 257
face 0.009134620428085327 831 204 874 257
face 0.009082913398742676 831 204 874 257
face 0.009029597043991089 831 204 874 257
face 0.00887233018875122 831 204 874 257
face 0.008786022663116455 831 204 874 257
face 0.008765339851379395 831 204 874 257
face 0.008706629276275635 831 204 874 257
face 0.008372217416763306 831 204 874 257
face 0.00836259126663208 831 204 874 257
face 0.008309483528137207 831 204 874 257
face 0.008200466632843018 831 204 874 257
face 0.008029282093048096 831 204 874 257
face 0.007926106452941895 831 204 874 257
face 0.007827013731002808 831 204 874 257
face 0.007814615964889526 831 204 874 257
face 0.0077822208404541016 831 204 874 257
face 0.007731616497039795 831 204 874 257
face 0.007705569267272949 831 204 874 257
face 0.007580578327178955 831 204 874 257
face 0.0075532495975494385 831 204 874 257
face 0.0075424909591674805 831 204 874 257
face 0.00751224160194397 831 204 874 257
face 0.007497191429138184 831 204 874 257
face 0.007474780082702637 831 204 874 257
face 0.0074197351932525635 831 204 874 257
face 0.007390141487121582 831 204 874 257
face 0.00736960768699646 831 204 874 257
