face 0.09461534023284912 663 142 688 173
face 0.0831134021282196 663 142 688 173
face 0.07538846135139465 663 142 688 173
face 0.07125598192214966 663 142 688 173
face 0.06889846920967102 663 142 688 173
face 0.06707325577735901 663 142 688 173
face 0.0665312111377716 663 142 688 173
face 0.064719557762146 663 142 688 173
face 0.06379356980323792 663 142 688 173
face 0.059806644916534424 663 142 688 173
face 0.05941250920295715 663 142 688 173
face 0.05873602628707886 663 142 688 173
face 0.057396888732910156 663 142 688 173
face 0.055731385946273804 663 142 688 173
face 0.053666502237319946 663 142 688 173
face 0.05233362317085266 663 142 688 173
face 0.051954299211502075 663 142 688 173
face 0.051586538553237915 663 142 688 173
face 0.051000118255615234 663 142 688 173
face 0.04790034890174866 663 142 688 173
face 0.04591897130012512 663 142 688 173
face 0.0457228422164917 663 142 688 173
face 0.04518440365791321 663 142 688 173
face 0.04476842284202576 663 142 688 173
face 0.044349104166030884 663 142 688 173
face 0.0436418354511261 663 142 688 173
face 0.03907766938209534 663 142 688 173
face 0.03848645091056824 663 142 688 173
face 0.038152724504470825 663 142 688 173
face 0.03806063532829285 663 142 688 173
face 0.03779074549674988 663 142 688 173
face 0.037439435720443726 663 142 688 173
face 0.037077873945236206 663 142 688 173
face 0.036675602197647095 663 142 688 173
face 0.03655007481575012 663 142 688 173
face 0.03579786419868469 663 142 688 173
face 0.035241007804870605 663 142 688 173
face 0.035047292709350586 663 142 688 173
face 0.034510523080825806 663 142 688 173
face 0.03423774242401123 663 142 688 173
face 0.03410252928733826 663 142 688 173
face 0.033835917711257935 663 142 688 173
face 0.032586485147476196 663 142 688 173
face 0.032311052083969116 663 142 688 173
face 0.03209039568901062 663 142 688 173
face 0.03166738152503967 663 142 688 173
face 0.03126239776611328 663 142 688 173
face 0.031002342700958252 663 142 688 173
face 0.030987441539764404 663 142 688 173
face 0.030708223581314087 663 142 688 173
face 0.030402034521102905 663 142 688 173
face 0.03014051914215088 663 142 688 173
face 0.030106335878372192 663 142 688 173
face 0.030076265335083008 663 142 688 173
face 0.029874861240386963 663 142 688 173
face 0.029553860425949097 663 142 688 173
face 0.02933812141418457 663 142 688 173
face 0.02910122275352478 663 142 688 173
face 0.02904447913169861 663 142 688 173
face 0.028344929218292236 663 142 688 173
face 0.027595967054367065 663 142 688 173
face 0.027185678482055664 663 142 688 173
face 0.027148514986038208 663 142 688 173
face 0.026991188526153564 663 142 688 173
face 0.026929885149002075 663 142 688 173
face 0.026683807373046875 663 142 688 173
face 0.026648342609405518 663 142 688 173
face 0.026387006044387817 663 142 688 173
face 0.026031404733657837 663 142 688 173
face 0.025978386402130127 663 142 688 173
face 0.025923222303390503 663 142 688 173
face 0.025852113962173462 663 142 688 173
face 0.025633424520492554 663 142 688 173
face 0.025571554899215698 663 142 688 173
face 0.025306403636932373 663 142 688 173
face 0.024991363286972046 663 142 688 173
face 0.02494296431541443 663 142 688 173
face 0.024816960096359253 663 142 688 173
face 0.02466598153114319 663 142 688 173
face 0.02465835213661194 663 142 688 173
face 0.024620503187179565 663 142 688 173
face 0.024516642093658447 663 142 688 173
face 0.02441418170928955 663 142 688 173
face 0.02432185411453247 663 142 688 173
face 0.024129420518875122 663 142 688 173
face 0.02408069372177124 663 142 688 173
face 0.024067729711532593 663 142 688 173
face 0.02389127016067505 663 142 688 173
face 0.02383008599281311 663 142 688 173
face 0.023503273725509644 663 142 688 173
face 0.02348536252975464 663 142 688 173
face 0.023204952478408813 663 142 688 173
face 0.023193001747131348 663 142 688 173
face 0.023162275552749634 663 142 688 173
face 0.023060917854309082 663 142 688 173
face 0.022961527109146118 663 142 688 173
face 0.022689729928970337 663 142 688 173
face 0.02264118194580078 663 142 688 173
face 0.022471189498901367 663 142 688 173
face 0.022383451461791992 663 142 688 173
