face 0.9579017758369446 332 250 351 276
face 0.2732979655265808 332 250 351 276
face 0.09757015109062195 332 250 351 276
face 0.07713043689727783 332 250 351 276
face 0.06700807809829712 332 250 351 276
face 0.06542739272117615 332 250 351 276
face 0.06363663077354431 332 250 351 276
face 0.050040751695632935 332 250 351 276
face 0.04580298066139221 332 250 351 276
face 0.044409483671188354 332 250 351 276
face 0.044258177280426025 332 250 351 276
face 0.04392951726913452 332 250 351 276
face 0.04147833585739136 332 250 351 276
face 0.037394165992736816 332 250 351 276
face 0.03576773405075073 332 250 351 276
face 0.03357189893722534 332 250 351 276
face 0.03130421042442322 332 250 351 276
face 0.030951768159866333 332 250 351 276
face 0.030038654804229736 332 250 351 276
face 0.02956804633140564 332 250 351 276
face 0.028372764587402344 332 250 351 276
face 0.02557826042175293 332 250 351 276
face 0.02304697036743164 332 250 351 276
face 0.023024320602416992 332 250 351 276
face 0.02258068323135376 332 250 351 276
face 0.022351056337356567 332 250 351 276
face 0.022306621074676514 332 250 351 276
face 0.022114455699920654 332 250 351 276
face 0.021235376596450806 332 250 351 276
face 0.021211296319961548 332 250 351 276
face 0.021186888217926025 332 250 351 276
face 0.021169006824493408 332 250 351 276
face 0.02106061577796936 332 250 351 276
face 0.020761936902999878 332 250 351 276
face 0.019914478063583374 332 250 351 276
face 0.019436389207839966 332 250 351 276
face 0.01927340030670166 332 250 351 276
face 0.01864716410636902 332 250 351 276
face 0.018611133098602295 332 250 351 276
face 0.018539518117904663 332 250 351 276
face 0.017878711223602295 332 250 351 276
face 0.017722219228744507 332 250 351 276
face 0.017598837614059448 332 250 351 276
face 0.01748141646385193 332 250 351 276
face 0.016748130321502686 332 250 351 276
face 0.016741067171096802 332 250 351 276
face 0.016584932804107666 332 250 351 276
face 0.01653468608856201 332 250 351 276
face 0.01629224419593811 332 250 351 276
face 0.016165465116500854 332 250 351 276
face 0.01587843894958496 332 250 351 276
face 0.015785634517669678 332 250 351 276
face 0.01561686396598816 332 250 351 276
face 0.015388071537017822 332 250 351 276
face 0.014917582273483276 332 250 351 276
face 0.014846652746200562 332 250 351 276
face 0.01484227180480957 332 250 351 276
face 0.014642000198364258 332 250 351 276
face 0.01450425386428833 332 250 351 276
face 0.013980090618133545 332 250 351 276
face 0.013850569725036621 332 250 351 276
face 0.013777405023574829 332 250 351 276
face 0.012769937515258789 332 250 351 276
face 0.012658774852752686 332 250 351 276
face 0.012562870979309082 332 250 351 276
face 0.012469053268432617 332 250 351 276
face 0.012367546558380127 332 250 351 276
face 0.01207435131072998 332 250 351 276
face 0.011956125497817993 332 250 351 276
face 0.01193186640739441 332 250 351 276
face 0.01186421513557434 332 250 351 276
face 0.011856168508529663 332 250 351 276
face 0.011754751205444336 332 250 351 276
face 0.011669278144836426 332 250 351 276
face 0.011575788259506226 332 250 351 276
face 0.011515289545059204 332 250 351 276
face 0.011491775512695312 332 250 351 276
face 0.011485666036605835 332 250 351 276
face 0.011482954025268555 332 250 351 276
face 0.01148289442062378 332 250 351 276
face 0.011414796113967896 332 250 351 276
face 0.01138964295387268 332 250 351 276
face 0.011302173137664795 332 250 351 276
face 0.011277526617050171 332 250 351 276
face 0.011141210794448853 332 250 351 276
face 0.011026352643966675 332 250 351 276
face 0.010936707258224487 332 250 351 276
face 0.010901033878326416 332 250 351 276
face 0.010719627141952515 332 250 351 276
face 0.01048576831817627 332 250 351 276
face 0.010454416275024414 332 250 351 276
face 0.01039344072341919 332 250 351 276
face 0.010318458080291748 332 250 351 276
face 0.010172486305236816 332 250 351 276
face 0.010067880153656006 332 250 351 276
face 0.010038703680038452 332 250 351 276
face 0.010020464658737183 332 250 351 276
face 0.009973406791687012 332 250 351 276
face 0.009913057088851929 332 250 351 276
face 0.009891539812088013 332 250 351 276
