face 0.9690633416175842 780 150 807 187
face 0.7747156620025635 87 158 100 176
face 0.3433842360973358 87 158 100 176
face 0.3370140790939331 87 158 100 176
face 0.28395840525627136 87 158 100 176
face 0.20707347989082336 87 158 100 176
face 0.18936729431152344 87 158 100 176
face 0.18725228309631348 87 158 100 176
face 0.15332332253456116 87 158 100 176
face 0.14444106817245483 87 158 100 176
face 0.1345551609992981 87 158 100 176
face 0.12334871292114258 87 158 100 176
face 0.11227145791053772 87 158 100 176
face 0.11198079586029053 87 158 100 176
face 0.11150458455085754 87 158 100 176
face 0.10515841841697693 87 158 100 176
face 0.10195791721343994 87 158 100 176
face 0.09435239434242249 87 158 100 176
face 0.08530348539352417 87 158 100 176
face 0.0843835175037384 87 158 100 176
face 0.08338642120361328 87 158 100 176
face 0.08161225914955139 87 158 100 176
face 0.0810803472995758 87 158 100 176
face 0.08023524284362793 87 158 100 176
face 0.07940137386322021 87 158 100 176
face 0.07909473776817322 87 158 100 176
face 0.0784444808959961 87 158 100 176
face 0.07795372605323792 87 158 100 176
face 0.07727819681167603 87 158 100 176
face 0.07034379243850708 87 158 100 176
face 0.0695628821849823 87 158 100 176
face 0.06913819909095764 87 158 100 176
face 0.06765633821487427 87 158 100 176
face 0.0665709376335144 87 158 100 176
face 0.06573107838630676 87 158 100 176
face 0.06539672613143921 87 158 100 176
face 0.06260314583778381 87 158 100 176
face 0.06253388524055481 87 158 100 176
face 0.06158629059791565 87 158 100 176
face 0.061077624559402466 87 158 100 176
face 0.06107407808303833 87 158 100 176
face 0.06098759174346924 87 158 100 176
face 0.056797921657562256 87 158 100 176
face 0.05670592188835144 87 158 100 176
face 0.05670228600502014 87 158 100 176
face 0.05501836538314819 87 158 100 176
face 0.05488455295562744 87 158 100 176
face 0.054773926734924316 87 158 100 176
face 0.05404534935951233 87 158 100 176
face 0.05390205979347229 87 158 100 176
face 0.05377107858657837 87 158 100 176
face 0.051764845848083496 87 158 100 176
face 0.05172067880630493 87 158 100 176
face 0.0494808554649353 87 158 100 176
face 0.04913821816444397 87 158 100 176
face 0.04858219623565674 87 158 100 176
face 0.04728138446807861 87 158 100 176
face 0.046248048543930054 87 158 100 176
face 0.04586762189865112 87 158 100 176
face 0.04571419954299927 87 158 100 176
face 0.04552653431892395 87 158 100 176
face 0.04492887854576111 87 158 100 176
face 0.044688135385513306 87 158 100 176
face 0.044109851121902466 87 158 100 176
face 0.04410746693611145 87 158 100 176
face 0.04404100775718689 87 158 100 176
face 0.04313400387763977 87 158 100 176
face 0.0423445999622345 87 158 100 176
face 0.04224011301994324 87 158 100 176
face 0.04131993651390076 87 158 100 176
face 0.04089623689651489 87 158 100 176
face 0.0407099723815918 87 158 100 176
face 0.040559858083724976 87 158 100 176
face 0.03994309902191162 87 158 100 176
face 0.03991353511810303 87 158 100 176
face 0.0395355224609375 87 158 100 176
face 0.03826361894607544 87 158 100 176
face 0.03801408410072327 87 158 100 176
face 0.03799191117286682 87 158 100 176
face 0.03772175312042236 87 158 100 176
face 0.037449389696121216 87 158 100 176
face 0.03723075985908508 87 158 100 176
face 0.03687041997909546 87 158 100 176
face 0.0355658233165741 87 158 100 176
face 0.03464937210083008 87 158 100 176
face 0.034552544355392456 87 158 100 176
face 0.03423869609832764 87 158 100 176
face 0.03345292806625366 87 158 100 176
face 0.033054202795028687 87 158 100 176
face 0.03291723132133484 87 158 100 176
face 0.03286740183830261 87 158 100 176
face 0.032344430685043335 87 158 100 176
face 0.031574785709381104 87 158 100 176
face 0.03152811527252197 87 158 100 176
face 0.030634790658950806 87 158 100 176
face 0.030467987060546875 87 158 100 176
face 0.030414849519729614 87 158 100 176
face 0.03037792444229126 87 158 100 176
face 0.030368328094482422 87 158 100 176
face 0.030108004808425903 87 158 100 176
