face 0.9068882465362549 898 235 911 251
face 0.8902710676193237 834 227 846 243
face 0.5304655432701111 774 234 786 249
face 0.5298168659210205 329 102 393 165
face 0.4292701482772827 329 102 393 165
face 0.3686475157737732 329 102 393 165
face 0.3323513865470886 329 102 393 165
face 0.3236703872680664 329 102 393 165
face 0.19151747226715088 329 102 393 165
face 0.17548754811286926 329 102 393 165
face 0.1690516471862793 329 102 393 165
face 0.1328621208667755 329 102 393 165
face 0.11305662989616394 329 102 393 165
face 0.10367989540100098 329 102 393 165
face 0.10029926896095276 329 102 393 165
face 0.0970480740070343 329 102 393 165
face 0.07300209999084473 329 102 393 165
face 0.06835973262786865 329 102 393 165
face 0.06732755899429321 329 102 393 165
face 0.06494706869125366 329 102 393 165
face 0.06392845511436462 329 102 393 165
face 0.06287017464637756 329 102 393 165
face 0.05812525749206543 329 102 393 165
face 0.057082295417785645 329 102 393 165
face 0.05171477794647217 329 102 393 165
face 0.04982355237007141 329 102 393 165
face 0.04785093665122986 329 102 393 165
face 0.04670584201812744 329 102 393 165
face 0.04304546117782593 329 102 393 165
face 0.04194587469100952 329 102 393 165
face 0.03979894518852234 329 102 393 165
face 0.03871053457260132 329 102 393 165
face 0.0383031964302063 329 102 393 165
face 0.038117051124572754 329 102 393 165
face 0.03782901167869568 329 102 393 165
face 0.036672770977020264 329 102 393 165
face 0.034942567348480225 329 102 393 165
face 0.03490710258483887 329 102 393 165
face 0.03420451283454895 329 102 393 165
face 0.03334754705429077 329 102 393 165
face 0.03262010216712952 329 102 393 165
face 0.03233173489570618 329 102 393 165
face 0.03229072690010071 329 102 393 165
face 0.0320838987827301 329 102 393 165
face 0.031249046325683594 329 102 393 165
face 0.031205207109451294 329 102 393 165
face 0.03104877471923828 329 102 393 165
face 0.030597776174545288 329 102 393 165
face 0.03019610047340393 329 102 393 165
face 0.029851078987121582 329 102 393 165
face 0.029682666063308716 329 102 393 165
face 0.02936270833015442 329 102 393 165
face 0.028403282165527344 329 102 393 165
face 0.028003066778182983 329 102 393 165
face 0.02797636389732361 329 102 393 165
face 0.027733266353607178 329 102 393 165
face 0.026467621326446533 329 102 393 165
face 0.026241213083267212 329 102 393 165
face 0.025966554880142212 329 102 393 165
face 0.025932013988494873 329 102 393 165
face 0.02566826343536377 329 102 393 165
face 0.025584906339645386 329 102 393 165
face 0.025550484657287598 329 102 393 165
face 0.025485873222351074 329 102 393 165
face 0.025400906801223755 329 102 393 165
face 0.025076210498809814 329 102 393 165
face 0.024821192026138306 329 102 393 165
face 0.024765223264694214 329 102 393 165
face 0.024628043174743652 329 102 393 165
face 0.024565815925598145 329 102 393 165
face 0.02441239356994629 329 102 393 165
face 0.024187028408050537 329 102 393 165
face 0.023626118898391724 329 102 393 165
face 0.023361504077911377 329 102 393 165
face 0.023160547018051147 329 102 393 165
face 0.022958368062973022 329 102 393 165
face 0.02281177043914795 329 102 393 165
face 0.022740960121154785 329 102 393 165
face 0.02265024185180664 329 102 393 165
face 0.0224916934967041 329 102 393 165
face 0.022402644157409668 329 102 393 165
face 0.022244662046432495 329 102 393 165
face 0.022188633680343628 329 102 393 165
face 0.022153198719024658 329 102 393 165
face 0.02207610011100769 329 102 393 165
face 0.021891921758651733 329 102 393 165
face 0.02167421579360962 329 102 393 165
face 0.021639913320541382 329 102 393 165
face 0.021607786417007446 329 102 393 165
face 0.021193593740463257 329 102 393 165
face 0.021182537078857422 329 102 393 165
face 0.02110537886619568 329 102 393 165
face 0.021104514598846436 329 102 393 165
face 0.020981907844543457 329 102 393 165
face 0.020518720149993896 329 102 393 165
face 0.02021285891532898 329 102 393 165
face 0.020043134689331055 329 102 393 165
face 0.020007312297821045 329 102 393 165
face 0.020005494356155396 329 102 393 165
face 0.0199224054813385 329 102 393 165
