face 0.9802007675170898 134 158 156 182
face 0.5407518744468689 62 131 84 155
face 0.16210660338401794 62 131 84 155
face 0.1278115212917328 62 131 84 155
face 0.10650217533111572 62 131 84 155
face 0.08546686172485352 62 131 84 155
face 0.06684932112693787 62 131 84 155
face 0.06175699830055237 62 131 84 155
face 0.05594182014465332 62 131 84 155
face 0.04190397262573242 62 131 84 155
face 0.03435787558555603 62 131 84 155
face 0.028174519538879395 62 131 84 155
face 0.025997400283813477 62 131 84 155
face 0.025384902954101562 62 131 84 155
face 0.024816900491714478 62 131 84 155
face 0.02464371919631958 62 131 84 155
face 0.023675769567489624 62 131 84 155
face 0.023280322551727295 62 131 84 155
face 0.023266494274139404 62 131 84 155
face 0.02308022975921631 62 131 84 155
face 0.021988749504089355 62 131 84 155
face 0.020984619855880737 62 131 84 155
face 0.020589232444763184 62 131 84 155
face 0.020332038402557373 62 131 84 155
face 0.01944085955619812 62 131 84 155
face 0.018698275089263916 62 131 84 155
face 0.01861557364463806 62 131 84 155
face 0.017519474029541016 62 131 84 155
face 0.017249464988708496 62 131 84 155
face 0.017151236534118652 62 131 84 155
face 0.0168856680393219 62 131 84 155
face 0.016720443964004517 62 131 84 155
face 0.015337377786636353 62 131 84 155
face 0.014752596616744995 62 131 84 155
face 0.01465657353401184 62 131 84 155
face 0.014218151569366455 62 131 84 155
face 0.013684689998626709 62 131 84 155
face 0.013165563344955444 62 131 84 155
face 0.012871503829956055 62 131 84 155
face 0.012730509042739868 62 131 84 155
face 0.012335896492004395 62 131 84 155
face 0.012275457382202148 62 131 84 155
face 0.012160956859588623 62 131 84 155
face 0.01216086745262146 62 131 84 155
face 0.011442959308624268 62 131 84 155
face 0.010981440544128418 62 131 84 155
face 0.01097792387008667 62 131 84 155
face 0.01068452000617981 62 131 84 155
face 0.010506987571716309 62 131 84 155
face 0.010075896978378296 62 131 84 155
face 0.009551972150802612 62 131 84 155
face 0.009454548358917236 62 131 84 155
face 0.009387731552124023 62 131 84 155
face 0.009378999471664429 62 131 84 155
face 0.009358376264572144 62 131 84 155
face 0.009200364351272583 62 131 84 155
face 0.009185224771499634 62 131 84 155
face 0.008965164422988892 62 131 84 155
face 0.008948087692260742 62 131 84 155
face 0.008888423442840576 62 131 84 155
face 0.008638501167297363 62 131 84 155
face 0.008598148822784424 62 131 84 155
face 0.008532822132110596 62 131 84 155
face 0.00844845175743103 62 131 84 155
face 0.008402496576309204 62 131 84 155
face 0.008318006992340088 62 131 84 155
face 0.008292406797409058 62 131 84 155
face 0.008166760206222534 62 131 84 155
face 0.00800439715385437 62 131 84 155
face 0.007975786924362183 62 131 84 155
face 0.007922351360321045 62 131 84 155
face 0.0078829824924469 62 131 84 155
face 0.007853835821151733 62 131 84 155
face 0.007792830467224121 62 131 84 155
face 0.007771134376525879 62 131 84 155
face 0.0077575743198394775 62 131 84 155
face 0.00772172212600708 62 131 84 155
face 0.007715821266174316 62 131 84 155
face 0.007668584585189819 62 131 84 155
face 0.007599890232086182 62 131 84 155
face 0.007583051919937134 62 131 84 155
face 0.0075577497482299805 62 131 84 155
face 0.007501929998397827 62 131 84 155
face 0.007495909929275513 62 131 84 155
face 0.0074828267097473145 62 131 84 155
face 0.007482409477233887 62 131 84 155
face 0.007454007863998413 62 131 84 155
face 0.007357090711593628 62 131 84 155
face 0.007256507873535156 62 131 84 155
face 0.007214218378067017 62 131 84 155
face 0.007184118032455444 62 131 84 155
face 0.007053494453430176 62 131 84 155
face 0.0070250630378723145 62 131 84 155
face 0.006977826356887817 62 131 84 155
face 0.00697597861289978 62 131 84 155
face 0.006870925426483154 62 131 84 155
face 0.0068302154541015625 62 131 84 155
face 0.00681188702583313 62 131 84 155
face 0.006800413131713867 62 131 84 155
face 0.006696194410324097 62 131 84 155
