face 0.970231831073761 348 180 629 526
face 0.03939783573150635 348 180 629 526
face 0.03809663653373718 348 180 629 526
face 0.03530725836753845 348 180 629 526
face 0.03287208080291748 348 180 629 526
face 0.03175663948059082 348 180 629 526
face 0.030376464128494263 348 180 629 526
face 0.029466181993484497 348 180 629 526
face 0.02882489562034607 348 180 629 526
face 0.028395861387252808 348 180 629 526
face 0.02682793140411377 348 180 629 526
face 0.026709377765655518 348 180 629 526
face 0.026457130908966064 348 180 629 526
face 0.02610573172569275 348 180 629 526
face 0.02395683526992798 348 180 629 526
face 0.019680410623550415 348 180 629 526
face 0.019179701805114746 348 180 629 526
face 0.018113553524017334 348 180 629 526
face 0.01710096001625061 348 180 629 526
face 0.016981273889541626 348 180 629 526
face 0.016505002975463867 348 180 629 526
face 0.01649785041809082 348 180 629 526
face 0.016259491443634033 348 180 629 526
face 0.01573258638381958 348 180 629 526
face 0.015384584665298462 348 180 629 526
face 0.015246987342834473 348 180 629 526
face 0.014771789312362671 348 180 629 526
face 0.014631927013397217 348 180 629 526
face 0.014490962028503418 348 180 629 526
face 0.013806670904159546 348 180 629 526
face 0.013520926237106323 348 180 629 526
face 0.013306200504302979 348 180 629 526
face 0.013232231140136719 348 180 629 526
face 0.013098418712615967 348 180 629 526
face 0.013027459383010864 348 180 629 526
face 0.012719422578811646 348 180 629 526
face 0.012698829174041748 348 180 629 526
face 0.012437045574188232 348 180 629 526
face 0.012296468019485474 348 180 629 526
face 0.012160032987594604 348 180 629 526
face 0.01200762391090393 348 180 629 526
face 0.012000799179077148 348 180 629 526
face 0.011681973934173584 348 180 629 526
face 0.01163145899772644 348 180 629 526
face 0.010897248983383179 348 180 629 526
face 0.010869711637496948 348 180 629 526
face 0.010846614837646484 348 180 629 526
face 0.010811090469360352 348 180 629 526
face 0.010581761598587036 348 180 629 526
face 0.010090649127960205 348 180 629 526
face 0.01001119613647461 348 180 629 526
face 0.00993773341178894 348 180 629 526
face 0.009761035442352295 348 180 629 526
face 0.009750783443450928 348 180 629 526
face 0.009697556495666504 348 180 629 526
face 0.009482204914093018 348 180 629 526
face 0.009378701448440552 348 180 629 526
face 0.009372413158416748 348 180 629 526
face 0.009289830923080444 348 180 629 526
face 0.00923129916191101 348 180 629 526
face 0.009214162826538086 348 180 629 526
face 0.009175688028335571 348 180 629 526
face 0.009103149175643921 348 180 629 526
face 0.00905725359916687 348 180 629 526
face 0.008894175291061401 348 180 629 526
face 0.008851319551467896 348 180 629 526
face 0.00874599814414978 348 180 629 526
face 0.008703500032424927 348 180 629 526
face 0.00868380069732666 348 180 629 526
face 0.008572190999984741 348 180 629 526
face 0.008446753025054932 348 180 629 526
face 0.008360624313354492 348 180 629 526
face 0.008309394121170044 348 180 629 526
face 0.008309274911880493 348 180 629 526
face 0.00815492868423462 348 180 629 526
face 0.00814858078956604 348 180 629 526
face 0.008097320795059204 348 180 629 526
face 0.008025676012039185 348 180 629 526
face 0.007798045873641968 348 180 629 526
face 0.007747769355773926 348 180 629 526
face 0.007705062627792358 348 180 629 526
face 0.007704108953475952 348 180 629 526
face 0.007670968770980835 348 180 629 526
face 0.007446646690368652 348 180 629 526
face 0.007438480854034424 348 180 629 526
face 0.007430285215377808 348 180 629 526
face 0.00742533802986145 348 180 629 526
face 0.0073809027671813965 348 180 629 526
face 0.00736314058303833 348 180 629 526
face 0.007358461618423462 348 180 629 526
face 0.00728181004524231 348 180 629 526
face 0.0072293877601623535 348 180 629 526
face 0.007176637649536133 348 180 629 526
face 0.0071464478969573975 348 180 629 526
face 0.007139265537261963 348 180 629 526
face 0.007077276706695557 348 180 629 526
face 0.007053375244140625 348 180 629 526
face 0.007004767656326294 348 180 629 526
face 0.006925344467163086 348 180 629 526
face 0.0069161057472229 348 180 629 526
