face 0.988027811050415 240 114 262 140
face 0.9867045879364014 792 140 810 166
face 0.971211314201355 612 137 634 167
face 0.9282969832420349 576 141 597 170
face 0.9240323305130005 342 140 364 166
face 0.7221659421920776 700 126 720 154
face 0.5661194920539856 553 130 573 157
face 0.48633304238319397 553 130 573 157
face 0.4021880328655243 553 130 573 157
face 0.3947334587574005 553 130 573 157
face 0.35396015644073486 553 130 573 157
face 0.33004918694496155 553 130 573 157
face 0.3178033232688904 553 130 573 157
face 0.2983153462409973 553 130 573 157
face 0.26527026295661926 553 130 573 157
face 0.23467817902565002 553 130 573 157
face 0.20531627535820007 553 130 573 157
face 0.1774306297302246 553 130 573 157
face 0.16356027126312256 553 130 573 157
face 0.15777882933616638 553 130 573 157
face 0.14860570430755615 553 130 573 157
face 0.14361628890037537 553 130 573 157
face 0.13396364450454712 553 130 573 157
face 0.13307517766952515 553 130 573 157
face 0.13017454743385315 553 130 573 157
face 0.12628653645515442 553 130 573 157
face 0.10663953423500061 553 130 573 157
face 0.10448473691940308 553 130 573 157
face 0.10357785224914551 553 130 573 157
face 0.10207605361938477 553 130 573 157
face 0.08930602669715881 553 130 573 157
face 0.08751478791236877 553 130 573 157
face 0.08273160457611084 553 130 573 157
face 0.07437488436698914 553 130 573 157
face 0.07123452425003052 553 130 573 157
face 0.0688856840133667 553 130 573 157
face 0.06665673851966858 553 130 573 157
face 0.06486272811889648 553 130 573 157
face 0.06321549415588379 553 130 573 157
face 0.06254145503044128 553 130 573 157
face 0.05847129225730896 553 130 573 157
face 0.05807352066040039 553 130 573 157
face 0.05680692195892334 553 130 573 157
face 0.05307742953300476 553 130 573 157
face 0.05215001106262207 553 130 573 157
face 0.05023455619812012 553 130 573 157
face 0.049653559923172 553 130 573 157
face 0.04683870077133179 553 130 573 157
face 0.04293590784072876 553 130 573 157
face 0.04227903485298157 553 130 573 157
face 0.04077157378196716 553 130 573 157
face 0.0404757559299469 553 130 573 157
face 0.039244890213012695 553 130 573 157
face 0.037869006395339966 553 130 573 157
face 0.03738310933113098 553 130 573 157
face 0.036293745040893555 553 130 573 157
face 0.036010533571243286 553 130 573 157
face 0.034284621477127075 553 130 573 157
face 0.03287747502326965 553 130 573 157
face 0.029697716236114502 553 130 573 157
face 0.02963024377822876 553 130 573 157
face 0.02780759334564209 553 130 573 157
face 0.02706208825111389 553 130 573 157
face 0.027051538228988647 553 130 573 157
face 0.026641637086868286 553 130 573 157
face 0.024353325366973877 553 130 573 157
face 0.024038374423980713 553 130 573 157
face 0.023903071880340576 553 130 573 157
face 0.023842602968215942 553 130 573 157
face 0.022906988859176636 553 130 573 157
face 0.022838115692138672 553 130 573 157
face 0.022621452808380127 553 130 573 157
face 0.020953744649887085 553 130 573 157
face 0.02075067162513733 553 130 573 157
face 0.020480573177337646 553 130 573 157
face 0.020383208990097046 553 130 573 157
face 0.019866585731506348 553 130 573 157
face 0.019655436277389526 553 130 573 157
face 0.019451022148132324 553 130 573 157
face 0.01934903860092163 553 130 573 157
face 0.018813371658325195 553 130 573 157
face 0.018760710954666138 553 130 573 157
face 0.018314063549041748 553 130 573 157
face 0.018162935972213745 553 130 573 157
face 0.01800692081451416 553 130 573 157
face 0.017545491456985474 553 130 573 157
face 0.017501145601272583 553 130 573 157
face 0.01740938425064087 553 130 573 157
face 0.017259031534194946 553 130 573 157
face 0.017120838165283203 553 130 573 157
face 0.016481757164001465 553 130 573 157
face 0.01638740301132202 553 130 573 157
face 0.016182124614715576 553 130 573 157
face 0.016137748956680298 553 130 573 157
face 0.016035735607147217 553 130 573 157
face 0.015625715255737305 553 130 573 157
face 0.015426814556121826 553 130 573 157
face 0.015205204486846924 553 130 573 157
face 0.015200883150100708 553 130 573 157
face 0.01519864797592163 553 130 573 157
