face 0.9810600876808167 272 162 309 204
face 0.8965044021606445 925 137 959 174
face 0.2142263948917389 925 137 959 174
face 0.210173100233078 925 137 959 174
face 0.13096556067466736 925 137 959 174
face 0.13061121106147766 925 137 959 174
face 0.11787444353103638 925 137 959 174
face 0.09663951396942139 925 137 959 174
face 0.06997773051261902 925 137 959 174
face 0.06620988249778748 925 137 959 174
face 0.06407013535499573 925 137 959 174
face 0.059650033712387085 925 137 959 174
face 0.05858221650123596 925 137 959 174
face 0.057644158601760864 925 137 959 174
face 0.05674290657043457 925 137 959 174
face 0.05283448100090027 925 137 959 174
face 0.048581987619400024 925 137 959 174
face 0.04752203822135925 925 137 959 174
face 0.04400286078453064 925 137 959 174
face 0.042084574699401855 925 137 959 174
face 0.0413452684879303 925 137 959 174
face 0.03739684820175171 925 137 959 174
face 0.03595760464668274 925 137 959 174
face 0.035634398460388184 925 137 959 174
face 0.03555747866630554 925 137 959 174
face 0.0353856086730957 925 137 959 174
face 0.03414371609687805 925 137 959 174
face 0.03293430805206299 925 137 959 174
face 0.03164917230606079 925 137 959 174
face 0.02851685881614685 925 137 959 174
face 0.028104037046432495 925 137 959 174
face 0.027922511100769043 925 137 959 174
face 0.02664276957511902 925 137 959 174
face 0.02576175332069397 925 137 959 174
face 0.025741517543792725 925 137 959 174
face 0.024613916873931885 925 137 959 174
face 0.02393314242362976 925 137 959 174
face 0.023626208305358887 925 137 959 174
face 0.022647231817245483 925 137 959 174
face 0.021764367818832397 925 137 959 174
face 0.02131563425064087 925 137 959 174
face 0.021107256412506104 925 137 959 174
face 0.020973503589630127 925 137 959 174
face 0.02059236168861389 925 137 959 174
face 0.02052256464958191 925 137 959 174
face 0.020326673984527588 925 137 959 174
face 0.020215481519699097 925 137 959 174
face 0.020161569118499756 925 137 959 174
face 0.019426673650741577 925 137 959 174
face 0.019308418035507202 925 137 959 174
face 0.018797308206558228 925 137 959 174
face 0.01858004927635193 925 137 959 174
face 0.01853761076927185 925 137 959 174
face 0.018418222665786743 925 137 959 174
face 0.018386363983154297 925 137 959 174
face 0.018222957849502563 925 137 959 174
face 0.017471283674240112 925 137 959 174
face 0.017423421144485474 925 137 959 174
face 0.0173662006855011 925 137 959 174
face 0.01733642816543579 925 137 959 174
face 0.017240166664123535 925 137 959 174
face 0.017155855894088745 925 137 959 174
face 0.016762584447860718 925 137 959 174
face 0.016629964113235474 925 137 959 174
face 0.016165941953659058 925 137 959 174
face 0.01600053906440735 925 137 959 174
face 0.01590391993522644 925 137 959 174
face 0.0158003568649292 925 137 959 174
face 0.015707403421401978 925 137 959 174
face 0.015219926834106445 925 137 959 174
face 0.015068531036376953 925 137 959 174
face 0.014842420816421509 925 137 959 174
face 0.014717668294906616 925 137 959 174
face 0.01462090015411377 925 137 959 174
face 0.014547884464263916 925 137 959 174
face 0.014507383108139038 925 137 959 174
face 0.014461159706115723 925 137 959 174
face 0.014364540576934814 925 137 959 174
face 0.014318466186523438 925 137 959 174
face 0.014314591884613037 925 137 959 174
face 0.014195531606674194 925 137 959 174
face 0.014162153005599976 925 137 959 174
face 0.01381385326385498 925 137 959 174
face 0.013756752014160156 925 137 959 174
face 0.013697832822799683 925 137 959 174
face 0.013465851545333862 925 137 959 174
face 0.013433724641799927 925 137 959 174
face 0.013244390487670898 925 137 959 174
face 0.012976020574569702 925 137 959 174
face 0.012667536735534668 925 137 959 174
face 0.01256871223449707 925 137 959 174
face 0.012523800134658813 925 137 959 174
face 0.012486279010772705 925 137 959 174
face 0.012358933687210083 925 137 959 174
face 0.01182866096496582 925 137 959 174
face 0.011815637350082397 925 137 959 174
face 0.011773020029067993 925 137 959 174
face 0.011659622192382812 925 137 959 174
face 0.011596113443374634 925 137 959 174
face 0.011554241180419922 925 137 959 174
