face 0.1128527820110321 517 286 530 304
face 0.09654459357261658 517 286 530 304
face 0.08439087867736816 517 286 530 304
face 0.07381898164749146 517 286 530 304
face 0.07304099202156067 517 286 530 304
face 0.07213073968887329 517 286 530 304
face 0.07119056582450867 517 286 530 304
face 0.06419163942337036 517 286 530 304
face 0.05809587240219116 517 286 530 304
face 0.05804261565208435 517 286 530 304
face 0.05623754858970642 517 286 530 304
face 0.055221885442733765 517 286 530 304
face 0.05414855480194092 517 286 530 304
face 0.05245864391326904 517 286 530 304
face 0.05206868052482605 517 286 530 304
face 0.04900640249252319 517 286 530 304
face 0.047726452350616455 517 286 530 304
face 0.047115474939346313 517 286 530 304
face 0.04659894108772278 517 286 530 304
face 0.04642057418823242 517 286 530 304
face 0.04541930556297302 517 286 530 304
face 0.04506152868270874 517 286 530 304
face 0.042293161153793335 517 286 530 304
face 0.0421452522277832 517 286 530 304
face 0.04154255986213684 517 286 530 304
face 0.041482120752334595 517 286 530 304
face 0.04134553670883179 517 286 530 304
face 0.04108428955078125 517 286 530 304
face 0.040310800075531006 517 286 530 304
face 0.03963884711265564 517 286 530 304
face 0.03813666105270386 517 286 530 304
face 0.037612348794937134 517 286 530 304
face 0.03751116991043091 517 286 530 304
face 0.03657582402229309 517 286 530 304
face 0.03650796413421631 517 286 530 304
face 0.03649052977561951 517 286 530 304
face 0.03487077355384827 517 286 530 304
face 0.033645838499069214 517 286 530 304
face 0.032735973596572876 517 286 530 304
face 0.032681018114089966 517 286 530 304
face 0.032424718141555786 517 286 530 304
face 0.032203078269958496 517 286 530 304
face 0.03153938055038452 517 286 530 304
face 0.031252920627593994 517 286 530 304
face 0.03115224838256836 517 286 530 304
face 0.03106209635734558 517 286 530 304
face 0.03083944320678711 517 286 530 304
face 0.03070300817489624 517 286 530 304
face 0.030193299055099487 517 286 530 304
face 0.02923870086669922 517 286 530 304
face 0.02898469567298889 517 286 530 304
face 0.02779427170753479 517 286 530 304
face 0.02773141860961914 517 286 530 304
face 0.02707219123840332 517 286 530 304
face 0.026970654726028442 517 286 530 304
face 0.026905536651611328 517 286 530 304
face 0.026706427335739136 517 286 530 304
face 0.02635645866394043 517 286 530 304
face 0.02625119686126709 517 286 530 304
face 0.025496870279312134 517 286 530 304
face 0.025284022092819214 517 286 530 304
face 0.025004208087921143 517 286 530 304
face 0.024981796741485596 517 286 530 304
face 0.024635106325149536 517 286 530 304
face 0.024196624755859375 517 286 530 304
face 0.024178296327590942 517 286 530 304
face 0.02392694354057312 517 286 530 304
face 0.02374449372291565 517 286 530 304
face 0.023665308952331543 517 286 530 304
face 0.023526161909103394 517 286 530 304
face 0.023443251848220825 517 286 530 304
face 0.023417800664901733 517 286 530 304
face 0.023249685764312744 517 286 530 304
face 0.023187726736068726 517 286 530 304
face 0.022833943367004395 517 286 530 304
face 0.022687315940856934 517 286 530 304
face 0.022624850273132324 517 286 530 304
face 0.0225086510181427 517 286 530 304
face 0.022257864475250244 517 286 530 304
face 0.022135496139526367 517 286 530 304
face 0.02209743857383728 517 286 530 304
face 0.021832287311553955 517 286 530 304
face 0.02170664072036743 517 286 530 304
face 0.021650731563568115 517 286 530 304
face 0.021609842777252197 517 286 530 304
face 0.021501779556274414 517 286 530 304
face 0.021228164434432983 517 286 530 304
face 0.021214157342910767 517 286 530 304
face 0.02098745107650757 517 286 530 304
face 0.020890265703201294 517 286 530 304
face 0.02078196406364441 517 286 530 304
face 0.020673304796218872 517 286 530 304
face 0.020618468523025513 517 286 530 304
face 0.02045002579689026 517 286 530 304
face 0.020442873239517212 517 286 530 304
face 0.020429342985153198 517 286 530 304
face 0.02012014389038086 517 286 530 304
face 0.020062506198883057 517 286 530 304
face 0.019901186227798462 517 286 530 304
face 0.01974886655807495 517 286 530 304
