face 0.9937678575515747 887 401 906 428
face 0.9842502474784851 862 227 876 245
face 0.968328595161438 98 261 114 286
face 0.9679736495018005 964 236 978 255
face 0.9518939256668091 65 391 86 417
face 0.9387397766113281 1000 200 1011 215
face 0.9363001585006714 403 186 416 205
face 0.9045975208282471 908 200 917 212
face 0.8996049165725708 808 430 826 457
face 0.8986228704452515 302 542 323 568
face 0.8756042718887329 852 196 863 209
face 0.8683717846870422 14 336 29 359
face 0.8460853099822998 208 341 223 363
face 0.8327316641807556 927 553 951 584
face 0.8073641657829285 251 612 271 638
face 0.7862024307250977 312 255 326 275
face 0.7589311599731445 895 228 906 243
face 0.7464040517807007 46 438 66 463
face 0.7426921725273132 149 335 166 359
face 0.6831104159355164 113 218 127 241
face 0.6723496317863464 255 336 270 358
face 0.6677372455596924 363 230 376 248
face 0.6652088165283203 236 254 250 276
face 0.6519643068313599 809 188 820 201
face 0.6492106914520264 142 223 156 244
face 0.6330965757369995 188 219 202 241
face 0.621692955493927 950 204 960 216
face 0.6160207986831665 292 294 306 313
face 0.6138579845428467 618 533 658 570
face 0.6130668520927429 393 434 412 456
face 0.6095337867736816 303 203 314 219
face 0.6042373180389404 242 201 254 219
face 0.6028844714164734 79 333 95 357
face 0.5968209505081177 188 273 202 294
face 0.5783942937850952 300 380 317 401
face 0.5760530829429626 997 227 1008 244
face 0.572837233543396 66 300 80 322
face 0.5714693665504456 154 309 169 331
face 0.5661284923553467 961 305 976 326
face 0.5579005479812622 199 433 218 459
face 0.549199640750885 473 410 494 431
face 0.5452834367752075 193 204 206 223
face 0.5229047536849976 247 223 260 242
face 0.5079871416091919 153 196 165 215
face 0.4720872938632965 153 196 165 215
face 0.45682501792907715 153 196 165 215
face 0.40333348512649536 153 196 165 215
face 0.40099644660949707 153 196 165 215
face 0.39149969816207886 153 196 165 215
face 0.3796260356903076 153 196 165 215
face 0.3572187125682831 153 196 165 215
face 0.35549303889274597 153 196 165 215
face 0.3433305323123932 153 196 165 215
face 0.34210288524627686 153 196 165 215
face 0.3281886577606201 153 196 165 215
face 0.3169846534729004 153 196 165 215
face 0.2995426058769226 153 196 165 215
face 0.2878665328025818 153 196 165 215
face 0.2811731994152069 153 196 165 215
face 0.26688122749328613 153 196 165 215
face 0.2656524181365967 153 196 165 215
face 0.24676883220672607 153 196 165 215
face 0.23694035410881042 153 196 165 215
face 0.22323954105377197 153 196 165 215
face 0.21893715858459473 153 196 165 215
face 0.21042272448539734 153 196 165 215
face 0.1916271448135376 153 196 165 215
face 0.18674355745315552 153 196 165 215
face 0.18370476365089417 153 196 165 215
face 0.16844338178634644 153 196 165 215
face 0.16298454999923706 153 196 165 215
face 0.15102306008338928 153 196 165 215
face 0.15038064122200012 153 196 165 215
face 0.1499270796775818 153 196 165 215
face 0.14670774340629578 153 196 165 215
face 0.1342429220676422 153 196 165 215
face 0.13095274567604065 153 196 165 215
face 0.12877371907234192 153 196 165 215
face 0.12151268124580383 153 196 165 215
face 0.12147504091262817 153 196 165 215
face 0.11631318926811218 153 196 165 215
face 0.114239901304245 153 196 165 215
face 0.11353632807731628 153 196 165 215
face 0.11164665222167969 153 196 165 215
face 0.11114796996116638 153 196 165 215
face 0.10914680361747742 153 196 165 215
face 0.09074074029922485 153 196 165 215
face 0.08788174390792847 153 196 165 215
face 0.08482497930526733 153 196 165 215
face 0.08392789959907532 153 196 165 215
face 0.08335408568382263 153 196 165 215
face 0.08312767744064331 153 196 165 215
face 0.08225533366203308 153 196 165 215
face 0.0786367654800415 153 196 165 215
face 0.07249903678894043 153 196 165 215
face 0.07213190197944641 153 196 165 215
face 0.06909441947937012 153 196 165 215
face 0.06842482089996338 153 196 165 215
face 0.06733852624893188 153 196 165 215
face 0.066399484872818 153 196 165 215
