face 0.7339761853218079 887 46 923 92
face 0.16684216260910034 887 46 923 92
face 0.11890581250190735 887 46 923 92
face 0.10682034492492676 887 46 923 92
face 0.10589128732681274 887 46 923 92
face 0.08261647820472717 887 46 923 92
face 0.07835912704467773 887 46 923 92
face 0.07812348008155823 887 46 923 92
face 0.07745540142059326 887 46 923 92
face 0.07555508613586426 887 46 923 92
face 0.07205283641815186 887 46 923 92
face 0.07017594575881958 887 46 923 92
face 0.0700218677520752 887 46 923 92
face 0.06913918256759644 887 46 923 92
face 0.06879031658172607 887 46 923 92
face 0.06763511896133423 887 46 923 92
face 0.06265631318092346 887 46 923 92
face 0.06233265995979309 887 46 923 92
face 0.05955129861831665 887 46 923 92
face 0.0593319833278656 887 46 923 92
face 0.0573139488697052 887 46 923 92
face 0.05555379390716553 887 46 923 92
face 0.050560951232910156 887 46 923 92
face 0.04965206980705261 887 46 923 92
face 0.04847678542137146 887 46 923 92
face 0.0463414192199707 887 46 923 92
face 0.04604548215866089 887 46 923 92
face 0.04566383361816406 887 46 923 92
face 0.04539868235588074 887 46 923 92
face 0.04506337642669678 887 46 923 92
face 0.044754207134246826 887 46 923 92
face 0.04413190484046936 887 46 923 92
face 0.0436035692691803 887 46 923 92
face 0.043394893407821655 887 46 923 92
face 0.043334245681762695 887 46 923 92
face 0.04225924611091614 887 46 923 92
face 0.04194501042366028 887 46 923 92
face 0.04173070192337036 887 46 923 92
face 0.04088214039802551 887 46 923 92
face 0.040559738874435425 887 46 923 92
face 0.04019936919212341 887 46 923 92
face 0.039432018995285034 887 46 923 92
face 0.03941342234611511 887 46 923 92
face 0.03894448280334473 887 46 923 92
face 0.03893771767616272 887 46 923 92
face 0.038542360067367554 887 46 923 92
face 0.038512587547302246 887 46 923 92
face 0.03808116912841797 887 46 923 92
face 0.03797507286071777 887 46 923 92
face 0.03795066475868225 887 46 923 92
face 0.037779420614242554 887 46 923 92
face 0.037229716777801514 887 46 923 92
face 0.037120938301086426 887 46 923 92
face 0.037112414836883545 887 46 923 92
face 0.037075191736221313 887 46 923 92
face 0.03647914528846741 887 46 923 92
face 0.03631085157394409 887 46 923 92
face 0.036121636629104614 887 46 923 92
face 0.03608804941177368 887 46 923 92
face 0.035840392112731934 887 46 923 92
face 0.035615473985672 887 46 923 92
face 0.035248130559921265 887 46 923 92
face 0.03523293137550354 887 46 923 92
face 0.034202903509140015 887 46 923 92
face 0.034050196409225464 887 46 923 92
face 0.03391760587692261 887 46 923 92
face 0.033842384815216064 887 46 923 92
face 0.03351375460624695 887 46 923 92
face 0.033511072397232056 887 46 923 92
face 0.03349640965461731 887 46 923 92
face 0.03340637683868408 887 46 923 92
face 0.033354103565216064 887 46 923 92
face 0.03311678767204285 887 46 923 92
face 0.032941460609436035 887 46 923 92
face 0.032682955265045166 887 46 923 92
face 0.03260502219200134 887 46 923 92
face 0.032563209533691406 887 46 923 92
face 0.032043904066085815 887 46 923 92
face 0.032012730836868286 887 46 923 92
face 0.03199887275695801 887 46 923 92
face 0.03180214762687683 887 46 923 92
face 0.03160279989242554 887 46 923 92
face 0.03159135580062866 887 46 923 92
face 0.03099006414413452 887 46 923 92
face 0.030723541975021362 887 46 923 92
face 0.030720829963684082 887 46 923 92
face 0.03063926100730896 887 46 923 92
face 0.030454576015472412 887 46 923 92
face 0.03040933609008789 887 46 923 92
face 0.03023853898048401 887 46 923 92
face 0.02955043315887451 887 46 923 92
face 0.029528111219406128 887 46 923 92
face 0.02950906753540039 887 46 923 92
face 0.02936035394668579 887 46 923 92
face 0.029284775257110596 887 46 923 92
face 0.029221534729003906 887 46 923 92
face 0.028989523649215698 887 46 923 92
face 0.028855711221694946 887 46 923 92
face 0.028465449810028076 887 46 923 92
face 0.028305113315582275 887 46 923 92
