face 0.9940112829208374 682 436 695 455
face 0.993137776851654 627 438 641 457
face 0.9584296941757202 467 432 481 452
face 0.848861038684845 325 407 341 428
face 0.8244986534118652 730 444 744 463
face 0.8101695775985718 557 419 571 438
face 0.7007639408111572 394 424 410 443
face 0.2517527639865875 394 424 410 443
face 0.2217378318309784 394 424 410 443
face 0.15637046098709106 394 424 410 443
face 0.15314194560050964 394 424 410 443
face 0.11493858695030212 394 424 410 443
face 0.10288512706756592 394 424 410 443
face 0.07950928807258606 394 424 410 443
face 0.07681852579116821 394 424 410 443
face 0.0760822594165802 394 424 410 443
face 0.07052761316299438 394 424 410 443
face 0.06588929891586304 394 424 410 443
face 0.06177949905395508 394 424 410 443
face 0.05451366305351257 394 424 410 443
face 0.051623016595840454 394 424 410 443
face 0.0504002571105957 394 424 410 443
face 0.04705524444580078 394 424 410 443
face 0.04502105712890625 394 424 410 443
face 0.04346683621406555 394 424 410 443
face 0.041207462549209595 394 424 410 443
face 0.038336604833602905 394 424 410 443
face 0.037809520959854126 394 424 410 443
face 0.03724035620689392 394 424 410 443
face 0.03718814253807068 394 424 410 443
face 0.036742568016052246 394 424 410 443
face 0.036124080419540405 394 424 410 443
face 0.03547123074531555 394 424 410 443
face 0.03514954447746277 394 424 410 443
face 0.033461809158325195 394 424 410 443
face 0.03324699401855469 394 424 410 443
face 0.03294333815574646 394 424 410 443
face 0.032856136560440063 394 424 410 443
face 0.032054394483566284 394 424 410 443
face 0.03128978610038757 394 424 410 443
face 0.0309906005859375 394 424 410 443
face 0.030551254749298096 394 424 410 443
face 0.03019702434539795 394 424 410 443
face 0.02882462739944458 394 424 410 443
face 0.027634531259536743 394 424 410 443
face 0.02743285894393921 394 424 410 443
face 0.027213484048843384 394 424 410 443
face 0.02682819962501526 394 424 410 443
face 0.026707857847213745 394 424 410 443
face 0.026560097932815552 394 424 410 443
face 0.026402264833450317 394 424 410 443
face 0.026386290788650513 394 424 410 443
face 0.02630019187927246 394 424 410 443
face 0.026138514280319214 394 424 410 443
face 0.025351285934448242 394 424 410 443
face 0.025181233882904053 394 424 410 443
face 0.024608612060546875 394 424 410 443
face 0.024505794048309326 394 424 410 443
face 0.02356719970703125 394 424 410 443
face 0.02329963445663452 394 424 410 443
face 0.0232582688331604 394 424 410 443
face 0.023210495710372925 394 424 410 443
face 0.022564738988876343 394 424 410 443
face 0.020894676446914673 394 424 410 443
face 0.020546704530715942 394 424 410 443
face 0.0204143226146698 394 424 410 443
face 0.020390570163726807 394 424 410 443
face 0.020088642835617065 394 424 410 443
face 0.020002543926239014 394 424 410 443
face 0.01975741982460022 394 424 410 443
face 0.019549906253814697 394 424 410 443
face 0.019164174795150757 394 424 410 443
face 0.019136369228363037 394 424 410 443
face 0.018632501363754272 394 424 410 443
face 0.01815381646156311 394 424 410 443
face 0.017904549837112427 394 424 410 443
face 0.017826974391937256 394 424 410 443
face 0.017819374799728394 394 424 410 443
face 0.01762208342552185 394 424 410 443
face 0.017573297023773193 394 424 410 443
face 0.017562031745910645 394 424 410 443
face 0.017249971628189087 394 424 410 443
face 0.01645711064338684 394 424 410 443
face 0.016175061464309692 394 424 410 443
face 0.01602339744567871 394 424 410 443
face 0.01600739359855652 394 424 410 443
face 0.015043288469314575 394 424 410 443
face 0.014792144298553467 394 424 410 443
face 0.01454770565032959 394 424 410 443
face 0.014502167701721191 394 424 410 443
face 0.014379948377609253 394 424 410 443
face 0.014184951782226562 394 424 410 443
face 0.014147341251373291 394 424 410 443
face 0.014099717140197754 394 424 410 443
face 0.014099717140197754 394 424 410 443
face 0.013693898916244507 394 424 410 443
face 0.013303697109222412 394 424 410 443
face 0.013122588396072388 394 424 410 443
face 0.012591838836669922 394 424 410 443
face 0.012540817260742188 394 424 410 443
