face 0.9972323775291443 558 66 583 99
face 0.9968746900558472 285 76 309 105
face 0.9965552091598511 516 35 536 62
face 0.9939412474632263 442 82 468 112
face 0.9937622547149658 182 76 206 104
face 0.9932584762573242 764 37 789 71
face 0.9905644655227661 231 68 253 96
face 0.9843006730079651 687 66 711 96
face 0.9703648686408997 587 41 608 68
face 0.9505279064178467 633 62 657 94
face 0.9356393814086914 110 83 134 112
face 0.9181470274925232 444 45 465 73
face 0.9147601127624512 630 44 652 71
face 0.8745441436767578 742 40 764 70
face 0.832573652267456 928 53 958 94
face 0.8162151575088501 949 45 977 84
face 0.7618863582611084 888 56 914 92
face 0.7392668128013611 393 0 411 17
face 0.7388312220573425 972 40 997 76
face 0.7281500101089478 371 65 395 94
face 0.6248321533203125 878 50 905 85
face 0.6132597923278809 807 50 835 84
face 0.6093412637710571 710 65 736 96
face 0.6083813905715942 791 14 806 33
face 0.6062242984771729 725 13 739 31
face 0.5711316466331482 665 37 684 61
face 0.5682069063186646 625 3 640 22
face 0.5489698052406311 691 13 705 30
face 0.5253937840461731 197 0 217 16
face 0.4651763439178467 197 0 217 16
face 0.3813045620918274 197 0 217 16
face 0.34812358021736145 197 0 217 16
face 0.27682262659072876 197 0 217 16
face 0.2455097734928131 197 0 217 16
face 0.22228702902793884 197 0 217 16
face 0.1872590184211731 197 0 217 16
face 0.17167586088180542 197 0 217 16
face 0.17130759358406067 197 0 217 16
face 0.16831347346305847 197 0 217 16
face 0.12676718831062317 197 0 217 16
face 0.10783496499061584 197 0 217 16
face 0.1008421778678894 197 0 217 16
face 0.09004095196723938 197 0 217 16
face 0.08821088075637817 197 0 217 16
face 0.08437228202819824 197 0 217 16
face 0.081138014793396 197 0 217 16
face 0.07777789235115051 197 0 217 16
face 0.07702159881591797 197 0 217 16
face 0.06103503704071045 197 0 217 16
face 0.05915546417236328 197 0 217 16
face 0.05705404281616211 197 0 217 16
face 0.05409860610961914 197 0 217 16
face 0.051042795181274414 197 0 217 16
face 0.04994121193885803 197 0 217 16
face 0.04970496892929077 197 0 217 16
face 0.048867881298065186 197 0 217 16
face 0.04820960760116577 197 0 217 16
face 0.047973841428756714 197 0 217 16
face 0.04782211780548096 197 0 217 16
face 0.04672476649284363 197 0 217 16
face 0.04485628008842468 197 0 217 16
face 0.040556639432907104 197 0 217 16
face 0.04041513800621033 197 0 217 16
face 0.0390259325504303 197 0 217 16
face 0.03790190815925598 197 0 217 16
face 0.03671953082084656 197 0 217 16
face 0.03596675395965576 197 0 217 16
face 0.032131075859069824 197 0 217 16
face 0.03164544701576233 197 0 217 16
face 0.029529809951782227 197 0 217 16
face 0.027399539947509766 197 0 217 16
face 0.027192264795303345 197 0 217 16
face 0.025932222604751587 197 0 217 16
face 0.02562996745109558 197 0 217 16
face 0.02558380365371704 197 0 217 16
face 0.025294482707977295 197 0 217 16
face 0.02511763572692871 197 0 217 16
face 0.02496957778930664 197 0 217 16
face 0.024955928325653076 197 0 217 16
face 0.024815529584884644 197 0 217 16
face 0.024660050868988037 197 0 217 16
face 0.023537516593933105 197 0 217 16
face 0.023454666137695312 197 0 217 16
face 0.02236798405647278 197 0 217 16
face 0.02195557951927185 197 0 217 16
face 0.021420657634735107 197 0 217 16
face 0.021314233541488647 197 0 217 16
face 0.021148771047592163 197 0 217 16
face 0.02087259292602539 197 0 217 16
face 0.020865410566329956 197 0 217 16
face 0.0207177996635437 197 0 217 16
face 0.020292460918426514 197 0 217 16
face 0.01994207501411438 197 0 217 16
face 0.01979920268058777 197 0 217 16
face 0.019177943468093872 197 0 217 16
face 0.019001394510269165 197 0 217 16
face 0.01899704337120056 197 0 217 16
face 0.01885986328125 197 0 217 16
face 0.017882585525512695 197 0 217 16
face 0.017857283353805542 197 0 217 16
