face 0.9740417003631592 232 237 256 266
face 0.9664526581764221 286 171 307 199
face 0.9307395815849304 941 289 968 325
face 0.892047643661499 852 207 875 236
face 0.8486746549606323 171 219 195 252
face 0.7409673929214478 386 202 412 235
face 0.6982293725013733 35 143 59 175
face 0.6788305044174194 0 237 15 273
face 0.6757327914237976 376 147 398 174
face 0.6680132746696472 468 161 494 192
face 0.6268932819366455 439 189 466 219
face 0.5983111262321472 76 215 100 244
face 0.5932161211967468 339 206 364 239
face 0.5317118167877197 298 223 321 252
face 0.5126922130584717 265 274 296 308
face 0.5019307136535645 785 299 806 337
face 0.48992204666137695 785 299 806 337
face 0.47722068428993225 785 299 806 337
face 0.4635971188545227 785 299 806 337
face 0.45681339502334595 785 299 806 337
face 0.45263126492500305 785 299 806 337
face 0.4493580460548401 785 299 806 337
face 0.33335673809051514 785 299 806 337
face 0.3325467109680176 785 299 806 337
face 0.30732476711273193 785 299 806 337
face 0.30412089824676514 785 299 806 337
face 0.28854990005493164 785 299 806 337
face 0.26127347350120544 785 299 806 337
face 0.2595979571342468 785 299 806 337
face 0.2540898323059082 785 299 806 337
face 0.2494542896747589 785 299 806 337
face 0.23314067721366882 785 299 806 337
face 0.231779545545578 785 299 806 337
face 0.2128162980079651 785 299 806 337
face 0.20710700750350952 785 299 806 337
face 0.2003149390220642 785 299 806 337
face 0.19965583086013794 785 299 806 337
face 0.19533804059028625 785 299 806 337
face 0.19016090035438538 785 299 806 337
face 0.1900915503501892 785 299 806 337
face 0.1856200098991394 785 299 806 337
face 0.18228089809417725 785 299 806 337
face 0.1721019148826599 785 299 806 337
face 0.16614305973052979 785 299 806 337
face 0.1639912724494934 785 299 806 337
face 0.15797284245491028 785 299 806 337
face 0.15749582648277283 785 299 806 337
face 0.15139034390449524 785 299 806 337
face 0.15126770734786987 785 299 806 337
face 0.14909034967422485 785 299 806 337
face 0.1444357931613922 785 299 806 337
face 0.14089688658714294 785 299 806 337
face 0.13910576701164246 785 299 806 337
face 0.13685089349746704 785 299 806 337
face 0.13672557473182678 785 299 806 337
face 0.13220933079719543 785 299 806 337
face 0.1316681206226349 785 299 806 337
face 0.12778711318969727 785 299 806 337
face 0.12681028246879578 785 299 806 337
face 0.1266041398048401 785 299 806 337
face 0.12536928057670593 785 299 806 337
face 0.12377557158470154 785 299 806 337
face 0.12374654412269592 785 299 806 337
face 0.12334877252578735 785 299 806 337
face 0.12202197313308716 785 299 806 337
face 0.1208924949169159 785 299 806 337
face 0.12080022692680359 785 299 806 337
face 0.12072131037712097 785 299 806 337
face 0.12067872285842896 785 299 806 337
face 0.11610576510429382 785 299 806 337
face 0.11430478096008301 785 299 806 337
face 0.11176329851150513 785 299 806 337
face 0.11034342646598816 785 299 806 337
face 0.10751062631607056 785 299 806 337
face 0.10344120860099792 785 299 806 337
face 0.10333672165870667 785 299 806 337
face 0.10239201784133911 785 299 806 337
face 0.10063454508781433 785 299 806 337
face 0.09795618057250977 785 299 806 337
face 0.0923568606376648 785 299 806 337
face 0.08873426914215088 785 299 806 337
face 0.08789059519767761 785 299 806 337
face 0.08636721968650818 785 299 806 337
face 0.08506551384925842 785 299 806 337
face 0.08500081300735474 785 299 806 337
face 0.0841505229473114 785 299 806 337
face 0.08363690972328186 785 299 806 337
face 0.08267131447792053 785 299 806 337
face 0.08171746134757996 785 299 806 337
face 0.08120882511138916 785 299 806 337
face 0.08113822340965271 785 299 806 337
face 0.0806155800819397 785 299 806 337
face 0.08040478825569153 785 299 806 337
face 0.0768711268901825 785 299 806 337
face 0.07493048906326294 785 299 806 337
face 0.07470422983169556 785 299 806 337
face 0.07368224859237671 785 299 806 337
face 0.0721992552280426 785 299 806 337
face 0.07133549451828003 785 299 806 337
face 0.07022881507873535 785 299 806 337
