face 0.8966736793518066 672 143 750 229
face 0.4746200740337372 672 143 750 229
face 0.19050896167755127 672 143 750 229
face 0.08160650730133057 672 143 750 229
face 0.04131773114204407 672 143 750 229
face 0.0369265079498291 672 143 750 229
face 0.03650769591331482 672 143 750 229
face 0.03510734438896179 672 143 750 229
face 0.033802032470703125 672 143 750 229
face 0.03336748480796814 672 143 750 229
face 0.03227454423904419 672 143 750 229
face 0.02946057915687561 672 143 750 229
face 0.02935090661048889 672 143 750 229
face 0.027716249227523804 672 143 750 229
face 0.02741435170173645 672 143 750 229
face 0.027335643768310547 672 143 750 229
face 0.023540139198303223 672 143 750 229
face 0.023238182067871094 672 143 750 229
face 0.02292478084564209 672 143 750 229
face 0.02161356806755066 672 143 750 229
face 0.020621895790100098 672 143 750 229
face 0.020587831735610962 672 143 750 229
face 0.020314723253250122 672 143 750 229
face 0.019924402236938477 672 143 750 229
face 0.019263803958892822 672 143 750 229
face 0.019124984741210938 672 143 750 229
face 0.018895715475082397 672 143 750 229
face 0.018662452697753906 672 143 750 229
face 0.018302083015441895 672 143 750 229
face 0.01792287826538086 672 143 750 229
face 0.017488300800323486 672 143 750 229
face 0.016989022493362427 672 143 750 229
face 0.01656252145767212 672 143 750 229
face 0.016353964805603027 672 143 750 229
face 0.01585051417350769 672 143 750 229
face 0.015420347452163696 672 143 750 229
face 0.015388041734695435 672 143 750 229
face 0.013679802417755127 672 143 750 229
face 0.013412684202194214 672 143 750 229
face 0.013087838888168335 672 143 750 229
face 0.01291590929031372 672 143 750 229
face 0.012866884469985962 672 143 750 229
face 0.012830764055252075 672 143 750 229
face 0.012446999549865723 672 143 750 229
face 0.012417197227478027 672 143 750 229
face 0.012375026941299438 672 143 750 229
face 0.011957377195358276 672 143 750 229
face 0.011850088834762573 672 143 750 229
face 0.01177242398262024 672 143 750 229
face 0.011621177196502686 672 143 750 229
face 0.011614859104156494 672 143 750 229
face 0.011478662490844727 672 143 750 229
face 0.011212319135665894 672 143 750 229
face 0.011136859655380249 672 143 750 229
face 0.011112034320831299 672 143 750 229
face 0.01094520092010498 672 143 750 229
face 0.01088947057723999 672 143 750 229
face 0.010834157466888428 672 143 750 229
face 0.010589063167572021 672 143 750 229
face 0.010571181774139404 672 143 750 229
face 0.010567516088485718 672 143 750 229
face 0.010502934455871582 672 143 750 229
face 0.010490179061889648 672 143 750 229
face 0.01043650507926941 672 143 750 229
face 0.010413646697998047 672 143 750 229
face 0.010405510663986206 672 143 750 229
face 0.010367989540100098 672 143 750 229
face 0.010334938764572144 672 143 750 229
face 0.010288745164871216 672 143 750 229
face 0.01018938422203064 672 143 750 229
face 0.010185450315475464 672 143 750 229
face 0.010184675455093384 672 143 750 229
face 0.010025858879089355 672 143 750 229
face 0.00999516248703003 672 143 750 229
face 0.009961932897567749 672 143 750 229
face 0.009960770606994629 672 143 750 229
face 0.009928703308105469 672 143 750 229
face 0.009878188371658325 672 143 750 229
face 0.00967434048652649 672 143 750 229
face 0.009639382362365723 672 143 750 229
face 0.009560197591781616 672 143 750 229
face 0.009474188089370728 672 143 750 229
face 0.009459197521209717 672 143 750 229
face 0.009389638900756836 672 143 750 229
face 0.009259194135665894 672 143 750 229
face 0.009110838174819946 672 143 750 229
face 0.009107768535614014 672 143 750 229
face 0.008967697620391846 672 143 750 229
face 0.008948534727096558 672 143 750 229
face 0.008936792612075806 672 143 750 229
face 0.008933603763580322 672 143 750 229
face 0.008832573890686035 672 143 750 229
face 0.008830606937408447 672 143 750 229
face 0.008508265018463135 672 143 750 229
face 0.008493989706039429 672 143 750 229
face 0.008490562438964844 672 143 750 229
face 0.00847560167312622 672 143 750 229
face 0.00844922661781311 672 143 750 229
face 0.00842389464378357 672 143 750 229
face 0.008269280195236206 672 143 750 229
