face 0.9687526226043701 785 289 806 317
face 0.4560369551181793 785 289 806 317
face 0.20629310607910156 785 289 806 317
face 0.08211764693260193 785 289 806 317
face 0.05558940768241882 785 289 806 317
face 0.053686439990997314 785 289 806 317
face 0.04786539077758789 785 289 806 317
face 0.04568511247634888 785 289 806 317
face 0.04493042826652527 785 289 806 317
face 0.04214414954185486 785 289 806 317
face 0.039947569370269775 785 289 806 317
face 0.036294132471084595 785 289 806 317
face 0.03220626711845398 785 289 806 317
face 0.03217560052871704 785 289 806 317
face 0.03155970573425293 785 289 806 317
face 0.03041061758995056 785 289 806 317
face 0.029107391834259033 785 289 806 317
face 0.028979897499084473 785 289 806 317
face 0.028499245643615723 785 289 806 317
face 0.028488367795944214 785 289 806 317
face 0.02817872166633606 785 289 806 317
face 0.026321381330490112 785 289 806 317
face 0.025598585605621338 785 289 806 317
face 0.02216973900794983 785 289 806 317
face 0.02179136872291565 785 289 806 317
face 0.020838916301727295 785 289 806 317
face 0.019753634929656982 785 289 806 317
face 0.019638121128082275 785 289 806 317
face 0.01710045337677002 785 289 806 317
face 0.016991406679153442 785 289 806 317
face 0.015628516674041748 785 289 806 317
face 0.014922648668289185 785 289 806 317
face 0.014517277479171753 785 289 806 317
face 0.013934195041656494 785 289 806 317
face 0.01381838321685791 785 289 806 317
face 0.013274997472763062 785 289 806 317
face 0.012974858283996582 785 289 806 317
face 0.012628704309463501 785 289 806 317
face 0.012542873620986938 785 289 806 317
face 0.01234358549118042 785 289 806 317
face 0.012294501066207886 785 289 806 317
face 0.01228901743888855 785 289 806 317
face 0.011151283979415894 785 289 806 317
face 0.010644018650054932 785 289 806 317
face 0.010113269090652466 785 289 806 317
face 0.010045796632766724 785 289 806 317
face 0.010037928819656372 785 289 806 317
face 0.009723842144012451 785 289 806 317
face 0.009677320718765259 785 289 806 317
face 0.009539008140563965 785 289 806 317
face 0.009525418281555176 785 289 806 317
face 0.009089350700378418 785 289 806 317
face 0.009020179510116577 785 289 806 317
face 0.00894010066986084 785 289 806 317
face 0.00891682505607605 785 289 806 317
face 0.008814841508865356 785 289 806 317
face 0.008685708045959473 785 289 806 317
face 0.008647441864013672 785 289 806 317
face 0.008594751358032227 785 289 806 317
face 0.008527874946594238 785 289 806 317
face 0.00832715630531311 785 289 806 317
face 0.008045077323913574 785 289 806 317
face 0.00792551040649414 785 289 806 317
face 0.007851779460906982 785 289 806 317
face 0.007792472839355469 785 289 806 317
face 0.007678329944610596 785 289 806 317
face 0.007471710443496704 785 289 806 317
face 0.007237762212753296 785 289 806 317
face 0.007111907005310059 785 289 806 317
face 0.007067650556564331 785 289 806 317
face 0.00677451491355896 785 289 806 317
face 0.0067189037799835205 785 289 806 317
face 0.006658792495727539 785 289 806 317
face 0.006408363580703735 785 289 806 317
face 0.00630420446395874 785 289 806 317
face 0.0061460137367248535 785 289 806 317
face 0.006080120801925659 785 289 806 317
face 0.0060613155364990234 785 289 806 317
face 0.0060217976570129395 785 289 806 317
face 0.0058554112911224365 785 289 806 317
face 0.005728781223297119 785 289 806 317
face 0.005709350109100342 785 289 806 317
face 0.005649775266647339 785 289 806 317
face 0.005521535873413086 785 289 806 317
face 0.005491346120834351 785 289 806 317
face 0.0054892897605896 785 289 806 317
face 0.005486637353897095 785 289 806 317
face 0.005443543195724487 785 289 806 317
face 0.005373567342758179 785 289 806 317
face 0.005240380764007568 785 289 806 317
face 0.005135595798492432 785 289 806 317
face 0.005082070827484131 785 289 806 317
face 0.005045652389526367 785 289 806 317
face 0.004925727844238281 785 289 806 317
face 0.004905253648757935 785 289 806 317
face 0.004875212907791138 785 289 806 317
face 0.004865527153015137 785 289 806 317
face 0.004863619804382324 785 289 806 317
face 0.004843235015869141 785 289 806 317
face 0.004769772291183472 785 289 806 317
