face 0.9619444608688354 633 146 650 169
face 0.9529116749763489 827 152 842 170
face 0.9267300963401794 504 143 524 169
face 0.84385746717453 748 151 764 171
face 0.7291721105575562 890 159 906 177
face 0.47850674390792847 890 159 906 177
face 0.36469030380249023 890 159 906 177
face 0.27469491958618164 890 159 906 177
face 0.22478273510932922 890 159 906 177
face 0.1572132110595703 890 159 906 177
face 0.13645249605178833 890 159 906 177
face 0.1341038942337036 890 159 906 177
face 0.1300048530101776 890 159 906 177
face 0.12445774674415588 890 159 906 177
face 0.09780561923980713 890 159 906 177
face 0.09764188528060913 890 159 906 177
face 0.0865294337272644 890 159 906 177
face 0.08433014154434204 890 159 906 177
face 0.07355216145515442 890 159 906 177
face 0.0724814236164093 890 159 906 177
face 0.06623843312263489 890 159 906 177
face 0.06569835543632507 890 159 906 177
face 0.05784296989440918 890 159 906 177
face 0.05629667639732361 890 159 906 177
face 0.05562859773635864 890 159 906 177
face 0.054432034492492676 890 159 906 177
face 0.05235216021537781 890 159 906 177
face 0.045423537492752075 890 159 906 177
face 0.0446300208568573 890 159 906 177
face 0.04390144348144531 890 159 906 177
face 0.042005330324172974 890 159 906 177
face 0.04154735803604126 890 159 906 177
face 0.04028445482254028 890 159 906 177
face 0.03846818208694458 890 159 906 177
face 0.03764545917510986 890 159 906 177
face 0.03596404194831848 890 159 906 177
face 0.03260606527328491 890 159 906 177
face 0.02995508909225464 890 159 906 177
face 0.02552133798599243 890 159 906 177
face 0.024595260620117188 890 159 906 177
face 0.024452954530715942 890 159 906 177
face 0.02215304970741272 890 159 906 177
face 0.021662473678588867 890 159 906 177
face 0.021405577659606934 890 159 906 177
face 0.02062124013900757 890 159 906 177
face 0.0205211341381073 890 159 906 177
face 0.01857811212539673 890 159 906 177
face 0.017796218395233154 890 159 906 177
face 0.01777857542037964 890 159 906 177
face 0.017666935920715332 890 159 906 177
face 0.017172187566757202 890 159 906 177
face 0.015661656856536865 890 159 906 177
face 0.015504807233810425 890 159 906 177
face 0.01515209674835205 890 159 906 177
face 0.01471284031867981 890 159 906 177
face 0.014448076486587524 890 159 906 177
face 0.014386683702468872 890 159 906 177
face 0.014169692993164062 890 159 906 177
face 0.013958454132080078 890 159 906 177
face 0.013803422451019287 890 159 906 177
face 0.013694703578948975 890 159 906 177
face 0.013379573822021484 890 159 906 177
face 0.013212054967880249 890 159 906 177
face 0.013114184141159058 890 159 906 177
face 0.012681812047958374 890 159 906 177
face 0.01263517141342163 890 159 906 177
face 0.012159407138824463 890 159 906 177
face 0.011414140462875366 890 159 906 177
face 0.011283636093139648 890 159 906 177
face 0.010829627513885498 890 159 906 177
face 0.010701566934585571 890 159 906 177
face 0.010579109191894531 890 159 906 177
face 0.010537058115005493 890 159 906 177
face 0.010391950607299805 890 159 906 177
face 0.010346591472625732 890 159 906 177
face 0.010211795568466187 890 159 906 177
face 0.01012277603149414 890 159 906 177
face 0.010114073753356934 890 159 906 177
face 0.010066837072372437 890 159 906 177
face 0.009857505559921265 890 159 906 177
face 0.009630918502807617 890 159 906 177
face 0.0094623863697052 890 159 906 177
face 0.00919601321220398 890 159 906 177
face 0.008561581373214722 890 159 906 177
face 0.0084896981716156 890 159 906 177
face 0.008347362279891968 890 159 906 177
face 0.008314400911331177 890 159 906 177
face 0.007994472980499268 890 159 906 177
face 0.007982045412063599 890 159 906 177
face 0.007930874824523926 890 159 906 177
face 0.00791245698928833 890 159 906 177
face 0.00788801908493042 890 159 906 177
face 0.007681787014007568 890 159 906 177
face 0.007662951946258545 890 159 906 177
face 0.007623612880706787 890 159 906 177
face 0.007496356964111328 890 159 906 177
face 0.00748974084854126 890 159 906 177
face 0.007364422082901001 890 159 906 177
face 0.007312744855880737 890 159 906 177
face 0.007222563028335571 890 159 906 177
