face 0.5889374017715454 216 1 235 18
face 0.2823403477668762 216 1 235 18
face 0.1163003146648407 216 1 235 18
face 0.11511507630348206 216 1 235 18
face 0.07461115717887878 216 1 235 18
face 0.07009103894233704 216 1 235 18
face 0.06559023261070251 216 1 235 18
face 0.05472970008850098 216 1 235 18
face 0.05431815981864929 216 1 235 18
face 0.05420389771461487 216 1 235 18
face 0.043554216623306274 216 1 235 18
face 0.04240673780441284 216 1 235 18
face 0.0390591025352478 216 1 235 18
face 0.03812253475189209 216 1 235 18
face 0.037801504135131836 216 1 235 18
face 0.03597024083137512 216 1 235 18
face 0.03447887301445007 216 1 235 18
face 0.03333473205566406 216 1 235 18
face 0.028671592473983765 216 1 235 18
face 0.02762359380722046 216 1 235 18
face 0.02734127640724182 216 1 235 18
face 0.027312099933624268 216 1 235 18
face 0.026045531034469604 216 1 235 18
face 0.026020020246505737 216 1 235 18
face 0.025726884603500366 216 1 235 18
face 0.024883538484573364 216 1 235 18
face 0.02440035343170166 216 1 235 18
face 0.02376377582550049 216 1 235 18
face 0.023234784603118896 216 1 235 18
face 0.02320694923400879 216 1 235 18
face 0.023049533367156982 216 1 235 18
face 0.02290022373199463 216 1 235 18
face 0.02191266417503357 216 1 235 18
face 0.021810829639434814 216 1 235 18
face 0.020887702703475952 216 1 235 18
face 0.020711064338684082 216 1 235 18
face 0.02013137936592102 216 1 235 18
face 0.01983007788658142 216 1 235 18
face 0.019445210695266724 216 1 235 18
face 0.019260287284851074 216 1 235 18
face 0.018834084272384644 216 1 235 18
face 0.018631786108016968 216 1 235 18
face 0.018379420042037964 216 1 235 18
face 0.018301427364349365 216 1 235 18
face 0.018212497234344482 216 1 235 18
face 0.01776719093322754 216 1 235 18
face 0.01758018136024475 216 1 235 18
face 0.01743096113204956 216 1 235 18
face 0.01734769344329834 216 1 235 18
face 0.017326951026916504 216 1 235 18
face 0.017281562089920044 216 1 235 18
face 0.01726892590522766 216 1 235 18
face 0.01700630784034729 216 1 235 18
face 0.01700541377067566 216 1 235 18
face 0.01699957251548767 216 1 235 18
face 0.016863644123077393 216 1 235 18
face 0.016745448112487793 216 1 235 18
face 0.01658499240875244 216 1 235 18
face 0.01642492413520813 216 1 235 18
face 0.016155928373336792 216 1 235 18
face 0.015982240438461304 216 1 235 18
face 0.015845000743865967 216 1 235 18
face 0.0158253014087677 216 1 235 18
face 0.015771836042404175 216 1 235 18
face 0.015693753957748413 216 1 235 18
face 0.015548348426818848 216 1 235 18
face 0.015490412712097168 216 1 235 18
face 0.015446335077285767 216 1 235 18
face 0.015357226133346558 216 1 235 18
face 0.01533094048500061 216 1 235 18
face 0.015264660120010376 216 1 235 18
face 0.015148162841796875 216 1 235 18
face 0.015104562044143677 216 1 235 18
face 0.015103310346603394 216 1 235 18
face 0.015078872442245483 216 1 235 18
face 0.014901310205459595 216 1 235 18
face 0.014691919088363647 216 1 235 18
face 0.014557212591171265 216 1 235 18
face 0.014300912618637085 216 1 235 18
face 0.014199584722518921 216 1 235 18
face 0.013918459415435791 216 1 235 18
face 0.013626515865325928 216 1 235 18
face 0.013614505529403687 216 1 235 18
face 0.013546586036682129 216 1 235 18
face 0.013430535793304443 216 1 235 18
face 0.013179004192352295 216 1 235 18
face 0.013048708438873291 216 1 235 18
face 0.012859076261520386 216 1 235 18
face 0.012617707252502441 216 1 235 18
face 0.012590676546096802 216 1 235 18
face 0.012584924697875977 216 1 235 18
face 0.012345224618911743 216 1 235 18
face 0.012326627969741821 216 1 235 18
face 0.012292921543121338 216 1 235 18
face 0.012216240167617798 216 1 235 18
face 0.012201696634292603 216 1 235 18
face 0.012179255485534668 216 1 235 18
face 0.012154161930084229 216 1 235 18
face 0.012082695960998535 216 1 235 18
face 0.012074381113052368 216 1 235 18
