face 0.34424152970314026 634 518 669 568
face 0.10693943500518799 634 518 669 568
face 0.040022581815719604 634 518 669 568
face 0.034782737493515015 634 518 669 568
face 0.03155726194381714 634 518 669 568
face 0.022471696138381958 634 518 669 568
face 0.018738359212875366 634 518 669 568
face 0.017613232135772705 634 518 669 568
face 0.01707369089126587 634 518 669 568
face 0.016906797885894775 634 518 669 568
face 0.0161152184009552 634 518 669 568
face 0.015999913215637207 634 518 669 568
face 0.015607893466949463 634 518 669 568
face 0.015565693378448486 634 518 669 568
face 0.01453736424446106 634 518 669 568
face 0.014224022626876831 634 518 669 568
face 0.014185786247253418 634 518 669 568
face 0.013470292091369629 634 518 669 568
face 0.012865036725997925 634 518 669 568
face 0.011321604251861572 634 518 669 568
face 0.011091858148574829 634 518 669 568
face 0.01093021035194397 634 518 669 568
face 0.010848283767700195 634 518 669 568
face 0.010153383016586304 634 518 669 568
face 0.009709089994430542 634 518 669 568
face 0.009647130966186523 634 518 669 568
face 0.0093860924243927 634 518 669 568
face 0.009151458740234375 634 518 669 568
face 0.008965611457824707 634 518 669 568
face 0.008935362100601196 634 518 669 568
face 0.00892728567123413 634 518 669 568
face 0.00889238715171814 634 518 669 568
face 0.00877922773361206 634 518 669 568
face 0.008670657873153687 634 518 669 568
face 0.008625537157058716 634 518 669 568
face 0.008209437131881714 634 518 669 568
face 0.007957160472869873 634 518 669 568
face 0.007927387952804565 634 518 669 568
face 0.007924526929855347 634 518 669 568
face 0.007899194955825806 634 518 669 568
face 0.00771641731262207 634 518 669 568
face 0.007535278797149658 634 518 669 568
face 0.007408440113067627 634 518 669 568
face 0.007404029369354248 634 518 669 568
face 0.007298886775970459 634 518 669 568
face 0.007086753845214844 634 518 669 568
face 0.007036328315734863 634 518 669 568
face 0.007017046213150024 634 518 669 568
face 0.007012546062469482 634 518 669 568
face 0.006988227367401123 634 518 669 568
face 0.0069494545459747314 634 518 669 568
face 0.006939619779586792 634 518 669 568
face 0.006930708885192871 634 518 669 568
face 0.006858110427856445 634 518 669 568
face 0.006813555955886841 634 518 669 568
face 0.006607770919799805 634 518 669 568
face 0.006513923406600952 634 518 669 568
face 0.006320923566818237 634 518 669 568
face 0.00630989670753479 634 518 669 568
face 0.006111800670623779 634 518 669 568
face 0.0060408711433410645 634 518 669 568
face 0.005991190671920776 634 518 669 568
face 0.0059320926666259766 634 518 669 568
face 0.005772531032562256 634 518 669 568
face 0.005630016326904297 634 518 669 568
face 0.005584597587585449 634 518 669 568
face 0.005523324012756348 634 518 669 568
face 0.005362182855606079 634 518 669 568
face 0.005299478769302368 634 518 669 568
face 0.0052925944328308105 634 518 669 568
face 0.005287855863571167 634 518 669 568
face 0.005273967981338501 634 518 669 568
face 0.005265980958938599 634 518 669 568
face 0.005171239376068115 634 518 669 568
face 0.005075216293334961 634 518 669 568
face 0.004955291748046875 634 518 669 568
face 0.004925519227981567 634 518 669 568
face 0.004915952682495117 634 518 669 568
face 0.0048372745513916016 634 518 669 568
face 0.004787862300872803 634 518 669 568
face 0.004763931035995483 634 518 669 568
face 0.004709810018539429 634 518 669 568
face 0.0046367347240448 634 518 669 568
face 0.004550665616989136 634 518 669 568
face 0.004534244537353516 634 518 669 568
face 0.00447431206703186 634 518 669 568
face 0.0044525861740112305 634 518 669 568
face 0.004425406455993652 634 518 669 568
face 0.004419267177581787 634 518 669 568
face 0.004416674375534058 634 518 669 568
face 0.00440630316734314 634 518 669 568
face 0.004395484924316406 634 518 669 568
face 0.004394650459289551 634 518 669 568
face 0.0043756961822509766 634 518 669 568
face 0.004373282194137573 634 518 669 568
face 0.004369199275970459 634 518 669 568
face 0.004356414079666138 634 518 669 568
face 0.004303008317947388 634 518 669 568
face 0.004296302795410156 634 518 669 568
face 0.004263520240783691 634 518 669 568
