face 0.7849957942962646 497 187 565 273
face 0.6884557008743286 266 470 302 515
face 0.2766793370246887 266 470 302 515
face 0.135707288980484 266 470 302 515
face 0.13421738147735596 266 470 302 515
face 0.09930703043937683 266 470 302 515
face 0.0780261754989624 266 470 302 515
face 0.07669052481651306 266 470 302 515
face 0.07591825723648071 266 470 302 515
face 0.06550648808479309 266 470 302 515
face 0.055911123752593994 266 470 302 515
face 0.0547960102558136 266 470 302 515
face 0.05478426814079285 266 470 302 515
face 0.05226624011993408 266 470 302 515
face 0.04651978611946106 266 470 302 515
face 0.04409390687942505 266 470 302 515
face 0.04152533411979675 266 470 302 515
face 0.04005908966064453 266 470 302 515
face 0.0400562584400177 266 470 302 515
face 0.03986838459968567 266 470 302 515
face 0.038765013217926025 266 470 302 515
face 0.038172632455825806 266 470 302 515
face 0.036994367837905884 266 470 302 515
face 0.03687816858291626 266 470 302 515
face 0.03544840216636658 266 470 302 515
face 0.03440555930137634 266 470 302 515
face 0.032975465059280396 266 470 302 515
face 0.03239145874977112 266 470 302 515
face 0.029799431562423706 266 470 302 515
face 0.02976071834564209 266 470 302 515
face 0.028286784887313843 266 470 302 515
face 0.02810966968536377 266 470 302 515
face 0.02806761860847473 266 470 302 515
face 0.027389496564865112 266 470 302 515
face 0.026556700468063354 266 470 302 515
face 0.025563478469848633 266 470 302 515
face 0.024094492197036743 266 470 302 515
face 0.023605138063430786 266 470 302 515
face 0.02358400821685791 266 470 302 515
face 0.02349478006362915 266 470 302 515
face 0.022390007972717285 266 470 302 515
face 0.021788209676742554 266 470 302 515
face 0.021559685468673706 266 470 302 515
face 0.02151322364807129 266 470 302 515
face 0.021479636430740356 266 470 302 515
face 0.021150141954421997 266 470 302 515
face 0.019394785165786743 266 470 302 515
face 0.01860058307647705 266 470 302 515
face 0.018437236547470093 266 470 302 515
face 0.017568916082382202 266 470 302 515
face 0.017534077167510986 266 470 302 515
face 0.01746952533721924 266 470 302 515
face 0.01739397644996643 266 470 302 515
face 0.016783446073532104 266 470 302 515
face 0.016745030879974365 266 470 302 515
face 0.015666455030441284 266 470 302 515
face 0.015633821487426758 266 470 302 515
face 0.015547007322311401 266 470 302 515
face 0.015454292297363281 266 470 302 515
face 0.015333414077758789 266 470 302 515
face 0.015332609415054321 266 470 302 515
face 0.015260189771652222 266 470 302 515
face 0.01520395278930664 266 470 302 515
face 0.014772295951843262 266 470 302 515
face 0.014555782079696655 266 470 302 515
face 0.014330238103866577 266 470 302 515
face 0.013935387134552002 266 470 302 515
face 0.013887882232666016 266 470 302 515
face 0.01386597752571106 266 470 302 515
face 0.013761281967163086 266 470 302 515
face 0.013494253158569336 266 470 302 515
face 0.013424813747406006 266 470 302 515
face 0.013219982385635376 266 470 302 515
face 0.013062268495559692 266 470 302 515
face 0.012960642576217651 266 470 302 515
face 0.0128059983253479 266 470 302 515
face 0.01259547472000122 266 470 302 515
face 0.012376666069030762 266 470 302 515
face 0.012312114238739014 266 470 302 515
face 0.012273639440536499 266 470 302 515
face 0.012178570032119751 266 470 302 515
face 0.01215311884880066 266 470 302 515
face 0.012084007263183594 266 470 302 515
face 0.011998564004898071 266 470 302 515
face 0.011954784393310547 266 470 302 515
face 0.011935561895370483 266 470 302 515
face 0.011852443218231201 266 470 302 515
face 0.011809378862380981 266 470 302 515
face 0.011746317148208618 266 470 302 515
face 0.01165345311164856 266 470 302 515
face 0.011614859104156494 266 470 302 515
face 0.011579364538192749 266 470 302 515
face 0.011409848928451538 266 470 302 515
face 0.01133120059967041 266 470 302 515
face 0.011303573846817017 266 470 302 515
face 0.01129007339477539 266 470 302 515
face 0.011246681213378906 266 470 302 515
face 0.011147290468215942 266 470 302 515
face 0.011076658964157104 266 470 302 515
face 0.011064589023590088 266 470 302 515
