face 0.9929572343826294 202 123 317 271
face 0.640689492225647 782 116 906 310
face 0.19562849402427673 782 116 906 310
face 0.17714807391166687 782 116 906 310
face 0.13842448592185974 782 116 906 310
face 0.13741445541381836 782 116 906 310
face 0.13642928004264832 782 116 906 310
face 0.13578346371650696 782 116 906 310
face 0.13260430097579956 782 116 906 310
face 0.12902095913887024 782 116 906 310
face 0.11998692154884338 782 116 906 310
face 0.11675921082496643 782 116 906 310
face 0.11357235908508301 782 116 906 310
face 0.11143386363983154 782 116 906 310
face 0.10880064964294434 782 116 906 310
face 0.09896859526634216 782 116 906 310
face 0.09597465395927429 782 116 906 310
face 0.09493646025657654 782 116 906 310
face 0.08738145232200623 782 116 906 310
face 0.08527135848999023 782 116 906 310
face 0.08385419845581055 782 116 906 310
face 0.08383849263191223 782 116 906 310
face 0.08120527863502502 782 116 906 310
face 0.0788450539112091 782 116 906 310
face 0.07810306549072266 782 116 906 310
face 0.06974837183952332 782 116 906 310
face 0.06797707080841064 782 116 906 310
face 0.06688609719276428 782 116 906 310
face 0.06651747226715088 782 116 906 310
face 0.0655641257762909 782 116 906 310
face 0.061989158391952515 782 116 906 310
face 0.060468852519989014 782 116 906 310
face 0.059409916400909424 782 116 906 310
face 0.05893641710281372 782 116 906 310
face 0.057964444160461426 782 116 906 310
face 0.05787777900695801 782 116 906 310
face 0.05734097957611084 782 116 906 310
face 0.05721375346183777 782 116 906 310
face 0.05712929368019104 782 116 906 310
face 0.05691492557525635 782 116 906 310
face 0.056076258420944214 782 116 906 310
face 0.054192304611206055 782 116 906 310
face 0.0528605580329895 782 116 906 310
face 0.05216911435127258 782 116 906 310
face 0.052085548639297485 782 116 906 310
face 0.05075860023498535 782 116 906 310
face 0.04885891079902649 782 116 906 310
face 0.04748350381851196 782 116 906 310
face 0.046965211629867554 782 116 906 310
face 0.04651373624801636 782 116 906 310
face 0.04634538292884827 782 116 906 310
face 0.04617604613304138 782 116 906 310
face 0.046135902404785156 782 116 906 310
face 0.0459018349647522 782 116 906 310
face 0.045882195234298706 782 116 906 310
face 0.04485711455345154 782 116 906 310
face 0.04393729567527771 782 116 906 310
face 0.04301637411117554 782 116 906 310
face 0.04251226782798767 782 116 906 310
face 0.042222172021865845 782 116 906 310
face 0.04190507531166077 782 116 906 310
face 0.04159122705459595 782 116 906 310
face 0.040677428245544434 782 116 906 310
face 0.03965643048286438 782 116 906 310
face 0.03845939040184021 782 116 906 310
face 0.038426369428634644 782 116 906 310
face 0.038262903690338135 782 116 906 310
face 0.03781583905220032 782 116 906 310
face 0.03778541088104248 782 116 906 310
face 0.03685346245765686 782 116 906 310
face 0.036344975233078 782 116 906 310
face 0.03604045510292053 782 116 906 310
face 0.03585505485534668 782 116 906 310
face 0.03544321656227112 782 116 906 310
face 0.03516644239425659 782 116 906 310
face 0.03512531518936157 782 116 906 310
face 0.034965187311172485 782 116 906 310
face 0.03491351008415222 782 116 906 310
face 0.03476154804229736 782 116 906 310
face 0.03448930382728577 782 116 906 310
face 0.03442651033401489 782 116 906 310
face 0.034399598836898804 782 116 906 310
face 0.03364691138267517 782 116 906 310
face 0.03324201703071594 782 116 906 310
face 0.032895684242248535 782 116 906 310
face 0.0327073335647583 782 116 906 310
face 0.03218972682952881 782 116 906 310
face 0.03217881917953491 782 116 906 310
face 0.03195279836654663 782 116 906 310
face 0.03145924210548401 782 116 906 310
face 0.031016379594802856 782 116 906 310
face 0.030990928411483765 782 116 906 310
face 0.030921369791030884 782 116 906 310
face 0.0304887592792511 782 116 906 310
face 0.030480027198791504 782 116 906 310
face 0.029970884323120117 782 116 906 310
face 0.029904603958129883 782 116 906 310
face 0.029681742191314697 782 116 906 310
face 0.029483497142791748 782 116 906 310
face 0.029475241899490356 782 116 906 310
