face 0.9621595144271851 170 527 214 577
face 0.9561090469360352 122 538 162 587
face 0.9509088397026062 980 610 1016 661
face 0.9405387043952942 876 536 913 576
face 0.9360822439193726 210 518 254 569
face 0.874953031539917 877 619 914 663
face 0.8224207162857056 41 511 82 564
face 0.7675375938415527 276 513 315 559
face 0.6388293504714966 322 526 368 589
face 0.5643011331558228 22 511 60 565
face 0.5278365612030029 923 671 960 720
face 0.5001842975616455 940 561 974 599
face 0.32893550395965576 940 561 974 599
face 0.18876856565475464 940 561 974 599
face 0.1882709264755249 940 561 974 599
face 0.16935765743255615 940 561 974 599
face 0.16692021489143372 940 561 974 599
face 0.1344776153564453 940 561 974 599
face 0.12821999192237854 940 561 974 599
face 0.12047374248504639 940 561 974 599
face 0.10889342427253723 940 561 974 599
face 0.08509621024131775 940 561 974 599
face 0.07976913452148438 940 561 974 599
face 0.06717279553413391 940 561 974 599
face 0.0670376718044281 940 561 974 599
face 0.06471887230873108 940 561 974 599
face 0.06336963176727295 940 561 974 599
face 0.061281293630599976 940 561 974 599
face 0.05645468831062317 940 561 974 599
face 0.05420520901679993 940 561 974 599
face 0.050337761640548706 940 561 974 599
face 0.04989093542098999 940 561 974 599
face 0.049045056104660034 940 561 974 599
face 0.047818511724472046 940 561 974 599
face 0.04578021168708801 940 561 974 599
face 0.04539719223976135 940 561 974 599
face 0.045038461685180664 940 561 974 599
face 0.04400193691253662 940 561 974 599
face 0.04348123073577881 940 561 974 599
face 0.04196572303771973 940 561 974 599
face 0.034648239612579346 940 561 974 599
face 0.032201170921325684 940 561 974 599
face 0.032156556844711304 940 561 974 599
face 0.03134992718696594 940 561 974 599
face 0.030725926160812378 940 561 974 599
face 0.02975735068321228 940 561 974 599
face 0.029123127460479736 940 561 974 599
face 0.028998225927352905 940 561 974 599
face 0.02833130955696106 940 561 974 599
face 0.02723732590675354 940 561 974 599
face 0.026850968599319458 940 561 974 599
face 0.025759011507034302 940 561 974 599
face 0.025722652673721313 940 561 974 599
face 0.02558264136314392 940 561 974 599
face 0.024991899728775024 940 561 974 599
face 0.02474239468574524 940 561 974 599
face 0.02424558997154236 940 561 974 599
face 0.0241033136844635 940 561 974 599
face 0.023919731378555298 940 561 974 599
face 0.02390378713607788 940 561 974 599
face 0.023832589387893677 940 561 974 599
face 0.023683518171310425 940 561 974 599
face 0.023518145084381104 940 561 974 599
face 0.023486465215682983 940 561 974 599
face 0.02347719669342041 940 561 974 599
face 0.022904694080352783 940 561 974 599
face 0.022647738456726074 940 561 974 599
face 0.022494345903396606 940 561 974 599
face 0.02239975333213806 940 561 974 599
face 0.02232024073600769 940 561 974 599
face 0.02176836133003235 940 561 974 599
face 0.021334856748580933 940 561 974 599
face 0.02096739411354065 940 561 974 599
face 0.020789384841918945 940 561 974 599
face 0.01995861530303955 940 561 974 599
face 0.01974990963935852 940 561 974 599
face 0.019721299409866333 940 561 974 599
face 0.019708871841430664 940 561 974 599
face 0.019704878330230713 940 561 974 599
face 0.01965847611427307 940 561 974 599
face 0.019626975059509277 940 561 974 599
face 0.019099175930023193 940 561 974 599
face 0.0180666446685791 940 561 974 599
face 0.017984002828598022 940 561 974 599
face 0.017953872680664062 940 561 974 599
face 0.01790142059326172 940 561 974 599
face 0.017587661743164062 940 561 974 599
face 0.017499327659606934 940 561 974 599
face 0.017236322164535522 940 561 974 599
face 0.01646009087562561 940 561 974 599
face 0.016167253255844116 940 561 974 599
face 0.0160047709941864 940 561 974 599
face 0.015994876623153687 940 561 974 599
face 0.015959471464157104 940 561 974 599
face 0.015955299139022827 940 561 974 599
face 0.01577812433242798 940 561 974 599
face 0.015686869621276855 940 561 974 599
face 0.015498936176300049 940 561 974 599
face 0.015341341495513916 940 561 974 599
face 0.015258967876434326 940 561 974 599
