face 0.9803021550178528 246 798 464 1059
face 0.9745727181434631 589 757 800 1008
face 0.7057541012763977 428 80 597 296
face 0.5321094989776611 64 121 187 315
face 0.439629465341568 64 121 187 315
face 0.4022734761238098 64 121 187 315
face 0.2885376811027527 64 121 187 315
face 0.03423258662223816 64 121 187 315
face 0.02853444218635559 64 121 187 315
face 0.025951117277145386 64 121 187 315
face 0.025186687707901 64 121 187 315
face 0.023175835609436035 64 121 187 315
face 0.02090016007423401 64 121 187 315
face 0.02028179168701172 64 121 187 315
face 0.019556820392608643 64 121 187 315
face 0.018182575702667236 64 121 187 315
face 0.0166473388671875 64 121 187 315
face 0.016591042280197144 64 121 187 315
face 0.015678107738494873 64 121 187 315
face 0.015010744333267212 64 121 187 315
face 0.014787912368774414 64 121 187 315
face 0.014700770378112793 64 121 187 315
face 0.01372423768043518 64 121 187 315
face 0.013719528913497925 64 121 187 315
face 0.013277620077133179 64 121 187 315
face 0.013037919998168945 64 121 187 315
face 0.012956202030181885 64 121 187 315
face 0.012301653623580933 64 121 187 315
face 0.01202315092086792 64 121 187 315
face 0.011730283498764038 64 121 187 315
face 0.01156163215637207 64 121 187 315
face 0.011461019515991211 64 121 187 315
face 0.011304140090942383 64 121 187 315
face 0.011163920164108276 64 121 187 315
face 0.010948777198791504 64 121 187 315
face 0.01089426875114441 64 121 187 315
face 0.010652333498001099 64 121 187 315
face 0.01063200831413269 64 121 187 315
face 0.010452240705490112 64 121 187 315
face 0.010415494441986084 64 121 187 315
face 0.009939491748809814 64 121 187 315
face 0.009915977716445923 64 121 187 315
face 0.009838074445724487 64 121 187 315
face 0.009804695844650269 64 121 187 315
face 0.009717017412185669 64 121 187 315
face 0.009509444236755371 64 121 187 315
face 0.009483367204666138 64 121 187 315
face 0.009473174810409546 64 121 187 315
face 0.009346246719360352 64 121 187 315
face 0.009220719337463379 64 121 187 315
face 0.009179443120956421 64 121 187 315
face 0.00914013385772705 64 121 187 315
face 0.009136945009231567 64 121 187 315
face 0.00905635952949524 64 121 187 315
face 0.009033501148223877 64 121 187 315
face 0.009026914834976196 64 121 187 315
face 0.008820563554763794 64 121 187 315
face 0.008709162473678589 64 121 187 315
face 0.00855863094329834 64 121 187 315
face 0.008541762828826904 64 121 187 315
face 0.008534550666809082 64 121 187 315
face 0.008481383323669434 64 121 187 315
face 0.008459120988845825 64 121 187 315
face 0.008364886045455933 64 121 187 315
face 0.008339107036590576 64 121 187 315
face 0.008272767066955566 64 121 187 315
face 0.008207321166992188 64 121 187 315
face 0.008131742477416992 64 121 187 315
face 0.008099883794784546 64 121 187 315
face 0.00804165005683899 64 121 187 315
face 0.007988035678863525 64 121 187 315
face 0.007927954196929932 64 121 187 315
face 0.00792035460472107 64 121 187 315
face 0.007805585861206055 64 121 187 315
face 0.007760047912597656 64 121 187 315
face 0.007690876722335815 64 121 187 315
face 0.007679194211959839 64 121 187 315
face 0.007627815008163452 64 121 187 315
face 0.007555842399597168 64 121 187 315
face 0.0075273215770721436 64 121 187 315
face 0.007517576217651367 64 121 187 315
face 0.007504910230636597 64 121 187 315
face 0.007430136203765869 64 121 187 315
face 0.007409095764160156 64 121 187 315
face 0.007368892431259155 64 121 187 315
face 0.007357500959187746 64 121 187 315
face 0.007335573434829712 64 121 187 315
face 0.007307887077331543 64 121 187 315
face 0.0072904229164123535 64 121 187 315
face 0.007264167070388794 64 121 187 315
face 0.007174760103225708 64 121 187 315
face 0.0071562230587005615 64 121 187 315
face 0.007134675979614258 64 121 187 315
face 0.00713387131690979 64 121 187 315
face 0.0070916712284088135 64 121 187 315
face 0.007038772106170654 64 121 187 315
face 0.007002681493759155 64 121 187 315
face 0.00695955753326416 64 121 187 315
face 0.006955265998840332 64 121 187 315
face 0.006889045238494873 64 121 187 315
