face 0.9970791339874268 826 203 941 366
face 0.9853248596191406 714 138 807 272
face 0.9742023944854736 340 143 443 292
face 0.5991435050964355 140 369 162 406
face 0.5545588135719299 178 287 207 335
face 0.42972612380981445 178 287 207 335
face 0.37315332889556885 178 287 207 335
face 0.33969295024871826 178 287 207 335
face 0.23732560873031616 178 287 207 335
face 0.1572786271572113 178 287 207 335
face 0.06432995200157166 178 287 207 335
face 0.056646376848220825 178 287 207 335
face 0.05356326699256897 178 287 207 335
face 0.0520797073841095 178 287 207 335
face 0.05076444149017334 178 287 207 335
face 0.05023619532585144 178 287 207 335
face 0.04351344704627991 178 287 207 335
face 0.03929108381271362 178 287 207 335
face 0.02675047516822815 178 287 207 335
face 0.021148860454559326 178 287 207 335
face 0.018509626388549805 178 287 207 335
face 0.015420913696289062 178 287 207 335
face 0.01337537169456482 178 287 207 335
face 0.012723594903945923 178 287 207 335
face 0.011426150798797607 178 287 207 335
face 0.010235726833343506 178 287 207 335
face 0.010004639625549316 178 287 207 335
face 0.009889096021652222 178 287 207 335
face 0.009548664093017578 178 287 207 335
face 0.00949278473854065 178 287 207 335
face 0.009292960166931152 178 287 207 335
face 0.009044408798217773 178 287 207 335
face 0.008319973945617676 178 287 207 335
face 0.008317679166793823 178 287 207 335
face 0.008296966552734375 178 287 207 335
face 0.008020997047424316 178 287 207 335
face 0.0075852274894714355 178 287 207 335
face 0.007395893335342407 178 287 207 335
face 0.006685018539428711 178 287 207 335
face 0.006600916385650635 178 287 207 335
face 0.006596118211746216 178 287 207 335
face 0.00644916296005249 178 287 207 335
face 0.006289958953857422 178 287 207 335
face 0.006176590919494629 178 287 207 335
face 0.0060479044914245605 178 287 207 335
face 0.0060346126556396484 178 287 207 335
face 0.00596955418586731 178 287 207 335
face 0.005799353122711182 178 287 207 335
face 0.005798250436782837 178 287 207 335
face 0.005768269300460815 178 287 207 335
face 0.005767256021499634 178 287 207 335
face 0.005684345960617065 178 287 207 335
face 0.00547260046005249 178 287 207 335
face 0.005376070737838745 178 287 207 335
face 0.005280494689941406 178 287 207 335
face 0.005100458860397339 178 287 207 335
face 0.005013138055801392 178 287 207 335
face 0.004922807216644287 178 287 207 335
face 0.004921555519104004 178 287 207 335
face 0.004725724458694458 178 287 207 335
face 0.004713565111160278 178 287 207 335
face 0.004616439342498779 178 287 207 335
face 0.004596531391143799 178 287 207 335
face 0.004533857107162476 178 287 207 335
face 0.00437551736831665 178 287 207 335
face 0.004279404878616333 178 287 207 335
face 0.004234731197357178 178 287 207 335
face 0.004222393035888672 178 287 207 335
face 0.004210412502288818 178 287 207 335
face 0.004108339548110962 178 287 207 335
face 0.004102051258087158 178 287 207 335
face 0.0040843188762664795 178 287 207 335
face 0.004019618034362793 178 287 207 335
face 0.003910928964614868 178 287 207 335
face 0.0038662850856781006 178 287 207 335
face 0.0037965476512908936 178 287 207 335
face 0.0037834644317626953 178 287 207 335
face 0.0037779510021209717 178 287 207 335
face 0.0037490129470825195 178 287 207 335
face 0.003693819046020508 178 287 207 335
face 0.0036094486713409424 178 287 207 335
face 0.003605753183364868 178 287 207 335
face 0.00359383225440979 178 287 207 335
face 0.00359383225440979 178 287 207 335
face 0.0035421550273895264 178 287 207 335
face 0.0035276412963867188 178 287 207 335
face 0.003499358892440796 178 287 207 335
face 0.003450155258178711 178 287 207 335
face 0.0034471452236175537 178 287 207 335
face 0.00343438982963562 178 287 207 335
face 0.003430575132369995 178 287 207 335
face 0.0034095048904418945 178 287 207 335
face 0.003408074378967285 178 287 207 335
face 0.0033964812755584717 178 287 207 335
face 0.003386557102203369 178 287 207 335
face 0.003375440835952759 178 287 207 335
face 0.003353685140609741 178 287 207 335
face 0.0033224523067474365 178 287 207 335
face 0.0033217668533325195 178 287 207 335
face 0.0032616257667541504 178 287 207 335
