face 0.9727532863616943 801 170 867 249
face 0.9727227091789246 533 42 589 112
face 0.9692764282226562 363 180 425 257
face 0.9365090131759644 550 181 614 260
face 0.9298092126846313 138 164 208 250
face 0.7579823732376099 746 29 806 90
face 0.44028565287590027 746 29 806 90
face 0.37493109703063965 746 29 806 90
face 0.03204751014709473 746 29 806 90
face 0.017208725214004517 746 29 806 90
face 0.013872742652893066 746 29 806 90
face 0.010751068592071533 746 29 806 90
face 0.009162157773971558 746 29 806 90
face 0.009071409702301025 746 29 806 90
face 0.008731573820114136 746 29 806 90
face 0.008553385734558105 746 29 806 90
face 0.00821065902709961 746 29 806 90
face 0.007892489433288574 746 29 806 90
face 0.007444828748703003 746 29 806 90
face 0.007282882928848267 746 29 806 90
face 0.007265329360961914 746 29 806 90
face 0.007105320692062378 746 29 806 90
face 0.006779074668884277 746 29 806 90
face 0.006669759750366211 746 29 806 90
face 0.00652649998664856 746 29 806 90
face 0.0062032341957092285 746 29 806 90
face 0.006157130002975464 746 29 806 90
face 0.00577583909034729 746 29 806 90
face 0.0055682361125946045 746 29 806 90
face 0.005261629819869995 746 29 806 90
face 0.0051686763763427734 746 29 806 90
face 0.005130946636199951 746 29 806 90
face 0.005017578601837158 746 29 806 90
face 0.004997223615646362 746 29 806 90
face 0.004824429750442505 746 29 806 90
face 0.004700958728790283 746 29 806 90
face 0.004480481147766113 746 29 806 90
face 0.004418373107910156 746 29 806 90
face 0.004323899745941162 746 29 806 90
face 0.004307687282562256 746 29 806 90
face 0.004206329584121704 746 29 806 90
face 0.004174768924713135 746 29 806 90
face 0.004024147987365723 746 29 806 90
face 0.003996521234512329 746 29 806 90
face 0.003957539796829224 746 29 806 90
face 0.003941535949707031 746 29 806 90
face 0.0038349032402038574 746 29 806 90
face 0.0037953853607177734 746 29 806 90
face 0.0036568045616149902 746 29 806 90
face 0.0036093592643737793 746 29 806 90
face 0.0035907328128814697 746 29 806 90
face 0.003557920455932617 746 29 806 90
face 0.003530949354171753 746 29 806 90
face 0.0035009682178497314 746 29 806 90
face 0.003464639186859131 746 29 806 90
face 0.003460228443145752 746 29 806 90
face 0.0034384727478027344 746 29 806 90
face 0.003419250249862671 746 29 806 90
face 0.003407686948776245 746 29 806 90
face 0.0033827126026153564 746 29 806 90
face 0.003376573324203491 746 29 806 90
face 0.0033743977546691895 746 29 806 90
face 0.003357917070388794 746 29 806 90
face 0.0033549368381500244 746 29 806 90
face 0.0033264458179473877 746 29 806 90
face 0.0032961368560791016 746 29 806 90
face 0.0032653212547302246 746 29 806 90
face 0.003213942050933838 746 29 806 90
face 0.003211379051208496 746 29 806 90
face 0.0031922459602355957 746 29 806 90
face 0.0031591951847076416 746 29 806 90
face 0.003146559000015259 746 29 806 90
face 0.003114938735961914 746 29 806 90
face 0.0031059980392456055 746 29 806 90
face 0.003086566925048828 746 29 806 90
face 0.003077596426010132 746 29 806 90
face 0.0030428171157836914 746 29 806 90
face 0.003001868724822998 746 29 806 90
face 0.0029974281787872314 746 29 806 90
face 0.002984762191772461 746 29 806 90
face 0.0029821395874023438 746 29 806 90
face 0.0029611289501190186 746 29 806 90
face 0.00294572114944458 746 29 806 90
face 0.0029091238975524902 746 29 806 90
face 0.0029041171073913574 746 29 806 90
face 0.002903074026107788 746 29 806 90
face 0.002846956253051758 746 29 806 90
face 0.0028079748153686523 746 29 806 90
face 0.00278511643409729 746 29 806 90
face 0.002783149480819702 746 29 806 90
face 0.002768218517303467 746 29 806 90
face 0.002682983875274658 746 29 806 90
face 0.002669095993041992 746 29 806 90
face 0.0026678144931793213 746 29 806 90
face 0.002667725086212158 746 29 806 90
face 0.002660512924194336 746 29 806 90
face 0.002648591995239258 746 29 806 90
face 0.002648264169692993 746 29 806 90
face 0.002617448568344116 746 29 806 90
face 0.002511322498321533 746 29 806 90
