face 0.9472533464431763 362 248 671 651
face 0.04606887698173523 362 248 671 651
face 0.044288814067840576 362 248 671 651
face 0.040130794048309326 362 248 671 651
face 0.030045419931411743 362 248 671 651
face 0.028595000505447388 362 248 671 651
face 0.028508245944976807 362 248 671 651
face 0.02707347273826599 362 248 671 651
face 0.025382637977600098 362 248 671 651
face 0.02289658784866333 362 248 671 651
face 0.02275034785270691 362 248 671 651
face 0.021955102682113647 362 248 671 651
face 0.021161943674087524 362 248 671 651
face 0.021108031272888184 362 248 671 651
face 0.020796507596969604 362 248 671 651
face 0.02071484923362732 362 248 671 651
face 0.020681709051132202 362 248 671 651
face 0.019880443811416626 362 248 671 651
face 0.01975211501121521 362 248 671 651
face 0.019629091024398804 362 248 671 651
face 0.01957198977470398 362 248 671 651
face 0.018696635961532593 362 248 671 651
face 0.018283426761627197 362 248 671 651
face 0.018074780702590942 362 248 671 651
face 0.017895221710205078 362 248 671 651
face 0.01763513684272766 362 248 671 651
face 0.01739734411239624 362 248 671 651
face 0.017317146062850952 362 248 671 651
face 0.017229080200195312 362 248 671 651
face 0.017160803079605103 362 248 671 651
face 0.01697593927383423 362 248 671 651
face 0.016844183206558228 362 248 671 651
face 0.01680848002433777 362 248 671 651
face 0.016696035861968994 362 248 671 651
face 0.016545802354812622 362 248 671 651
face 0.016379475593566895 362 248 671 651
face 0.016011923551559448 362 248 671 651
face 0.015830636024475098 362 248 671 651
face 0.015796929597854614 362 248 671 651
face 0.015748679637908936 362 248 671 651
face 0.015740931034088135 362 248 671 651
face 0.0156441330909729 362 248 671 651
face 0.015627950429916382 362 248 671 651
face 0.015378475189208984 362 248 671 651
face 0.015140831470489502 362 248 671 651
face 0.014672428369522095 362 248 671 651
face 0.014632493257522583 362 248 671 651
face 0.01456761360168457 362 248 671 651
face 0.014424145221710205 362 248 671 651
face 0.014136046171188354 362 248 671 651
face 0.014035999774932861 362 248 671 651
face 0.014029651880264282 362 248 671 651
face 0.013949424028396606 362 248 671 651
face 0.013862937688827515 362 248 671 651
face 0.013807803392410278 362 248 671 651
face 0.013676941394805908 362 248 671 651
face 0.013554781675338745 362 248 671 651
face 0.012968987226486206 362 248 671 651
face 0.012880325317382812 362 248 671 651
face 0.012770205736160278 362 248 671 651
face 0.012770086526870728 362 248 671 651
face 0.012722373008728027 362 248 671 651
face 0.012645453214645386 362 248 671 651
face 0.012537449598312378 362 248 671 651
face 0.012513518333435059 362 248 671 651
face 0.012508511543273926 362 248 671 651
face 0.012468457221984863 362 248 671 651
face 0.012448430061340332 362 248 671 651
face 0.012192904949188232 362 248 671 651
face 0.012115567922592163 362 248 671 651
face 0.012100070714950562 362 248 671 651
face 0.012067288160324097 362 248 671 651
face 0.01197671890258789 362 248 671 651
face 0.01196223497390747 362 248 671 651
face 0.011875629425048828 362 248 671 651
face 0.011813312768936157 362 248 671 651
face 0.01172688603401184 362 248 671 651
face 0.011686950922012329 362 248 671 651
face 0.011658072471618652 362 248 671 651
face 0.01160380244255066 362 248 671 651
face 0.01144757866859436 362 248 671 651
face 0.01138189435005188 362 248 671 651
face 0.011350125074386597 362 248 671 651
face 0.011017054319381714 362 248 671 651
face 0.011001229286193848 362 248 671 651
face 0.010756075382232666 362 248 671 651
face 0.010739386081695557 362 248 671 651
face 0.010735899209976196 362 248 671 651
face 0.010411679744720459 362 248 671 651
face 0.010324031114578247 362 248 671 651
face 0.010234236717224121 362 248 671 651
face 0.009985864162445068 362 248 671 651
face 0.009977787733078003 362 248 671 651
face 0.009786367416381836 362 248 671 651
face 0.009706676006317139 362 248 671 651
face 0.009662151336669922 362 248 671 651
face 0.009635955095291138 362 248 671 651
face 0.009623795747756958 362 248 671 651
face 0.009597063064575195 362 248 671 651
face 0.009437918663024902 362 248 671 651
