face 0.9958449602127075 461 194 572 345
face 0.9951112866401672 853 404 906 483
face 0.8827774524688721 777 451 797 484
face 0.04461878538131714 777 451 797 484
face 0.03171452879905701 777 451 797 484
face 0.02193930745124817 777 451 797 484
face 0.021536678075790405 777 451 797 484
face 0.021225422620773315 777 451 797 484
face 0.018582403659820557 777 451 797 484
face 0.016821205615997314 777 451 797 484
face 0.014653027057647705 777 451 797 484
face 0.01383790373802185 777 451 797 484
face 0.013499855995178223 777 451 797 484
face 0.01228758692741394 777 451 797 484
face 0.012133687734603882 777 451 797 484
face 0.010485976934432983 777 451 797 484
face 0.010008364915847778 777 451 797 484
face 0.00951927900314331 777 451 797 484
face 0.00880548357963562 777 451 797 484
face 0.00819021463394165 777 451 797 484
face 0.00770077109336853 777 451 797 484
face 0.0074187517166137695 777 451 797 484
face 0.007395505905151367 777 451 797 484
face 0.007375121116638184 777 451 797 484
face 0.007339596748352051 777 451 797 484
face 0.006991863250732422 777 451 797 484
face 0.006709039211273193 777 451 797 484
face 0.006511032581329346 777 451 797 484
face 0.006455361843109131 777 451 797 484
face 0.006119430065155029 777 451 797 484
face 0.006029963493347168 777 451 797 484
face 0.005608171224594116 777 451 797 484
face 0.0055435895919799805 777 451 797 484
face 0.005414366722106934 777 451 797 484
face 0.005221039056777954 777 451 797 484
face 0.005120992660522461 777 451 797 484
face 0.005079418420791626 777 451 797 484
face 0.0050103068351745605 777 451 797 484
face 0.004768490791320801 777 451 797 484
face 0.0047560930252075195 777 451 797 484
face 0.004719167947769165 777 451 797 484
face 0.004709422588348389 777 451 797 484
face 0.004675030708312988 777 451 797 484
face 0.0046260058879852295 777 451 797 484
face 0.0046201348304748535 777 451 797 484
face 0.004616409540176392 777 451 797 484
face 0.004568636417388916 777 451 797 484
face 0.004511147737503052 777 451 797 484
face 0.004452824592590332 777 451 797 484
face 0.004305005073547363 777 451 797 484
face 0.004128068685531616 777 451 797 484
face 0.0041189491748809814 777 451 797 484
face 0.004067182540893555 777 451 797 484
face 0.003940939903259277 777 451 797 484
face 0.0039151012897491455 777 451 797 484
face 0.0038799643516540527 777 451 797 484
face 0.0038745105266571045 777 451 797 484
face 0.003808140754699707 777 451 797 484
face 0.0037998557090759277 777 451 797 484
face 0.0037657320499420166 777 451 797 484
face 0.0037169456481933594 777 451 797 484
face 0.003649383783340454 777 451 797 484
face 0.003642559051513672 777 451 797 484
face 0.0035993754863739014 777 451 797 484
face 0.0034638643264770508 777 451 797 484
face 0.0034116506576538086 777 451 797 484
face 0.003405332565307617 777 451 797 484
face 0.003377974033355713 777 451 797 484
face 0.0033701658248901367 777 451 797 484
face 0.0033637285232543945 777 451 797 484
face 0.00334930419921875 777 451 797 484
face 0.003271818161010742 777 451 797 484
face 0.003268629312515259 777 451 797 484
face 0.003260970115661621 777 451 797 484
face 0.003260791301727295 777 451 797 484
face 0.0032445192337036133 777 451 797 484
face 0.0032126307487487793 777 451 797 484
face 0.0031851530075073242 777 451 797 484
face 0.0031621456146240234 777 451 797 484
face 0.0030769407749176025 777 451 797 484
face 0.0030701160430908203 777 451 797 484
face 0.0030652880668640137 777 451 797 484
face 0.0030402541160583496 777 451 797 484
face 0.003031820058822632 777 451 797 484
face 0.003027200698852539 777 451 797 484
face 0.0029985010623931885 777 451 797 484
face 0.002993851900100708 777 451 797 484
face 0.002974987030029297 777 451 797 484
face 0.002936810255050659 777 451 797 484
face 0.0028408169746398926 777 451 797 484
face 0.0028318464756011963 777 451 797 484
face 0.0028243660926818848 777 451 797 484
face 0.002778679132461548 777 451 797 484
face 0.0027430057525634766 777 451 797 484
face 0.002735704183578491 777 451 797 484
face 0.002654343843460083 777 451 797 484
face 0.0026535391807556152 777 451 797 484
face 0.0026534199714660645 777 451 797 484
face 0.0026338696479797363 777 451 797 484
face 0.002580493688583374 777 451 797 484
