face 0.9990919828414917 337 174 363 208
face 0.9955828785896301 806 145 862 215
face 0.9868911504745483 90 154 111 177
face 0.980086088180542 113 181 142 221
face 0.96636962890625 10 171 36 203
face 0.9437557458877563 278 152 300 183
face 0.9390417337417603 255 152 274 179
face 0.9335391521453857 555 203 618 291
face 0.9251774549484253 162 194 191 235
face 0.9155058860778809 967 170 1014 233
face 0.901939332485199 677 117 740 201
face 0.9004858732223511 22 196 49 231
face 0.8801122903823853 59 181 83 211
face 0.8589521646499634 459 175 514 247
face 0.7912033796310425 356 155 371 174
face 0.753626823425293 59 195 86 230
face 0.7293779253959656 204 167 223 193
face 0.691760241985321 426 94 460 139
face 0.6674180030822754 181 160 199 182
face 0.5939584374427795 900 136 946 187
face 0.5457865595817566 392 152 416 184
face 0.5068336725234985 565 69 626 163
face 0.47095629572868347 565 69 626 163
face 0.4313620328903198 565 69 626 163
face 0.3419722616672516 565 69 626 163
face 0.23066124320030212 565 69 626 163
face 0.20423749089241028 565 69 626 163
face 0.18939894437789917 565 69 626 163
face 0.16320621967315674 565 69 626 163
face 0.15842407941818237 565 69 626 163
face 0.09212586283683777 565 69 626 163
face 0.08043938875198364 565 69 626 163
face 0.07046028971672058 565 69 626 163
face 0.07018998265266418 565 69 626 163
face 0.06632912158966064 565 69 626 163
face 0.06347745656967163 565 69 626 163
face 0.03364157676696777 565 69 626 163
face 0.03346756100654602 565 69 626 163
face 0.03235048055648804 565 69 626 163
face 0.028814315795898438 565 69 626 163
face 0.028784990310668945 565 69 626 163
face 0.028343915939331055 565 69 626 163
face 0.02794736623764038 565 69 626 163
face 0.026707381010055542 565 69 626 163
face 0.02596902847290039 565 69 626 163
face 0.024583876132965088 565 69 626 163
face 0.024301201105117798 565 69 626 163
face 0.021014660596847534 565 69 626 163
face 0.020764678716659546 565 69 626 163
face 0.018294453620910645 565 69 626 163
face 0.01712590456008911 565 69 626 163
face 0.015556365251541138 565 69 626 163
face 0.014344394207000732 565 69 626 163
face 0.01429334282875061 565 69 626 163
face 0.014212936162948608 565 69 626 163
face 0.013994693756103516 565 69 626 163
face 0.01367601752281189 565 69 626 163
face 0.013388842344284058 565 69 626 163
face 0.012739002704620361 565 69 626 163
face 0.012031137943267822 565 69 626 163
face 0.011263102293014526 565 69 626 163
face 0.010704666376113892 565 69 626 163
face 0.010373890399932861 565 69 626 163
face 0.01017838716506958 565 69 626 163
face 0.009942173957824707 565 69 626 163
face 0.009754300117492676 565 69 626 163
face 0.00955665111541748 565 69 626 163
face 0.009370028972625732 565 69 626 163
face 0.009176164865493774 565 69 626 163
face 0.008647918701171875 565 69 626 163
face 0.008595794439315796 565 69 626 163
face 0.00836491584777832 565 69 626 163
face 0.008229196071624756 565 69 626 163
face 0.007967203855514526 565 69 626 163
face 0.007782101631164551 565 69 626 163
face 0.007698118686676025 565 69 626 163
face 0.007547497749328613 565 69 626 163
face 0.007478773593902588 565 69 626 163
face 0.007109791040420532 565 69 626 163
face 0.007085591554641724 565 69 626 163
face 0.006855219602584839 565 69 626 163
face 0.006829291582107544 565 69 626 163
face 0.006775081157684326 565 69 626 163
face 0.0066058337688446045 565 69 626 163
face 0.006570547819137573 565 69 626 163
face 0.00650671124458313 565 69 626 163
face 0.006422191858291626 565 69 626 163
face 0.006175249814987183 565 69 626 163
face 0.006166368722915649 565 69 626 163
face 0.006154149770736694 565 69 626 163
face 0.00612679123878479 565 69 626 163
face 0.006090909242630005 565 69 626 163
face 0.006014704704284668 565 69 626 163
face 0.005830556154251099 565 69 626 163
face 0.005755364894866943 565 69 626 163
face 0.0057194530963897705 565 69 626 163
face 0.005714446306228638 565 69 626 163
face 0.005548626184463501 565 69 626 163
face 0.005535393953323364 565 69 626 163
face 0.0053214430809021 565 69 626 163
