face 0.9778769612312317 456 173 558 320
face 0.6500678062438965 899 140 982 248
face 0.09848839044570923 899 140 982 248
face 0.08703416585922241 899 140 982 248
face 0.06931576132774353 899 140 982 248
face 0.0644693374633789 899 140 982 248
face 0.06098109483718872 899 140 982 248
face 0.04002729058265686 899 140 982 248
face 0.03504699468612671 899 140 982 248
face 0.03483611345291138 899 140 982 248
face 0.03442218899726868 899 140 982 248
face 0.034242987632751465 899 140 982 248
face 0.03056064248085022 899 140 982 248
face 0.02725207805633545 899 140 982 248
face 0.025282710790634155 899 140 982 248
face 0.025275230407714844 899 140 982 248
face 0.025114059448242188 899 140 982 248
face 0.022067338228225708 899 140 982 248
face 0.02172878384590149 899 140 982 248
face 0.02153080701828003 899 140 982 248
face 0.019991397857666016 899 140 982 248
face 0.019511312246322632 899 140 982 248
face 0.018860220909118652 899 140 982 248
face 0.018748104572296143 899 140 982 248
face 0.018542200326919556 899 140 982 248
face 0.01850530505180359 899 140 982 248
face 0.017823785543441772 899 140 982 248
face 0.016683727502822876 899 140 982 248
face 0.01664203405380249 899 140 982 248
face 0.016175806522369385 899 140 982 248
face 0.014405488967895508 899 140 982 248
face 0.013639569282531738 899 140 982 248
face 0.01348114013671875 899 140 982 248
face 0.013258814811706543 899 140 982 248
face 0.012968391180038452 899 140 982 248
face 0.012684941291809082 899 140 982 248
face 0.012630105018615723 899 140 982 248
face 0.012599378824234009 899 140 982 248
face 0.012580007314682007 899 140 982 248
face 0.012297868728637695 899 140 982 248
face 0.011857688426971436 899 140 982 248
face 0.011487722396850586 899 140 982 248
face 0.011470794677734375 899 140 982 248
face 0.011253982782363892 899 140 982 248
face 0.010994404554367065 899 140 982 248
face 0.01088687777519226 899 140 982 248
face 0.01083323359489441 899 140 982 248
face 0.010640114545822144 899 140 982 248
face 0.010209351778030396 899 140 982 248
face 0.010097324848175049 899 140 982 248
face 0.010058760643005371 899 140 982 248
face 0.00995585322380066 899 140 982 248
face 0.00994756817817688 899 140 982 248
face 0.009904325008392334 899 140 982 248
face 0.009665340185165405 899 140 982 248
face 0.009321331977844238 899 140 982 248
face 0.009271174669265747 899 140 982 248
face 0.00917750597000122 899 140 982 248
face 0.009171247482299805 899 140 982 248
face 0.009003818035125732 899 140 982 248
face 0.008954733610153198 899 140 982 248
face 0.008895903825759888 899 140 982 248
face 0.008820682764053345 899 140 982 248
face 0.00877341628074646 899 140 982 248
face 0.008752971887588501 899 140 982 248
face 0.008694261312484741 899 140 982 248
face 0.008611112833023071 899 140 982 248
face 0.008446544408798218 899 140 982 248
face 0.008392125368118286 899 140 982 248
face 0.008224815130233765 899 140 982 248
face 0.008205622434616089 899 140 982 248
face 0.008196651935577393 899 140 982 248
face 0.008033901453018188 899 140 982 248
face 0.008014142513275146 899 140 982 248
face 0.007995814085006714 899 140 982 248
face 0.007990270853042603 899 140 982 248
face 0.00784289836883545 899 140 982 248
face 0.007830262184143066 899 140 982 248
face 0.00782710313796997 899 140 982 248
face 0.007795214653015137 899 140 982 248
face 0.007708877325057983 899 140 982 248
face 0.007685333490371704 899 140 982 248
face 0.007683664560317993 899 140 982 248
face 0.0075813233852386475 899 140 982 248
face 0.0075502097606658936 899 140 982 248
face 0.007354795932769775 899 140 982 248
face 0.0073115527629852295 899 140 982 248
face 0.00715520977973938 899 140 982 248
face 0.007145285606384277 899 140 982 248
face 0.006985396146774292 899 140 982 248
face 0.006984204053878784 899 140 982 248
face 0.006932497024536133 899 140 982 248
face 0.006925433874130249 899 140 982 248
face 0.006920874118804932 899 140 982 248
face 0.0069119930267333984 899 140 982 248
face 0.006895244121551514 899 140 982 248
face 0.006811618804931641 899 140 982 248
face 0.006633281707763672 899 140 982 248
face 0.0066287219524383545 899 140 982 248
face 0.006292670965194702 899 140 982 248
