face 0.9972480535507202 794 292 825 330
face 0.9969291090965271 649 335 680 374
face 0.9966782331466675 502 337 529 372
face 0.9956916570663452 338 323 364 357
face 0.9933302998542786 555 294 584 331
face 0.9913960695266724 284 345 311 377
face 0.9893215894699097 733 310 768 355
face 0.9860681295394897 229 354 256 390
face 0.9832133054733276 358 367 385 401
face 0.9826317429542542 608 301 638 339
face 0.9771607518196106 417 342 444 376
face 0.9554191827774048 547 352 575 388
face 0.8910681009292603 164 360 191 395
face 0.15261298418045044 164 360 191 395
face 0.12208294868469238 164 360 191 395
face 0.0565333366394043 164 360 191 395
face 0.022447794675827026 164 360 191 395
face 0.022421211004257202 164 360 191 395
face 0.020536422729492188 164 360 191 395
face 0.019348323345184326 164 360 191 395
face 0.01871517300605774 164 360 191 395
face 0.014135271310806274 164 360 191 395
face 0.013835281133651733 164 360 191 395
face 0.0115852952003479 164 360 191 395
face 0.008356302976608276 164 360 191 395
face 0.007983207702636719 164 360 191 395
face 0.007785052061080933 164 360 191 395
face 0.0076465606689453125 164 360 191 395
face 0.007308781147003174 164 360 191 395
face 0.00726434588432312 164 360 191 395
face 0.006909847259521484 164 360 191 395
face 0.006864666938781738 164 360 191 395
face 0.00686296820640564 164 360 191 395
face 0.006759613752365112 164 360 191 395
face 0.00610041618347168 164 360 191 395
face 0.0049041807651519775 164 360 191 395
face 0.004696696996688843 164 360 191 395
face 0.004480868577957153 164 360 191 395
face 0.004434347152709961 164 360 191 395
face 0.003681182861328125 164 360 191 395
face 0.0035760700702667236 164 360 191 395
face 0.0035283565521240234 164 360 191 395
face 0.0034301280975341797 164 360 191 395
face 0.0032802820205688477 164 360 191 395
face 0.003269582986831665 164 360 191 395
face 0.003211677074432373 164 360 191 395
face 0.0028733015060424805 164 360 191 395
face 0.002858787775039673 164 360 191 395
face 0.0028567910194396973 164 360 191 395
face 0.002849876880645752 164 360 191 395
face 0.0028396546840667725 164 360 191 395
face 0.0027968287467956543 164 360 191 395
face 0.0027469396591186523 164 360 191 395
face 0.002699732780456543 164 360 191 395
face 0.0026558637619018555 164 360 191 395
face 0.002587258815765381 164 360 191 395
face 0.0024931728839874268 164 360 191 395
face 0.002485036849975586 164 360 191 395
face 0.0024292171001434326 164 360 191 395
face 0.0024137496948242188 164 360 191 395
face 0.002399951219558716 164 360 191 395
face 0.002321481704711914 164 360 191 395
face 0.0023145973682403564 164 360 191 395
face 0.002242565155029297 164 360 191 395
face 0.0022149085998535156 164 360 191 395
face 0.002164214849472046 164 360 191 395
face 0.0019044876098632812 164 360 191 395
face 0.0018961131572723389 164 360 191 395
face 0.001892000436782837 164 360 191 395
face 0.001863330602645874 164 360 191 395
face 0.0018603503704071045 164 360 191 395
face 0.0018555819988250732 164 360 191 395
face 0.0018039345741271973 164 360 191 395
face 0.0017868876457214355 164 360 191 395
face 0.001728355884552002 164 360 191 395
face 0.0017229318618774414 164 360 191 395
face 0.0017180442810058594 164 360 191 395
face 0.001651167869567871 164 360 191 395
face 0.0016264915466308594 164 360 191 395
face 0.0016135573387145996 164 360 191 395
face 0.0016121864318847656 164 360 191 395
face 0.0015929341316223145 164 360 191 395
face 0.0015911757946014404 164 360 191 395
face 0.0015896856784820557 164 360 191 395
face 0.0015889108180999756 164 360 191 395
face 0.001580566167831421 164 360 191 395
face 0.0015652179718017578 164 360 191 395
face 0.001560121774673462 164 360 191 395
face 0.0015240311622619629 164 360 191 395
face 0.0015064775943756104 164 360 191 395
face 0.0014792978763580322 164 360 191 395
face 0.0014629960060119629 164 360 191 395
face 0.0014493465423583984 164 360 191 395
face 0.0014147162437438965 164 360 191 395
face 0.0014087259769439697 164 360 191 395
face 0.0014049410820007324 164 360 191 395
face 0.0013966560363769531 164 360 191 395
face 0.0013802647590637207 164 360 191 395
face 0.001379251480102539 164 360 191 395
face 0.001378089189529419 164 360 191 395
