face 0.9973917007446289 270 117 724 651
face 0.00960463285446167 270 117 724 651
face 0.00762629508972168 270 117 724 651
face 0.005151033401489258 270 117 724 651
face 0.0043375492095947266 270 117 724 651
face 0.004237443208694458 270 117 724 651
face 0.004143804311752319 270 117 724 651
face 0.004142791032791138 270 117 724 651
face 0.0039480626583099365 270 117 724 651
face 0.0038276314735412598 270 117 724 651
face 0.0038119852542877197 270 117 724 651
face 0.003613412380218506 270 117 724 651
face 0.0035228431224823 270 117 724 651
face 0.003396153450012207 270 117 724 651
face 0.003312617540359497 270 117 724 651
face 0.0032917261123657227 270 117 724 651
face 0.003280818462371826 270 117 724 651
face 0.0031894147396087646 270 117 724 651
face 0.0031684041023254395 270 117 724 651
face 0.0031174123287200928 270 117 724 651
face 0.0031168460845947266 270 117 724 651
face 0.003079354763031006 270 117 724 651
face 0.0030738413333892822 270 117 724 651
face 0.003063410520553589 270 117 724 651
face 0.0030298829078674316 270 117 724 651
face 0.002919107675552368 270 117 724 651
face 0.0027837753295898438 270 117 724 651
face 0.002750962972640991 270 117 724 651
face 0.002680361270904541 270 117 724 651
face 0.002645939588546753 270 117 724 651
face 0.0026397705078125 270 117 724 651
face 0.002620518207550049 270 117 724 651
face 0.0026199817657470703 270 117 724 651
face 0.0025843381881713867 270 117 724 651
face 0.0025754570960998535 270 117 724 651
face 0.002567768096923828 270 117 724 651
face 0.0025567710399627686 270 117 724 651
face 0.00252687931060791 270 117 724 651
face 0.002464085817337036 270 117 724 651
face 0.00245058536529541 270 117 724 651
face 0.002439647912979126 270 117 724 651
face 0.0024383962154388428 270 117 724 651
face 0.0024022459983825684 270 117 724 651
face 0.0023974478244781494 270 117 724 651
face 0.00238683819770813 270 117 724 651
face 0.0023787617683410645 270 117 724 651
face 0.002359151840209961 270 117 724 651
face 0.0023454129695892334 270 117 724 651
face 0.002342522144317627 270 117 724 651
face 0.002342015504837036 270 117 724 651
face 0.002313584089279175 270 117 724 651
face 0.0023119747638702393 270 117 724 651
face 0.00229606032371521 270 117 724 651
face 0.0022881627082824707 270 117 724 651
face 0.0022549331188201904 270 117 724 651
face 0.0022501349449157715 270 117 724 651
face 0.002223193645477295 270 117 724 651
face 0.0022094547748565674 270 117 724 651
face 0.0022009611129760742 270 117 724 651
face 0.0021955370903015137 270 117 724 651
face 0.0021800994873046875 270 117 724 651
face 0.0021758973598480225 270 117 724 651
face 0.0021699070930480957 270 117 724 651
face 0.0021678507328033447 270 117 724 651
face 0.0021651089191436768 270 117 724 651
face 0.002156078815460205 270 117 724 651
face 0.0021542012691497803 270 117 724 651
face 0.002153545618057251 270 117 724 651
face 0.0021404027938842773 270 117 724 651
face 0.002121150493621826 270 117 724 651
face 0.0021147429943084717 270 117 724 651
face 0.002107173204421997 270 117 724 651
face 0.0020998716354370117 270 117 724 651
face 0.0020960867404937744 270 117 724 651
face 0.0020813941955566406 270 117 724 651
face 0.00207597017288208 270 117 724 651
face 0.002066582441329956 270 117 724 651
face 0.002065986394882202 270 117 724 651
face 0.002064436674118042 270 117 724 651
face 0.002064317464828491 270 117 724 651
face 0.002059459686279297 270 117 724 651
face 0.0020534396171569824 270 117 724 651
face 0.0020522475242614746 270 117 724 651
face 0.0020465850830078125 270 117 724 651
face 0.0020269453525543213 270 117 724 651
face 0.0020137131214141846 270 117 724 651
face 0.0020122528076171875 270 117 724 651
face 0.0020112991333007812 270 117 724 651
face 0.001994878053665161 270 117 724 651
face 0.0019884705543518066 270 117 724 651
face 0.0019819438457489014 270 117 724 651
face 0.0019783079624176025 270 117 724 651
face 0.0019750595092773438 270 117 724 651
face 0.0019708573818206787 270 117 724 651
face 0.001968860626220703 270 117 724 651
face 0.0019675493240356445 270 117 724 651
face 0.001966148614883423 270 117 724 651
face 0.0019609034061431885 270 117 724 651
face 0.001958906650543213 270 117 724 651
face 0.0019508302211761475 270 117 724 651
