face 0.9791158437728882 667 180 704 228
face 0.969109833240509 727 36 760 78
face 0.9123202562332153 560 143 612 208
face 0.778532862663269 611 257 657 318
face 0.7562764883041382 505 240 536 284
face 0.7199791073799133 850 41 880 87
face 0.545512318611145 913 235 951 284
face 0.46559974551200867 913 235 951 284
face 0.30267173051834106 913 235 951 284
face 0.2824459671974182 913 235 951 284
face 0.2080300748348236 913 235 951 284
face 0.1996626853942871 913 235 951 284
face 0.1716589629650116 913 235 951 284
face 0.13156113028526306 913 235 951 284
face 0.13139066100120544 913 235 951 284
face 0.12711316347122192 913 235 951 284
face 0.12544557452201843 913 235 951 284
face 0.12427550554275513 913 235 951 284
face 0.12330761551856995 913 235 951 284
face 0.10405033826828003 913 235 951 284
face 0.09982132911682129 913 235 951 284
face 0.09959453344345093 913 235 951 284
face 0.09685343503952026 913 235 951 284
face 0.09620591998100281 913 235 951 284
face 0.09412369132041931 913 235 951 284
face 0.09360504150390625 913 235 951 284
face 0.08794242143630981 913 235 951 284
face 0.086760014295578 913 235 951 284
face 0.08612588047981262 913 235 951 284
face 0.08512601256370544 913 235 951 284
face 0.07925593852996826 913 235 951 284
face 0.07783916592597961 913 235 951 284
face 0.07690593600273132 913 235 951 284
face 0.07595351338386536 913 235 951 284
face 0.07313159108161926 913 235 951 284
face 0.07124459743499756 913 235 951 284
face 0.06824696063995361 913 235 951 284
face 0.06653979420661926 913 235 951 284
face 0.06633564829826355 913 235 951 284
face 0.06481459736824036 913 235 951 284
face 0.06472569704055786 913 235 951 284
face 0.06355893611907959 913 235 951 284
face 0.0626261830329895 913 235 951 284
face 0.06054261326789856 913 235 951 284
face 0.059809356927871704 913 235 951 284
face 0.0590096116065979 913 235 951 284
face 0.05466657876968384 913 235 951 284
face 0.05400872230529785 913 235 951 284
face 0.05347743630409241 913 235 951 284
face 0.053024888038635254 913 235 951 284
face 0.052590906620025635 913 235 951 284
face 0.05233407020568848 913 235 951 284
face 0.05133029818534851 913 235 951 284
face 0.05113759636878967 913 235 951 284
face 0.05063462257385254 913 235 951 284
face 0.04923456907272339 913 235 951 284
face 0.04864656925201416 913 235 951 284
face 0.04808446764945984 913 235 951 284
face 0.04665151238441467 913 235 951 284
face 0.045982927083969116 913 235 951 284
face 0.04561346769332886 913 235 951 284
face 0.04388079047203064 913 235 951 284
face 0.043294042348861694 913 235 951 284
face 0.04287150502204895 913 235 951 284
face 0.04132041335105896 913 235 951 284
face 0.03872185945510864 913 235 951 284
face 0.038447558879852295 913 235 951 284
face 0.038196563720703125 913 235 951 284
face 0.03682130575180054 913 235 951 284
face 0.03656953573226929 913 235 951 284
face 0.036219656467437744 913 235 951 284
face 0.03578832745552063 913 235 951 284
face 0.0348835289478302 913 235 951 284
face 0.03451508283615112 913 235 951 284
face 0.033080339431762695 913 235 951 284
face 0.032825320959091187 913 235 951 284
face 0.03253105282783508 913 235 951 284
face 0.032099634408950806 913 235 951 284
face 0.03182882070541382 913 235 951 284
face 0.031484127044677734 913 235 951 284
face 0.030825912952423096 913 235 951 284
face 0.029595375061035156 913 235 951 284
face 0.029418081045150757 913 235 951 284
face 0.02852684259414673 913 235 951 284
face 0.028486400842666626 913 235 951 284
face 0.027746587991714478 913 235 951 284
face 0.027412116527557373 913 235 951 284
face 0.027255743741989136 913 235 951 284
face 0.026189863681793213 913 235 951 284
face 0.025783926248550415 913 235 951 284
face 0.02575930953025818 913 235 951 284
face 0.02540212869644165 913 235 951 284
face 0.024760901927947998 913 235 951 284
face 0.024578988552093506 913 235 951 284
face 0.024503439664840698 913 235 951 284
face 0.024216681718826294 913 235 951 284
face 0.024025410413742065 913 235 951 284
face 0.0236988365650177 913 235 951 284
face 0.023427218198776245 913 235 951 284
face 0.02323812246322632 913 235 951 284
