face 0.9958990216255188 332 259 368 285
face 0.9858947992324829 719 224 759 257
face 0.9856736660003662 510 260 553 291
face 0.9799865484237671 933 296 973 327
face 0.97409588098526 327 306 363 333
face 0.9635457992553711 215 266 251 292
face 0.9624671936035156 886 253 919 283
face 0.9594167470932007 641 261 687 301
face 0.9535092115402222 846 282 881 316
face 0.9415233135223389 245 231 279 254
face 0.9189966917037964 180 258 212 281
face 0.908790111541748 201 225 233 247
face 0.8722352385520935 109 251 146 275
face 0.8591564893722534 131 332 162 355
face 0.8154457211494446 52 233 89 255
face 0.8119680881500244 0 233 31 259
face 0.7778420448303223 309 230 342 253
face 0.7709835767745972 445 268 481 292
face 0.763967752456665 130 234 164 255
face 0.7376106977462769 599 247 630 275
face 0.7348192930221558 407 251 443 276
face 0.685407280921936 997 244 1023 278
face 0.6814225912094116 840 249 875 279
face 0.6740809082984924 520 342 553 391
face 0.6474378705024719 898 238 928 261
face 0.6115148663520813 596 296 630 328
face 0.5129315257072449 996 400 1023 426
face 0.422448992729187 996 400 1023 426
face 0.41453319787979126 996 400 1023 426
face 0.39134007692337036 996 400 1023 426
face 0.3828740119934082 996 400 1023 426
face 0.38077056407928467 996 400 1023 426
face 0.36917775869369507 996 400 1023 426
face 0.3662568926811218 996 400 1023 426
face 0.3385113775730133 996 400 1023 426
face 0.3175913095474243 996 400 1023 426
face 0.26386433839797974 996 400 1023 426
face 0.23901835083961487 996 400 1023 426
face 0.167594313621521 996 400 1023 426
face 0.16710954904556274 996 400 1023 426
face 0.14725705981254578 996 400 1023 426
face 0.14034327864646912 996 400 1023 426
face 0.1371869146823883 996 400 1023 426
face 0.13559243083000183 996 400 1023 426
face 0.12214609980583191 996 400 1023 426
face 0.11400166153907776 996 400 1023 426
face 0.11268720030784607 996 400 1023 426
face 0.11003324389457703 996 400 1023 426
face 0.09504455327987671 996 400 1023 426
face 0.08828353881835938 996 400 1023 426
face 0.08497342467308044 996 400 1023 426
face 0.08149304986000061 996 400 1023 426
face 0.07828226685523987 996 400 1023 426
face 0.07260537147521973 996 400 1023 426
face 0.06613084673881531 996 400 1023 426
face 0.06315058469772339 996 400 1023 426
face 0.06043156981468201 996 400 1023 426
face 0.06040814518928528 996 400 1023 426
face 0.056665122509002686 996 400 1023 426
face 0.05460911989212036 996 400 1023 426
face 0.05333602428436279 996 400 1023 426
face 0.05319225788116455 996 400 1023 426
face 0.05129200220108032 996 400 1023 426
face 0.04772824048995972 996 400 1023 426
face 0.04719242453575134 996 400 1023 426
face 0.04277443885803223 996 400 1023 426
face 0.03776755928993225 996 400 1023 426
face 0.037461549043655396 996 400 1023 426
face 0.03709912300109863 996 400 1023 426
face 0.03540953993797302 996 400 1023 426
face 0.03306695818901062 996 400 1023 426
face 0.032795101404190063 996 400 1023 426
face 0.02923351526260376 996 400 1023 426
face 0.027089059352874756 996 400 1023 426
face 0.027011126279830933 996 400 1023 426
face 0.026243925094604492 996 400 1023 426
face 0.02492961287498474 996 400 1023 426
face 0.024687230587005615 996 400 1023 426
face 0.023761659860610962 996 400 1023 426
face 0.02203512191772461 996 400 1023 426
face 0.021670639514923096 996 400 1023 426
face 0.021207958459854126 996 400 1023 426
face 0.021089792251586914 996 400 1023 426
face 0.02057778835296631 996 400 1023 426
face 0.020463675260543823 996 400 1023 426
face 0.020356178283691406 996 400 1023 426
face 0.019972801208496094 996 400 1023 426
face 0.01953178644180298 996 400 1023 426
face 0.019088149070739746 996 400 1023 426
face 0.018642008304595947 996 400 1023 426
face 0.01825392246246338 996 400 1023 426
face 0.01815614104270935 996 400 1023 426
face 0.01711753010749817 996 400 1023 426
face 0.01646295189857483 996 400 1023 426
face 0.015450596809387207 996 400 1023 426
face 0.015318602323532104 996 400 1023 426
face 0.015280336141586304 996 400 1023 426
face 0.014507949352264404 996 400 1023 426
face 0.013840466737747192 996 400 1023 426
face 0.013607770204544067 996 400 1023 426
