face 0.9757925271987915 822 364 850 406
face 0.929431140422821 276 358 310 399
face 0.7381381988525391 1 545 24 584
face 0.7017523050308228 542 127 616 226
face 0.5858230590820312 366 590 394 662
face 0.4476441442966461 366 590 394 662
face 0.4114570915699005 366 590 394 662
face 0.3800486922264099 366 590 394 662
face 0.33815521001815796 366 590 394 662
face 0.31047362089157104 366 590 394 662
face 0.2673923373222351 366 590 394 662
face 0.25960028171539307 366 590 394 662
face 0.23318323493003845 366 590 394 662
face 0.22797033190727234 366 590 394 662
face 0.21880805492401123 366 590 394 662
face 0.1893375813961029 366 590 394 662
face 0.18439844250679016 366 590 394 662
face 0.1767163872718811 366 590 394 662
face 0.17421993613243103 366 590 394 662
face 0.15692609548568726 366 590 394 662
face 0.1412375271320343 366 590 394 662
face 0.13560187816619873 366 590 394 662
face 0.10810214281082153 366 590 394 662
face 0.10631519556045532 366 590 394 662
face 0.09617674350738525 366 590 394 662
face 0.08957967162132263 366 590 394 662
face 0.08312797546386719 366 590 394 662
face 0.08262297511100769 366 590 394 662
face 0.07858556509017944 366 590 394 662
face 0.07195928692817688 366 590 394 662
face 0.0714198648929596 366 590 394 662
face 0.06958818435668945 366 590 394 662
face 0.06646066904067993 366 590 394 662
face 0.06566789746284485 366 590 394 662
face 0.0635228157043457 366 590 394 662
face 0.05962786078453064 366 590 394 662
face 0.05784875154495239 366 590 394 662
face 0.05642944574356079 366 590 394 662
face 0.05296942591667175 366 590 394 662
face 0.05257302522659302 366 590 394 662
face 0.05127608776092529 366 590 394 662
face 0.05045205354690552 366 590 394 662
face 0.04747888445854187 366 590 394 662
face 0.046426236629486084 366 590 394 662
face 0.04545861482620239 366 590 394 662
face 0.041712045669555664 366 590 394 662
face 0.04129517078399658 366 590 394 662
face 0.04122048616409302 366 590 394 662
face 0.04048171639442444 366 590 394 662
face 0.040268272161483765 366 590 394 662
face 0.03984728455543518 366 590 394 662
face 0.03955435752868652 366 590 394 662
face 0.038754433393478394 366 590 394 662
face 0.03846430778503418 366 590 394 662
face 0.037210553884506226 366 590 394 662
face 0.037095099687576294 366 590 394 662
face 0.03611299395561218 366 590 394 662
face 0.03322747349739075 366 590 394 662
face 0.0318455696105957 366 590 394 662
face 0.03135684132575989 366 590 394 662
face 0.029574722051620483 366 590 394 662
face 0.028963685035705566 366 590 394 662
face 0.028954356908798218 366 590 394 662
face 0.02869400382041931 366 590 394 662
face 0.027793705463409424 366 590 394 662
face 0.02690061926841736 366 590 394 662
face 0.026803523302078247 366 590 394 662
face 0.025959402322769165 366 590 394 662
face 0.02595183253288269 366 590 394 662
face 0.024995505809783936 366 590 394 662
face 0.02434474229812622 366 590 394 662
face 0.02388092875480652 366 590 394 662
face 0.023654669523239136 366 590 394 662
face 0.0234433114528656 366 590 394 662
face 0.023437082767486572 366 590 394 662
face 0.023304134607315063 366 590 394 662
face 0.02311694622039795 366 590 394 662
face 0.022687673568725586 366 590 394 662
face 0.022236943244934082 366 590 394 662
face 0.02152639627456665 366 590 394 662
face 0.02146407961845398 366 590 394 662
face 0.02133798599243164 366 590 394 662
face 0.02033776044845581 366 590 394 662
face 0.020187050104141235 366 590 394 662
face 0.019997745752334595 366 590 394 662
face 0.019452601671218872 366 590 394 662
face 0.019277483224868774 366 590 394 662
face 0.019200831651687622 366 590 394 662
face 0.019169926643371582 366 590 394 662
face 0.018901407718658447 366 590 394 662
face 0.018310070037841797 366 590 394 662
face 0.018070220947265625 366 590 394 662
face 0.01799231767654419 366 590 394 662
face 0.01776626706123352 366 590 394 662
face 0.017729192972183228 366 590 394 662
face 0.017362475395202637 366 590 394 662
face 0.017189860343933105 366 590 394 662
face 0.016612857580184937 366 590 394 662
face 0.01611328125 366 590 394 662
face 0.015895962715148926 366 590 394 662
