face 0.9757087230682373 186 432 224 471
face 0.9402706623077393 170 360 198 388
face 0.9243564605712891 822 191 883 274
face 0.889447808265686 323 184 395 282
face 0.49068695306777954 323 184 395 282
face 0.38239771127700806 323 184 395 282
face 0.2088879644870758 323 184 395 282
face 0.08763298392295837 323 184 395 282
face 0.07149288058280945 323 184 395 282
face 0.057379066944122314 323 184 395 282
face 0.05637329816818237 323 184 395 282
face 0.05608469247817993 323 184 395 282
face 0.05413439869880676 323 184 395 282
face 0.05315926671028137 323 184 395 282
face 0.0524749755859375 323 184 395 282
face 0.0470963716506958 323 184 395 282
face 0.046740561723709106 323 184 395 282
face 0.04571455717086792 323 184 395 282
face 0.043483883142471313 323 184 395 282
face 0.043081134557724 323 184 395 282
face 0.04191470146179199 323 184 395 282
face 0.03972446918487549 323 184 395 282
face 0.03724050521850586 323 184 395 282
face 0.034988075494766235 323 184 395 282
face 0.03476908802986145 323 184 395 282
face 0.034445226192474365 323 184 395 282
face 0.03370523452758789 323 184 395 282
face 0.033497393131256104 323 184 395 282
face 0.03148111701011658 323 184 395 282
face 0.029570400714874268 323 184 395 282
face 0.029047667980194092 323 184 395 282
face 0.02890053391456604 323 184 395 282
face 0.028546243906021118 323 184 395 282
face 0.027886390686035156 323 184 395 282
face 0.02659168839454651 323 184 395 282
face 0.02650591731071472 323 184 395 282
face 0.025894254446029663 323 184 395 282
face 0.025607019662857056 323 184 395 282
face 0.02532091736793518 323 184 395 282
face 0.025197893381118774 323 184 395 282
face 0.02500137686729431 323 184 395 282
face 0.02480432391166687 323 184 395 282
face 0.02462276816368103 323 184 395 282
face 0.024452418088912964 323 184 395 282
face 0.023895561695098877 323 184 395 282
face 0.022866010665893555 323 184 395 282
face 0.022575199604034424 323 184 395 282
face 0.02239564061164856 323 184 395 282
face 0.02219817042350769 323 184 395 282
face 0.022066622972488403 323 184 395 282
face 0.021057814359664917 323 184 395 282
face 0.020974934101104736 323 184 395 282
face 0.020667612552642822 323 184 395 282
face 0.020531505346298218 323 184 395 282
face 0.019390970468521118 323 184 395 282
face 0.019261270761489868 323 184 395 282
face 0.01898103952407837 323 184 395 282
face 0.018583446741104126 323 184 395 282
face 0.018579155206680298 323 184 395 282
face 0.018204987049102783 323 184 395 282
face 0.017957746982574463 323 184 395 282
face 0.01787164807319641 323 184 395 282
face 0.017630308866500854 323 184 395 282
face 0.017541199922561646 323 184 395 282
face 0.017245441675186157 323 184 395 282
face 0.017166584730148315 323 184 395 282
face 0.017071574926376343 323 184 395 282
face 0.0170515775680542 323 184 395 282
face 0.017006635665893555 323 184 395 282
face 0.01683977246284485 323 184 395 282
face 0.01681658625602722 323 184 395 282
face 0.01674845814704895 323 184 395 282
face 0.016731351613998413 323 184 395 282
face 0.01652771234512329 323 184 395 282
face 0.016501128673553467 323 184 395 282
face 0.01639619469642639 323 184 395 282
face 0.015923768281936646 323 184 395 282
face 0.015809059143066406 323 184 395 282
face 0.015792131423950195 323 184 395 282
face 0.01570388674736023 323 184 395 282
face 0.0154876708984375 323 184 395 282
face 0.015449076890945435 323 184 395 282
face 0.015135437250137329 323 184 395 282
face 0.015092194080352783 323 184 395 282
face 0.01506662368774414 323 184 395 282
face 0.015022188425064087 323 184 395 282
face 0.015013784170150757 323 184 395 282
face 0.014918625354766846 323 184 395 282
face 0.014539837837219238 323 184 395 282
face 0.01413455605506897 323 184 395 282
face 0.014106214046478271 323 184 395 282
face 0.014003396034240723 323 184 395 282
face 0.013961493968963623 323 184 395 282
face 0.013870656490325928 323 184 395 282
face 0.013396114110946655 323 184 395 282
face 0.013340771198272705 323 184 395 282
face 0.013184338808059692 323 184 395 282
face 0.013028085231781006 323 184 395 282
face 0.013005971908569336 323 184 395 282
face 0.012624919414520264 323 184 395 282
