face 0.9997488856315613 646 376 687 430
face 0.9997245669364929 165 136 210 192
face 0.9992352724075317 614 256 653 304
face 0.9988666772842407 510 337 555 391
face 0.9987281560897827 707 291 748 343
face 0.9986214637756348 796 139 844 203
face 0.9970393180847168 566 175 607 226
face 0.9969621300697327 395 350 441 403
face 0.9960632920265198 289 302 336 355
face 0.9617782235145569 461 122 503 173
face 0.9503263831138611 778 285 818 336
face 0.9043676853179932 680 172 721 223
face 0.8871692419052124 379 236 424 292
face 0.7130747437477112 294 197 343 255
face 0.6880649924278259 497 248 537 299
face 0.6535470485687256 202 286 245 336
face 0.5022140145301819 1010 146 1023 170
face 0.48019179701805115 1010 146 1023 170
face 0.33685821294784546 1010 146 1023 170
face 0.2934403717517853 1010 146 1023 170
face 0.22645783424377441 1010 146 1023 170
face 0.18404102325439453 1010 146 1023 170
face 0.16910263895988464 1010 146 1023 170
face 0.111016184091568 1010 146 1023 170
face 0.08274689316749573 1010 146 1023 170
face 0.07377293705940247 1010 146 1023 170
face 0.06672003865242004 1010 146 1023 170
face 0.0649920105934143 1010 146 1023 170
face 0.05889862775802612 1010 146 1023 170
face 0.05810442566871643 1010 146 1023 170
face 0.05591598153114319 1010 146 1023 170
face 0.053736090660095215 1010 146 1023 170
face 0.04563900828361511 1010 146 1023 170
face 0.045458078384399414 1010 146 1023 170
face 0.042165935039520264 1010 146 1023 170
face 0.035184383392333984 1010 146 1023 170
face 0.03434056043624878 1010 146 1023 170
face 0.03260093927383423 1010 146 1023 170
face 0.030520260334014893 1010 146 1023 170
face 0.029326140880584717 1010 146 1023 170
face 0.027835756540298462 1010 146 1023 170
face 0.027702689170837402 1010 146 1023 170
face 0.027233272790908813 1010 146 1023 170
face 0.02707195281982422 1010 146 1023 170
face 0.02684435248374939 1010 146 1023 170
face 0.026493877172470093 1010 146 1023 170
face 0.0262317955493927 1010 146 1023 170
face 0.026115089654922485 1010 146 1023 170
face 0.025833547115325928 1010 146 1023 170
face 0.024964630603790283 1010 146 1023 170
face 0.02468743920326233 1010 146 1023 170
face 0.02462637424468994 1010 146 1023 170
face 0.02440851926803589 1010 146 1023 170
face 0.023191988468170166 1010 146 1023 170
face 0.021707206964492798 1010 146 1023 170
face 0.021520644426345825 1010 146 1023 170
face 0.02055644989013672 1010 146 1023 170
face 0.01953035593032837 1010 146 1023 170
face 0.01739141345024109 1010 146 1023 170
face 0.017271488904953003 1010 146 1023 170
face 0.016462326049804688 1010 146 1023 170
face 0.016095280647277832 1010 146 1023 170
face 0.014897525310516357 1010 146 1023 170
face 0.014154255390167236 1010 146 1023 170
face 0.014045536518096924 1010 146 1023 170
face 0.013819962739944458 1010 146 1023 170
face 0.012532860040664673 1010 146 1023 170
face 0.012133955955505371 1010 146 1023 170
face 0.011981338262557983 1010 146 1023 170
face 0.011388659477233887 1010 146 1023 170
face 0.011028647422790527 1010 146 1023 170
face 0.010797619819641113 1010 146 1023 170
face 0.010071337223052979 1010 146 1023 170
face 0.010069549083709717 1010 146 1023 170
face 0.009879767894744873 1010 146 1023 170
face 0.009791970252990723 1010 146 1023 170
face 0.009781360626220703 1010 146 1023 170
face 0.009625941514968872 1010 146 1023 170
face 0.009498775005340576 1010 146 1023 170
face 0.00893363356590271 1010 146 1023 170
face 0.008784562349319458 1010 146 1023 170
face 0.008617967367172241 1010 146 1023 170
face 0.008604079484939575 1010 146 1023 170
face 0.008452087640762329 1010 146 1023 170
face 0.008341342210769653 1010 146 1023 170
face 0.008094817399978638 1010 146 1023 170
face 0.008081257343292236 1010 146 1023 170
face 0.007717609405517578 1010 146 1023 170
face 0.0077141523361206055 1010 146 1023 170
face 0.0076334476470947266 1010 146 1023 170
face 0.007592439651489258 1010 146 1023 170
face 0.007132291793823242 1010 146 1023 170
face 0.007008075714111328 1010 146 1023 170
face 0.006905049085617065 1010 146 1023 170
face 0.006852000951766968 1010 146 1023 170
face 0.00669059157371521 1010 146 1023 170
face 0.006502509117126465 1010 146 1023 170
face 0.006493210792541504 1010 146 1023 170
face 0.0063446760177612305 1010 146 1023 170
face 0.0062507688999176025 1010 146 1023 170
