face 0.9981284141540527 635 159 650 180
face 0.9971425533294678 893 226 908 248
face 0.9969161152839661 462 224 479 248
face 0.9962822198867798 622 85 637 107
face 0.9956743717193604 475 78 490 100
face 0.9954954981803894 562 253 580 276
face 0.9947256445884705 292 260 310 287
face 0.9946491718292236 248 75 264 100
face 0.994391918182373 614 232 631 255
face 0.9943420886993408 851 157 865 177
face 0.993999719619751 82 153 101 178
face 0.9937288165092468 741 116 755 138
face 0.9936840534210205 518 39 533 60
face 0.9933228492736816 944 234 958 255
face 0.993062436580658 580 160 595 181
face 0.9930151700973511 345 228 362 253
face 0.9925895929336548 555 292 574 316
face 0.9925692677497864 422 54 437 75
face 0.9919246435165405 940 269 957 291
face 0.9919043779373169 295 38 311 61
face 0.9917424917221069 425 306 443 330
face 0.9913790822029114 514 189 529 211
face 0.990675151348114 997 266 1011 287
face 0.990530252456665 299 218 317 245
face 0.9887486696243286 510 255 528 278
face 0.9875666499137878 350 266 368 292
face 0.9867627024650574 468 184 484 207
face 0.9866223335266113 623 294 641 318
face 0.9860918521881104 673 84 688 106
face 0.9844131469726562 791 158 804 179
face 0.9842134714126587 407 189 423 211
face 0.9836487770080566 628 194 644 216
face 0.982648491859436 731 83 744 104
face 0.9815282821655273 153 89 169 113
face 0.9813555479049683 464 39 480 60
face 0.9810681343078613 424 146 440 167
face 0.9807325601577759 515 115 530 137
face 0.9807178378105164 83 87 100 112
face 0.9797090291976929 350 91 366 115
face 0.9793304204940796 574 45 588 65
face 0.9779748916625977 787 192 802 213
face 0.9745579361915588 508 160 523 181
face 0.9744863510131836 790 128 804 149
face 0.9743903279304504 474 125 489 147
face 0.9742907285690308 690 125 704 146
face 0.974253237247467 404 109 420 132
face 0.9729471206665039 623 47 637 67
face 0.9716333150863647 12 76 27 101
face 0.9707748889923096 666 56 680 76
face 0.9697399139404297 340 310 358 336
face 0.9684956073760986 360 9 376 29
face 0.9684578776359558 410 11 424 30
face 0.9652838706970215 307 73 322 98
face 0.9599211812019348 85 51 101 75
face 0.9593116641044617 685 237 701 259
face 0.9591546058654785 685 185 700 205
face 0.9573930501937866 727 186 741 206
face 0.956084132194519 307 4 322 24
face 0.9514325857162476 132 190 151 215
face 0.9480796456336975 201 30 216 54
face 0.9467151165008545 135 3 149 24
face 0.9398013949394226 416 92 433 115
face 0.9394474029541016 861 187 875 208
face 0.9366592168807983 342 42 358 64
face 0.9332957863807678 743 252 759 274
face 0.9296925067901611 246 10 262 32
face 0.927334189414978 742 161 755 181
face 0.9253954887390137 562 120 577 141
face 0.9227069020271301 97 109 115 135
face 0.9225886464118958 885 298 901 319
face 0.9174090623855591 569 222 585 243
face 0.9145562052726746 404 261 420 283
face 0.8996430039405823 18 155 36 181
face 0.8939796686172485 239 44 255 66
face 0.8933306336402893 949 324 966 346
face 0.8832738399505615 134 154 152 179
face 0.8816527128219604 262 179 278 203
face 0.8776942491531372 985 370 1002 390
face 0.8746460676193237 691 251 708 275
face 0.8586878776550293 183 398 202 427
face 0.8529323935508728 359 111 375 134
face 0.8488796949386597 999 304 1014 327
face 0.848034679889679 195 0 210 20
face 0.8333765268325806 988 237 1002 257
face 0.7991394400596619 858 227 871 247
face 0.7990751266479492 745 228 760 248
face 0.7878180742263794 388 402 405 432
face 0.774294376373291 2 5 14 25
face 0.7592983841896057 67 9 82 29
face 0.757758378982544 860 290 875 311
face 0.7460777163505554 153 126 169 150
face 0.7312199473381042 892 399 911 423
face 0.7230095267295837 530 89 545 109
face 0.7189731001853943 846 322 864 346
face 0.6978935599327087 629 115 644 135
face 0.6898257732391357 75 411 100 442
face 0.6843078136444092 271 300 287 327
face 0.6786662340164185 509 226 525 248
face 0.6758584976196289 572 196 587 216
face 0.6536678671836853 621 324 639 348
