face 0.98108971118927 763 289 796 331
face 0.900314211845398 218 546 262 595
face 0.770766019821167 291 403 317 433
face 0.7474579811096191 220 455 251 489
face 0.7244058847427368 49 521 92 580
face 0.6805862784385681 362 424 386 453
face 0.6275713443756104 761 425 808 475
face 0.6016288995742798 142 343 162 374
face 0.5704073309898376 225 419 249 446
face 0.565622091293335 656 440 691 483
face 0.5474351048469543 989 495 1023 568
face 0.525972306728363 469 373 490 399
face 0.5130353569984436 402 404 427 434
face 0.5127835273742676 867 342 894 374
face 0.47266027331352234 867 342 894 374
face 0.4486961364746094 867 342 894 374
face 0.4330957531929016 867 342 894 374
face 0.4307749271392822 867 342 894 374
face 0.4282444715499878 867 342 894 374
face 0.4196196496486664 867 342 894 374
face 0.4036554992198944 867 342 894 374
face 0.39223796129226685 867 342 894 374
face 0.38760408759117126 867 342 894 374
face 0.37539976835250854 867 342 894 374
face 0.3695255517959595 867 342 894 374
face 0.3446456789970398 867 342 894 374
face 0.33476489782333374 867 342 894 374
face 0.3217387795448303 867 342 894 374
face 0.3216193914413452 867 342 894 374
face 0.31380510330200195 867 342 894 374
face 0.2961523234844208 867 342 894 374
face 0.29118770360946655 867 342 894 374
face 0.28848665952682495 867 342 894 374
face 0.2798123061656952 867 342 894 374
face 0.27266693115234375 867 342 894 374
face 0.2653934061527252 867 342 894 374
face 0.26496028900146484 867 342 894 374
face 0.25507238507270813 867 342 894 374
face 0.2508060336112976 867 342 894 374
face 0.23957669734954834 867 342 894 374
face 0.22523680329322815 867 342 894 374
face 0.22147783637046814 867 342 894 374
face 0.22132346034049988 867 342 894 374
face 0.2149048149585724 867 342 894 374
face 0.2077043354511261 867 342 894 374
face 0.20454758405685425 867 342 894 374
face 0.20115676522254944 867 342 894 374
face 0.1922132670879364 867 342 894 374
face 0.18941333889961243 867 342 894 374
face 0.18697822093963623 867 342 894 374
face 0.1768360137939453 867 342 894 374
face 0.1768198013305664 867 342 894 374
face 0.17263510823249817 867 342 894 374
face 0.16715699434280396 867 342 894 374
face 0.1644030213356018 867 342 894 374
face 0.15849584341049194 867 342 894 374
face 0.15674883127212524 867 342 894 374
face 0.1560494303703308 867 342 894 374
face 0.1478336751461029 867 342 894 374
face 0.14294344186782837 867 342 894 374
face 0.14201197028160095 867 342 894 374
face 0.12008476257324219 867 342 894 374
face 0.11852246522903442 867 342 894 374
face 0.11799341440200806 867 342 894 374
face 0.1169707179069519 867 342 894 374
face 0.11627668142318726 867 342 894 374
face 0.11397844552993774 867 342 894 374
face 0.11254268884658813 867 342 894 374
face 0.11073550581932068 867 342 894 374
face 0.11055931448936462 867 342 894 374
face 0.10845881700515747 867 342 894 374
face 0.10723969340324402 867 342 894 374
face 0.10694268345832825 867 342 894 374
face 0.10447686910629272 867 342 894 374
face 0.10290950536727905 867 342 894 374
face 0.10214966535568237 867 342 894 374
face 0.09461629390716553 867 342 894 374
face 0.09323844313621521 867 342 894 374
face 0.08918443322181702 867 342 894 374
face 0.0891650915145874 867 342 894 374
face 0.0867929756641388 867 342 894 374
face 0.08321014046669006 867 342 894 374
face 0.08165743947029114 867 342 894 374
face 0.08162564039230347 867 342 894 374
face 0.08161646127700806 867 342 894 374
face 0.08082452416419983 867 342 894 374
face 0.08027985692024231 867 342 894 374
face 0.07661029696464539 867 342 894 374
face 0.07416456937789917 867 342 894 374
face 0.07358649373054504 867 342 894 374
face 0.07025367021560669 867 342 894 374
face 0.06925857067108154 867 342 894 374
face 0.06890025734901428 867 342 894 374
face 0.06797271966934204 867 342 894 374
face 0.06694823503494263 867 342 894 374
face 0.06655582785606384 867 342 894 374
face 0.06633415818214417 867 342 894 374
face 0.06533437967300415 867 342 894 374
face 0.06410998106002808 867 342 894 374
face 0.0624309778213501 867 342 894 374
