face 0.9872736930847168 257 156 338 257
face 0.9864819645881653 438 155 509 262
face 0.8803751468658447 701 153 789 265
face 0.5933983325958252 594 31 667 132
face 0.3002886474132538 594 31 667 132
face 0.11370077729225159 594 31 667 132
face 0.06666642427444458 594 31 667 132
face 0.034803301095962524 594 31 667 132
face 0.031356751918792725 594 31 667 132
face 0.027361899614334106 594 31 667 132
face 0.020940542221069336 594 31 667 132
face 0.016749680042266846 594 31 667 132
face 0.01569908857345581 594 31 667 132
face 0.015570372343063354 594 31 667 132
face 0.013048529624938965 594 31 667 132
face 0.011713564395904541 594 31 667 132
face 0.010642796754837036 594 31 667 132
face 0.010614484548568726 594 31 667 132
face 0.009996801614761353 594 31 667 132
face 0.009750336408615112 594 31 667 132
face 0.009560227394104004 594 31 667 132
face 0.009268343448638916 594 31 667 132
face 0.008902758359909058 594 31 667 132
face 0.008497118949890137 594 31 667 132
face 0.008492738008499146 594 31 667 132
face 0.008091717958450317 594 31 667 132
face 0.008012950420379639 594 31 667 132
face 0.007971256971359253 594 31 667 132
face 0.007882565259933472 594 31 667 132
face 0.007445186376571655 594 31 667 132
face 0.0073937177658081055 594 31 667 132
face 0.00735098123550415 594 31 667 132
face 0.007088184356689453 594 31 667 132
face 0.006898939609527588 594 31 667 132
face 0.006805241107940674 594 31 667 132
face 0.006795257329940796 594 31 667 132
face 0.00655856728553772 594 31 667 132
face 0.006534010171890259 594 31 667 132
face 0.006501317024230957 594 31 667 132
face 0.006260663270950317 594 31 667 132
face 0.00625079870223999 594 31 667 132
face 0.006090879440307617 594 31 667 132
face 0.006090104579925537 594 31 667 132
face 0.006088763475418091 594 31 667 132
face 0.006056010723114014 594 31 667 132
face 0.006012320518493652 594 31 667 132
face 0.00574532151222229 594 31 667 132
face 0.005703866481781006 594 31 667 132
face 0.005421966314315796 594 31 667 132
face 0.005402356386184692 594 31 667 132
face 0.00539630651473999 594 31 667 132
face 0.005371600389480591 594 31 667 132
face 0.005362391471862793 594 31 667 132
face 0.005299508571624756 594 31 667 132
face 0.0050452351570129395 594 31 667 132
face 0.005023211240768433 594 31 667 132
face 0.00499337911605835 594 31 667 132
face 0.004922807216644287 594 31 667 132
face 0.004875004291534424 594 31 667 132
face 0.004829823970794678 594 31 667 132
face 0.0047716498374938965 594 31 667 132
face 0.004763126373291016 594 31 667 132
face 0.0047273337841033936 594 31 667 132
face 0.004724413156509399 594 31 667 132
face 0.004710763692855835 594 31 667 132
face 0.004604518413543701 594 31 667 132
face 0.004601597785949707 594 31 667 132
face 0.004541188478469849 594 31 667 132
face 0.004449665546417236 594 31 667 132
face 0.004413783550262451 594 31 667 132
face 0.004382312297821045 594 31 667 132
face 0.004227668046951294 594 31 667 132
face 0.004211604595184326 594 31 667 132
face 0.00419268012046814 594 31 667 132
face 0.004188120365142822 594 31 667 132
face 0.004180014133453369 594 31 667 132
face 0.004157006740570068 594 31 667 132
face 0.0041474997997283936 594 31 667 132
face 0.004122644662857056 594 31 667 132
face 0.00409206748008728 594 31 667 132
face 0.004008650779724121 594 31 667 132
face 0.004005372524261475 594 31 667 132
face 0.0039612650871276855 594 31 667 132
face 0.0039427876472473145 594 31 667 132
face 0.003830045461654663 594 31 667 132
face 0.003773331642150879 594 31 667 132
face 0.0037644803524017334 594 31 667 132
face 0.0037559568881988525 594 31 667 132
face 0.0037097036838531494 594 31 667 132
face 0.0036947429180145264 594 31 667 132
face 0.003628551959991455 594 31 667 132
face 0.0036134719848632812 594 31 667 132
face 0.0036119818687438965 594 31 667 132
face 0.003603518009185791 594 31 667 132
face 0.0035800933837890625 594 31 667 132
face 0.0035639703273773193 594 31 667 132
face 0.0035622119903564453 594 31 667 132
face 0.0035449862480163574 594 31 667 132
face 0.0035423636436462402 594 31 667 132
face 0.00353047251701355 594 31 667 132
