face 0.9993854761123657 381 133 435 194
face 0.09169068932533264 381 133 435 194
face 0.058569371700286865 381 133 435 194
face 0.031990498304367065 381 133 435 194
face 0.031960129737854004 381 133 435 194
face 0.02878621220588684 381 133 435 194
face 0.026833802461624146 381 133 435 194
face 0.02665930986404419 381 133 435 194
face 0.024777323007583618 381 133 435 194
face 0.02472737431526184 381 133 435 194
face 0.0204525887966156 381 133 435 194
face 0.01946738362312317 381 133 435 194
face 0.0192757248878479 381 133 435 194
face 0.019246965646743774 381 133 435 194
face 0.018457084894180298 381 133 435 194
face 0.018031030893325806 381 133 435 194
face 0.01699504256248474 381 133 435 194
face 0.016891002655029297 381 133 435 194
face 0.016194015741348267 381 133 435 194
face 0.015859514474868774 381 133 435 194
face 0.015661537647247314 381 133 435 194
face 0.015371322631835938 381 133 435 194
face 0.015015602111816406 381 133 435 194
face 0.014863193035125732 381 133 435 194
face 0.013591855764389038 381 133 435 194
face 0.012243390083312988 381 133 435 194
face 0.011842817068099976 381 133 435 194
face 0.011253029108047485 381 133 435 194
face 0.010858267545700073 381 133 435 194
face 0.01069536805152893 381 133 435 194
face 0.0105360746383667 381 133 435 194
face 0.010305613279342651 381 133 435 194
face 0.009949207305908203 381 133 435 194
face 0.00961989164352417 381 133 435 194
face 0.009406119585037231 381 133 435 194
face 0.009223133325576782 381 133 435 194
face 0.00908583402633667 381 133 435 194
face 0.008673310279846191 381 133 435 194
face 0.008501440286636353 381 133 435 194
face 0.008405834436416626 381 133 435 194
face 0.00783345103263855 381 133 435 194
face 0.007775455713272095 381 133 435 194
face 0.007748544216156006 381 133 435 194
face 0.007745593786239624 381 133 435 194
face 0.00751832127571106 381 133 435 194
face 0.007480025291442871 381 133 435 194
face 0.007205873727798462 381 133 435 194
face 0.007182478904724121 381 133 435 194
face 0.007106155157089233 381 133 435 194
face 0.00704270601272583 381 133 435 194
face 0.0068946778774261475 381 133 435 194
face 0.006672292947769165 381 133 435 194
face 0.006510823965072632 381 133 435 194
face 0.0065045952796936035 381 133 435 194
face 0.006503015756607056 381 133 435 194
face 0.006485730409622192 381 133 435 194
face 0.00647890567779541 381 133 435 194
face 0.00637972354888916 381 133 435 194
face 0.006376475095748901 381 133 435 194
face 0.0062889158725738525 381 133 435 194
face 0.006210446357727051 381 133 435 194
face 0.006112486124038696 381 133 435 194
face 0.006112217903137207 381 133 435 194
face 0.006083488464355469 381 133 435 194
face 0.0059822797775268555 381 133 435 194
face 0.005967944860458374 381 133 435 194
face 0.005963534116744995 381 133 435 194
face 0.0059268176555633545 381 133 435 194
face 0.005808502435684204 381 133 435 194
face 0.00562363862991333 381 133 435 194
face 0.005497187376022339 381 133 435 194
face 0.005496799945831299 381 133 435 194
face 0.005487114191055298 381 133 435 194
face 0.005414247512817383 381 133 435 194
face 0.005368232727050781 381 133 435 194
face 0.005277186632156372 381 133 435 194
face 0.005208492279052734 381 133 435 194
face 0.005192577838897705 381 133 435 194
face 0.005177855491638184 381 133 435 194
face 0.00517389178276062 381 133 435 194
face 0.005154043436050415 381 133 435 194
face 0.005145758390426636 381 133 435 194
face 0.005029916763305664 381 133 435 194
face 0.004999727010726929 381 133 435 194
face 0.004995435476303101 381 133 435 194
face 0.004927963018417358 381 133 435 194
face 0.004926174879074097 381 133 435 194
face 0.004880726337432861 381 133 435 194
face 0.004804700613021851 381 133 435 194
face 0.004781574010848999 381 133 435 194
face 0.004704415798187256 381 133 435 194
face 0.00468212366104126 381 133 435 194
face 0.004666268825531006 381 133 435 194
face 0.004553169012069702 381 133 435 194
face 0.004523783922195435 381 133 435 194
face 0.004499882459640503 381 133 435 194
face 0.004476368427276611 381 133 435 194
face 0.004456520080566406 381 133 435 194
face 0.00443720817565918 381 133 435 194
face 0.004372686147689819 381 133 435 194
