face 0.9844562411308289 453 167 468 185
face 0.9842178225517273 622 111 637 129
face 0.983730673789978 618 175 633 193
face 0.9815772771835327 81 326 98 346
face 0.9737463593482971 732 164 746 181
face 0.9723451137542725 406 326 422 344
face 0.9718285799026489 576 92 590 110
face 0.9698930382728577 741 111 756 129
face 0.9654833078384399 902 86 919 106
face 0.961414635181427 798 94 813 113
face 0.9569114446640015 205 93 218 109
face 0.9461313486099243 192 271 206 289
face 0.9457089900970459 620 361 635 379
face 0.9430357217788696 527 139 540 155
face 0.940254271030426 693 94 707 112
face 0.9336748719215393 322 272 337 291
face 0.9306946992874146 967 329 985 350
face 0.9280616044998169 845 89 861 109
face 0.9274170398712158 526 248 542 267
face 0.9257761836051941 671 117 686 135
face 0.9226778745651245 946 116 962 135
face 0.9220590591430664 269 93 282 110
face 0.9214428663253784 456 359 472 376
face 0.919713020324707 69 353 86 373
face 0.9193413257598877 834 308 850 328
face 0.9133862257003784 893 352 910 371
face 0.9126309156417847 404 201 418 218
face 0.9051306843757629 364 164 378 182
face 0.9044244289398193 370 295 386 312
face 0.903874397277832 671 167 686 185
face 0.9024487733840942 205 70 216 83
face 0.9014135003089905 59 273 75 293
face 0.9008404016494751 295 205 309 222
face 0.8967865705490112 948 87 963 106
face 0.8893386125564575 524 173 539 191
face 0.8686150908470154 520 90 534 108
face 0.8612636923789978 210 440 229 460
face 0.8569270372390747 802 220 817 240
face 0.8556337356567383 368 82 382 101
face 0.85397869348526 999 91 1012 109
face 0.85243821144104 88 294 104 313
face 0.8480443358421326 580 119 594 136
face 0.8471258282661438 468 306 483 322
face 0.8467222452163696 244 139 258 155
face 0.8456110954284668 70 90 81 105
face 0.8428474068641663 294 439 313 456
face 0.8246171474456787 678 280 693 297
face 0.8245469331741333 150 113 163 129
face 0.8155524134635925 839 336 855 355
face 0.8135371208190918 845 113 861 131
face 0.8128072023391724 206 241 221 259
face 0.8115944862365723 800 276 816 297
face 0.7966078519821167 353 337 369 354
face 0.7959961891174316 515 489 532 505
face 0.7916420698165894 806 367 822 385
face 0.79066401720047 300 246 315 263
face 0.7860349416732788 363 389 379 405
face 0.7788476943969727 999 327 1015 347
face 0.7777308225631714 681 245 696 263
face 0.7701627016067505 721 361 737 379
face 0.766987681388855 634 86 647 102
face 0.7604068517684937 887 215 904 235
face 0.7594863176345825 83 71 93 84
face 0.7500985860824585 149 268 164 286
face 0.741397500038147 451 390 468 405
face 0.7382495999336243 259 227 273 245
face 0.7345438003540039 673 149 688 166
face 0.7329572439193726 410 463 427 479
face 0.7280511260032654 487 269 502 288
face 0.7251362800598145 800 206 816 224
face 0.713878870010376 143 62 154 77
face 0.7119745016098022 243 419 259 434
face 0.70500648021698 1003 194 1019 213
face 0.7042912244796753 363 137 376 153
face 0.6942036151885986 12 410 27 426
face 0.6829724311828613 530 356 545 374
face 0.6811509132385254 66 141 79 157
face 0.6797322630882263 354 272 369 289
face 0.6731871366500854 697 305 714 323
face 0.6712897419929504 836 266 853 287
face 0.6659116148948669 185 379 199 396
face 0.6617887020111084 914 381 933 402
face 0.6576849222183228 678 64 691 81
face 0.6569347977638245 371 122 385 139
face 0.6568041443824768 326 112 340 130
face 0.6548821926116943 874 250 890 271
face 0.6544009447097778 144 90 156 104
face 0.6400821805000305 521 106 536 124
face 0.6215587258338928 648 467 666 485
face 0.6204401850700378 428 439 444 454
face 0.6173079609870911 407 296 422 313
face 0.6051740646362305 616 421 632 436
face 0.6003215909004211 371 358 388 375
face 0.5828387141227722 943 293 960 313
face 0.5777747631072998 54 464 73 485
face 0.5766588449478149 767 487 790 508
face 0.5708274841308594 160 144 173 160
face 0.5673022866249084 875 56 892 80
face 0.5632644295692444 312 421 328 437
face 0.5586775541305542 575 435 591 450
