face 0.9065443873405457 235 226 337 376
face 0.8903051614761353 156 70 234 182
face 0.7110089659690857 466 241 548 345
face 0.6530326008796692 718 253 799 357
face 0.3628957271575928 718 253 799 357
face 0.24085965752601624 718 253 799 357
face 0.23882314562797546 718 253 799 357
face 0.18437063694000244 718 253 799 357
face 0.17962747812271118 718 253 799 357
face 0.1789799928665161 718 253 799 357
face 0.16514915227890015 718 253 799 357
face 0.161548912525177 718 253 799 357
face 0.14874300360679626 718 253 799 357
face 0.13616511225700378 718 253 799 357
face 0.12955886125564575 718 253 799 357
face 0.12514644861221313 718 253 799 357
face 0.1222521960735321 718 253 799 357
face 0.11173215508460999 718 253 799 357
face 0.11129766702651978 718 253 799 357
face 0.10647597908973694 718 253 799 357
face 0.10176900029182434 718 253 799 357
face 0.09105724096298218 718 253 799 357
face 0.07591995596885681 718 253 799 357
face 0.0711829662322998 718 253 799 357
face 0.07103288173675537 718 253 799 357
face 0.07068055868148804 718 253 799 357
face 0.06646215915679932 718 253 799 357
face 0.06497782468795776 718 253 799 357
face 0.06399422883987427 718 253 799 357
face 0.06276875734329224 718 253 799 357
face 0.06255319714546204 718 253 799 357
face 0.059678494930267334 718 253 799 357
face 0.05957040190696716 718 253 799 357
face 0.059080302715301514 718 253 799 357
face 0.057738661766052246 718 253 799 357
face 0.05194690823554993 718 253 799 357
face 0.04905170202255249 718 253 799 357
face 0.04862034320831299 718 253 799 357
face 0.04803308844566345 718 253 799 357
face 0.04709923267364502 718 253 799 357
face 0.04662734270095825 718 253 799 357
face 0.044683098793029785 718 253 799 357
face 0.044388771057128906 718 253 799 357
face 0.04400491714477539 718 253 799 357
face 0.043774187564849854 718 253 799 357
face 0.04314664006233215 718 253 799 357
face 0.041970670223236084 718 253 799 357
face 0.04137521982192993 718 253 799 357
face 0.039584338665008545 718 253 799 357
face 0.03951054811477661 718 253 799 357
face 0.038039326667785645 718 253 799 357
face 0.037453651428222656 718 253 799 357
face 0.035510361194610596 718 253 799 357
face 0.033269673585891724 718 253 799 357
face 0.033135414123535156 718 253 799 357
face 0.032988041639328 718 253 799 357
face 0.032673001289367676 718 253 799 357
face 0.032572269439697266 718 253 799 357
face 0.032568514347076416 718 253 799 357
face 0.03144821524620056 718 253 799 357
face 0.03133749961853027 718 253 799 357
face 0.030761271715164185 718 253 799 357
face 0.03064250946044922 718 253 799 357
face 0.0302983820438385 718 253 799 357
face 0.030242085456848145 718 253 799 357
face 0.03015395998954773 718 253 799 357
face 0.029967546463012695 718 253 799 357
face 0.028475016355514526 718 253 799 357
face 0.027474433183670044 718 253 799 357
face 0.026722967624664307 718 253 799 357
face 0.02669200301170349 718 253 799 357
face 0.026380479335784912 718 253 799 357
face 0.02581992745399475 718 253 799 357
face 0.025668680667877197 718 253 799 357
face 0.025609374046325684 718 253 799 357
face 0.025592893362045288 718 253 799 357
face 0.025485187768936157 718 253 799 357
face 0.025111377239227295 718 253 799 357
face 0.025030195713043213 718 253 799 357
face 0.02460041642189026 718 253 799 357
face 0.024320006370544434 718 253 799 357
face 0.02296343445777893 718 253 799 357
face 0.022963345050811768 718 253 799 357
face 0.02210637927055359 718 253 799 357
face 0.022093892097473145 718 253 799 357
face 0.021707117557525635 718 253 799 357
face 0.02167573571205139 718 253 799 357
face 0.021492600440979004 718 253 799 357
face 0.020807623863220215 718 253 799 357
face 0.020631074905395508 718 253 799 357
face 0.019997239112854004 718 253 799 357
face 0.019970625638961792 718 253 799 357
face 0.019866108894348145 718 253 799 357
face 0.01961532235145569 718 253 799 357
face 0.0191575288772583 718 253 799 357
face 0.018585234880447388 718 253 799 357
face 0.018562227487564087 718 253 799 357
face 0.018288075923919678 718 253 799 357
face 0.018064290285110474 718 253 799 357
face 0.0180320143699646 718 253 799 357
