face 0.9985642433166504 739 486 803 550
face 0.9982675313949585 879 459 917 497
face 0.9963539838790894 819 436 849 473
face 0.9955773949623108 367 370 389 395
face 0.9945532083511353 776 371 795 394
face 0.9933826923370361 72 467 113 519
face 0.9917407631874084 939 336 958 357
face 0.9916073679924011 82 392 108 422
face 0.9898422956466675 565 369 585 391
face 0.9872667789459229 188 433 216 464
face 0.9851030111312866 244 370 262 390
face 0.9846659898757935 624 374 646 398
face 0.9823335409164429 309 371 325 390
face 0.9804292321205139 894 333 910 353
face 0.9798449277877808 173 531 235 591
face 0.9789453744888306 929 418 961 453
face 0.9773072004318237 727 396 751 423
face 0.9763817191123962 461 370 479 391
face 0.9758802652359009 840 379 859 402
face 0.9751954674720764 193 472 228 509
face 0.973652184009552 796 405 820 431
face 0.972940981388092 584 460 622 497
face 0.9714126586914062 56 373 74 395
face 0.9696894884109497 619 503 664 552
face 0.9691957831382751 622 342 638 361
face 0.9663779735565186 678 370 697 392
face 0.9641982316970825 571 340 585 357
face 0.9609584808349609 938 398 963 425
face 0.9569746255874634 300 437 329 468
face 0.9552521705627441 299 490 341 534
face 0.9546115398406982 675 393 701 420
face 0.9524363279342651 244 411 268 439
face 0.9522602558135986 122 338 138 356
face 0.9387356638908386 737 437 769 471
face 0.9385516047477722 289 409 314 436
face 0.9278572797775269 455 454 494 492
face 0.9262758493423462 990 334 1006 354
face 0.9251562356948853 952 464 987 500
face 0.9207019805908203 895 392 916 418
face 0.9130701422691345 606 409 634 439
face 0.9037672281265259 1000 438 1024 474
face 0.9000023603439331 186 369 203 390
face 0.8970566987991333 429 373 446 395
face 0.892462968826294 512 355 535 383
face 0.8916488885879517 18 371 36 396
face 0.8870503902435303 462 339 476 356
face 0.8813983798027039 322 471 361 511
face 0.8802272081375122 188 337 200 352
face 0.880038857460022 725 372 744 394
face 0.8708738088607788 153 377 171 397
face 0.8570449948310852 271 456 305 492
face 0.8556787371635437 404 399 427 425
face 0.8453472852706909 241 345 254 359
face 0.8440115451812744 406 336 418 352
face 0.8410784006118774 64 342 74 355
face 0.8396362066268921 511 345 528 366
face 0.8364660143852234 581 410 610 440
face 0.8345714211463928 899 510 963 575
face 0.8341187238693237 848 308 859 324
face 0.8290694952011108 358 336 370 352
face 0.8207499980926514 306 342 317 355
face 0.8014280796051025 443 441 475 471
face 0.7962595224380493 986 400 1007 426
face 0.7961012125015259 437 503 475 546
face 0.794865071773529 129 417 159 453
face 0.7917441129684448 1007 357 1024 382
face 0.7880972623825073 449 412 474 438
face 0.7565034627914429 834 397 856 422
face 0.7414813041687012 184 410 206 435
face 0.7019000053405762 134 407 161 437
face 0.6931978464126587 671 345 684 362
face 0.6806284785270691 420 428 447 460
face 0.6765754818916321 234 425 261 456
face 0.6691051721572876 18 349 27 360
face 0.6686291694641113 906 301 918 316
face 0.6599229574203491 966 462 1001 503
face 0.6287099719047546 10 478 60 539
face 0.6145641207695007 388 546 441 612
face 0.5915489792823792 678 605 741 666
face 0.5581122040748596 730 305 743 323
face 0.5315445065498352 336 391 360 418
face 0.5269551277160645 679 457 710 494
face 0.5257665514945984 460 622 528 683
face 0.522093653678894 725 351 738 367
face 0.5050211548805237 404 324 413 336
face 0.4840114116668701 404 324 413 336
face 0.4699990153312683 404 324 413 336
face 0.4697793126106262 404 324 413 336
face 0.4481041729450226 404 324 413 336
face 0.4421001374721527 404 324 413 336
face 0.40358519554138184 404 324 413 336
face 0.37929439544677734 404 324 413 336
face 0.358974426984787 404 324 413 336
face 0.34158244729042053 404 324 413 336
face 0.3282260298728943 404 324 413 336
face 0.28007322549819946 404 324 413 336
face 0.2644209861755371 404 324 413 336
face 0.2509429454803467 404 324 413 336
face 0.24831721186637878 404 324 413 336
face 0.23738959431648254 404 324 413 336
