face 0.2939850091934204 404 324 413 336
face 0.14916563034057617 404 324 413 336
face 0.09091827273368835 404 324 413 336
face 0.058853209018707275 404 324 413 336
face 0.04676583409309387 404 324 413 336
face 0.03756299614906311 404 324 413 336
face 0.03481706976890564 404 324 413 336
face 0.03377014398574829 404 324 413 336
face 0.031062543392181396 404 324 413 336
face 0.030978888273239136 404 324 413 336
face 0.030208349227905273 404 324 413 336
face 0.030142933130264282 404 324 413 336
face 0.02785465121269226 404 324 413 336
face 0.026028990745544434 404 324 413 336
face 0.024762064218521118 404 324 413 336
face 0.02475649118423462 404 324 413 336
face 0.024546712636947632 404 324 413 336
face 0.024330049753189087 404 324 413 336
face 0.02394774556159973 404 324 413 336
face 0.023675084114074707 404 324 413 336
face 0.02280968427658081 404 324 413 336
face 0.022363901138305664 404 324 413 336
face 0.021797746419906616 404 324 413 336
face 0.02173161506652832 404 324 413 336
face 0.021463483572006226 404 324 413 336
face 0.021286338567733765 404 324 413 336
face 0.021162301301956177 404 324 413 336
face 0.02056485414505005 404 324 413 336
face 0.01978394389152527 404 324 413 336
face 0.01943439245223999 404 324 413 336
face 0.019433677196502686 404 324 413 336
face 0.018760502338409424 404 324 413 336
face 0.018712103366851807 404 324 413 336
face 0.018697887659072876 404 324 413 336
face 0.01777026057243347 404 324 413 336
face 0.01752150058746338 404 324 413 336
face 0.01734033226966858 404 324 413 336
face 0.01630541682243347 404 324 413 336
face 0.015992313623428345 404 324 413 336
face 0.015390396118164062 404 324 413 336
face 0.014962643384933472 404 324 413 336
face 0.014797627925872803 404 324 413 336
face 0.01472499966621399 404 324 413 336
face 0.014627844095230103 404 324 413 336
face 0.014489710330963135 404 324 413 336
face 0.01408568024635315 404 324 413 336
face 0.013950884342193604 404 324 413 336
face 0.01391252875328064 404 324 413 336
face 0.013780832290649414 404 324 413 336
face 0.013672828674316406 404 324 413 336
face 0.012788355350494385 404 324 413 336
face 0.012659311294555664 404 324 413 336
face 0.012490570545196533 404 324 413 336
face 0.012449830770492554 404 324 413 336
face 0.012374252080917358 404 324 413 336
face 0.012301236391067505 404 324 413 336
face 0.011906594038009644 404 324 413 336
face 0.011883676052093506 404 324 413 336
face 0.011590033769607544 404 324 413 336
face 0.011498034000396729 404 324 413 336
face 0.011263787746429443 404 324 413 336
face 0.011168211698532104 404 324 413 336
face 0.011086970567703247 404 324 413 336
face 0.011086255311965942 404 324 413 336
face 0.010951608419418335 404 324 413 336
face 0.01088029146194458 404 324 413 336
face 0.010764390230178833 404 324 413 336
face 0.010744750499725342 404 324 413 336
face 0.010714203119277954 404 324 413 336
face 0.010607779026031494 404 324 413 336
face 0.010399192571640015 404 324 413 336
face 0.010275721549987793 404 324 413 336
face 0.010239273309707642 404 324 413 336
face 0.010213285684585571 404 324 413 336
face 0.010109394788742065 404 324 413 336
face 0.010038405656814575 404 324 413 336
face 0.009960681200027466 404 324 413 336
face 0.009950727224349976 404 324 413 336
face 0.009908199310302734 404 324 413 336
face 0.009895503520965576 404 324 413 336
face 0.00978761911392212 404 324 413 336
face 0.00971481204032898 404 324 413 336
face 0.009713023900985718 404 324 413 336
face 0.009549885988235474 404 324 413 336
face 0.009449899196624756 404 324 413 336
face 0.009423285722732544 404 324 413 336
face 0.009297162294387817 404 324 413 336
face 0.009135454893112183 404 324 413 336
face 0.009103953838348389 404 324 413 336
face 0.008994758129119873 404 324 413 336
face 0.00886186957359314 404 324 413 336
face 0.008793115615844727 404 324 413 336
face 0.008765190839767456 404 324 413 336
face 0.008668899536132812 404 324 413 336
face 0.008643567562103271 404 324 413 336
face 0.008594691753387451 404 324 413 336
face 0.008528023958206177 404 324 413 336
face 0.008434802293777466 404 324 413 336
face 0.008287042379379272 404 324 413 336
face 0.008168429136276245 404 324 413 336
