face 0.9979348182678223 154 361 214 435
face 0.9624701738357544 321 337 391 425
face 0.7029306292533875 403 354 449 415
face 0.6069993376731873 553 134 634 224
face 0.21138066053390503 553 134 634 224
face 0.17912960052490234 553 134 634 224
face 0.17288857698440552 553 134 634 224
face 0.17187368869781494 553 134 634 224
face 0.0705244243144989 553 134 634 224
face 0.06984016299247742 553 134 634 224
face 0.05743962526321411 553 134 634 224
face 0.051436662673950195 553 134 634 224
face 0.05069249868392944 553 134 634 224
face 0.05030927062034607 553 134 634 224
face 0.04054221510887146 553 134 634 224
face 0.03966802358627319 553 134 634 224
face 0.027888476848602295 553 134 634 224
face 0.02725490927696228 553 134 634 224
face 0.026808321475982666 553 134 634 224
face 0.02280774712562561 553 134 634 224
face 0.020763009786605835 553 134 634 224
face 0.019938915967941284 553 134 634 224
face 0.01910996437072754 553 134 634 224
face 0.01894557476043701 553 134 634 224
face 0.018419891595840454 553 134 634 224
face 0.018208175897598267 553 134 634 224
face 0.018045663833618164 553 134 634 224
face 0.017747044563293457 553 134 634 224
face 0.01766139268875122 553 134 634 224
face 0.01702970266342163 553 134 634 224
face 0.016247689723968506 553 134 634 224
face 0.015740036964416504 553 134 634 224
face 0.015695273876190186 553 134 634 224
face 0.015287429094314575 553 134 634 224
face 0.01515209674835205 553 134 634 224
face 0.015132606029510498 553 134 634 224
face 0.015105724334716797 553 134 634 224
face 0.014619499444961548 553 134 634 224
face 0.01442369818687439 553 134 634 224
face 0.013930171728134155 553 134 634 224
face 0.013876199722290039 553 134 634 224
face 0.01370188593864441 553 134 634 224
face 0.013625919818878174 553 134 634 224
face 0.013268381357192993 553 134 634 224
face 0.013253778219223022 553 134 634 224
face 0.013244599103927612 553 134 634 224
face 0.012944042682647705 553 134 634 224
face 0.012915372848510742 553 134 634 224
face 0.012826293706893921 553 134 634 224
face 0.012716680765151978 553 134 634 224
face 0.01269686222076416 553 134 634 224
face 0.012535542249679565 553 134 634 224
face 0.012071043252944946 553 134 634 224
face 0.0120333731174469 553 134 634 224
face 0.011527538299560547 553 134 634 224
face 0.011035948991775513 553 134 634 224
face 0.010891526937484741 553 134 634 224
face 0.010775953531265259 553 134 634 224
face 0.010416865348815918 553 134 634 224
face 0.01026087999343872 553 134 634 224
face 0.010169386863708496 553 134 634 224
face 0.010148763656616211 553 134 634 224
face 0.009944379329681396 553 134 634 224
face 0.009918272495269775 553 134 634 224
face 0.009849876165390015 553 134 634 224
face 0.0097561776638031 553 134 634 224
face 0.009742289781570435 553 134 634 224
face 0.00957721471786499 553 134 634 224
face 0.009546816349029541 553 134 634 224
face 0.009313195943832397 553 134 634 224
face 0.009175747632980347 553 134 634 224
face 0.009110838174819946 553 134 634 224
face 0.009097099304199219 553 134 634 224
face 0.009005159139633179 553 134 634 224
face 0.008852958679199219 553 134 634 224
face 0.008846908807754517 553 134 634 224
face 0.008768051862716675 553 134 634 224
face 0.008713096380233765 553 134 634 224
face 0.008702337741851807 553 134 634 224
face 0.008507907390594482 553 134 634 224
face 0.00847432017326355 553 134 634 224
face 0.00829547643661499 553 134 634 224
face 0.008276373147964478 553 134 634 224
face 0.008128046989440918 553 134 634 224
face 0.008077055215835571 553 134 634 224
face 0.00807178020477295 553 134 634 224
face 0.008062899112701416 553 134 634 224
face 0.007936686277389526 553 134 634 224
face 0.007870733737945557 553 134 634 224
face 0.007856994867324829 553 134 634 224
face 0.007837116718292236 553 134 634 224
face 0.00781431794166565 553 134 634 224
face 0.007724851369857788 553 134 634 224
face 0.007697045803070068 553 134 634 224
face 0.007692813873291016 553 134 634 224
face 0.007559984922409058 553 134 634 224
face 0.0075591206550598145 553 134 634 224
face 0.007493466138839722 553 134 634 224
face 0.007445931434631348 553 134 634 224
face 0.007355332374572754 553 134 634 224
