face 0.9947105050086975 507 127 630 290
face 0.9720189571380615 100 67 242 226
face 0.9710177183151245 390 103 499 245
face 0.9183937311172485 260 158 343 255
face 0.9114154577255249 789 116 851 200
face 0.7529040575027466 849 138 936 245
face 0.44999033212661743 849 138 936 245
face 0.3778117895126343 849 138 936 245
face 0.20009812712669373 849 138 936 245
face 0.19498023390769958 849 138 936 245
face 0.1561797559261322 849 138 936 245
face 0.14301934838294983 849 138 936 245
face 0.08187732100486755 849 138 936 245
face 0.07138347625732422 849 138 936 245
face 0.05786779522895813 849 138 936 245
face 0.05152401328086853 849 138 936 245
face 0.039949387311935425 849 138 936 245
face 0.03819382190704346 849 138 936 245
face 0.03767058253288269 849 138 936 245
face 0.03150942921638489 849 138 936 245
face 0.02806738018989563 849 138 936 245
face 0.026654809713363647 849 138 936 245
face 0.02583363652229309 849 138 936 245
face 0.024417370557785034 849 138 936 245
face 0.024171829223632812 849 138 936 245
face 0.02405226230621338 849 138 936 245
face 0.02289104461669922 849 138 936 245
face 0.022572576999664307 849 138 936 245
face 0.02199569344520569 849 138 936 245
face 0.02163603901863098 849 138 936 245
face 0.01986086368560791 849 138 936 245
face 0.017971813678741455 849 138 936 245
face 0.017736703157424927 849 138 936 245
face 0.017485231161117554 849 138 936 245
face 0.01702558994293213 849 138 936 245
face 0.01635289192199707 849 138 936 245
face 0.015953272581100464 849 138 936 245
face 0.015903472900390625 849 138 936 245
face 0.01582774519920349 849 138 936 245
face 0.015243113040924072 849 138 936 245
face 0.015127092599868774 849 138 936 245
face 0.014947474002838135 849 138 936 245
face 0.014845579862594604 849 138 936 245
face 0.014575868844985962 849 138 936 245
face 0.014257282018661499 849 138 936 245
face 0.014090865850448608 849 138 936 245
face 0.014026463031768799 849 138 936 245
face 0.013962030410766602 849 138 936 245
face 0.013631969690322876 849 138 936 245
face 0.013519972562789917 849 138 936 245
face 0.013402611017227173 849 138 936 245
face 0.012999653816223145 849 138 936 245
face 0.012490570545196533 849 138 936 245
face 0.012030571699142456 849 138 936 245
face 0.011991709470748901 849 138 936 245
face 0.011768609285354614 849 138 936 245
face 0.011701315641403198 849 138 936 245
face 0.011699080467224121 849 138 936 245
face 0.011693328619003296 849 138 936 245
face 0.011632531881332397 849 138 936 245
face 0.011609494686126709 849 138 936 245
face 0.011398762464523315 849 138 936 245
face 0.011183947324752808 849 138 936 245
face 0.01109379529953003 849 138 936 245
face 0.011059373617172241 849 138 936 245
face 0.010775178670883179 849 138 936 245
face 0.010746181011199951 849 138 936 245
face 0.010679900646209717 849 138 936 245
face 0.010589569807052612 849 138 936 245
face 0.010449022054672241 849 138 936 245
face 0.010355502367019653 849 138 936 245
face 0.010283797979354858 849 138 936 245
face 0.010276377201080322 849 138 936 245
face 0.01013946533203125 849 138 936 245
face 0.010120600461959839 849 138 936 245
face 0.009897589683532715 849 138 936 245
face 0.00967174768447876 849 138 936 245
face 0.009653449058532715 849 138 936 245
face 0.009545862674713135 849 138 936 245
face 0.009419113397598267 849 138 936 245
face 0.009373754262924194 849 138 936 245
face 0.009327530860900879 849 138 936 245
face 0.009265750646591187 849 138 936 245
face 0.009149104356765747 849 138 936 245
face 0.009142190217971802 849 138 936 245
face 0.009081453084945679 849 138 936 245
face 0.00907367467880249 849 138 936 245
face 0.00905570387840271 849 138 936 245
face 0.00879719853401184 849 138 936 245
face 0.008697658777236938 849 138 936 245
face 0.00869259238243103 849 138 936 245
face 0.008493393659591675 849 138 936 245
face 0.00847160816192627 849 138 936 245
face 0.008397430181503296 849 138 936 245
face 0.008340507745742798 849 138 936 245
face 0.008073568344116211 849 138 936 245
face 0.008045107126235962 849 138 936 245
face 0.007975995540618896 849 138 936 245
face 0.00790715217590332 849 138 936 245
face 0.007773667573928833 849 138 936 245
