face 0.9842071533203125 688 34 803 194
face 0.9718834161758423 879 204 925 257
face 0.9628475904464722 571 137 640 216
face 0.9617912173271179 269 137 349 231
face 0.9475306272506714 484 177 532 244
face 0.9155908823013306 356 146 417 221
face 0.838058590888977 538 157 580 216
face 0.8181911706924438 194 178 253 243
face 0.7941551208496094 921 251 1024 420
face 0.5857080221176147 770 148 833 218
face 0.550610363483429 332 143 401 229
face 0.3857342302799225 332 143 401 229
face 0.29737943410873413 332 143 401 229
face 0.2668553590774536 332 143 401 229
face 0.1755572259426117 332 143 401 229
face 0.16324156522750854 332 143 401 229
face 0.16199412941932678 332 143 401 229
face 0.1565750241279602 332 143 401 229
face 0.15192070603370667 332 143 401 229
face 0.14310264587402344 332 143 401 229
face 0.10937687754631042 332 143 401 229
face 0.10691505670547485 332 143 401 229
face 0.10510122776031494 332 143 401 229
face 0.09750786423683167 332 143 401 229
face 0.07761996984481812 332 143 401 229
face 0.06969031691551208 332 143 401 229
face 0.06852245330810547 332 143 401 229
face 0.06687220931053162 332 143 401 229
face 0.05906417965888977 332 143 401 229
face 0.054045140743255615 332 143 401 229
face 0.05223378539085388 332 143 401 229
face 0.05099940299987793 332 143 401 229
face 0.05014178156852722 332 143 401 229
face 0.04536774754524231 332 143 401 229
face 0.04530835151672363 332 143 401 229
face 0.04240661859512329 332 143 401 229
face 0.03621944785118103 332 143 401 229
face 0.03475075960159302 332 143 401 229
face 0.03206709027290344 332 143 401 229
face 0.03189963102340698 332 143 401 229
face 0.03118988871574402 332 143 401 229
face 0.030513525009155273 332 143 401 229
face 0.030305683612823486 332 143 401 229
face 0.029356926679611206 332 143 401 229
face 0.026468425989151 332 143 401 229
face 0.025823265314102173 332 143 401 229
face 0.02463856339454651 332 143 401 229
face 0.02462160587310791 332 143 401 229
face 0.02410423755645752 332 143 401 229
face 0.02376493811607361 332 143 401 229
face 0.02375045418739319 332 143 401 229
face 0.023573637008666992 332 143 401 229
face 0.02345779538154602 332 143 401 229
face 0.02283167839050293 332 143 401 229
face 0.020695418119430542 332 143 401 229
face 0.020672470331192017 332 143 401 229
face 0.02000090479850769 332 143 401 229
face 0.019618511199951172 332 143 401 229
face 0.01861870288848877 332 143 401 229
face 0.0171642005443573 332 143 401 229
face 0.017007559537887573 332 143 401 229
face 0.016673266887664795 332 143 401 229
face 0.01664486527442932 332 143 401 229
face 0.016020208597183228 332 143 401 229
face 0.01569509506225586 332 143 401 229
face 0.015529811382293701 332 143 401 229
face 0.015060245990753174 332 143 401 229
face 0.014935344457626343 332 143 401 229
face 0.014757871627807617 332 143 401 229
face 0.01442214846611023 332 143 401 229
face 0.014256775379180908 332 143 401 229
face 0.013945311307907104 332 143 401 229
face 0.013798445463180542 332 143 401 229
face 0.013683497905731201 332 143 401 229
face 0.013177037239074707 332 143 401 229
face 0.013094067573547363 332 143 401 229
face 0.012908846139907837 332 143 401 229
face 0.012870460748672485 332 143 401 229
face 0.012828797101974487 332 143 401 229
face 0.012604475021362305 332 143 401 229
face 0.012589126825332642 332 143 401 229
face 0.012326210737228394 332 143 401 229
face 0.012297749519348145 332 143 401 229
face 0.012098729610443115 332 143 401 229
face 0.012086838483810425 332 143 401 229
face 0.012042373418807983 332 143 401 229
face 0.011993438005447388 332 143 401 229
face 0.011844724416732788 332 143 401 229
face 0.011508285999298096 332 143 401 229
face 0.011236071586608887 332 143 401 229
face 0.011189162731170654 332 143 401 229
face 0.01118457317352295 332 143 401 229
face 0.011136740446090698 332 143 401 229
face 0.011040210723876953 332 143 401 229
face 0.010720431804656982 332 143 401 229
face 0.010497838258743286 332 143 401 229
face 0.01009264588356018 332 143 401 229
face 0.010091632604598999 332 143 401 229
face 0.010046720504760742 332 143 401 229
face 0.010033994913101196 332 143 401 229
