face 0.989652156829834 165 426 194 465
face 0.9689364433288574 258 444 280 473
face 0.922232449054718 668 442 685 464
face 0.8479078412055969 1 472 25 503
face 0.7547193765640259 719 410 738 436
face 0.5913195610046387 902 444 912 457
face 0.5821008682250977 851 447 862 464
face 0.530683159828186 336 464 356 491
face 0.5099436640739441 404 447 423 472
face 0.49745261669158936 404 447 423 472
face 0.3687472343444824 404 447 423 472
face 0.349989116191864 404 447 423 472
face 0.3477625250816345 404 447 423 472
face 0.3424462378025055 404 447 423 472
face 0.2810631990432739 404 447 423 472
face 0.27941203117370605 404 447 423 472
face 0.2723669707775116 404 447 423 472
face 0.2287573218345642 404 447 423 472
face 0.21554318070411682 404 447 423 472
face 0.18479597568511963 404 447 423 472
face 0.16479447484016418 404 447 423 472
face 0.15490734577178955 404 447 423 472
face 0.15402978658676147 404 447 423 472
face 0.14744356274604797 404 447 423 472
face 0.1462538242340088 404 447 423 472
face 0.1439571976661682 404 447 423 472
face 0.13546934723854065 404 447 423 472
face 0.13152393698692322 404 447 423 472
face 0.13016724586486816 404 447 423 472
face 0.12965205311775208 404 447 423 472
face 0.12256962060928345 404 447 423 472
face 0.1183340847492218 404 447 423 472
face 0.11191213130950928 404 447 423 472
face 0.11046627163887024 404 447 423 472
face 0.1064569354057312 404 447 423 472
face 0.10387951135635376 404 447 423 472
face 0.10173875093460083 404 447 423 472
face 0.0969092845916748 404 447 423 472
face 0.09542208909988403 404 447 423 472
face 0.0916801393032074 404 447 423 472
face 0.09162971377372742 404 447 423 472
face 0.08507347106933594 404 447 423 472
face 0.08443647623062134 404 447 423 472
face 0.082846999168396 404 447 423 472
face 0.08161050081253052 404 447 423 472
face 0.08112996816635132 404 447 423 472
face 0.07241696119308472 404 447 423 472
face 0.07050278782844543 404 447 423 472
face 0.06946703791618347 404 447 423 472
face 0.06743758916854858 404 447 423 472
face 0.06722813844680786 404 447 423 472
face 0.06583574414253235 404 447 423 472
face 0.06538546085357666 404 447 423 472
face 0.06528222560882568 404 447 423 472
face 0.06475746631622314 404 447 423 472
face 0.06436404585838318 404 447 423 472
face 0.06344446539878845 404 447 423 472
face 0.0627199113368988 404 447 423 472
face 0.06206643581390381 404 447 423 472
face 0.061303287744522095 404 447 423 472
face 0.05931347608566284 404 447 423 472
face 0.05780252814292908 404 447 423 472
face 0.0571494996547699 404 447 423 472
face 0.05534312129020691 404 447 423 472
face 0.0540904700756073 404 447 423 472
face 0.0538460910320282 404 447 423 472
face 0.05358603596687317 404 447 423 472
face 0.05280539393424988 404 447 423 472
face 0.052690982818603516 404 447 423 472
face 0.05200013518333435 404 447 423 472
face 0.051721006631851196 404 447 423 472
face 0.05106613039970398 404 447 423 472
face 0.050796717405319214 404 447 423 472
face 0.05035513639450073 404 447 423 472
face 0.04880785942077637 404 447 423 472
face 0.04635143280029297 404 447 423 472
face 0.04619547724723816 404 447 423 472
face 0.044832080602645874 404 447 423 472
face 0.04466339945793152 404 447 423 472
face 0.04289570450782776 404 447 423 472
face 0.041661232709884644 404 447 423 472
face 0.04151880741119385 404 447 423 472
face 0.04145693778991699 404 447 423 472
face 0.04021871089935303 404 447 423 472
face 0.03991365432739258 404 447 423 472
face 0.039647191762924194 404 447 423 472
face 0.03940194845199585 404 447 423 472
face 0.03870156407356262 404 447 423 472
face 0.03806063532829285 404 447 423 472
face 0.036805301904678345 404 447 423 472
face 0.036531656980514526 404 447 423 472
face 0.035586655139923096 404 447 423 472
face 0.03496846556663513 404 447 423 472
face 0.034597963094711304 404 447 423 472
face 0.03399732708930969 404 447 423 472
face 0.03360319137573242 404 447 423 472
face 0.03346732258796692 404 447 423 472
face 0.033235758543014526 404 447 423 472
face 0.03228047490119934 404 447 423 472
face 0.03199121356010437 404 447 423 472
