face 0.9730628728866577 282 82 424 306
face 0.9286319017410278 627 219 739 375
face 0.04058188199996948 627 219 739 375
face 0.03015756607055664 627 219 739 375
face 0.01731589436531067 627 219 739 375
face 0.011982828378677368 627 219 739 375
face 0.011651217937469482 627 219 739 375
face 0.010949283838272095 627 219 739 375
face 0.009606748819351196 627 219 739 375
face 0.009259581565856934 627 219 739 375
face 0.008535712957382202 627 219 739 375
face 0.008229225873947144 627 219 739 375
face 0.008011877536773682 627 219 739 375
face 0.007603764533996582 627 219 739 375
face 0.007303059101104736 627 219 739 375
face 0.007001638412475586 627 219 739 375
face 0.006488710641860962 627 219 739 375
face 0.006353169679641724 627 219 739 375
face 0.006017476320266724 627 219 739 375
face 0.005954474210739136 627 219 739 375
face 0.005674540996551514 627 219 739 375
face 0.005226850509643555 627 219 739 375
face 0.0050122737884521484 627 219 739 375
face 0.004817456007003784 627 219 739 375
face 0.0045702457427978516 627 219 739 375
face 0.004373788833618164 627 219 739 375
face 0.004105329513549805 627 219 739 375
face 0.004063725471496582 627 219 739 375
face 0.004016369581222534 627 219 739 375
face 0.0038281381130218506 627 219 739 375
face 0.0037701427936553955 627 219 739 375
face 0.003749549388885498 627 219 739 375
face 0.0036611855030059814 627 219 739 375
face 0.003606140613555908 627 219 739 375
face 0.0035586953163146973 627 219 739 375
face 0.0033621490001678467 627 219 739 375
face 0.0032614171504974365 627 219 739 375
face 0.0032495856285095215 627 219 739 375
face 0.00322723388671875 627 219 739 375
face 0.0032195746898651123 627 219 739 375
face 0.0031850337982177734 627 219 739 375
face 0.0030121803283691406 627 219 739 375
face 0.002957373857498169 627 219 739 375
face 0.0028911828994750977 627 219 739 375
face 0.002879023551940918 627 219 739 375
face 0.002795398235321045 627 219 739 375
face 0.002673804759979248 627 219 739 375
face 0.002639979124069214 627 219 739 375
face 0.002633512020111084 627 219 739 375
face 0.0026094913482666016 627 219 739 375
face 0.0026019513607025146 627 219 739 375
face 0.002558797597885132 627 219 739 375
face 0.0025386810302734375 627 219 739 375
face 0.0025244951248168945 627 219 739 375
face 0.0025210678577423096 627 219 739 375
face 0.002474457025527954 627 219 739 375
face 0.002430140972137451 627 219 739 375
face 0.002363145351409912 627 219 739 375
face 0.0023612380027770996 627 219 739 375
face 0.0023342669010162354 627 219 739 375
face 0.0023220479488372803 627 219 739 375
face 0.0023086965084075928 627 219 739 375
face 0.0022749900817871094 627 219 739 375
face 0.0022704899311065674 627 219 739 375
face 0.0022411048412323 627 219 739 375
face 0.0022031664848327637 627 219 739 375
face 0.0020597875118255615 627 219 739 375
face 0.0020540356636047363 627 219 739 375
face 0.0020108819007873535 627 219 739 375
face 0.002004861831665039 627 219 739 375
face 0.001999408006668091 627 219 739 375
face 0.0019888579845428467 627 219 739 375
face 0.001955389976501465 627 219 739 375
face 0.0019459426403045654 627 219 739 375
face 0.0019219815731048584 627 219 739 375
face 0.0018809139728546143 627 219 739 375
face 0.0018790364265441895 627 219 739 375
face 0.0018714964389801025 627 219 739 375
face 0.0018711984157562256 627 219 739 375
face 0.0018598437309265137 627 219 739 375
face 0.0018593966960906982 627 219 739 375
face 0.0018407106399536133 627 219 739 375
face 0.001828908920288086 627 219 739 375
face 0.0018131434917449951 627 219 739 375
face 0.0018125474452972412 627 219 739 375
face 0.001812070608139038 627 219 739 375
face 0.0018111169338226318 627 219 739 375
face 0.0017635226249694824 627 219 739 375
face 0.001745373010635376 627 219 739 375
face 0.001744002103805542 627 219 739 375
face 0.0017414093017578125 627 219 739 375
face 0.0017136931419372559 627 219 739 375
face 0.001699686050415039 627 219 739 375
face 0.0016922354698181152 627 219 739 375
face 0.0016892552375793457 627 219 739 375
face 0.0016805827617645264 627 219 739 375
face 0.0016579627990722656 627 219 739 375
face 0.001627206802368164 627 219 739 375
face 0.0016235113143920898 627 219 739 375
face 0.0016212165355682373 627 219 739 375
