face 0.9910885691642761 116 111 279 340
face 0.007961958646774292 116 111 279 340
face 0.005450397729873657 116 111 279 340
face 0.004996210336685181 116 111 279 340
face 0.004913806915283203 116 111 279 340
face 0.004839003086090088 116 111 279 340
face 0.00463557243347168 116 111 279 340
face 0.004241466522216797 116 111 279 340
face 0.004207342863082886 116 111 279 340
face 0.004168093204498291 116 111 279 340
face 0.0041523277759552 116 111 279 340
face 0.004019886255264282 116 111 279 340
face 0.0037980377674102783 116 111 279 340
face 0.0036097466945648193 116 111 279 340
face 0.003574579954147339 116 111 279 340
face 0.003551304340362549 116 111 279 340
face 0.003514796495437622 116 111 279 340
face 0.0034230053424835205 116 111 279 340
face 0.0032369792461395264 116 111 279 340
face 0.003219038248062134 116 111 279 340
face 0.0032153725624084473 116 111 279 340
face 0.0030818283557891846 116 111 279 340
face 0.003027886152267456 116 111 279 340
face 0.0030017197132110596 116 111 279 340
face 0.002967149019241333 116 111 279 340
face 0.0028239786624908447 116 111 279 340
face 0.0028097927570343018 116 111 279 340
face 0.0027872323989868164 116 111 279 340
face 0.0027828216552734375 116 111 279 340
face 0.002744525671005249 116 111 279 340
face 0.002725362777709961 116 111 279 340
face 0.002713322639465332 116 111 279 340
face 0.0026953518390655518 116 111 279 340
face 0.002646148204803467 116 111 279 340
face 0.0026190578937530518 116 111 279 340
face 0.002617388963699341 116 111 279 340
face 0.0025946199893951416 116 111 279 340
face 0.002583920955657959 116 111 279 340
face 0.0025519132614135742 116 111 279 340
face 0.002535521984100342 116 111 279 340
face 0.0025299787521362305 116 111 279 340
face 0.002528578042984009 116 111 279 340
face 0.0025209784507751465 116 111 279 340
face 0.00251886248588562 116 111 279 340
face 0.0025131702423095703 116 111 279 340
face 0.002499103546142578 116 111 279 340
face 0.0024939775466918945 116 111 279 340
face 0.0024765729904174805 116 111 279 340
face 0.0024744272232055664 116 111 279 340
face 0.0024580061435699463 116 111 279 340
face 0.0024507343769073486 116 111 279 340
face 0.0024347007274627686 116 111 279 340
face 0.0024171769618988037 116 111 279 340
face 0.0024169981479644775 116 111 279 340
face 0.002414137125015259 116 111 279 340
face 0.0024057328701019287 116 111 279 340
face 0.002375662326812744 116 111 279 340
face 0.0023737549781799316 116 111 279 340
face 0.0023669302463531494 116 111 279 340
face 0.0023488104343414307 116 111 279 340
face 0.0022955238819122314 116 111 279 340
face 0.002294570207595825 116 111 279 340
face 0.0022779107093811035 116 111 279 340
face 0.0022768378257751465 116 111 279 340
face 0.0022647082805633545 116 111 279 340
face 0.0022444725036621094 116 111 279 340
face 0.00224342942237854 116 111 279 340
face 0.0022419393062591553 116 111 279 340
face 0.0022369325160980225 116 111 279 340
face 0.002229541540145874 116 111 279 340
face 0.0022088289260864258 116 111 279 340
face 0.002208501100540161 116 111 279 340
face 0.002185732126235962 116 111 279 340
face 0.0021843314170837402 116 111 279 340
face 0.0021729469299316406 116 111 279 340
face 0.0021182000637054443 116 111 279 340
face 0.0021025240421295166 116 111 279 340
face 0.002066493034362793 116 111 279 340
face 0.002065300941467285 116 111 279 340
face 0.0020571351051330566 116 111 279 340
face 0.0020472705364227295 116 111 279 340
face 0.002034783363342285 116 111 279 340
face 0.0020197629928588867 116 111 279 340
face 0.0019996464252471924 116 111 279 340
face 0.0019855797290802 116 111 279 340
face 0.0019274353981018066 116 111 279 340
face 0.0019177794456481934 116 111 279 340
face 0.0019145011901855469 116 111 279 340
face 0.001900792121887207 116 111 279 340
face 0.0018934905529022217 116 111 279 340
face 0.0018831491470336914 116 111 279 340
face 0.0018667876720428467 116 111 279 340
face 0.0018598735332489014 116 111 279 340
face 0.001858532428741455 116 111 279 340
face 0.0018538236618041992 116 111 279 340
face 0.0018408596515655518 116 111 279 340
face 0.001834779977798462 116 111 279 340
face 0.0018173754215240479 116 111 279 340
face 0.0018170177936553955 116 111 279 340
face 0.0018156468868255615 116 111 279 340
