face 0.9963036179542542 775 121 797 148
face 0.9955544471740723 254 176 278 208
face 0.991879940032959 175 244 201 281
face 0.991631269454956 138 110 160 141
face 0.9902912378311157 890 354 922 391
face 0.989936351776123 344 182 368 213
face 0.9856910705566406 295 35 314 64
face 0.9855425357818604 631 153 654 182
face 0.9852936267852783 233 69 255 100
face 0.9839833378791809 569 113 589 138
face 0.982387900352478 551 149 575 178
face 0.9819961786270142 64 107 86 139
face 0.980351448059082 866 459 898 497
face 0.9797269105911255 789 75 807 101
face 0.9757654666900635 360 114 381 141
face 0.9747860431671143 237 122 259 151
face 0.9691057801246643 130 38 150 69
face 0.9682509899139404 509 180 533 207
face 0.9675002098083496 494 257 522 291
face 0.9673588275909424 92 328 118 364
face 0.9664391279220581 467 253 495 288
face 0.9661314487457275 854 74 873 100
face 0.9660337567329407 177 36 197 66
face 0.9657105803489685 356 74 377 102
face 0.964033305644989 572 224 596 255
face 0.9621926546096802 74 39 93 70
face 0.9611566066741943 516 35 534 60
face 0.9604685306549072 568 41 586 66
face 0.960044801235199 497 127 519 154
face 0.9574977159500122 813 140 839 172
face 0.9572893381118774 943 83 960 109
face 0.9569088220596313 616 89 634 114
face 0.9527338743209839 650 425 680 469
face 0.9527323246002197 623 47 641 71
face 0.9473472833633423 496 211 520 241
face 0.946650505065918 368 42 388 68
face 0.9452526569366455 74 182 95 213
face 0.9439355134963989 619 289 642 321
face 0.9417076110839844 5 149 25 183
face 0.9412752389907837 725 502 763 547
face 0.9406311511993408 282 100 305 130
face 0.9400354623794556 404 73 424 98
face 0.9394865036010742 310 141 332 170
face 0.9393855333328247 850 117 870 143
face 0.9367541074752808 901 117 920 143
face 0.936172366142273 624 386 651 423
face 0.9359555244445801 457 31 478 58
face 0.9355783462524414 227 360 252 397
face 0.9341940879821777 459 86 479 114
face 0.9317401647567749 73 69 93 99
face 0.9310246706008911 935 186 959 215
face 0.9309999942779541 91 140 112 173
face 0.9296914339065552 946 112 965 140
face 0.9209686517715454 132 296 159 334
face 0.9199625849723816 838 34 856 59
face 0.9195699691772461 716 113 735 138
face 0.9163792729377747 359 401 386 442
face 0.9132789969444275 975 531 1003 573
face 0.9123551845550537 274 257 300 292
face 0.908200740814209 667 121 687 146
face 0.9080800414085388 264 8 284 37
face 0.9043145179748535 999 44 1018 74
face 0.9031338691711426 562 5 578 27
face 0.9022705554962158 589 82 607 106
face 0.901390016078949 620 246 643 277
face 0.8991211652755737 244 32 264 60
face 0.8944731950759888 694 85 712 108
face 0.890044093132019 400 364 426 403
face 0.8858827948570251 13 328 36 361
face 0.8848475217819214 146 2 164 28
face 0.8845555782318115 408 3 427 27
face 0.8831543326377869 70 0 86 22
face 0.8784139752388 7 31 24 61
face 0.877937376499176 622 7 638 29
face 0.8764697909355164 8 259 33 291
face 0.8749338984489441 138 80 158 108
face 0.8739767670631409 784 426 813 466
face 0.8737889528274536 64 224 89 259
face 0.8700472116470337 626 523 661 569
face 0.8695731163024902 844 319 869 351
face 0.8618818521499634 336 155 358 182
face 0.8603538274765015 403 37 422 63
face 0.858992338180542 512 4 529 27
face 0.8567972183227539 503 478 528 515
face 0.8537975549697876 733 0 750 18
face 0.8522568345069885 399 214 423 246
face 0.848035454750061 690 35 707 59
face 0.8429034948348999 568 184 591 211
face 0.8389713764190674 738 82 756 107
face 0.8353984355926514 456 361 481 396
face 0.8337284326553345 312 83 333 112
face 0.8287215232849121 791 227 813 255
face 0.8269152641296387 925 305 951 335
face 0.821816086769104 342 1 361 26
face 0.817301869392395 944 159 964 188
face 0.8162997961044312 424 147 445 176
face 0.815799355506897 134 150 155 180
face 0.8062108159065247 205 1 222 26
face 0.802168607711792 424 109 444 135
face 0.7933403253555298 979 428 1008 467
