face 0.8883901834487915 430 116 676 413
face 0.02540057897567749 430 116 676 413
face 0.024854063987731934 430 116 676 413
face 0.022208571434020996 430 116 676 413
face 0.021860718727111816 430 116 676 413
face 0.019695550203323364 430 116 676 413
face 0.018389075994491577 430 116 676 413
face 0.01787436008453369 430 116 676 413
face 0.01760798692703247 430 116 676 413
face 0.016721665859222412 430 116 676 413
face 0.016238391399383545 430 116 676 413
face 0.015464246273040771 430 116 676 413
face 0.01535460352897644 430 116 676 413
face 0.01507517695426941 430 116 676 413
face 0.014395415782928467 430 116 676 413
face 0.013957589864730835 430 116 676 413
face 0.01365286111831665 430 116 676 413
face 0.013490766286849976 430 116 676 413
face 0.01340627670288086 430 116 676 413
face 0.012915819883346558 430 116 676 413
face 0.012884199619293213 430 116 676 413
face 0.012532234191894531 430 116 676 413
face 0.012320876121520996 430 116 676 413
face 0.011983394622802734 430 116 676 413
face 0.01190844178199768 430 116 676 413
face 0.01177939772605896 430 116 676 413
face 0.011753678321838379 430 116 676 413
face 0.011672556400299072 430 116 676 413
face 0.011608928442001343 430 116 676 413
face 0.010999143123626709 430 116 676 413
face 0.010996073484420776 430 116 676 413
face 0.010934889316558838 430 116 676 413
face 0.010898739099502563 430 116 676 413
face 0.010705173015594482 430 116 676 413
face 0.010257095098495483 430 116 676 413
face 0.010234594345092773 430 116 676 413
face 0.010160595178604126 430 116 676 413
face 0.010151207447052002 430 116 676 413
face 0.010034650564193726 430 116 676 413
face 0.009865432977676392 430 116 676 413
face 0.009799778461456299 430 116 676 413
face 0.009664922952651978 430 116 676 413
face 0.009542882442474365 430 116 676 413
face 0.009531348943710327 430 116 676 413
face 0.009464144706726074 430 116 676 413
face 0.0091322660446167 430 116 676 413
face 0.009070008993148804 430 116 676 413
face 0.008954048156738281 430 116 676 413
face 0.008881032466888428 430 116 676 413
face 0.008792698383331299 430 116 676 413
face 0.008792221546173096 430 116 676 413
face 0.008718878030776978 430 116 676 413
face 0.00854918360710144 430 116 676 413
face 0.008454740047454834 430 116 676 413
face 0.008432477712631226 430 116 676 413
face 0.008298009634017944 430 116 676 413
face 0.008291631937026978 430 116 676 413
face 0.008286833763122559 430 116 676 413
face 0.00820457935333252 430 116 676 413
face 0.007992595434188843 430 116 676 413
face 0.00799185037612915 430 116 676 413
face 0.007968813180923462 430 116 676 413
face 0.007880568504333496 430 116 676 413
face 0.007848888635635376 430 116 676 413
face 0.00782749056816101 430 116 676 413
face 0.007680565118789673 430 116 676 413
face 0.007607609033584595 430 116 676 413
face 0.007560163736343384 430 116 676 413
face 0.007459104061126709 430 116 676 413
face 0.007362693548202515 430 116 676 413
face 0.007325559854507446 430 116 676 413
face 0.007301539182662964 430 116 676 413
face 0.00709223747253418 430 116 676 413
face 0.007039427757263184 430 116 676 413
face 0.006996363401412964 430 116 676 413
face 0.006946057081222534 430 116 676 413
face 0.006881237030029297 430 116 676 413
face 0.006858378648757935 430 116 676 413
face 0.006815493106842041 430 116 676 413
face 0.006786137819290161 430 116 676 413
face 0.006776332855224609 430 116 676 413
face 0.006656169891357422 430 116 676 413
face 0.006653934717178345 430 116 676 413
face 0.006599843502044678 430 116 676 413
face 0.00655326247215271 430 116 676 413
face 0.006493508815765381 430 116 676 413
face 0.006478071212768555 430 116 676 413
face 0.0063939690589904785 430 116 676 413
face 0.006389975547790527 430 116 676 413
face 0.006389796733856201 430 116 676 413
face 0.006377428770065308 430 116 676 413
face 0.006229370832443237 430 116 676 413
face 0.0061852335929870605 430 116 676 413
face 0.006166309118270874 430 116 676 413
face 0.006074368953704834 430 116 676 413
face 0.005988806486129761 430 116 676 413
face 0.005975693464279175 430 116 676 413
face 0.005953401327133179 430 116 676 413
face 0.0059129297733306885 430 116 676 413
face 0.005889713764190674 430 116 676 413
