face 0.9978196620941162 297 493 320 527
face 0.9947459697723389 86 498 111 534
face 0.9916728734970093 880 500 900 529
face 0.9911665916442871 637 206 652 230
face 0.9786324501037598 462 187 477 213
face 0.9641352891921997 982 483 1002 515
face 0.9629769921302795 778 488 795 520
face 0.9627537131309509 250 420 268 450
face 0.9614802598953247 537 506 555 536
face 0.956565260887146 202 497 226 535
face 0.9022543430328369 128 544 168 602
face 0.9002062082290649 514 179 530 205
face 0.8202306032180786 928 608 953 656
face 0.8026280403137207 564 169 581 199
face 0.6867710947990417 943 458 957 480
face 0.6479731202125549 30 522 57 561
face 0.607731819152832 132 480 153 511
face 0.5779705047607422 848 469 860 487
face 0.5228890180587769 142 414 154 434
face 0.5088967680931091 137 468 154 493
face 0.4706694781780243 137 468 154 493
face 0.43291160464286804 137 468 154 493
face 0.41424253582954407 137 468 154 493
face 0.40331849455833435 137 468 154 493
face 0.3882831931114197 137 468 154 493
face 0.35923171043395996 137 468 154 493
face 0.3552091121673584 137 468 154 493
face 0.33882012963294983 137 468 154 493
face 0.33791834115982056 137 468 154 493
face 0.3135174512863159 137 468 154 493
face 0.29716965556144714 137 468 154 493
face 0.27938389778137207 137 468 154 493
face 0.27442824840545654 137 468 154 493
face 0.2534128427505493 137 468 154 493
face 0.2408427596092224 137 468 154 493
face 0.23778411746025085 137 468 154 493
face 0.23137882351875305 137 468 154 493
face 0.226068913936615 137 468 154 493
face 0.22218134999275208 137 468 154 493
face 0.18526703119277954 137 468 154 493
face 0.17941218614578247 137 468 154 493
face 0.17800408601760864 137 468 154 493
face 0.17563161253929138 137 468 154 493
face 0.17093044519424438 137 468 154 493
face 0.15324169397354126 137 468 154 493
face 0.12989720702171326 137 468 154 493
face 0.11891859769821167 137 468 154 493
face 0.11862465739250183 137 468 154 493
face 0.10243493318557739 137 468 154 493
face 0.1008211076259613 137 468 154 493
face 0.0976642370223999 137 468 154 493
face 0.09588217735290527 137 468 154 493
face 0.09398806095123291 137 468 154 493
face 0.08908084034919739 137 468 154 493
face 0.07552781701087952 137 468 154 493
face 0.07418555021286011 137 468 154 493
face 0.0732509195804596 137 468 154 493
face 0.069578617811203 137 468 154 493
face 0.0678466260433197 137 468 154 493
face 0.06602171063423157 137 468 154 493
face 0.0652829110622406 137 468 154 493
face 0.06505993008613586 137 468 154 493
face 0.06504771113395691 137 468 154 493
face 0.06294775009155273 137 468 154 493
face 0.06132572889328003 137 468 154 493
face 0.05664384365081787 137 468 154 493
face 0.051847994327545166 137 468 154 493
face 0.05091807246208191 137 468 154 493
face 0.04943820834159851 137 468 154 493
face 0.04739886522293091 137 468 154 493
face 0.04733884334564209 137 468 154 493
face 0.04648953676223755 137 468 154 493
face 0.045313239097595215 137 468 154 493
face 0.04108142852783203 137 468 154 493
face 0.03909096121788025 137 468 154 493
face 0.03402489423751831 137 468 154 493
face 0.033733367919921875 137 468 154 493
face 0.03341001272201538 137 468 154 493
face 0.030586689710617065 137 468 154 493
face 0.030065149068832397 137 468 154 493
face 0.029206842184066772 137 468 154 493
face 0.029094547033309937 137 468 154 493
face 0.028878092765808105 137 468 154 493
face 0.02801722288131714 137 468 154 493
face 0.02785438299179077 137 468 154 493
face 0.02773234248161316 137 468 154 493
face 0.026359766721725464 137 468 154 493
face 0.02632269263267517 137 468 154 493
face 0.02626621723175049 137 468 154 493
face 0.02619454264640808 137 468 154 493
face 0.026058107614517212 137 468 154 493
face 0.02534538507461548 137 468 154 493
face 0.025006026029586792 137 468 154 493
face 0.02427425980567932 137 468 154 493
face 0.023982077836990356 137 468 154 493
face 0.02391067147254944 137 468 154 493
face 0.023885250091552734 137 468 154 493
face 0.022382378578186035 137 468 154 493
face 0.021852761507034302 137 468 154 493
face 0.020872384309768677 137 468 154 493
