face 0.999291181564331 212 129 251 181
face 0.9989153742790222 870 141 915 198
face 0.9857082366943359 787 160 823 207
face 0.861998975276947 714 153 749 202
face 0.8438047170639038 484 121 521 172
face 0.7908602952957153 361 105 405 160
face 0.772271990776062 629 114 667 168
face 0.7557786703109741 88 88 136 149
face 0.5346873998641968 293 104 320 139
face 0.08814090490341187 293 104 320 139
face 0.01960352063179016 293 104 320 139
face 0.017233729362487793 293 104 320 139
face 0.016148090362548828 293 104 320 139
face 0.015964031219482422 293 104 320 139
face 0.01490601897239685 293 104 320 139
face 0.013299822807312012 293 104 320 139
face 0.013221263885498047 293 104 320 139
face 0.013017117977142334 293 104 320 139
face 0.00907471776008606 293 104 320 139
face 0.008740037679672241 293 104 320 139
face 0.008504867553710938 293 104 320 139
face 0.008389860391616821 293 104 320 139
face 0.008167266845703125 293 104 320 139
face 0.007415860891342163 293 104 320 139
face 0.0074024200439453125 293 104 320 139
face 0.007360607385635376 293 104 320 139
face 0.0073084235191345215 293 104 320 139
face 0.0063089728355407715 293 104 320 139
face 0.006036221981048584 293 104 320 139
face 0.005639076232910156 293 104 320 139
face 0.0054521262645721436 293 104 320 139
face 0.005357593297958374 293 104 320 139
face 0.005016595125198364 293 104 320 139
face 0.004999250173568726 293 104 320 139
face 0.004993528127670288 293 104 320 139
face 0.004963427782058716 293 104 320 139
face 0.004926830530166626 293 104 320 139
face 0.0048989057540893555 293 104 320 139
face 0.00486871600151062 293 104 320 139
face 0.004854947328567505 293 104 320 139
face 0.004771620035171509 293 104 320 139
face 0.004655808210372925 293 104 320 139
face 0.004602551460266113 293 104 320 139
face 0.00456807017326355 293 104 320 139
face 0.004548072814941406 293 104 320 139
face 0.0045382678508758545 293 104 320 139
face 0.004514724016189575 293 104 320 139
face 0.004443109035491943 293 104 320 139
face 0.004407346248626709 293 104 320 139
face 0.004228025674819946 293 104 320 139
face 0.004226207733154297 293 104 320 139
face 0.0041748881340026855 293 104 320 139
face 0.0041630566120147705 293 104 320 139
face 0.004149317741394043 293 104 320 139
face 0.004113346338272095 293 104 320 139
face 0.004078775644302368 293 104 320 139
face 0.004055619239807129 293 104 320 139
face 0.0040100812911987305 293 104 320 139
face 0.003936648368835449 293 104 320 139
face 0.003931522369384766 293 104 320 139
face 0.003925979137420654 293 104 320 139
face 0.003886789083480835 293 104 320 139
face 0.0038840770721435547 293 104 320 139
face 0.0038100779056549072 293 104 320 139
face 0.003807365894317627 293 104 320 139
face 0.0037793517112731934 293 104 320 139
face 0.0037674903869628906 293 104 320 139
face 0.0037353038787841797 293 104 320 139
face 0.003733903169631958 293 104 320 139
face 0.003715306520462036 293 104 320 139
face 0.003708779811859131 293 104 320 139
face 0.0037042200565338135 293 104 320 139
face 0.003678947687149048 293 104 320 139
face 0.0036395788192749023 293 104 320 139
face 0.0036272406578063965 293 104 320 139
face 0.003574579954147339 293 104 320 139
face 0.0035223960876464844 293 104 320 139
face 0.003479689359664917 293 104 320 139
face 0.003401458263397217 293 104 320 139
face 0.0033630728721618652 293 104 320 139
face 0.0033621788024902344 293 104 320 139
face 0.00334089994430542 293 104 320 139
face 0.003268718719482422 293 104 320 139
face 0.003228694200515747 293 104 320 139
face 0.0032141506671905518 293 104 320 139
face 0.0031709671020507812 293 104 320 139
face 0.0031682252883911133 293 104 320 139
face 0.0031554698944091797 293 104 320 139
face 0.0031531155109405518 293 104 320 139
face 0.0031220614910125732 293 104 320 139
face 0.003109663724899292 293 104 320 139
face 0.0030650198459625244 293 104 320 139
face 0.002984344959259033 293 104 320 139
face 0.0029679834842681885 293 104 320 139
face 0.002955785719677806 293 104 320 139
face 0.0029228627681732178 293 104 320 139
face 0.0028529465198516846 293 104 320 139
face 0.0028506815433502197 293 104 320 139
face 0.0028157830238342285 293 104 320 139
