face 0.9996322393417358 184 373 706 1096
face 0.017390549182891846 184 373 706 1096
face 0.007227569818496704 184 373 706 1096
face 0.005377650260925293 184 373 706 1096
face 0.004920005798339844 184 373 706 1096
face 0.00359383225440979 184 373 706 1096
face 0.0034999847412109375 184 373 706 1096
face 0.0034137368202209473 184 373 706 1096
face 0.0033394694328308105 184 373 706 1096
face 0.0032841861248016357 184 373 706 1096
face 0.0032542943954467773 184 373 706 1096
face 0.0031296610832214355 184 373 706 1096
face 0.0030965209007263184 184 373 706 1096
face 0.0029662251472473145 184 373 706 1096
face 0.0029288530349731445 184 373 706 1096
face 0.002669811248779297 184 373 706 1096
face 0.0025913119316101074 184 373 706 1096
face 0.002557218074798584 184 373 706 1096
face 0.0025501549243927 184 373 706 1096
face 0.002544194459915161 184 373 706 1096
face 0.002500474452972412 184 373 706 1096
face 0.0024476945400238037 184 373 706 1096
face 0.0024390220642089844 184 373 706 1096
face 0.00241127610206604 184 373 706 1096
face 0.0023884177207946777 184 373 706 1096
face 0.0023794472217559814 184 373 706 1096
face 0.0022185444831848145 184 373 706 1096
face 0.0022124052047729492 184 373 706 1096
face 0.0022113025188446045 184 373 706 1096
face 0.00219687819480896 184 373 706 1096
face 0.0021680593490600586 184 373 706 1096
face 0.002148360013961792 184 373 706 1096
face 0.0021124184131622314 184 373 706 1096
face 0.002058953046798706 184 373 706 1096
face 0.002043783664703369 184 373 706 1096
face 0.0020405054092407227 184 373 706 1096
face 0.0019997358322143555 184 373 706 1096
face 0.0019990503787994385 184 373 706 1096
face 0.0019833147525787354 184 373 706 1096
face 0.0019815564155578613 184 373 706 1096
face 0.001952528953552246 184 373 706 1096
face 0.0019517838954925537 184 373 706 1096
face 0.001930147409439087 184 373 706 1096
face 0.001908808946609497 184 373 706 1096
face 0.0018806159496307373 184 373 706 1096
face 0.0018348991870880127 184 373 706 1096
face 0.0018297433853149414 184 373 706 1096
face 0.0017864406108856201 184 373 706 1096
face 0.0017786026000976562 184 373 706 1096
face 0.001773834228515625 184 373 706 1096
face 0.0017414093017578125 184 373 706 1096
face 0.0017406344413757324 184 373 706 1096
face 0.001739591360092163 184 373 706 1096
face 0.0017316937446594238 184 373 706 1096
face 0.0017235279083251953 184 373 706 1096
face 0.0017129480838775635 184 373 706 1096
face 0.0017123818397521973 184 373 706 1096
face 0.0017023086547851562 184 373 706 1096
face 0.001693814992904663 184 373 706 1096
face 0.0016928315162658691 184 373 706 1096
face 0.0016890168190002441 184 373 706 1096
face 0.0016838312149047852 184 373 706 1096
face 0.0016560256481170654 184 373 706 1096
face 0.001625359058380127 184 373 706 1096
face 0.0016176402568817139 184 373 706 1096
face 0.0016167759895324707 184 373 706 1096
face 0.0015834271907806396 184 373 706 1096
face 0.0015833377838134766 184 373 706 1096
face 0.0015707612037658691 184 373 706 1096
face 0.0015673637390136719 184 373 706 1096
face 0.0015633106231689453 184 373 706 1096
face 0.001552194356918335 184 373 706 1096
face 0.0015507340431213379 184 373 706 1096
face 0.0015472471714019775 184 373 706 1096
face 0.0015158355236053467 184 373 706 1096
face 0.0015135109424591064 184 373 706 1096
face 0.0015130341053009033 184 373 706 1096
face 0.001496821641921997 184 373 706 1096
face 0.001483321189880371 184 373 706 1096
face 0.0014785528182983398 184 373 706 1096
face 0.001469731330871582 184 373 706 1096
face 0.0014629960060119629 184 373 706 1096
face 0.001447051763534546 184 373 706 1096
face 0.0014391541481018066 184 373 706 1096
face 0.0014325380325317383 184 373 706 1096
face 0.0014296472072601318 184 373 706 1096
face 0.0014207661151885986 184 373 706 1096
face 0.0014196336269378662 184 373 706 1096
face 0.001395106315612793 184 373 706 1096
face 0.0013935565948486328 184 373 706 1096
face 0.0013808608055114746 184 373 706 1096
face 0.001370936632156372 184 373 706 1096
face 0.001370847225189209 184 373 706 1096
face 0.0013555288314819336 184 373 706 1096
face 0.001340329647064209 184 373 706 1096
face 0.001327604055404663 184 373 706 1096
face 0.0013238489627838135 184 373 706 1096
face 0.0012876689434051514 184 373 706 1096
face 0.001287311315536499 184 373 706 1096
face 0.0012694299221038818 184 373 706 1096
