face 0.8652561902999878 373 130 636 454
face 0.06053301692008972 373 130 636 454
face 0.0493505597114563 373 130 636 454
face 0.030200809240341187 373 130 636 454
face 0.02132555842399597 373 130 636 454
face 0.018969953060150146 373 130 636 454
face 0.01726996898651123 373 130 636 454
face 0.01516026258468628 373 130 636 454
face 0.014967948198318481 373 130 636 454
face 0.01383507251739502 373 130 636 454
face 0.013799846172332764 373 130 636 454
face 0.012528657913208008 373 130 636 454
face 0.012045323848724365 373 130 636 454
face 0.010987728834152222 373 130 636 454
face 0.010259360074996948 373 130 636 454
face 0.00980377197265625 373 130 636 454
face 0.008881360292434692 373 130 636 454
face 0.008572757244110107 373 130 636 454
face 0.00851181149482727 373 130 636 454
face 0.008238494396209717 373 130 636 454
face 0.008107960224151611 373 130 636 454
face 0.0077821314334869385 373 130 636 454
face 0.007694810628890991 373 130 636 454
face 0.007288426160812378 373 130 636 454
face 0.00710982084274292 373 130 636 454
face 0.006973206996917725 373 130 636 454
face 0.0069040656089782715 373 130 636 454
face 0.006874769926071167 373 130 636 454
face 0.006765872240066528 373 130 636 454
face 0.006735295057296753 373 130 636 454
face 0.006731510162353516 373 130 636 454
face 0.006534546613693237 373 130 636 454
face 0.006487905979156494 373 130 636 454
face 0.006475299596786499 373 130 636 454
face 0.006230264902114868 373 130 636 454
face 0.0061813294887542725 373 130 636 454
face 0.00612252950668335 373 130 636 454
face 0.005939662456512451 373 130 636 454
face 0.005915701389312744 373 130 636 454
face 0.005904197692871094 373 130 636 454
face 0.005821883678436279 373 130 636 454
face 0.005721688270568848 373 130 636 454
face 0.005709797143936157 373 130 636 454
face 0.0055043697357177734 373 130 636 454
face 0.005475521087646484 373 130 636 454
face 0.005405426025390625 373 130 636 454
face 0.005391836166381836 373 130 636 454
face 0.0053913891315460205 373 130 636 454
face 0.005380779504776001 373 130 636 454
face 0.00536307692527771 373 130 636 454
face 0.005342155694961548 373 130 636 454
face 0.005338609218597412 373 130 636 454
face 0.0053258538246154785 373 130 636 454
face 0.005205929279327393 373 130 636 454
face 0.005180001258850098 373 130 636 454
face 0.0050577521324157715 373 130 636 454
face 0.005050092935562134 373 130 636 454
face 0.005020052194595337 373 130 636 454
face 0.004921942949295044 373 130 636 454
face 0.004795879125595093 373 130 636 454
face 0.004737198352813721 373 130 636 454
face 0.004662960767745972 373 130 636 454
face 0.004539132118225098 373 130 636 454
face 0.0045125484466552734 373 130 636 454
face 0.004447638988494873 373 130 636 454
face 0.004434823989868164 373 130 636 454
face 0.004381150007247925 373 130 636 454
face 0.004378467798233032 373 130 636 454
face 0.004365712404251099 373 130 636 454
face 0.004326820373535156 373 130 636 454
face 0.004321038722991943 373 130 636 454
face 0.004318743944168091 373 130 636 454
face 0.004303932189941406 373 130 636 454
face 0.004301339387893677 373 130 636 454
face 0.004275709390640259 373 130 636 454
face 0.0042591094970703125 373 130 636 454
face 0.0042417943477630615 373 130 636 454
face 0.0042154788970947266 373 130 636 454
face 0.004209071397781372 373 130 636 454
face 0.004168599843978882 373 130 636 454
face 0.004162430763244629 373 130 636 454
face 0.004149019718170166 373 130 636 454
face 0.004132449626922607 373 130 636 454
face 0.004094243049621582 373 130 636 454
face 0.004085719585418701 373 130 636 454
face 0.004075914621353149 373 130 636 454
face 0.004038184881210327 373 130 636 454
face 0.004026830196380615 373 130 636 454
face 0.003977060317993164 373 130 636 454
face 0.003975391387939453 373 130 636 454
face 0.003971755504608154 373 130 636 454
face 0.003935068845748901 373 130 636 454
face 0.0038829147815704346 373 130 636 454
face 0.0038587749004364014 373 130 636 454
face 0.00382271409034729 373 130 636 454
face 0.003822118043899536 373 130 636 454
face 0.003791242837905884 373 130 636 454
face 0.0037735402584075928 373 130 636 454
face 0.0037533044815063477 373 130 636 454
face 0.003650158643722534 373 130 636 454
