face 0.9996963739395142 313 8 718 601
face 0.0040853023529052734 313 8 718 601
face 0.00402909517288208 313 8 718 601
face 0.003976106643676758 313 8 718 601
face 0.0039101243019104 313 8 718 601
face 0.003622710704803467 313 8 718 601
face 0.003547847270965576 313 8 718 601
face 0.0034580230712890625 313 8 718 601
face 0.003271937370300293 313 8 718 601
face 0.003222644329071045 313 8 718 601
face 0.0030929744243621826 313 8 718 601
face 0.003061920404434204 313 8 718 601
face 0.0029982924461364746 313 8 718 601
face 0.0028468668460845947 313 8 718 601
face 0.0028357505798339844 313 8 718 601
face 0.002822279930114746 313 8 718 601
face 0.0028196871280670166 313 8 718 601
face 0.0027922093868255615 313 8 718 601
face 0.0027362406253814697 313 8 718 601
face 0.002729356288909912 313 8 718 601
face 0.002693861722946167 313 8 718 601
face 0.0026111602783203125 313 8 718 601
face 0.002554982900619507 313 8 718 601
face 0.0025271475315093994 313 8 718 601
face 0.0024990737438201904 313 8 718 601
face 0.0024856925010681152 313 8 718 601
face 0.0024708211421966553 313 8 718 601
face 0.002455800771713257 313 8 718 601
face 0.002451181411743164 313 8 718 601
face 0.0024302005767822266 313 8 718 601
face 0.0024276375770568848 313 8 718 601
face 0.002423226833343506 313 8 718 601
face 0.002407670021057129 313 8 718 601
face 0.0023473501205444336 313 8 718 601
face 0.0023461580276489258 313 8 718 601
face 0.002279907464981079 313 8 718 601
face 0.002262681722640991 313 8 718 601
face 0.0022597014904022217 313 8 718 601
face 0.002254694700241089 313 8 718 601
face 0.002246081829071045 313 8 718 601
face 0.002244919538497925 313 8 718 601
face 0.002230137586593628 313 8 718 601
face 0.002200216054916382 313 8 718 601
face 0.0021965205669403076 313 8 718 601
face 0.002161383628845215 313 8 718 601
face 0.0021573901176452637 313 8 718 601
face 0.002141416072845459 313 8 718 601
face 0.0021347999572753906 313 8 718 601
face 0.002114236354827881 313 8 718 601
face 0.002111196517944336 313 8 718 601
face 0.002070903778076172 313 8 718 601
face 0.0020553767681121826 313 8 718 601
face 0.0020495951175689697 313 8 718 601
face 0.002045959234237671 313 8 718 601
face 0.002040177583694458 313 8 718 601
face 0.002030014991760254 313 8 718 601
face 0.002020925283432007 313 8 718 601
face 0.002015411853790283 313 8 718 601
face 0.0020108819007873535 313 8 718 601
face 0.0020099282264709473 313 8 718 601
face 0.0019865334033966064 313 8 718 601
face 0.0019816458225250244 313 8 718 601
face 0.001971691846847534 313 8 718 601
face 0.0019582509994506836 313 8 718 601
face 0.0019543468952178955 313 8 718 601
face 0.0019399523735046387 313 8 718 601
face 0.0019101500511169434 313 8 718 601
face 0.0019068717956542969 313 8 718 601
face 0.0018920302391052246 313 8 718 601
face 0.0018627345561981201 313 8 718 601
face 0.0018581151962280273 313 8 718 601
face 0.0018555521965026855 313 8 718 601
face 0.0018543899059295654 313 8 718 601
face 0.0018373727798461914 313 8 718 601
face 0.0018315911293029785 313 8 718 601
face 0.0018308460712432861 313 8 718 601
face 0.001824498176574707 313 8 718 601
face 0.001814335584640503 313 8 718 601
face 0.001798391342163086 313 8 718 601
face 0.0017657577991485596 313 8 718 601
face 0.0017573237419128418 313 8 718 601
face 0.001747041940689087 313 8 718 601
face 0.001733243465423584 313 8 718 601
face 0.0017245709896087646 313 8 718 601
face 0.0017220377922058105 313 8 718 601
face 0.0017070472240447998 313 8 718 601
face 0.0016879439353942871 313 8 718 601
face 0.0016807019710540771 313 8 718 601
face 0.0016689598560333252 313 8 718 601
face 0.0016575157642364502 313 8 718 601
face 0.001635819673538208 313 8 718 601
face 0.0016310811042785645 313 8 718 601
face 0.0016197562217712402 313 8 718 601
face 0.0016162991523742676 313 8 718 601
face 0.0016094446182250977 313 8 718 601
face 0.001606285572052002 313 8 718 601
face 0.0016040802001953125 313 8 718 601
face 0.001599729061126709 313 8 718 601
face 0.0015992224216461182 313 8 718 601
face 0.00158768892288208 313 8 718 601
