face 0.9976409673690796 878 208 908 251
face 0.9968664050102234 200 186 225 215
face 0.9960429668426514 937 181 963 215
face 0.9956585168838501 128 222 153 252
face 0.9955874681472778 656 215 699 272
face 0.9927965998649597 468 189 488 217
face 0.9907580614089966 727 185 752 221
face 0.9906542301177979 954 211 982 252
face 0.9896894693374634 407 188 429 218
face 0.9864417910575867 493 224 526 263
face 0.9856268167495728 362 227 392 262
face 0.9795141816139221 843 186 868 222
face 0.9630492329597473 575 211 605 248
face 0.9559106230735779 546 183 569 211
face 0.9536243081092834 65 210 87 239
face 0.9438365697860718 760 203 790 243
face 0.9109592437744141 238 213 263 241
face 0.9020971059799194 791 241 838 299
face 0.8952447772026062 1005 202 1023 246
face 0.6706570386886597 308 201 333 230
face 0.6388865113258362 302 204 328 235
face 0.4025653004646301 302 204 328 235
face 0.3853892982006073 302 204 328 235
face 0.3494788706302643 302 204 328 235
face 0.3100220561027527 302 204 328 235
face 0.2407149076461792 302 204 328 235
face 0.1711532175540924 302 204 328 235
face 0.17048034071922302 302 204 328 235
face 0.10375061631202698 302 204 328 235
face 0.09273314476013184 302 204 328 235
face 0.07825937867164612 302 204 328 235
face 0.07259854674339294 302 204 328 235
face 0.061224788427352905 302 204 328 235
face 0.04409715533256531 302 204 328 235
face 0.04345652461051941 302 204 328 235
face 0.042543500661849976 302 204 328 235
face 0.03054666519165039 302 204 328 235
face 0.017567455768585205 302 204 328 235
face 0.01717248558998108 302 204 328 235
face 0.014844030141830444 302 204 328 235
face 0.014041692018508911 302 204 328 235
face 0.01391640305519104 302 204 328 235
face 0.010761886835098267 302 204 328 235
face 0.00985148549079895 302 204 328 235
face 0.00872907042503357 302 204 328 235
face 0.008668363094329834 302 204 328 235
face 0.008478105068206787 302 204 328 235
face 0.008453160524368286 302 204 328 235
face 0.008309751749038696 302 204 328 235
face 0.007663846015930176 302 204 328 235
face 0.007646709680557251 302 204 328 235
face 0.007621079683303833 302 204 328 235
face 0.007413595914840698 302 204 328 235
face 0.0074024498462677 302 204 328 235
face 0.007284820079803467 302 204 328 235
face 0.007167518138885498 302 204 328 235
face 0.0071530938148498535 302 204 328 235
face 0.00708085298538208 302 204 328 235
face 0.007031887769699097 302 204 328 235
face 0.006615698337554932 302 204 328 235
face 0.0065375566482543945 302 204 328 235
face 0.006152242422103882 302 204 328 235
face 0.006128877401351929 302 204 328 235
face 0.00607636570930481 302 204 328 235
face 0.0059812963008880615 302 204 328 235
face 0.005973219871520996 302 204 328 235
face 0.005963951349258423 302 204 328 235
face 0.005885779857635498 302 204 328 235
face 0.005678296089172363 302 204 328 235
face 0.005486518144607544 302 204 328 235
face 0.005450457334518433 302 204 328 235
face 0.0054413676261901855 302 204 328 235
face 0.005337387323379517 302 204 328 235
face 0.004981726408004761 302 204 328 235
face 0.004889100790023804 302 204 328 235
face 0.004747331142425537 302 204 328 235
face 0.004712998867034912 302 204 328 235
face 0.004709750413894653 302 204 328 235
face 0.004351884126663208 302 204 328 235
face 0.003928810358047485 302 204 328 235
face 0.003922224044799805 302 204 328 235
face 0.0038912594318389893 302 204 328 235
face 0.0038129687309265137 302 204 328 235
face 0.0037287771701812744 302 204 328 235
face 0.003527343273162842 302 204 328 235
face 0.0034749507904052734 302 204 328 235
face 0.0034343600273132324 302 204 328 235
face 0.0033835768699645996 302 204 328 235
face 0.003190368413925171 302 204 328 235
face 0.0031782984733581543 302 204 328 235
face 0.003141433000564575 302 204 328 235
face 0.0029610097408294678 302 204 328 235
face 0.0029516220092773438 302 204 328 235
face 0.0028582215309143066 302 204 328 235
face 0.0028020739555358887 302 204 328 235
face 0.0027792751789093018 302 204 328 235
face 0.0027675628662109375 302 204 328 235
face 0.0027281343936920166 302 204 328 235
face 0.0027187764644622803 302 204 328 235
face 0.002679377794265747 302 204 328 235
