face 0.8771747946739197 460 141 558 286
face 0.008576303720474243 460 141 558 286
face 0.006402790546417236 460 141 558 286
face 0.006392687559127808 460 141 558 286
face 0.00526583194732666 460 141 558 286
face 0.0043766796588897705 460 141 558 286
face 0.004183024168014526 460 141 558 286
face 0.004145830869674683 460 141 558 286
face 0.003963500261306763 460 141 558 286
face 0.003844738006591797 460 141 558 286
face 0.00382155179977417 460 141 558 286
face 0.003602534532546997 460 141 558 286
face 0.0032141804695129395 460 141 558 286
face 0.003191232681274414 460 141 558 286
face 0.003185957670211792 460 141 558 286
face 0.0031341612339019775 460 141 558 286
face 0.003061622381210327 460 141 558 286
face 0.0030525624752044678 460 141 558 286
face 0.0030434131622314453 460 141 558 286
face 0.002918243408203125 460 141 558 286
face 0.0027492940425872803 460 141 558 286
face 0.0027027130126953125 460 141 558 286
face 0.002661466598510742 460 141 558 286
face 0.0025711655616760254 460 141 558 286
face 0.0025638341903686523 460 141 558 286
face 0.002455294132232666 460 141 558 286
face 0.002437204122543335 460 141 558 286
face 0.002408653497695923 460 141 558 286
face 0.002401381731033325 460 141 558 286
face 0.0023938417434692383 460 141 558 286
face 0.002354264259338379 460 141 558 286
face 0.0022999942302703857 460 141 558 286
face 0.002253711223602295 460 141 558 286
face 0.0022164881229400635 460 141 558 286
face 0.0022098124027252197 460 141 558 286
face 0.002179443836212158 460 141 558 286
face 0.0021720528602600098 460 141 558 286
face 0.0021453499794006348 460 141 558 286
face 0.0021282732486724854 460 141 558 286
face 0.0021103322505950928 460 141 558 286
face 0.0021037161350250244 460 141 558 286
face 0.0021009445190429688 460 141 558 286
face 0.0020327866077423096 460 141 558 286
face 0.0020093321800231934 460 141 558 286
face 0.0019672513008117676 460 141 558 286
face 0.0019661784172058105 460 141 558 286
face 0.0019660592079162598 460 141 558 286
face 0.00195920467376709 460 141 558 286
face 0.0019555389881134033 460 141 558 286
face 0.0019436478614807129 460 141 558 286
face 0.0019324719905853271 460 141 558 286
face 0.0019174516201019287 460 141 558 286
face 0.0018921196460723877 460 141 558 286
face 0.0018809139728546143 460 141 558 286
face 0.0018698573112487793 460 141 558 286
face 0.00183790922164917 460 141 558 286
face 0.0018233656883239746 460 141 558 286
face 0.0017910897731781006 460 141 558 286
face 0.0017810165882110596 460 141 558 286
face 0.001775294542312622 460 141 558 286
face 0.0017721354961395264 460 141 558 286
face 0.00177079439163208 460 141 558 286
face 0.0017464756965637207 460 141 558 286
face 0.0017409324645996094 460 141 558 286
face 0.00173872709274292 460 141 558 286
face 0.001721203327178955 460 141 558 286
face 0.0017207860946655273 460 141 558 286
face 0.001680225133895874 460 141 558 286
face 0.0016608238220214844 460 141 558 286
face 0.001632779836654663 460 141 558 286
face 0.0016148090362548828 460 141 558 286
face 0.0016113221645355225 460 141 558 286
face 0.0016056299209594727 460 141 558 286
face 0.0016019940376281738 460 141 558 286
face 0.0015862882137298584 460 141 558 286
face 0.0015810132026672363 460 141 558 286
face 0.001579582691192627 460 141 558 286
face 0.0015747249126434326 460 141 558 286
face 0.0015703141689300537 460 141 558 286
face 0.0015529394149780273 460 141 558 286
face 0.001545935869216919 460 141 558 286
face 0.0015294253826141357 460 141 558 286
face 0.0015232563018798828 460 141 558 286
face 0.0015094578266143799 460 141 558 286
face 0.0014957189559936523 460 141 558 286
face 0.001492917537689209 460 141 558 286
face 0.001490563154220581 460 141 558 286
face 0.00148695707321167 460 141 558 286
face 0.0014828145503997803 460 141 558 286
face 0.0014798641204833984 460 141 558 286
face 0.0014764964580535889 460 141 558 286
face 0.0014742910861968994 460 141 558 286
face 0.0014651715755462646 460 141 558 286
face 0.0014525055885314941 460 141 558 286
face 0.0014485716819763184 460 141 558 286
face 0.0014308393001556396 460 141 558 286
face 0.0014280378818511963 460 141 558 286
face 0.0014190077781677246 460 141 558 286
face 0.0014163553714752197 460 141 558 286
face 0.0014137625694274902 460 141 558 286
