face 0.9997353553771973 323 168 631 532
face 0.007201462984085083 323 168 631 532
face 0.004886656999588013 323 168 631 532
face 0.004500985145568848 323 168 631 532
face 0.0033752024173736572 323 168 631 532
face 0.00328671932220459 323 168 631 532
face 0.0031819045543670654 323 168 631 532
face 0.003173619508743286 323 168 631 532
face 0.0029975473880767822 323 168 631 532
face 0.002896219491958618 323 168 631 532
face 0.0028698742389678955 323 168 631 532
face 0.002696126699447632 323 168 631 532
face 0.0026192665100097656 323 168 631 532
face 0.002574414014816284 323 168 631 532
face 0.0025457441806793213 323 168 631 532
face 0.002517104148864746 323 168 631 532
face 0.002496659755706787 323 168 631 532
face 0.002495676279067993 323 168 631 532
face 0.0023920834064483643 323 168 631 532
face 0.0022939741611480713 323 168 631 532
face 0.002281785011291504 323 168 631 532
face 0.0022414028644561768 323 168 631 532
face 0.0021090805530548096 323 168 631 532
face 0.002085775136947632 323 168 631 532
face 0.0020461082458496094 323 168 631 532
face 0.001962631940841675 323 168 631 532
face 0.0019529163837432861 323 168 631 532
face 0.001934349536895752 323 168 631 532
face 0.0018248558044433594 323 168 631 532
face 0.001805722713470459 323 168 631 532
face 0.001803576946258545 323 168 631 532
face 0.0017966032028198242 323 168 631 532
face 0.0017255544662475586 323 168 631 532
face 0.0016984045505523682 323 168 631 532
face 0.001696854829788208 323 168 631 532
face 0.0016712546348571777 323 168 631 532
face 0.0016546249389648438 323 168 631 532
face 0.001628279685974121 323 168 631 532
face 0.0016245543956756592 323 168 631 532
face 0.0015632808208465576 323 168 631 532
face 0.0015610158443450928 323 168 631 532
face 0.0015544593334197998 323 168 631 532
face 0.0015295147895812988 323 168 631 532
face 0.0014694631099700928 323 168 631 532
face 0.0014593005180358887 323 168 631 532
face 0.0014586150646209717 323 168 631 532
face 0.0014539062976837158 323 168 631 532
face 0.001441359519958496 323 168 631 532
face 0.0014394819736480713 323 168 631 532
face 0.0014379322528839111 323 168 631 532
face 0.0014192759990692139 323 168 631 532
face 0.001397937536239624 323 168 631 532
face 0.0013863146305084229 323 168 631 532
face 0.001354992389678955 323 168 631 532
face 0.001352846622467041 323 168 631 532
face 0.0013365745544433594 323 168 631 532
face 0.0013273954391479492 323 168 631 532
face 0.0013270378112792969 323 168 631 532
face 0.0013040900230407715 323 168 631 532
face 0.0012964606285095215 323 168 631 532
face 0.001293778419494629 323 168 631 532
face 0.0012860298156738281 323 168 631 532
face 0.00126609206199646 323 168 631 532
face 0.0012595951557159424 323 168 631 532
face 0.0012493729591369629 323 168 631 532
face 0.001240849494934082 323 168 631 532
face 0.0012243390083312988 323 168 631 532
face 0.0012193918228149414 323 168 631 532
face 0.0012178421020507812 323 168 631 532
face 0.0012130439281463623 323 168 631 532
face 0.0012040436267852783 323 168 631 532
face 0.0011992156505584717 323 168 631 532
face 0.0011969208717346191 323 168 631 532
face 0.0011947453022003174 323 168 631 532
face 0.0011725425720214844 323 168 631 532
face 0.0011725127696990967 323 168 631 532
face 0.0011668205261230469 323 168 631 532
face 0.0011641383171081543 323 168 631 532
face 0.0011633634567260742 323 168 631 532
face 0.0011561810970306396 323 168 631 532
face 0.0011540055274963379 323 168 631 532
face 0.0011458098888397217 323 168 631 532
face 0.0011397600173950195 323 168 631 532
face 0.0011356472969055176 323 168 631 532
face 0.0011338591575622559 323 168 631 532
face 0.0011336803436279297 323 168 631 532
face 0.0011260807514190674 323 168 631 532
face 0.0011170804500579834 323 168 631 532
face 0.0011133253574371338 323 168 631 532
face 0.001110166311264038 323 168 631 532
face 0.0011088848114013672 323 168 631 532
face 0.0011078119277954102 323 168 631 532
face 0.0011059045791625977 323 168 631 532
face 0.0010829567909240723 323 168 631 532
face 0.0010800659656524658 323 168 631 532
face 0.0010782182216644287 323 168 631 532
face 0.0010769665241241455 323 168 631 532
face 0.001076817512512207 323 168 631 532
face 0.0010705292224884033 323 168 631 532
face 0.001069873571395874 323 168 631 532
