face 0.9744239449501038 696 192 775 290
face 0.972073495388031 155 190 228 287
face 0.01991724967956543 155 190 228 287
face 0.016758710145950317 155 190 228 287
face 0.015909522771835327 155 190 228 287
face 0.011933356523513794 155 190 228 287
face 0.011182904243469238 155 190 228 287
face 0.011021286249160767 155 190 228 287
face 0.010923326015472412 155 190 228 287
face 0.010900735855102539 155 190 228 287
face 0.010434329509735107 155 190 228 287
face 0.009483873844146729 155 190 228 287
face 0.009453743696212769 155 190 228 287
face 0.00889509916305542 155 190 228 287
face 0.008484095335006714 155 190 228 287
face 0.00789862871170044 155 190 228 287
face 0.007808029651641846 155 190 228 287
face 0.0074256956577301025 155 190 228 287
face 0.0073833167552948 155 190 228 287
face 0.007082462310791016 155 190 228 287
face 0.006768286228179932 155 190 228 287
face 0.006722539663314819 155 190 228 287
face 0.006561636924743652 155 190 228 287
face 0.00654757022857666 155 190 228 287
face 0.006435275077819824 155 190 228 287
face 0.006285190582275391 155 190 228 287
face 0.006223946809768677 155 190 228 287
face 0.0061720311641693115 155 190 228 287
face 0.006017208099365234 155 190 228 287
face 0.005971044301986694 155 190 228 287
face 0.005968570709228516 155 190 228 287
face 0.005867511034011841 155 190 228 287
face 0.005846560001373291 155 190 228 287
face 0.005735218524932861 155 190 228 287
face 0.005665630102157593 155 190 228 287
face 0.0055419206619262695 155 190 228 287
face 0.005517363548278809 155 190 228 287
face 0.005483359098434448 155 190 228 287
face 0.005474388599395752 155 190 228 287
face 0.005399435758590698 155 190 228 287
face 0.005394071340560913 155 190 228 287
face 0.005370467901229858 155 190 228 287
face 0.005342811346054077 155 190 228 287
face 0.005315154790878296 155 190 228 287
face 0.005287498235702515 155 190 228 287
face 0.005217045545578003 155 190 228 287
face 0.00519794225692749 155 190 228 287
face 0.00514569878578186 155 190 228 287
face 0.005096256732940674 155 190 228 287
face 0.005087822675704956 155 190 228 287
face 0.005051910877227783 155 190 228 287
face 0.00503888726234436 155 190 228 287
face 0.004969775676727295 155 190 228 287
face 0.004945129156112671 155 190 228 287
face 0.004919499158859253 155 190 228 287
face 0.004917263984680176 155 190 228 287
face 0.004915952682495117 155 190 228 287
face 0.004851102828979492 155 190 228 287
face 0.0048215389251708984 155 190 228 287
face 0.004750102758407593 155 190 228 287
face 0.004739046096801758 155 190 228 287
face 0.004708766937255859 155 190 228 287
face 0.004654049873352051 155 190 228 287
face 0.004631102085113525 155 190 228 287
face 0.004584908485412598 155 190 228 287
face 0.004571467638015747 155 190 228 287
face 0.004570871591567993 155 190 228 287
face 0.0045323967933654785 155 190 228 287
face 0.004518091678619385 155 190 228 287
face 0.004411816596984863 155 190 228 287
face 0.0044100284576416016 155 190 228 287
face 0.004378169775009155 155 190 228 287
face 0.004340469837188721 155 190 228 287
face 0.004335165023803711 155 190 228 287
face 0.0043187737464904785 155 190 228 287
face 0.004285871982574463 155 190 228 287
face 0.004274789243936539 155 190 228 287
face 0.00422435998916626 155 190 228 287
face 0.004220306873321533 155 190 228 287
face 0.004214078187942505 155 190 228 287
face 0.004206985235214233 155 190 228 287
face 0.004200398921966553 155 190 228 287
face 0.00419992208480835 155 190 228 287
face 0.0041266679763793945 155 190 228 287
face 0.004097670316696167 155 190 228 287
face 0.004046082496643066 155 190 228 287
face 0.004010200500488281 155 190 228 287
face 0.004009276628494263 155 190 228 287
face 0.004000544548034668 155 190 228 287
face 0.003966659307479858 155 190 228 287
face 0.003893643617630005 155 190 228 287
face 0.0038768649101257324 155 190 228 287
face 0.0038530826568603516 155 190 228 287
face 0.0038524270057678223 155 190 228 287
face 0.0036502182483673096 155 190 228 287
face 0.003612905740737915 155 190 228 287
face 0.003604412078857422 155 190 228 287
face 0.0035296976566314697 155 190 228 287
face 0.0035264194011688232 155 190 228 287
face 0.003483206033706665 155 190 228 287
