face 0.9970085024833679 184 193 204 217
face 0.9857100248336792 293 211 308 229
face 0.9819866418838501 850 141 865 155
face 0.970542311668396 351 208 367 227
face 0.9605918526649475 680 210 698 229
face 0.9470130205154419 611 203 628 223
face 0.7396572232246399 597 194 610 210
face 0.6083970665931702 964 180 997 221
face 0.5786386132240295 398 184 414 203
face 0.4261370301246643 398 184 414 203
face 0.3975927233695984 398 184 414 203
face 0.36685073375701904 398 184 414 203
face 0.32628804445266724 398 184 414 203
face 0.27103787660598755 398 184 414 203
face 0.2634142339229584 398 184 414 203
face 0.2503514289855957 398 184 414 203
face 0.2395370900630951 398 184 414 203
face 0.2369157373905182 398 184 414 203
face 0.23675546050071716 398 184 414 203
face 0.20547106862068176 398 184 414 203
face 0.1898287832736969 398 184 414 203
face 0.18762150406837463 398 184 414 203
face 0.13362377882003784 398 184 414 203
face 0.07099834084510803 398 184 414 203
face 0.06754639744758606 398 184 414 203
face 0.06492060422897339 398 184 414 203
face 0.06474313139915466 398 184 414 203
face 0.062242865562438965 398 184 414 203
face 0.06004476547241211 398 184 414 203
face 0.05768847465515137 398 184 414 203
face 0.0477750301361084 398 184 414 203
face 0.044647395610809326 398 184 414 203
face 0.04186439514160156 398 184 414 203
face 0.03814771771430969 398 184 414 203
face 0.03556206822395325 398 184 414 203
face 0.029905229806900024 398 184 414 203
face 0.02937653660774231 398 184 414 203
face 0.028920382261276245 398 184 414 203
face 0.02780720591545105 398 184 414 203
face 0.02491632103919983 398 184 414 203
face 0.023152798414230347 398 184 414 203
face 0.021747559309005737 398 184 414 203
face 0.021532833576202393 398 184 414 203
face 0.021135032176971436 398 184 414 203
face 0.020852982997894287 398 184 414 203
face 0.020650863647460938 398 184 414 203
face 0.019653499126434326 398 184 414 203
face 0.019606977701187134 398 184 414 203
face 0.01881811022758484 398 184 414 203
face 0.018436044454574585 398 184 414 203
face 0.016991078853607178 398 184 414 203
face 0.016989409923553467 398 184 414 203
face 0.016025245189666748 398 184 414 203
face 0.01485869288444519 398 184 414 203
face 0.014857083559036255 398 184 414 203
face 0.014476895332336426 398 184 414 203
face 0.014184713363647461 398 184 414 203
face 0.01406523585319519 398 184 414 203
face 0.01359596848487854 398 184 414 203
face 0.012954294681549072 398 184 414 203
face 0.012655496597290039 398 184 414 203
face 0.012606978416442871 398 184 414 203
face 0.0123654305934906 398 184 414 203
face 0.01201564073562622 398 184 414 203
face 0.011371642351150513 398 184 414 203
face 0.011232763528823853 398 184 414 203
face 0.011034131050109863 398 184 414 203
face 0.010275304317474365 398 184 414 203
face 0.010267466306686401 398 184 414 203
face 0.010257691144943237 398 184 414 203
face 0.0100230872631073 398 184 414 203
face 0.009452581405639648 398 184 414 203
face 0.009088248014450073 398 184 414 203
face 0.008915543556213379 398 184 414 203
face 0.00891450047492981 398 184 414 203
face 0.008826017379760742 398 184 414 203
face 0.00878193974494934 398 184 414 203
face 0.00875827670097351 398 184 414 203
face 0.008565843105316162 398 184 414 203
face 0.008545368909835815 398 184 414 203
face 0.008240491151809692 398 184 414 203
face 0.008035272359848022 398 184 414 203
face 0.007998287677764893 398 184 414 203
face 0.00794336199760437 398 184 414 203
face 0.007561862468719482 398 184 414 203
face 0.007369339466094971 398 184 414 203
face 0.007267475128173828 398 184 414 203
face 0.007240802049636841 398 184 414 203
face 0.007204234600067139 398 184 414 203
face 0.007139414548873901 398 184 414 203
face 0.007028162479400635 398 184 414 203
face 0.006884217262268066 398 184 414 203
face 0.006811618804931641 398 184 414 203
face 0.006777286529541016 398 184 414 203
face 0.006763070821762085 398 184 414 203
face 0.006623208522796631 398 184 414 203
face 0.006610870361328125 398 184 414 203
face 0.006554365158081055 398 184 414 203
face 0.0065032243728637695 398 184 414 203
face 0.006398111581802368 398 184 414 203
