face 0.9997646808624268 287 109 710 659
face 0.0024894773960113525 287 109 710 659
face 0.0021299421787261963 287 109 710 659
face 0.0019662678241729736 287 109 710 659
face 0.0018967688083648682 287 109 710 659
face 0.0018191933631896973 287 109 710 659
face 0.0017780065536499023 287 109 710 659
face 0.0017650723457336426 287 109 710 659
face 0.0016358494758605957 287 109 710 659
face 0.0016222000122070312 287 109 710 659
face 0.0015965104103088379 287 109 710 659
face 0.0015898644924163818 287 109 710 659
face 0.0015874505043029785 287 109 710 659
face 0.0015860795974731445 287 109 710 659
face 0.001583009958267212 287 109 710 659
face 0.0014896094799041748 287 109 710 659
face 0.0014210343360900879 287 109 710 659
face 0.0013655126094818115 287 109 710 659
face 0.0013311207294464111 287 109 710 659
face 0.0013257861137390137 287 109 710 659
face 0.0013164281845092773 287 109 710 659
face 0.0013068616390228271 287 109 710 659
face 0.0012887418270111084 287 109 710 659
face 0.0012781620025634766 287 109 710 659
face 0.0012542009353637695 287 109 710 659
face 0.00125199556350708 287 109 710 659
face 0.0012149810791015625 287 109 710 659
face 0.0012045800685882568 287 109 710 659
face 0.001200169324874878 287 109 710 659
face 0.001190781593322754 287 109 710 659
face 0.001190274953842163 287 109 710 659
face 0.00114518404006958 287 109 710 659
face 0.0011436641216278076 287 109 710 659
face 0.001137077808380127 287 109 710 659
face 0.001123189926147461 287 109 710 659
face 0.0011056959629058838 287 109 710 659
face 0.00109785795211792 287 109 710 659
face 0.001072615385055542 287 109 710 659
face 0.001068025827407837 287 109 710 659
face 0.0010443031787872314 287 109 710 659
face 0.0009913146495819092 287 109 710 659
face 0.0009746551513671875 287 109 710 659
face 0.0009660422801971436 287 109 710 659
face 0.0009465813636779785 287 109 710 659
face 0.0009401142597198486 287 109 710 659
face 0.000928729772567749 287 109 710 659
face 0.0009229481220245361 287 109 710 659
face 0.0009177029132843018 287 109 710 659
face 0.0009090900421142578 287 109 710 659
face 0.0009021759033203125 287 109 710 659
face 0.0008912384510040283 287 109 710 659
face 0.0008699297904968262 287 109 710 659
face 0.0008651316165924072 287 109 710 659
face 0.0008641183376312256 287 109 710 659
face 0.0008557438850402832 287 109 710 659
face 0.0008513033390045166 287 109 710 659
face 0.0008459687232971191 287 109 710 659
face 0.0008371472358703613 287 109 710 659
face 0.0008318722248077393 287 109 710 659
face 0.0008023381233215332 287 109 710 659
face 0.0007963478565216064 287 109 710 659
face 0.0007767081260681152 287 109 710 659
face 0.0007632076740264893 287 109 710 659
face 0.0007583498954772949 287 109 710 659
face 0.0007559359073638916 287 109 710 659
face 0.0007484853267669678 287 109 710 659
face 0.0007461011409759521 287 109 710 659
face 0.0007454454898834229 287 109 710 659
face 0.0007416605949401855 287 109 710 659
face 0.0007257759571075439 287 109 710 659
face 0.0007252991199493408 287 109 710 659
face 0.0007240474224090576 287 109 710 659
face 0.0007179975509643555 287 109 710 659
face 0.0007125735282897949 287 109 710 659
face 0.0007089078426361084 287 109 710 659
face 0.0006924271583557129 287 109 710 659
face 0.0006919503211975098 287 109 710 659
face 0.0006899237632751465 287 109 710 659
face 0.0006861984729766846 287 109 710 659
face 0.0006858408451080322 287 109 710 659
face 0.0006830990314483643 287 109 710 659
face 0.0006735622882843018 287 109 710 659
face 0.0006720423698425293 287 109 710 659
face 0.0006700754165649414 287 109 710 659
face 0.0006694197654724121 287 109 710 659
face 0.0006582438945770264 287 109 710 659
face 0.0006563961505889893 287 109 710 659
face 0.0006541013717651367 287 109 710 659
face 0.0006351768970489502 287 109 710 659
face 0.0006347000598907471 287 109 710 659
face 0.0006330311298370361 287 109 710 659
face 0.0006326436996459961 287 109 710 659
face 0.0006315112113952637 287 109 710 659
face 0.0006309747695922852 287 109 710 659
face 0.0006303191184997559 287 109 710 659
face 0.0006243884563446045 287 109 710 659
face 0.0006210803985595703 287 109 710 659
face 0.0006190836429595947 287 109 710 659
face 0.0006174445152282715 287 109 710 659
face 0.0006173551082611084 287 109 710 659
