face 0.9997864961624146 244 264 803 1008
face 0.006503850221633911 244 264 803 1008
face 0.005871087312698364 244 264 803 1008
face 0.0049934983253479 244 264 803 1008
face 0.004410356283187866 244 264 803 1008
face 0.0040299296379089355 244 264 803 1008
face 0.0035843849182128906 244 264 803 1008
face 0.0034865736961364746 244 264 803 1008
face 0.003236442804336548 244 264 803 1008
face 0.002923637628555298 244 264 803 1008
face 0.0028641819953918457 244 264 803 1008
face 0.0028450489044189453 244 264 803 1008
face 0.002841174602508545 244 264 803 1008
face 0.0028250515460968018 244 264 803 1008
face 0.0026946961879730225 244 264 803 1008
face 0.002680540084838867 244 264 803 1008
face 0.0026353299617767334 244 264 803 1008
face 0.002634406089782715 244 264 803 1008
face 0.0026145875453948975 244 264 803 1008
face 0.0025950074195861816 244 264 803 1008
face 0.0025797486305236816 244 264 803 1008
face 0.002563267946243286 244 264 803 1008
face 0.002537250518798828 244 264 803 1008
face 0.0024200379848480225 244 264 803 1008
face 0.0023953914642333984 244 264 803 1008
face 0.002381652593612671 244 264 803 1008
face 0.0023408830165863037 244 264 803 1008
face 0.0022795498371124268 244 264 803 1008
face 0.0021838247776031494 244 264 803 1008
face 0.002135664224624634 244 264 803 1008
face 0.002129584550857544 244 264 803 1008
face 0.0021225810050964355 244 264 803 1008
face 0.002078413963317871 244 264 803 1008
face 0.002068847417831421 244 264 803 1008
face 0.001996845006942749 244 264 803 1008
face 0.001976102590560913 244 264 803 1008
face 0.001971304416656494 244 264 803 1008
face 0.0019690394401550293 244 264 803 1008
face 0.001949399709701538 244 264 803 1008
face 0.0019395649433135986 244 264 803 1008
face 0.0019223392009735107 244 264 803 1008
face 0.0019178688526153564 244 264 803 1008
face 0.0019103288650512695 244 264 803 1008
face 0.0018813610076904297 244 264 803 1008
face 0.001865088939666748 244 264 803 1008
face 0.0018575787544250488 244 264 803 1008
face 0.0018499195575714111 244 264 803 1008
face 0.0018482804298400879 244 264 803 1008
face 0.0018451511859893799 244 264 803 1008
face 0.0018388330936431885 244 264 803 1008
face 0.0018362998962402344 244 264 803 1008
face 0.001822441816329956 244 264 803 1008
face 0.001781851053237915 244 264 803 1008
face 0.0017514824867248535 244 264 803 1008
face 0.0017441511154174805 244 264 803 1008
face 0.0017237067222595215 244 264 803 1008
face 0.0017188787460327148 244 264 803 1008
face 0.001713395118713379 244 264 803 1008
face 0.0017075836658477783 244 264 803 1008
face 0.0016912519931793213 244 264 803 1008
face 0.0016899406909942627 244 264 803 1008
face 0.0016840994358062744 244 264 803 1008
face 0.0016679167747497559 244 264 803 1008
face 0.0016663968563079834 244 264 803 1008
face 0.0016660094261169434 244 264 803 1008
face 0.0016649067401885986 244 264 803 1008
face 0.001652359962463379 244 264 803 1008
face 0.0016385316848754883 244 264 803 1008
face 0.0016381442546844482 244 264 803 1008
face 0.001635134220123291 244 264 803 1008
face 0.0016270875930786133 244 264 803 1008
face 0.0016204416751861572 244 264 803 1008
face 0.0016098618507385254 244 264 803 1008
face 0.0016093552112579346 244 264 803 1008
face 0.0016053318977355957 244 264 803 1008
face 0.0015853047370910645 244 264 803 1008
face 0.0015714764595031738 244 264 803 1008
face 0.0015689730644226074 244 264 803 1008
face 0.0015601813793182373 244 264 803 1008
face 0.0015411972999572754 244 264 803 1008
face 0.001539677381515503 244 264 803 1008
face 0.0015394091606140137 244 264 803 1008
face 0.0015375614166259766 244 264 803 1008
face 0.0015350878238677979 244 264 803 1008
face 0.001524120569229126 244 264 803 1008
face 0.0015215575695037842 244 264 803 1008
face 0.0015211105346679688 244 264 803 1008
face 0.001520782709121704 244 264 803 1008
face 0.0015172958374023438 244 264 803 1008
face 0.0015168488025665283 244 264 803 1008
face 0.0015129446983337402 244 264 803 1008
face 0.0015070438385009766 244 264 803 1008
face 0.0015065371990203857 244 264 803 1008
face 0.0015043318271636963 244 264 803 1008
face 0.0015034675598144531 244 264 803 1008
face 0.001498103141784668 244 264 803 1008
face 0.001489877700805664 244 264 803 1008
face 0.0014718174934387207 244 264 803 1008
face 0.0014593899250030518 244 264 803 1008
face 0.0014532208442687988 244 264 803 1008
