face 0.994532585144043 303 123 371 208
face 0.9895651936531067 542 117 596 205
face 0.9782377481460571 840 123 910 214
face 0.9707061052322388 637 106 701 194
face 0.7840828895568848 128 138 203 227
face 0.09397560358047485 128 138 203 227
face 0.04258853197097778 128 138 203 227
face 0.032139092683792114 128 138 203 227
face 0.01933237910270691 128 138 203 227
face 0.01609402894973755 128 138 203 227
face 0.014671236276626587 128 138 203 227
face 0.014634251594543457 128 138 203 227
face 0.013361454010009766 128 138 203 227
face 0.013262271881103516 128 138 203 227
face 0.012965202331542969 128 138 203 227
face 0.012532860040664673 128 138 203 227
face 0.01180356740951538 128 138 203 227
face 0.011102646589279175 128 138 203 227
face 0.010894805192947388 128 138 203 227
face 0.010580092668533325 128 138 203 227
face 0.010563403367996216 128 138 203 227
face 0.010484635829925537 128 138 203 227
face 0.009840309619903564 128 138 203 227
face 0.00982847809791565 128 138 203 227
face 0.009144634008407593 128 138 203 227
face 0.008814334869384766 128 138 203 227
face 0.00849074125289917 128 138 203 227
face 0.008032739162445068 128 138 203 227
face 0.008030176162719727 128 138 203 227
face 0.007863283157348633 128 138 203 227
face 0.007848262786865234 128 138 203 227
face 0.007707685232162476 128 138 203 227
face 0.007483154535293579 128 138 203 227
face 0.007397949695587158 128 138 203 227
face 0.007222175598144531 128 138 203 227
face 0.007182717323303223 128 138 203 227
face 0.007046252489089966 128 138 203 227
face 0.006800711154937744 128 138 203 227
face 0.006779670715332031 128 138 203 227
face 0.006612807512283325 128 138 203 227
face 0.006354540586471558 128 138 203 227
face 0.006335020065307617 128 138 203 227
face 0.006203651428222656 128 138 203 227
face 0.006004214286804199 128 138 203 227
face 0.00593981146812439 128 138 203 227
face 0.005733847618103027 128 138 203 227
face 0.005722105503082275 128 138 203 227
face 0.005568981170654297 128 138 203 227
face 0.005533456802368164 128 138 203 227
face 0.005532681941986084 128 138 203 227
face 0.005512326955795288 128 138 203 227
face 0.0054634809494018555 128 138 203 227
face 0.005410641431808472 128 138 203 227
face 0.005354017019271851 128 138 203 227
face 0.005350559949874878 128 138 203 227
face 0.005300581455230713 128 138 203 227
face 0.00528070330619812 128 138 203 227
face 0.005214422941207886 128 138 203 227
face 0.005175799131393433 128 138 203 227
face 0.0051460862159729 128 138 203 227
face 0.005055665969848633 128 138 203 227
face 0.004954129457473755 128 138 203 227
face 0.004938989877700806 128 138 203 227
face 0.0049285888671875 128 138 203 227
face 0.004845798015594482 128 138 203 227
face 0.004836738109588623 128 138 203 227
face 0.004813522100448608 128 138 203 227
face 0.00477871298789978 128 138 203 227
face 0.004687696695327759 128 138 203 227
face 0.004649460315704346 128 138 203 227
face 0.0046311914920806885 128 138 203 227
face 0.004571110010147095 128 138 203 227
face 0.004526197910308838 128 138 203 227
face 0.004502832889556885 128 138 203 227
face 0.00448918342590332 128 138 203 227
face 0.00448530912399292 128 138 203 227
face 0.004433482885360718 128 138 203 227
face 0.00436285138130188 128 138 203 227
face 0.004357427358627319 128 138 203 227
face 0.004345953464508057 128 138 203 227
face 0.004274040460586548 128 138 203 227
face 0.0041862428188323975 128 138 203 227
face 0.004149347543716431 128 138 203 227
face 0.0041336119174957275 128 138 203 227
face 0.004116058349609375 128 138 203 227
face 0.003991961479187012 128 138 203 227
face 0.003954529762268066 128 138 203 227
face 0.003924757242202759 128 138 203 227
face 0.003909170627593994 128 138 203 227
face 0.0038496553897857666 128 138 203 227
face 0.003849595785140991 128 138 203 227
face 0.0038476288318634033 128 138 203 227
face 0.0038475096225738525 128 138 203 227
face 0.003798156976699829 128 138 203 227
face 0.003774702548980713 128 138 203 227
face 0.003744274377822876 128 138 203 227
face 0.0037194788455963135 128 138 203 227
face 0.0037141144275665283 128 138 203 227
face 0.0037074685096740723 128 138 203 227
face 0.0037061870098114014 128 138 203 227
