face 0.9995550513267517 324 199 643 576
face 0.00796934962272644 324 199 643 576
face 0.006914466619491577 324 199 643 576
face 0.006422102451324463 324 199 643 576
face 0.005738496780395508 324 199 643 576
face 0.004863262176513672 324 199 643 576
face 0.004670441150665283 324 199 643 576
face 0.004579901695251465 324 199 643 576
face 0.004437923431396484 324 199 643 576
face 0.004184722900390625 324 199 643 576
face 0.004137545824050903 324 199 643 576
face 0.003896862268447876 324 199 643 576
face 0.0038502514362335205 324 199 643 576
face 0.0037987828254699707 324 199 643 576
face 0.0037973523139953613 324 199 643 576
face 0.003625333309173584 324 199 643 576
face 0.003572434186935425 324 199 643 576
face 0.0034841299057006836 324 199 643 576
face 0.0034392178058624268 324 199 643 576
face 0.003175020217895508 324 199 643 576
face 0.0031264126300811768 324 199 643 576
face 0.0030357837677001953 324 199 643 576
face 0.0029964447021484375 324 199 643 576
face 0.002994328737258911 324 199 643 576
face 0.002875417470932007 324 199 643 576
face 0.002874016761779785 324 199 643 576
face 0.002830594778060913 324 199 643 576
face 0.00281408429145813 324 199 643 576
face 0.0028013288974761963 324 199 643 576
face 0.002690643072128296 324 199 643 576
face 0.002651304006576538 324 199 643 576
face 0.0026439130306243896 324 199 643 576
face 0.0025721490383148193 324 199 643 576
face 0.0025589168071746826 324 199 643 576
face 0.002536863088607788 324 199 643 576
face 0.0025261342525482178 324 199 643 576
face 0.0024937987327575684 324 199 643 576
face 0.0024722814559936523 324 199 643 576
face 0.0024451613426208496 324 199 643 576
face 0.002425253391265869 324 199 643 576
face 0.0024098753929138184 324 199 643 576
face 0.002379179000854492 324 199 643 576
face 0.0023741424083709717 324 199 643 576
face 0.002366006374359131 324 199 643 576
face 0.0022979378700256348 324 199 643 576
face 0.002293705940246582 324 199 643 576
face 0.00228157639503479 324 199 643 576
face 0.0022784173488616943 324 199 643 576
face 0.0022698044776916504 324 199 643 576
face 0.0022570788860321045 324 199 643 576
face 0.0022037923336029053 324 199 643 576
face 0.002173781394958496 324 199 643 576
face 0.0021475255489349365 324 199 643 576
face 0.0021094977855682373 324 199 643 576
face 0.0021023452281951904 324 199 643 576
face 0.002078413963317871 324 199 643 576
face 0.002073317766189575 324 199 643 576
face 0.002041757106781006 324 199 643 576
face 0.0020238161087036133 324 199 643 576
face 0.0020066499710083008 324 199 643 576
face 0.0019847452640533447 324 199 643 576
face 0.0019126832485198975 324 199 643 576
face 0.0019055008888244629 324 199 643 576
face 0.0019045770168304443 324 199 643 576
face 0.0019040107727050781 324 199 643 576
face 0.001871258020401001 324 199 643 576
face 0.0018410682678222656 324 199 643 576
face 0.0018303990364074707 324 199 643 576
face 0.0018282830715179443 324 199 643 576
face 0.0018102824687957764 324 199 643 576
face 0.0018020868301391602 324 199 643 576
face 0.0017922520637512207 324 199 643 576
face 0.0017841458320617676 324 199 643 576
face 0.0017785727977752686 324 199 643 576
face 0.0017580389976501465 324 199 643 576
face 0.0017260313034057617 324 199 643 576
face 0.0017258226871490479 324 199 643 576
face 0.001702338457107544 324 199 643 576
face 0.001681596040725708 324 199 643 576
face 0.0016776323318481445 324 199 643 576
face 0.0016678571701049805 324 199 643 576
face 0.0016668736934661865 324 199 643 576
face 0.001649707555770874 324 199 643 576
face 0.0016478896141052246 324 199 643 576
face 0.0016346871852874756 324 199 643 576
face 0.0016346573829650879 324 199 643 576
face 0.0016142725944519043 324 199 643 576
face 0.001612544059753418 324 199 643 576
face 0.0015998482704162598 324 199 643 576
face 0.0015718638896942139 324 199 643 576
face 0.0015649795532226562 324 199 643 576
face 0.001548856496810913 324 199 643 576
face 0.0015456676483154297 324 199 643 576
face 0.0015405118465423584 324 199 643 576
face 0.0015273988246917725 324 199 643 576
face 0.0015245676040649414 324 199 643 576
face 0.001518547534942627 324 199 643 576
face 0.0015176236629486084 324 199 643 576
face 0.001511991024017334 324 199 643 576
face 0.001507788896560669 324 199 643 576
