face 0.9999175071716309 281 111 666 608
face 0.005262702703475952 281 111 666 608
face 0.005140513181686401 281 111 666 608
face 0.004440426826477051 281 111 666 608
face 0.0040739476680755615 281 111 666 608
face 0.00402417778968811 281 111 666 608
face 0.003981530666351318 281 111 666 608
face 0.0038461685180664062 281 111 666 608
face 0.003805994987487793 281 111 666 608
face 0.003699660301208496 281 111 666 608
face 0.0036045312881469727 281 111 666 608
face 0.003518134355545044 281 111 666 608
face 0.0034837722778320312 281 111 666 608
face 0.0034815967082977295 281 111 666 608
face 0.0032695233821868896 281 111 666 608
face 0.003219783306121826 281 111 666 608
face 0.003118276596069336 281 111 666 608
face 0.0031168758869171143 281 111 666 608
face 0.003018885850906372 281 111 666 608
face 0.0028952956199645996 281 111 666 608
face 0.002733767032623291 281 111 666 608
face 0.002733677625656128 281 111 666 608
face 0.0026997625827789307 281 111 666 608
face 0.002674669027328491 281 111 666 608
face 0.0026557743549346924 281 111 666 608
face 0.002638876438140869 281 111 666 608
face 0.002584517002105713 281 111 666 608
face 0.002535015344619751 281 111 666 608
face 0.0025219619274139404 281 111 666 608
face 0.0024068057537078857 281 111 666 608
face 0.0024068057537078857 281 111 666 608
face 0.002400606870651245 281 111 666 608
face 0.0023880600929260254 281 111 666 608
face 0.00232657790184021 281 111 666 608
face 0.0022489726543426514 281 111 666 608
face 0.002207934856414795 281 111 666 608
face 0.002206563949584961 281 111 666 608
face 0.002206146717071533 281 111 666 608
face 0.0022048652172088623 281 111 666 608
face 0.002131640911102295 281 111 666 608
face 0.0021015405654907227 281 111 666 608
face 0.002079218626022339 281 111 666 608
face 0.0020729005336761475 281 111 666 608
face 0.0020193159580230713 281 111 666 608
face 0.0019814670085906982 281 111 666 608
face 0.001962989568710327 281 111 666 608
face 0.001960545778274536 281 111 666 608
face 0.0019375979900360107 281 111 666 608
face 0.00191420316696167 281 111 666 608
face 0.0018993914127349854 281 111 666 608
face 0.001895308494567871 281 111 666 608
face 0.0018730759620666504 281 111 666 608
face 0.0018659234046936035 281 111 666 608
face 0.001858055591583252 281 111 666 608
face 0.0018316805362701416 281 111 666 608
face 0.0017929673194885254 281 111 666 608
face 0.0017786920070648193 281 111 666 608
face 0.0017532408237457275 281 111 666 608
face 0.0017340481281280518 281 111 666 608
face 0.0017292797565460205 281 111 666 608
face 0.0017193257808685303 281 111 666 608
face 0.0017120838165283203 281 111 666 608
face 0.0016788244247436523 281 111 666 608
face 0.0016535520553588867 281 111 666 608
face 0.0016268491744995117 281 111 666 608
face 0.0016199052333831787 281 111 666 608
face 0.001596689224243164 281 111 666 608
face 0.001570969820022583 281 111 666 608
face 0.0015598833560943604 281 111 666 608
face 0.001538604497909546 281 111 666 608
face 0.0015139579772949219 281 111 666 608
face 0.0014793574810028076 281 111 666 608
face 0.0014793574810028076 281 111 666 608
face 0.0014786124229431152 281 111 666 608
face 0.0014687776565551758 281 111 666 608
face 0.0014639198780059814 281 111 666 608
face 0.0014556944370269775 281 111 666 608
face 0.0014205873012542725 281 111 666 608
face 0.0014202594757080078 281 111 666 608
face 0.0013951361179351807 281 111 666 608
face 0.0013936161994934082 281 111 666 608
face 0.0013846755027770996 281 111 666 608
face 0.0013678669929504395 281 111 666 608
face 0.001366645097732544 281 111 666 608
face 0.0013648569583892822 281 111 666 608
face 0.0013610124588012695 281 111 666 608
face 0.0013510584831237793 281 111 666 608
face 0.0013456344604492188 281 111 666 608
face 0.0013223886489868164 281 111 666 608
face 0.0013179481029510498 281 111 666 608
face 0.0013088881969451904 281 111 666 608
face 0.0012772977352142334 281 111 666 608
face 0.0012718141078948975 281 111 666 608
face 0.0012684762477874756 281 111 666 608
face 0.0012641847133636475 281 111 666 608
face 0.0012595653533935547 281 111 666 608
face 0.0012487471103668213 281 111 666 608
face 0.0012486577033996582 281 111 666 608
face 0.0012443065643310547 281 111 666 608
face 0.0012440681457519531 281 111 666 608
