face 0.933605968952179 403 318 622 602
face 0.05721643567085266 403 318 622 602
face 0.03901055455207825 403 318 622 602
face 0.03429129719734192 403 318 622 602
face 0.0319291353225708 403 318 622 602
face 0.031151413917541504 403 318 622 602
face 0.030113935470581055 403 318 622 602
face 0.026012420654296875 403 318 622 602
face 0.024502813816070557 403 318 622 602
face 0.023217231035232544 403 318 622 602
face 0.021141022443771362 403 318 622 602
face 0.02052861452102661 403 318 622 602
face 0.01876935362815857 403 318 622 602
face 0.01832553744316101 403 318 622 602
face 0.017876476049423218 403 318 622 602
face 0.01772370934486389 403 318 622 602
face 0.017127633094787598 403 318 622 602
face 0.017091989517211914 403 318 622 602
face 0.016772449016571045 403 318 622 602
face 0.016664981842041016 403 318 622 602
face 0.014375656843185425 403 318 622 602
face 0.01326143741607666 403 318 622 602
face 0.013160854578018188 403 318 622 602
face 0.012799590826034546 403 318 622 602
face 0.012694001197814941 403 318 622 602
face 0.012673676013946533 403 318 622 602
face 0.0126018226146698 403 318 622 602
face 0.012427181005477905 403 318 622 602
face 0.012222617864608765 403 318 622 602
face 0.012032628059387207 403 318 622 602
face 0.011795371770858765 403 318 622 602
face 0.011201560497283936 403 318 622 602
face 0.011040598154067993 403 318 622 602
face 0.01071321964263916 403 318 622 602
face 0.010432213544845581 403 318 622 602
face 0.010327249765396118 403 318 622 602
face 0.010236591100692749 403 318 622 602
face 0.010103225708007812 403 318 622 602
face 0.009840637445449829 403 318 622 602
face 0.00976330041885376 403 318 622 602
face 0.00973770022392273 403 318 622 602
face 0.009513258934020996 403 318 622 602
face 0.009426891803741455 403 318 622 602
face 0.009263694286346436 403 318 622 602
face 0.009143859148025513 403 318 622 602
face 0.008942127227783203 403 318 622 602
face 0.008841603994369507 403 318 622 602
face 0.00879165530204773 403 318 622 602
face 0.008738338947296143 403 318 622 602
face 0.008673757314682007 403 318 622 602
face 0.008588969707489014 403 318 622 602
face 0.00857764482498169 403 318 622 602
face 0.008477866649627686 403 318 622 602
face 0.00839143991470337 403 318 622 602
face 0.008347183465957642 403 318 622 602
face 0.008020728826522827 403 318 622 602
face 0.007977724075317383 403 318 622 602
face 0.007916390895843506 403 318 622 602
face 0.007848501205444336 403 318 622 602
face 0.007679760456085205 403 318 622 602
face 0.007614880800247192 403 318 622 602
face 0.007531613111495972 403 318 622 602
face 0.007476478815078735 403 318 622 602
face 0.007389962673187256 403 318 622 602
face 0.007381707429885864 403 318 622 602
face 0.007300764322280884 403 318 622 602
face 0.007216006517410278 403 318 622 602
face 0.007204592227935791 403 318 622 602
face 0.007113844156265259 403 318 622 602
face 0.006791055202484131 403 318 622 602
face 0.0067570507526397705 403 318 622 602
face 0.006645947694778442 403 318 622 602
face 0.006588757038116455 403 318 622 602
face 0.00657382607460022 403 318 622 602
face 0.0064811110496521 403 318 622 602
face 0.00638166069984436 403 318 622 602
face 0.006298720836639404 403 318 622 602
face 0.0061852335929870605 403 318 622 602
face 0.0060551464557647705 403 318 622 602
face 0.005906283855438232 403 318 622 602
face 0.0059028565883636475 403 318 622 602
face 0.005824178457260132 403 318 622 602
face 0.005799353122711182 403 318 622 602
face 0.005779445171356201 403 318 622 602
face 0.0057010650634765625 403 318 622 602
face 0.005680471658706665 403 318 622 602
face 0.005624175071716309 403 318 622 602
face 0.005569100379943848 403 318 622 602
face 0.00552794337272644 403 318 622 602
face 0.00552600622177124 403 318 622 602
face 0.005513817071914673 403 318 622 602
face 0.005488038063049316 403 318 622 602
face 0.005471169948577881 403 318 622 602
face 0.005465894937515259 403 318 622 602
face 0.005437195301055908 403 318 622 602
face 0.005435436964035034 403 318 622 602
face 0.005418211221694946 403 318 622 602
face 0.005407392978668213 403 318 622 602
face 0.005394995212554932 403 318 622 602
face 0.00537535548210144 403 318 622 602
