face 0.9996031522750854 214 227 652 815
face 0.011944741010665894 214 227 652 815
face 0.011186063289642334 214 227 652 815
face 0.008865892887115479 214 227 652 815
face 0.006575942039489746 214 227 652 815
face 0.006230980157852173 214 227 652 815
face 0.005741328001022339 214 227 652 815
face 0.005555182695388794 214 227 652 815
face 0.005373537540435791 214 227 652 815
face 0.005099862813949585 214 227 652 815
face 0.005010694265365601 214 227 652 815
face 0.004837930202484131 214 227 652 815
face 0.004782766103744507 214 227 652 815
face 0.004730820655822754 214 227 652 815
face 0.004570364952087402 214 227 652 815
face 0.004531562328338623 214 227 652 815
face 0.004125684499740601 214 227 652 815
face 0.0039864182472229 214 227 652 815
face 0.003927439451217651 214 227 652 815
face 0.003885120153427124 214 227 652 815
face 0.0034324824810028076 214 227 652 815
face 0.003164142370223999 214 227 652 815
face 0.003161191940307617 214 227 652 815
face 0.0031515955924987793 214 227 652 815
face 0.0031353235244750977 214 227 652 815
face 0.003122985363006592 214 227 652 815
face 0.002919316291809082 214 227 652 815
face 0.0028936266899108887 214 227 652 815
face 0.002884775400161743 214 227 652 815
face 0.0028465986251831055 214 227 652 815
face 0.002843409776687622 214 227 652 815
face 0.0026941895484924316 214 227 652 815
face 0.002688080072402954 214 227 652 815
face 0.0026420950889587402 214 227 652 815
face 0.0025846362113952637 214 227 652 815
face 0.0025548934936523438 214 227 652 815
face 0.002538055181503296 214 227 652 815
face 0.0024928152561187744 214 227 652 815
face 0.0024676620960235596 214 227 652 815
face 0.0024577677249908447 214 227 652 815
face 0.00245589017868042 214 227 652 815
face 0.0024202466011047363 214 227 652 815
face 0.0023910105228424072 214 227 652 815
face 0.0023636817932128906 214 227 652 815
face 0.0023622214794158936 214 227 652 815
face 0.0023567378520965576 214 227 652 815
face 0.0023415982723236084 214 227 652 815
face 0.002319127321243286 214 227 652 815
face 0.0023089051246643066 214 227 652 815
face 0.002307802438735962 214 227 652 815
face 0.002300739288330078 214 227 652 815
face 0.0022915303707122803 214 227 652 815
face 0.002277076244354248 214 227 652 815
face 0.002269566059112549 214 227 652 815
face 0.002259194850921631 214 227 652 815
face 0.0022472143173217773 214 227 652 815
face 0.0022141337394714355 214 227 652 815
face 0.0022044777870178223 214 227 652 815
face 0.0021837949752807617 214 227 652 815
face 0.0021418333053588867 214 227 652 815
face 0.002108633518218994 214 227 652 815
face 0.002046257257461548 214 227 652 815
face 0.00201454758644104 214 227 652 815
face 0.0020107030868530273 214 227 652 815
face 0.0020104944705963135 214 227 652 815
face 0.001995652914047241 214 227 652 815
face 0.0019411742687225342 214 227 652 815
face 0.0019373595714569092 214 227 652 815
face 0.0019330084323883057 214 227 652 815
face 0.0019019246101379395 214 227 652 815
face 0.0018931925296783447 214 227 652 815
face 0.0018858015537261963 214 227 652 815
face 0.0018780529499053955 214 227 652 815
face 0.0018683671951293945 214 227 652 815
face 0.0018606781959533691 214 227 652 815
face 0.001834571361541748 214 227 652 815
face 0.0018284618854522705 214 227 652 815
face 0.0018117725849151611 214 227 652 815
face 0.0018044114112854004 214 227 652 815
face 0.0018034279346466064 214 227 652 815
face 0.0017576515674591064 214 227 652 815
face 0.0017570257186889648 214 227 652 815
face 0.0017346441745758057 214 227 652 815
face 0.0017108023166656494 214 227 652 815
face 0.0016974806785583496 214 227 652 815
face 0.0016848742961883545 214 227 652 815
face 0.0016820132732391357 214 227 652 815
face 0.0016748011112213135 214 227 652 815
face 0.001655280590057373 214 227 652 815
face 0.0016530752182006836 214 227 652 815
face 0.0016348659992218018 214 227 652 815
face 0.0016127526760101318 214 227 652 815
face 0.0015943944454193115 214 227 652 815
face 0.0015834271907806396 214 227 652 815
face 0.0015813708305358887 214 227 652 815
face 0.001535177230834961 214 227 652 815
face 0.0015271008014678955 214 227 652 815
face 0.0015035271644592285 214 227 652 815
face 0.0014902949333190918 214 227 652 815
face 0.0014901459217071533 214 227 652 815
