face 0.995721697807312 176 370 201 400
face 0.961016833782196 72 373 95 400
face 0.9483863115310669 194 436 219 472
face 0.9215550422668457 302 435 328 472
face 0.8549891710281372 64 428 89 461
face 0.8487622737884521 400 435 425 466
face 0.8056674003601074 261 370 282 397
face 0.7859781980514526 404 379 423 406
face 0.7549378871917725 4 405 29 439
face 0.7269231677055359 72 475 97 516
face 0.711663007736206 12 303 29 324
face 0.680802047252655 80 338 100 361
face 0.5980663895606995 339 379 357 405
face 0.515982985496521 477 119 485 131
face 0.44924813508987427 477 119 485 131
face 0.44504308700561523 477 119 485 131
face 0.39025479555130005 477 119 485 131
face 0.3740200102329254 477 119 485 131
face 0.3718740940093994 477 119 485 131
face 0.36420124769210815 477 119 485 131
face 0.3628056049346924 477 119 485 131
face 0.36007237434387207 477 119 485 131
face 0.35319754481315613 477 119 485 131
face 0.34580376744270325 477 119 485 131
face 0.31293222308158875 477 119 485 131
face 0.31073492765426636 477 119 485 131
face 0.28251945972442627 477 119 485 131
face 0.2722078561782837 477 119 485 131
face 0.26378747820854187 477 119 485 131
face 0.2373741865158081 477 119 485 131
face 0.22716665267944336 477 119 485 131
face 0.20757049322128296 477 119 485 131
face 0.20331129431724548 477 119 485 131
face 0.1980040967464447 477 119 485 131
face 0.19484516978263855 477 119 485 131
face 0.1823967695236206 477 119 485 131
face 0.17158538103103638 477 119 485 131
face 0.16784557700157166 477 119 485 131
face 0.16650685667991638 477 119 485 131
face 0.16440990567207336 477 119 485 131
face 0.16352880001068115 477 119 485 131
face 0.15887483954429626 477 119 485 131
face 0.15766304731369019 477 119 485 131
face 0.1524076759815216 477 119 485 131
face 0.1523035168647766 477 119 485 131
face 0.14587950706481934 477 119 485 131
face 0.13440826535224915 477 119 485 131
face 0.13257041573524475 477 119 485 131
face 0.12397515773773193 477 119 485 131
face 0.1150820255279541 477 119 485 131
face 0.112293541431427 477 119 485 131
face 0.11186957359313965 477 119 485 131
face 0.10992249846458435 477 119 485 131
face 0.10976344347000122 477 119 485 131
face 0.10759544372558594 477 119 485 131
face 0.1050182580947876 477 119 485 131
face 0.10349079966545105 477 119 485 131
face 0.10251328349113464 477 119 485 131
face 0.10247436165809631 477 119 485 131
face 0.10180628299713135 477 119 485 131
face 0.10007268190383911 477 119 485 131
face 0.09946131706237793 477 119 485 131
face 0.09414860606193542 477 119 485 131
face 0.09400823712348938 477 119 485 131
face 0.09209799766540527 477 119 485 131
face 0.09146243333816528 477 119 485 131
face 0.09078219532966614 477 119 485 131
face 0.08603975176811218 477 119 485 131
face 0.08508393168449402 477 119 485 131
face 0.08467787504196167 477 119 485 131
face 0.08317336440086365 477 119 485 131
face 0.08317193388938904 477 119 485 131
face 0.0792962908744812 477 119 485 131
face 0.07923653721809387 477 119 485 131
face 0.0776779055595398 477 119 485 131
face 0.07617446780204773 477 119 485 131
face 0.07383900880813599 477 119 485 131
face 0.07347556948661804 477 119 485 131
face 0.07097560167312622 477 119 485 131
face 0.07054561376571655 477 119 485 131
face 0.0698186457157135 477 119 485 131
face 0.06850126385688782 477 119 485 131
face 0.0668729841709137 477 119 485 131
face 0.06395962834358215 477 119 485 131
face 0.06328561902046204 477 119 485 131
face 0.06003928184509277 477 119 485 131
face 0.06001859903335571 477 119 485 131
face 0.05921638011932373 477 119 485 131
face 0.057726532220840454 477 119 485 131
face 0.05716434121131897 477 119 485 131
face 0.05697286128997803 477 119 485 131
face 0.05394113063812256 477 119 485 131
face 0.052649468183517456 477 119 485 131
face 0.0512164831161499 477 119 485 131
face 0.05058452486991882 477 119 485 131
face 0.050196319818496704 477 119 485 131
face 0.05004715919494629 477 119 485 131
face 0.04908263683319092 477 119 485 131
face 0.048894017934799194 477 119 485 131
face 0.047854095697402954 477 119 485 131
