face 0.9993606805801392 246 118 615 615
face 0.005491137504577637 246 118 615 615
face 0.004755914211273193 246 118 615 615
face 0.004543483257293701 246 118 615 615
face 0.003421992063522339 246 118 615 615
face 0.0032480061054229736 246 118 615 615
face 0.0030933022499084473 246 118 615 615
face 0.003071397542953491 246 118 615 615
face 0.0030256807804107666 246 118 615 615
face 0.003008335828781128 246 118 615 615
face 0.002962946891784668 246 118 615 615
face 0.0029571056365966797 246 118 615 615
face 0.0027378201484680176 246 118 615 615
face 0.002677410840988159 246 118 615 615
face 0.002568453550338745 246 118 615 615
face 0.0024642646312713623 246 118 615 615
face 0.0024530887603759766 246 118 615 615
face 0.0024290382862091064 246 118 615 615
face 0.0023937225341796875 246 118 615 615
face 0.0022797584533691406 246 118 615 615
face 0.0022279322147369385 246 118 615 615
face 0.002225935459136963 246 118 615 615
face 0.002208888530731201 246 118 615 615
face 0.0021520256996154785 246 118 615 615
face 0.002147585153579712 246 118 615 615
face 0.002129465341567993 246 118 615 615
face 0.0020778775215148926 246 118 615 615
face 0.0019332468509674072 246 118 615 615
face 0.0019266009330749512 246 118 615 615
face 0.001918196678161621 246 118 615 615
face 0.001912921667098999 246 118 615 615
face 0.0019012689590454102 246 118 615 615
face 0.0018970668315887451 246 118 615 615
face 0.0018925070762634277 246 118 615 615
face 0.00186958909034729 246 118 615 615
face 0.0018576383590698242 246 118 615 615
face 0.0018518567085266113 246 118 615 615
face 0.0017915070056915283 246 118 615 615
face 0.0017808377742767334 246 118 615 615
face 0.0017569363117218018 246 118 615 615
face 0.0017557144165039062 246 118 615 615
face 0.0017436742782592773 246 118 615 615
face 0.0016994774341583252 246 118 615 615
face 0.0016991198062896729 246 118 615 615
face 0.001697838306427002 246 118 615 615
face 0.0016606152057647705 246 118 615 615
face 0.0016575455665588379 246 118 615 615
face 0.0016524791717529297 246 118 615 615
face 0.001651167869567871 246 118 615 615
face 0.0016392767429351807 246 118 615 615
face 0.0016209781169891357 246 118 615 615
face 0.0015985369682312012 246 118 615 615
face 0.001596599817276001 246 118 615 615
face 0.0015915334224700928 246 118 615 615
face 0.0015713274478912354 246 118 615 615
face 0.00157126784324646 246 118 615 615
face 0.0015191137790679932 246 118 615 615
face 0.0015158653259277344 246 118 615 615
face 0.001502305269241333 246 118 615 615
face 0.001501917839050293 246 118 615 615
face 0.0014908909797668457 246 118 615 615
face 0.0014848709106445312 246 118 615 615
face 0.001477658748626709 246 118 615 615
face 0.0014722347259521484 246 118 615 615
face 0.001461118459701538 246 118 615 615
face 0.0014516711235046387 246 118 615 615
face 0.0014346837997436523 246 118 615 615
face 0.0014264881610870361 246 118 615 615
face 0.0014189183712005615 246 118 615 615
face 0.0014098882675170898 246 118 615 615
face 0.0014075934886932373 246 118 615 615
face 0.001407533884048462 246 118 615 615
face 0.001399397850036621 246 118 615 615
face 0.001382589340209961 246 118 615 615
face 0.0013600289821624756 246 118 615 615
face 0.0013309717178344727 246 118 615 615
face 0.001328796148300171 246 118 615 615
face 0.001316756010055542 246 118 615 615
face 0.0013068020343780518 246 118 615 615
face 0.0012909173965454102 246 118 615 615
face 0.0012874603271484375 246 118 615 615
face 0.0012847483158111572 246 118 615 615
face 0.0012825429439544678 246 118 615 615
face 0.0012801587581634521 246 118 615 615
face 0.0012791752815246582 246 118 615 615
face 0.0012755990028381348 246 118 615 615
face 0.0012704432010650635 246 118 615 615
face 0.001268237829208374 246 118 615 615
face 0.001267760992050171 246 118 615 615
face 0.0012605488300323486 246 118 615 615
face 0.00125885009765625 246 118 615 615
face 0.001256704330444336 246 118 615 615
face 0.0012540221214294434 246 118 615 615
face 0.0012504756450653076 246 118 615 615
face 0.001249551773071289 246 118 615 615
face 0.0012459158897399902 246 118 615 615
face 0.001241058111190796 246 118 615 615
face 0.0012353360652923584 246 118 615 615
face 0.0012338757514953613 246 118 615 615
face 0.0012301504611968994 246 118 615 615
