face 0.9910194277763367 476 58 539 136
face 0.9700647592544556 94 47 161 140
face 0.965349018573761 841 46 914 147
face 0.0380711555480957 841 46 914 147
face 0.023553013801574707 841 46 914 147
face 0.019848287105560303 841 46 914 147
face 0.018347233533859253 841 46 914 147
face 0.01592525839805603 841 46 914 147
face 0.01577344536781311 841 46 914 147
face 0.015234172344207764 841 46 914 147
face 0.014439523220062256 841 46 914 147
face 0.013511031866073608 841 46 914 147
face 0.012751340866088867 841 46 914 147
face 0.012438565492630005 841 46 914 147
face 0.01229199767112732 841 46 914 147
face 0.011829793453216553 841 46 914 147
face 0.010981142520904541 841 46 914 147
face 0.01028972864151001 841 46 914 147
face 0.01020786166191101 841 46 914 147
face 0.009795516729354858 841 46 914 147
face 0.009787917137145996 841 46 914 147
face 0.009751647710800171 841 46 914 147
face 0.009562700986862183 841 46 914 147
face 0.009185224771499634 841 46 914 147
face 0.008745402097702026 841 46 914 147
face 0.008543908596038818 841 46 914 147
face 0.00804111361503601 841 46 914 147
face 0.008003056049346924 841 46 914 147
face 0.0076299309730529785 841 46 914 147
face 0.0075456202030181885 841 46 914 147
face 0.0072824954986572266 841 46 914 147
face 0.006993710994720459 841 46 914 147
face 0.006869673728942871 841 46 914 147
face 0.006680548191070557 841 46 914 147
face 0.006654202938079834 841 46 914 147
face 0.006533980369567871 841 46 914 147
face 0.006355196237564087 841 46 914 147
face 0.006225168704986572 841 46 914 147
face 0.00607869029045105 841 46 914 147
face 0.006049752235412598 841 46 914 147
face 0.006025880575180054 841 46 914 147
face 0.0058574378490448 841 46 914 147
face 0.005675017833709717 841 46 914 147
face 0.005636394023895264 841 46 914 147
face 0.005499362945556641 841 46 914 147
face 0.005421280860900879 841 46 914 147
face 0.00540316104888916 841 46 914 147
face 0.00531807541847229 841 46 914 147
face 0.005308926105499268 841 46 914 147
face 0.005225121974945068 841 46 914 147
face 0.0051870644092559814 841 46 914 147
face 0.005127698183059692 841 46 914 147
face 0.005081057548522949 841 46 914 147
face 0.004940897226333618 841 46 914 147
face 0.0048965513706207275 841 46 914 147
face 0.004847824573516846 841 46 914 147
face 0.004732012748718262 841 46 914 147
face 0.004731863737106323 841 46 914 147
face 0.004632085561752319 841 46 914 147
face 0.004625499248504639 841 46 914 147
face 0.0045913755893707275 841 46 914 147
face 0.004548758268356323 841 46 914 147
face 0.004520058631896973 841 46 914 147
face 0.004513174295425415 841 46 914 147
face 0.00442427396774292 841 46 914 147
face 0.004388958215713501 841 46 914 147
face 0.004379212856292725 841 46 914 147
face 0.004216313362121582 841 46 914 147
face 0.004121631383895874 841 46 914 147
face 0.004044234752655029 841 46 914 147
face 0.004032611846923828 841 46 914 147
face 0.0039778053760528564 841 46 914 147
face 0.003965437412261963 841 46 914 147
face 0.0038293302059173584 841 46 914 147
face 0.003757774829864502 841 46 914 147
face 0.0036920905113220215 841 46 914 147
face 0.003672987222671509 841 46 914 147
face 0.0036174654960632324 841 46 914 147
face 0.003605872392654419 841 46 914 147
face 0.003597050905227661 841 46 914 147
face 0.003596484661102295 841 46 914 147
face 0.0035964548587799072 841 46 914 147
face 0.0035935938358306885 841 46 914 147
face 0.0035749971866607666 841 46 914 147
face 0.0034858882427215576 841 46 914 147
face 0.003430485725402832 841 46 914 147
face 0.0034299492835998535 841 46 914 147
face 0.0034182071685791016 841 46 914 147
face 0.0034011900424957275 841 46 914 147
face 0.0033957362174987793 841 46 914 147
face 0.003376394510269165 841 46 914 147
face 0.0033403635025024414 841 46 914 147
face 0.0033313333988189697 841 46 914 147
face 0.0033292770385742188 841 46 914 147
face 0.00330275297164917 841 46 914 147
face 0.003300100564956665 841 46 914 147
face 0.003299236297607422 841 46 914 147
face 0.0032520294189453125 841 46 914 147
face 0.00321236252784729 841 46 914 147
face 0.003191232681274414 841 46 914 147
