face 0.7483217120170593 687 336 820 516
face 0.6874051690101624 254 178 430 399
face 0.03300544619560242 254 178 430 399
face 0.032733380794525146 254 178 430 399
face 0.028736531734466553 254 178 430 399
face 0.022545576095581055 254 178 430 399
face 0.02048662304878235 254 178 430 399
face 0.019887655973434448 254 178 430 399
face 0.016892552375793457 254 178 430 399
face 0.01554146409034729 254 178 430 399
face 0.0147133469581604 254 178 430 399
face 0.012976139783859253 254 178 430 399
face 0.01230284571647644 254 178 430 399
face 0.011543691158294678 254 178 430 399
face 0.011535108089447021 254 178 430 399
face 0.011415988206863403 254 178 430 399
face 0.011215656995773315 254 178 430 399
face 0.011114358901977539 254 178 430 399
face 0.010873347520828247 254 178 430 399
face 0.010669857263565063 254 178 430 399
face 0.01041799783706665 254 178 430 399
face 0.009719908237457275 254 178 430 399
face 0.009495258331298828 254 178 430 399
face 0.009337753057479858 254 178 430 399
face 0.00905764102935791 254 178 430 399
face 0.009028106927871704 254 178 430 399
face 0.008970141410827637 254 178 430 399
face 0.008944094181060791 254 178 430 399
face 0.008664757013320923 254 178 430 399
face 0.008599579334259033 254 178 430 399
face 0.008534073829650879 254 178 430 399
face 0.008479505777359009 254 178 430 399
face 0.00845608115196228 254 178 430 399
face 0.008100450038909912 254 178 430 399
face 0.008099228143692017 254 178 430 399
face 0.008057326078414917 254 178 430 399
face 0.007647126913070679 254 178 430 399
face 0.00763249397277832 254 178 430 399
face 0.007566511631011963 254 178 430 399
face 0.0075390636920928955 254 178 430 399
face 0.007375985383987427 254 178 430 399
face 0.007321566343307495 254 178 430 399
face 0.007246464490890503 254 178 430 399
face 0.007211089134216309 254 178 430 399
face 0.007147461175918579 254 178 430 399
face 0.00708538293838501 254 178 430 399
face 0.007077574729919434 254 178 430 399
face 0.00706973671913147 254 178 430 399
face 0.006990522146224976 254 178 430 399
face 0.006962805986404419 254 178 430 399
face 0.0069488584995269775 254 178 430 399
face 0.006926238536834717 254 178 430 399
face 0.006824284791946411 254 178 430 399
face 0.00681343674659729 254 178 430 399
face 0.006673336029052734 254 178 430 399
face 0.006667286157608032 254 178 430 399
face 0.00664857029914856 254 178 430 399
face 0.006634652614593506 254 178 430 399
face 0.006612628698348999 254 178 430 399
face 0.006562262773513794 254 178 430 399
face 0.00653037428855896 254 178 430 399
face 0.006472080945968628 254 178 430 399
face 0.006411135196685791 254 178 430 399
face 0.006279855966567993 254 178 430 399
face 0.006270349025726318 254 178 430 399
face 0.006243854761123657 254 178 430 399
face 0.006209999322891235 254 178 430 399
face 0.00620463490486145 254 178 430 399
face 0.006140798330307007 254 178 430 399
face 0.0060918331146240234 254 178 430 399
face 0.006077587604522705 254 178 430 399
face 0.006074041128158569 254 178 430 399
face 0.006025761365890503 254 178 430 399
face 0.005970597267150879 254 178 430 399
face 0.00595623254776001 254 178 430 399
face 0.005897879600524902 254 178 430 399
face 0.0058476924896240234 254 178 430 399
face 0.005837500095367432 254 178 430 399
face 0.005824685096740723 254 178 430 399
face 0.005810827016830444 254 178 430 399
face 0.005803167819976807 254 178 430 399
face 0.005803048610687256 254 178 430 399
face 0.00574609637260437 254 178 430 399
face 0.0057051777839660645 254 178 430 399
face 0.005685567855834961 254 178 430 399
face 0.005665481090545654 254 178 430 399
face 0.005650639533996582 254 178 430 399
face 0.005614936351776123 254 178 430 399
face 0.005611389875411987 254 178 430 399
face 0.00556492805480957 254 178 430 399
face 0.005508124828338623 254 178 430 399
face 0.005479544401168823 254 178 430 399
face 0.005450516939163208 254 178 430 399
face 0.005448281764984131 254 178 430 399
face 0.005390524864196777 254 178 430 399
face 0.005361080169677734 254 178 430 399
face 0.005347937345504761 254 178 430 399
face 0.005301564931869507 254 178 430 399
face 0.005264252424240112 254 178 430 399
face 0.005258321762084961 254 178 430 399
