face 0.989021897315979 782 211 913 361
face 0.9562336802482605 400 128 585 357
face 0.04840725660324097 400 128 585 357
face 0.04616612195968628 400 128 585 357
face 0.037496089935302734 400 128 585 357
face 0.03135448694229126 400 128 585 357
face 0.029484808444976807 400 128 585 357
face 0.02825644612312317 400 128 585 357
face 0.028184205293655396 400 128 585 357
face 0.022555679082870483 400 128 585 357
face 0.02158498764038086 400 128 585 357
face 0.021411001682281494 400 128 585 357
face 0.021248698234558105 400 128 585 357
face 0.019227683544158936 400 128 585 357
face 0.017658591270446777 400 128 585 357
face 0.01747956871986389 400 128 585 357
face 0.01734253764152527 400 128 585 357
face 0.01682150363922119 400 128 585 357
face 0.01566106081008911 400 128 585 357
face 0.01496782898902893 400 128 585 357
face 0.014294803142547607 400 128 585 357
face 0.014200091361999512 400 128 585 357
face 0.014046788215637207 400 128 585 357
face 0.013811200857162476 400 128 585 357
face 0.0134257972240448 400 128 585 357
face 0.013308912515640259 400 128 585 357
face 0.01317015290260315 400 128 585 357
face 0.01297500729560852 400 128 585 357
face 0.012757599353790283 400 128 585 357
face 0.012450098991394043 400 128 585 357
face 0.012089073657989502 400 128 585 357
face 0.012053221464157104 400 128 585 357
face 0.011932313442230225 400 128 585 357
face 0.011679977178573608 400 128 585 357
face 0.010836362838745117 400 128 585 357
face 0.010697662830352783 400 128 585 357
face 0.010690122842788696 400 128 585 357
face 0.010664761066436768 400 128 585 357
face 0.010312259197235107 400 128 585 357
face 0.01024678349494934 400 128 585 357
face 0.010232686996459961 400 128 585 357
face 0.010051697492599487 400 128 585 357
face 0.00995585322380066 400 128 585 357
face 0.00967589020729065 400 128 585 357
face 0.009659767150878906 400 128 585 357
face 0.009517908096313477 400 128 585 357
face 0.009479552507400513 400 128 585 357
face 0.009455770254135132 400 128 585 357
face 0.009315192699432373 400 128 585 357
face 0.009223997592926025 400 128 585 357
face 0.009154736995697021 400 128 585 357
face 0.009144991636276245 400 128 585 357
face 0.008738130331039429 400 128 585 357
face 0.008731842041015625 400 128 585 357
face 0.008693337440490723 400 128 585 357
face 0.008528798818588257 400 128 585 357
face 0.00852346420288086 400 128 585 357
face 0.008463680744171143 400 128 585 357
face 0.008460134267807007 400 128 585 357
face 0.008384793996810913 400 128 585 357
face 0.008382797241210938 400 128 585 357
face 0.00832626223564148 400 128 585 357
face 0.008021682500839233 400 128 585 357
face 0.007732301950454712 400 128 585 357
face 0.00769314169883728 400 128 585 357
face 0.007610738277435303 400 128 585 357
face 0.007504016160964966 400 128 585 357
face 0.007478982210159302 400 128 585 357
face 0.0071916282176971436 400 128 585 357
face 0.007188677787780762 400 128 585 357
face 0.0071142613887786865 400 128 585 357
face 0.007100909948348999 400 128 585 357
face 0.007091999053955078 400 128 585 357
face 0.00709196925163269 400 128 585 357
face 0.007062047719955444 400 128 585 357
face 0.007061809301376343 400 128 585 357
face 0.007048934698104858 400 128 585 357
face 0.006884366273880005 400 128 585 357
face 0.006882727146148682 400 128 585 357
face 0.006845593452453613 400 128 585 357
face 0.006832510232925415 400 128 585 357
face 0.006815165281295776 400 128 585 357
face 0.006776481866836548 400 128 585 357
face 0.006754159927368164 400 128 585 357
face 0.006736129522323608 400 128 585 357
face 0.0066686272621154785 400 128 585 357
face 0.006594419479370117 400 128 585 357
face 0.006530255079269409 400 128 585 357
face 0.006517291069030762 400 128 585 357
face 0.006516218185424805 400 128 585 357
face 0.006497055292129517 400 128 585 357
face 0.006459861993789673 400 128 585 357
face 0.006414949893951416 400 128 585 357
face 0.006301999092102051 400 128 585 357
face 0.006300777196884155 400 128 585 357
face 0.006275355815887451 400 128 585 357
face 0.006257146596908569 400 128 585 357
face 0.0062358081340789795 400 128 585 357
face 0.006145685911178589 400 128 585 357
face 0.0060691237449646 400 128 585 357
