face 0.9999223947525024 258 395 729 978
face 0.0025475025177001953 258 395 729 978
face 0.0021097660064697266 258 395 729 978
face 0.002106577157974243 258 395 729 978
face 0.0019043684005737305 258 395 729 978
face 0.0018039047718048096 258 395 729 978
face 0.001744300127029419 258 395 729 978
face 0.001716017723083496 258 395 729 978
face 0.0016888082027435303 258 395 729 978
face 0.0016261637210845947 258 395 729 978
face 0.0015787184238433838 258 395 729 978
face 0.0015014111995697021 258 395 729 978
face 0.0014390051364898682 258 395 729 978
face 0.0014379322528839111 258 395 729 978
face 0.0014313459396362305 258 395 729 978
face 0.0014286041259765625 258 395 729 978
face 0.0014212429523468018 258 395 729 978
face 0.0013878941535949707 258 395 729 978
face 0.0013827085494995117 258 395 729 978
face 0.0013731718063354492 258 395 729 978
face 0.0013710260391235352 258 395 729 978
face 0.0013403594493865967 258 395 729 978
face 0.0013231933116912842 258 395 729 978
face 0.001296401023864746 258 395 729 978
face 0.001285165548324585 258 395 729 978
face 0.0012818872928619385 258 395 729 978
face 0.0012733936309814453 258 395 729 978
face 0.001273125410079956 258 395 729 978
face 0.0012528300285339355 258 395 729 978
face 0.0012447237968444824 258 395 729 978
face 0.001236945390701294 258 395 729 978
face 0.0012259483337402344 258 395 729 978
face 0.001196056604385376 258 395 729 978
face 0.0011622607707977295 258 395 729 978
face 0.001148521900177002 258 395 729 978
face 0.0011467933654785156 258 395 729 978
face 0.0011449456214904785 258 395 729 978
face 0.0011410415172576904 258 395 729 978
face 0.0011337697505950928 258 395 729 978
face 0.0011104941368103027 258 395 729 978
face 0.00109785795211792 258 395 729 978
face 0.0010740160942077637 258 395 729 978
face 0.0010596811771392822 258 395 729 978
face 0.0010569393634796143 258 395 729 978
face 0.0010314583778381348 258 395 729 978
face 0.001025378704071045 258 395 729 978
face 0.0010251998901367188 258 395 729 978
face 0.0010249018669128418 258 395 729 978
face 0.0010208487510681152 258 395 729 978
face 0.001006782054901123 258 395 729 978
face 0.0009957849979400635 258 395 729 978
face 0.0009851157665252686 258 395 729 978
face 0.0009681284427642822 258 395 729 978
face 0.0009638071060180664 258 395 729 978
face 0.0009553432464599609 258 395 729 978
face 0.000950157642364502 258 395 729 978
face 0.000940173864364624 258 395 729 978
face 0.0009312629699707031 258 395 729 978
face 0.0009268224239349365 258 395 729 978
face 0.000909268856048584 258 395 729 978
face 0.0009002387523651123 258 395 729 978
face 0.0008986592292785645 258 395 729 978
face 0.0008902251720428467 258 395 729 978
face 0.0008806586265563965 258 395 729 978
face 0.0008722841739654541 258 395 729 978
face 0.0008718371391296387 258 395 729 978
face 0.0008602142333984375 258 395 729 978
face 0.0008572936058044434 258 395 729 978
face 0.0008543133735656738 258 395 729 978
face 0.0008516907691955566 258 395 729 978
face 0.0008433759212493896 258 395 729 978
face 0.0008244812488555908 258 395 729 978
face 0.0008214414119720459 258 395 729 978
face 0.000820159912109375 258 395 729 978
face 0.0008180141448974609 258 395 729 978
face 0.000799715518951416 258 395 729 978
face 0.0007953941822052002 258 395 729 978
face 0.0007839500904083252 258 395 729 978
face 0.0007818341255187988 258 395 729 978
face 0.0007773637771606445 258 395 729 978
face 0.0007681846618652344 258 395 729 978
face 0.0007674694061279297 258 395 729 978
face 0.0007638335227966309 258 395 729 978
face 0.0007577240467071533 258 395 729 978
face 0.0007550418376922607 258 395 729 978
face 0.0007517337799072266 258 395 729 978
face 0.0007448196411132812 258 395 729 978
face 0.0007443130016326904 258 395 729 978
face 0.000743567943572998 258 395 729 978
face 0.0007319748401641846 258 395 729 978
face 0.0007291138172149658 258 395 729 978
face 0.0007290244102478027 258 395 729 978
face 0.0007256865501403809 258 395 729 978
face 0.0007238686084747314 258 395 729 978
face 0.0007169842720031738 258 395 729 978
face 0.0007160305976867676 258 395 729 978
face 0.00070914626121521 258 395 729 978
face 0.0007055699825286865 258 395 729 978
face 0.00069466233253479 258 395 729 978
face 0.0006943345069885254 258 395 729 978
