face 0.9971625804901123 347 130 647 503
face 0.008273839950561523 347 130 647 503
face 0.005178719758987427 347 130 647 503
face 0.004494160413742065 347 130 647 503
face 0.00440746545791626 347 130 647 503
face 0.004392117261886597 347 130 647 503
face 0.004023611545562744 347 130 647 503
face 0.003378838300704956 347 130 647 503
face 0.0031217336654663086 347 130 647 503
face 0.0028145015239715576 347 130 647 503
face 0.002758234739303589 347 130 647 503
face 0.0027276575565338135 347 130 647 503
face 0.0026043057441711426 347 130 647 503
face 0.0024932920932769775 347 130 647 503
face 0.002360820770263672 347 130 647 503
face 0.002315998077392578 347 130 647 503
face 0.0021926164627075195 347 130 647 503
face 0.0021766722202301025 347 130 647 503
face 0.0020945370197296143 347 130 647 503
face 0.001980304718017578 347 130 647 503
face 0.0019734203815460205 347 130 647 503
face 0.0019336342811584473 347 130 647 503
face 0.001867532730102539 347 130 647 503
face 0.001865088939666748 347 130 647 503
face 0.0018423795700073242 347 130 647 503
face 0.0017836987972259521 347 130 647 503
face 0.001783609390258789 347 130 647 503
face 0.0017622411251068115 347 130 647 503
face 0.0017219185829162598 347 130 647 503
face 0.0017189979553222656 347 130 647 503
face 0.0016840696334838867 347 130 647 503
face 0.0016501545906066895 347 130 647 503
face 0.0016258656978607178 347 130 647 503
face 0.0015929341316223145 347 130 647 503
face 0.0015881657600402832 347 130 647 503
face 0.0015757083892822266 347 130 647 503
face 0.0015470683574676514 347 130 647 503
face 0.001531064510345459 347 130 647 503
face 0.0015302598476409912 347 130 647 503
face 0.0014862418174743652 347 130 647 503
face 0.0014587044715881348 347 130 647 503
face 0.001432865858078003 347 130 647 503
face 0.001419365406036377 347 130 647 503
face 0.001410067081451416 347 130 647 503
face 0.001408696174621582 347 130 647 503
face 0.0013990700244903564 347 130 647 503
face 0.0013959407806396484 347 130 647 503
face 0.00138130784034729 347 130 647 503
face 0.0013710260391235352 347 130 647 503
face 0.0013629496097564697 347 130 647 503
face 0.0013578236103057861 347 130 647 503
face 0.0013415217399597168 347 130 647 503
face 0.0013303756713867188 347 130 647 503
face 0.0013257265090942383 347 130 647 503
face 0.0013164281845092773 347 130 647 503
face 0.0013134181499481201 347 130 647 503
face 0.0013133585453033447 347 130 647 503
face 0.00131186842918396 347 130 647 503
face 0.0012873709201812744 347 130 647 503
face 0.0012873411178588867 347 130 647 503
face 0.0012751221656799316 347 130 647 503
face 0.0012672841548919678 347 130 647 503
face 0.0012561678886413574 347 130 647 503
face 0.0012550652027130127 347 130 647 503
face 0.0012513399124145508 347 130 647 503
face 0.0012350976467132568 347 130 647 503
face 0.0012346208095550537 347 130 647 503
face 0.0012136399745941162 347 130 647 503
face 0.0012093782424926758 347 130 647 503
face 0.0012047290802001953 347 130 647 503
face 0.001200854778289795 347 130 647 503
face 0.001200169324874878 347 130 647 503
face 0.001197218894958496 347 130 647 503
face 0.0011823773384094238 347 130 647 503
face 0.0011805593967437744 347 130 647 503
face 0.0011511147022247314 347 130 647 503
face 0.001149684190750122 347 130 647 503
face 0.0011345148086547852 347 130 647 503
face 0.0011314451694488525 347 130 647 503
face 0.001130223274230957 347 130 647 503
face 0.0011214017868041992 347 130 647 503
face 0.0011132657527923584 347 130 647 503
face 0.0011108219623565674 347 130 647 503
face 0.0011025965213775635 347 130 647 503
face 0.0010995268821716309 347 130 647 503
face 0.0010887682437896729 347 130 647 503
face 0.0010784566402435303 347 130 647 503
face 0.0010700523853302002 347 130 647 503
face 0.0010654032230377197 347 130 647 503
face 0.0010557174682617188 347 130 647 503
face 0.0010503530502319336 347 130 647 503
face 0.0010493993759155273 347 130 647 503
face 0.0010467171669006348 347 130 647 503
face 0.0010408461093902588 347 130 647 503
face 0.0010401010513305664 347 130 647 503
face 0.0010353326797485352 347 130 647 503
face 0.0010302364826202393 347 130 647 503
face 0.0010264217853546143 347 130 647 503
face 0.0010194480419158936 347 130 647 503
face 0.0010177195072174072 347 130 647 503
