face 0.9997247457504272 410 155 769 609
face 0.009439527988433838 410 155 769 609
face 0.0073302388191223145 410 155 769 609
face 0.006152808666229248 410 155 769 609
face 0.00545164942741394 410 155 769 609
face 0.005237281322479248 410 155 769 609
face 0.004749864339828491 410 155 769 609
face 0.004235267639160156 410 155 769 609
face 0.004053831100463867 410 155 769 609
face 0.003823608160018921 410 155 769 609
face 0.003585129976272583 410 155 769 609
face 0.0035323798656463623 410 155 769 609
face 0.003520965576171875 410 155 769 609
face 0.0035186409950256348 410 155 769 609
face 0.0033763349056243896 410 155 769 609
face 0.0030347108840942383 410 155 769 609
face 0.0029529929161071777 410 155 769 609
face 0.0028900504112243652 410 155 769 609
face 0.002829521894454956 410 155 769 609
face 0.002789318561553955 410 155 769 609
face 0.0027068257331848145 410 155 769 609
face 0.002698361873626709 410 155 769 609
face 0.0026946663856506348 410 155 769 609
face 0.0026002824306488037 410 155 769 609
face 0.002464890480041504 410 155 769 609
face 0.0024508535861968994 410 155 769 609
face 0.0024362504482269287 410 155 769 609
face 0.0024128854274749756 410 155 769 609
face 0.0023323893547058105 410 155 769 609
face 0.0023147165775299072 410 155 769 609
face 0.002301454544067383 410 155 769 609
face 0.0022611916065216064 410 155 769 609
face 0.0022294223308563232 410 155 769 609
face 0.0022114813327789307 410 155 769 609
face 0.002209961414337158 410 155 769 609
face 0.0021649599075317383 410 155 769 609
face 0.0021632611751556396 410 155 769 609
face 0.0021461844444274902 410 155 769 609
face 0.0021201670169830322 410 155 769 609
face 0.001976579427719116 410 155 769 609
face 0.001966714859008789 410 155 769 609
face 0.0019381940364837646 410 155 769 609
face 0.0019179880619049072 410 155 769 609
face 0.0019143223762512207 410 155 769 609
face 0.0019070208072662354 410 155 769 609
face 0.0018930137157440186 410 155 769 609
face 0.0018907487392425537 410 155 769 609
face 0.0018692314624786377 410 155 769 609
face 0.0018494725227355957 410 155 769 609
face 0.0018448829650878906 410 155 769 609
face 0.0017979145050048828 410 155 769 609
face 0.0017904341220855713 410 155 769 609
face 0.0017373263835906982 410 155 769 609
face 0.0017195940017700195 410 155 769 609
face 0.001696854829788208 410 155 769 609
face 0.0016921162605285645 410 155 769 609
face 0.001678168773651123 410 155 769 609
face 0.001664668321609497 410 155 769 609
face 0.0016595125198364258 410 155 769 609
face 0.0016427338123321533 410 155 769 609
face 0.0016399919986724854 410 155 769 609
face 0.0016383230686187744 410 155 769 609
face 0.0015921294689178467 410 155 769 609
face 0.0015756487846374512 410 155 769 609
face 0.0015731751918792725 410 155 769 609
face 0.001571953296661377 410 155 769 609
face 0.0015641450881958008 410 155 769 609
face 0.0015605390071868896 410 155 769 609
face 0.001557379961013794 410 155 769 609
face 0.0015287697315216064 410 155 769 609
face 0.0015184283256530762 410 155 769 609
face 0.0015114545822143555 410 155 769 609
face 0.0014963746070861816 410 155 769 609
face 0.0014928877353668213 410 155 769 609
face 0.0014848709106445312 410 155 769 609
face 0.0014826655387878418 410 155 769 609
face 0.001470118761062622 410 155 769 609
face 0.0014632940292358398 410 155 769 609
face 0.0014390051364898682 410 155 769 609
face 0.0014211833477020264 410 155 769 609
face 0.0014024674892425537 410 155 769 609
face 0.001396268606185913 410 155 769 609
face 0.001392662525177002 410 155 769 609
face 0.001387178897857666 410 155 769 609
face 0.0013841092586517334 410 155 769 609
face 0.0013782083988189697 410 155 769 609
face 0.0013781487941741943 410 155 769 609
face 0.0013714730739593506 410 155 769 609
face 0.0013587772846221924 410 155 769 609
face 0.001351773738861084 410 155 769 609
face 0.001348048448562622 410 155 769 609
face 0.0013365447521209717 410 155 769 609
face 0.001334846019744873 410 155 769 609
face 0.001331418752670288 410 155 769 609
face 0.0013265013694763184 410 155 769 609
face 0.0013180971145629883 410 155 769 609
face 0.0013096034526824951 410 155 769 609
face 0.001263648271560669 410 155 769 609
face 0.0012635588645935059 410 155 769 609
face 0.00125885009765625 410 155 769 609
