face 0.9914358854293823 843 159 960 301
face 0.98553466796875 389 135 501 289
face 0.9760757088661194 55 201 179 344
face 0.04080009460449219 55 201 179 344
face 0.03291478753089905 55 201 179 344
face 0.03242030739784241 55 201 179 344
face 0.027977347373962402 55 201 179 344
face 0.02740839123725891 55 201 179 344
face 0.026259303092956543 55 201 179 344
face 0.025475412607192993 55 201 179 344
face 0.025145918130874634 55 201 179 344
face 0.023806333541870117 55 201 179 344
face 0.02246558666229248 55 201 179 344
face 0.022311896085739136 55 201 179 344
face 0.02222493290901184 55 201 179 344
face 0.019447803497314453 55 201 179 344
face 0.01808115839958191 55 201 179 344
face 0.017743438482284546 55 201 179 344
face 0.017384320497512817 55 201 179 344
face 0.01698935031890869 55 201 179 344
face 0.016725093126296997 55 201 179 344
face 0.01599264144897461 55 201 179 344
face 0.015741288661956787 55 201 179 344
face 0.01504969596862793 55 201 179 344
face 0.014570832252502441 55 201 179 344
face 0.014445871114730835 55 201 179 344
face 0.013775914907455444 55 201 179 344
face 0.013554155826568604 55 201 179 344
face 0.01192733645439148 55 201 179 344
face 0.011781543493270874 55 201 179 344
face 0.01176762580871582 55 201 179 344
face 0.01159203052520752 55 201 179 344
face 0.011467427015304565 55 201 179 344
face 0.011050194501876831 55 201 179 344
face 0.011020362377166748 55 201 179 344
face 0.01019105315208435 55 201 179 344
face 0.010181903839111328 55 201 179 344
face 0.009824395179748535 55 201 179 344
face 0.009820044040679932 55 201 179 344
face 0.009777992963790894 55 201 179 344
face 0.009636729955673218 55 201 179 344
face 0.009607046842575073 55 201 179 344
face 0.009564012289047241 55 201 179 344
face 0.009419292211532593 55 201 179 344
face 0.009319692850112915 55 201 179 344
face 0.009210914373397827 55 201 179 344
face 0.00921061635017395 55 201 179 344
face 0.00920841097831726 55 201 179 344
face 0.009083956480026245 55 201 179 344
face 0.009032011032104492 55 201 179 344
face 0.009002864360809326 55 201 179 344
face 0.008967489004135132 55 201 179 344
face 0.008935660123825073 55 201 179 344
face 0.008852005004882812 55 201 179 344
face 0.008325964212417603 55 201 179 344
face 0.008278578519821167 55 201 179 344
face 0.008275032043457031 55 201 179 344
face 0.008112221956253052 55 201 179 344
face 0.008109211921691895 55 201 179 344
face 0.008082032203674316 55 201 179 344
face 0.007895886898040771 55 201 179 344
face 0.007813721895217896 55 201 179 344
face 0.007636666297912598 55 201 179 344
face 0.007591158151626587 55 201 179 344
face 0.007481664419174194 55 201 179 344
face 0.007418811321258545 55 201 179 344
face 0.007347136735916138 55 201 179 344
face 0.007215410470962524 55 201 179 344
face 0.006981343030929565 55 201 179 344
face 0.006967723369598389 55 201 179 344
face 0.006945520639419556 55 201 179 344
face 0.00690692663192749 55 201 179 344
face 0.0069023966789245605 55 201 179 344
face 0.006846189498901367 55 201 179 344
face 0.0068438053131103516 55 201 179 344
face 0.006843686103820801 55 201 179 344
face 0.006835460662841797 55 201 179 344
face 0.006829351186752319 55 201 179 344
face 0.006772786378860474 55 201 179 344
face 0.006756186485290527 55 201 179 344
face 0.006667196750640869 55 201 179 344
face 0.006654858589172363 55 201 179 344
face 0.0066287219524383545 55 201 179 344
face 0.006591737270355225 55 201 179 344
face 0.006544530391693115 55 201 179 344
face 0.006505042314529419 55 201 179 344
face 0.006458580493927002 55 201 179 344
face 0.00644567608833313 55 201 179 344
face 0.006404250860214233 55 201 179 344
face 0.006386548280715942 55 201 179 344
face 0.0063773393630981445 55 201 179 344
face 0.006343185901641846 55 201 179 344
face 0.0063141584396362305 55 201 179 344
face 0.006311595439910889 55 201 179 344
face 0.006267428398132324 55 201 179 344
face 0.006258666515350342 55 201 179 344
face 0.006245404481887817 55 201 179 344
face 0.006200641393661499 55 201 179 344
face 0.00619998574256897 55 201 179 344
face 0.006161242723464966 55 201 179 344
