face 0.976449728012085 263 63 370 194
face 0.10162052512168884 263 63 370 194
face 0.06745785474777222 263 63 370 194
face 0.059945255517959595 263 63 370 194
face 0.054496049880981445 263 63 370 194
face 0.04964128136634827 263 63 370 194
face 0.04901015758514404 263 63 370 194
face 0.04842275381088257 263 63 370 194
face 0.04799303412437439 263 63 370 194
face 0.0448911190032959 263 63 370 194
face 0.04058822989463806 263 63 370 194
face 0.0394042432308197 263 63 370 194
face 0.038787007331848145 263 63 370 194
face 0.03806748986244202 263 63 370 194
face 0.03566965460777283 263 63 370 194
face 0.034852951765060425 263 63 370 194
face 0.03216603398323059 263 63 370 194
face 0.03135576844215393 263 63 370 194
face 0.031117677688598633 263 63 370 194
face 0.03096941113471985 263 63 370 194
face 0.030447691679000854 263 63 370 194
face 0.02953636646270752 263 63 370 194
face 0.029298216104507446 263 63 370 194
face 0.028942197561264038 263 63 370 194
face 0.027609705924987793 263 63 370 194
face 0.027399569749832153 263 63 370 194
face 0.027249544858932495 263 63 370 194
face 0.0270402729511261 263 63 370 194
face 0.02669641375541687 263 63 370 194
face 0.02654111385345459 263 63 370 194
face 0.026053786277770996 263 63 370 194
face 0.02532932162284851 263 63 370 194
face 0.025051802396774292 263 63 370 194
face 0.02495121955871582 263 63 370 194
face 0.024488002061843872 263 63 370 194
face 0.024163872003555298 263 63 370 194
face 0.02399417757987976 263 63 370 194
face 0.023772358894348145 263 63 370 194
face 0.023120403289794922 263 63 370 194
face 0.022342383861541748 263 63 370 194
face 0.022018641233444214 263 63 370 194
face 0.021873772144317627 263 63 370 194
face 0.021069735288619995 263 63 370 194
face 0.02075636386871338 263 63 370 194
face 0.0205211341381073 263 63 370 194
face 0.02037513256072998 263 63 370 194
face 0.01940813660621643 263 63 370 194
face 0.019373178482055664 263 63 370 194
face 0.01829323172569275 263 63 370 194
face 0.017525702714920044 263 63 370 194
face 0.017375290393829346 263 63 370 194
face 0.017183631658554077 263 63 370 194
face 0.016512930393218994 263 63 370 194
face 0.016421496868133545 263 63 370 194
face 0.01621106266975403 263 63 370 194
face 0.01610282063484192 263 63 370 194
face 0.015873998403549194 263 63 370 194
face 0.015180259943008423 263 63 370 194
face 0.01508072018623352 263 63 370 194
face 0.015035748481750488 263 63 370 194
face 0.014597177505493164 263 63 370 194
face 0.014337748289108276 263 63 370 194
face 0.014274805784225464 263 63 370 194
face 0.014173746109008789 263 63 370 194
face 0.013975262641906738 263 63 370 194
face 0.01378554105758667 263 63 370 194
face 0.013350844383239746 263 63 370 194
face 0.0129203200340271 263 63 370 194
face 0.012882918119430542 263 63 370 194
face 0.01277276873588562 263 63 370 194
face 0.012434929609298706 263 63 370 194
face 0.012278169393539429 263 63 370 194
face 0.01224103569984436 263 63 370 194
face 0.01202160120010376 263 63 370 194
face 0.011926621198654175 263 63 370 194
face 0.011572062969207764 263 63 370 194
face 0.011484742164611816 263 63 370 194
face 0.011449754238128662 263 63 370 194
face 0.011285960674285889 263 63 370 194
face 0.011013984680175781 263 63 370 194
face 0.010920494794845581 263 63 370 194
face 0.010865181684494019 263 63 370 194
face 0.0108090341091156 263 63 370 194
face 0.010579109191894531 263 63 370 194
face 0.010543465614318848 263 63 370 194
face 0.010502815246582031 263 63 370 194
face 0.010482043027877808 263 63 370 194
face 0.01018783450126648 263 63 370 194
face 0.00987747311592102 263 63 370 194
face 0.009549707174301147 263 63 370 194
face 0.009509235620498657 263 63 370 194
face 0.009294062852859497 263 63 370 194
face 0.00929078459739685 263 63 370 194
face 0.00925549864768982 263 63 370 194
face 0.009156912565231323 263 63 370 194
face 0.009115070104598999 263 63 370 194
face 0.008928686380386353 263 63 370 194
face 0.00869867205619812 263 63 370 194
face 0.008491724729537964 263 63 370 194
face 0.008452355861663818 263 63 370 194
